text_index,membership_label,set_split,cut_T,cut_T_rep1_diff,cut_T_rep2_diff,cal_T,cal_T_rep1_diff,cal_T_rep2_diff,ppl_T,ppl_T_rep1_diff,ppl_T_rep2_diff,calppl_T,calppl_T_rep1_diff,calppl_T_rep2_diff,cut_200,cut_200_rep1_diff,cut_200_rep2_diff,cal_200,cal_200_rep1_diff,cal_200_rep2_diff,ppl_200,ppl_200_rep1_diff,ppl_200_rep2_diff,calppl_200,calppl_200_rep1_diff,calppl_200_rep2_diff,cut_300,cut_300_rep1_diff,cut_300_rep2_diff,cal_300,cal_300_rep1_diff,cal_300_rep2_diff,ppl_300,ppl_300_rep1_diff,ppl_300_rep2_diff,calppl_300,calppl_300_rep1_diff,calppl_300_rep2_diff,cb_const1,cb_const1_rep1_diff,cb_const1_rep2_diff,cb_const2,cb_const2_rep1_diff,cb_const2_rep2_diff,cb_const3,cb_const3_rep1_diff,cb_const3_rep2_diff,cbm_T,cbm_T_rep1_diff,cbm_T_rep2_diff,cbpm_T,cbm_200,cbm_200_rep1_diff,cbm_200_rep2_diff,cbpm_200,cbm_300,cbm_300_rep1_diff,cbm_300_rep2_diff,cbpm_300,lz_bins3,lz_bins3_rep1_diff,lz_bins3_rep2_diff,lz_bins4,lz_bins4_rep1_diff,lz_bins4_rep2_diff,lz_bins5,lz_bins5_rep1_diff,lz_bins5_rep2_diff,slope_600,slope_800,slope_1000,apen_600,apen_800,apen_1000,loss_seq_orig,nei_delta
248,1,test,1.3494140343886745,0.5528933883748682,0.5645778628459969,3.376925573495276,1.383622650304947,1.4128631944588266,3.8551658740929238,1.6373549348188363,1.6631180825863963,9.647601031649629,4.097501294169751,4.161973895115705,0.2672269410224416,-0.03517104448373565,-0.01607777696011009,0.4729680372078613,-0.06224963625439939,-0.028456242407274512,1.3063368741194352,-0.046762759486458805,-0.021172742124403676,2.3121006621582927,-0.08276594599373244,-0.0374738798662011,1.0028063134604872,0.3366480214097355,0.5288883659978982,1.9409154454073945,0.6515768156317461,1.0236549019314158,2.7259208931352736,0.7791767789774504,1.1196457104696984,5.275975922197303,1.5080840883434523,2.167056213812319,0.07035175879396982,-0.004648241206030135,0.00035175879396986964,0.045226130653266305,-0.009773869346733743,-0.004773869346733739,0.035175879396984966,-0.00482412060301507,-0.00482412060301507,0.2655935613682092,0.08468903875514389,0.08670793086967554,0.2963709677419355,0.1306532663316583,0.020377577108600664,0.033825219587084066,0.10606060606060608,0.21404682274247488,0.06045750721659837,0.08501456467795876,0.25503355704697983,14.0,5.0,5.0,15.0,6.0,6.0,17.0,7.0,7.0,-0.0009437375554821251,-0.0010332058073190971,-0.001201419207508418,-0.10156711727205314,-0.09587058852435604,-0.10843850255055276,"[1.369140625, 6.29296875, 5.08984375, 2.81640625, 2.8984375, 0.08245849609375, 0.310546875, 0.330078125, 0.1712646484375, 0.0222930908203125, 0.00016236305236816406, 0.0002510547637939453, 0.00021314620971679688, 0.0010232925415039062, 0.000995635986328125, 0.0011844635009765625, 0.0011043548583984375, 0.00017011165618896484, 1.1920928955078125e-07, -0.0, 0.00925445556640625, 7.68899917602539e-05, 0.00040841102600097656, 0.0004756450653076172, 0.007305145263671875, 0.129638671875, 0.0051116943359375, 8.225440979003906e-06, 7.867813110351562e-05, 0.0003581047058105469, 9.262561798095703e-05, 0.0008769035339355469, 0.0001074075698852539, 0.0007109642028808594, 0.00018930435180664062, 1.0132789611816406e-05, 0.00528717041015625, 0.0011072158813476562, 2.574920654296875e-05, 0.0074462890625, 0.00119781494140625, 2.396106719970703e-05, 1.4185905456542969e-05, 5.602836608886719e-06, 1.2040138244628906e-05, 0.000202178955078125, 0.0005540847778320312, 4.9233436584472656e-05, 0.0002601146697998047, 0.341552734375, 0.19140625, 0.0070343017578125, 4.410743713378906e-06, 0.0080108642578125, 0.00013875961303710938, 0.00039124488830566406, 1.2993812561035156e-05, 1.1920928955078125e-06, 7.033348083496094e-06, 0.0012598037719726562, 0.00011646747589111328, 0.00044846534729003906, 8.440017700195312e-05, 0.00012505054473876953, 8.344650268554688e-07, 0.0002894401550292969, 0.0137176513671875, 0.00897979736328125, 0.00022494792938232422, 0.00249481201171875, 5.233287811279297e-05, 0.00017654895782470703, 0.0003643035888671875, 0.0001277923583984375, 3.814697265625e-06, 4.5418739318847656e-05, 0.00012862682342529297, 1.3113021850585938e-06, 6.520748138427734e-05, 0.01070404052734375, 0.0009336471557617188, 0.0001926422119140625, 1.049041748046875e-05, 1.1920928955078125e-07, 1.1920928955078125e-07, 1.6689300537109375e-06, 3.5881996154785156e-05, 5.364418029785156e-05, 0.0028228759765625, 0.0002448558807373047, 6.639957427978516e-05, 0.0025005340576171875, 0.00039005279541015625, 0.00033545494079589844, 0.0003437995910644531, 0.002536773681640625, 0.001171112060546875, 0.0001989603042602539, 0.00025010108947753906, 2.7060508728027344e-05, 3.814697265625e-06, 1.811981201171875e-05, 0.0005965232849121094, 0.00012409687042236328, 2.658367156982422e-05, 1.4066696166992188e-05, 2.0503997802734375e-05, 0.0003781318664550781, 0.0010204315185546875, 0.0004112720489501953, 4.661083221435547e-05, 0.0037517547607421875, 7.152557373046875e-07, 2.384185791015625e-07, 1.2755393981933594e-05, 3.5762786865234375e-07, 8.344650268554688e-07, 0.00716400146484375, 4.4465065002441406e-05, 3.0994415283203125e-06, 0.00014150142669677734, 4.9591064453125e-05, 4.887580871582031e-06, 1.0371208190917969e-05, 4.208087921142578e-05, 0.0008540153503417969, 1.4662742614746094e-05, 0.00016486644744873047, 0.003665924072265625, 0.87451171875, 0.0183258056640625, 0.3515625, 0.11566162109375, 3.41015625, 1.2568359375, 1.09375, 0.044036865234375, 0.1614990234375, 0.085693359375, 0.006267547607421875, 0.021636962890625, 0.0291900634765625, 4.36328125, 0.0171966552734375, 0.005756378173828125, 0.28955078125, 0.1876220703125, 0.037139892578125, 1.4931640625, 0.052459716796875, 3.74609375, 0.138427734375, 0.6630859375, 0.06890869140625, 0.419189453125, 0.024444580078125, 0.007114410400390625, 7.0546875, 0.09002685546875, 0.319091796875, 0.484619140625, 0.156982421875, 0.02410888671875, 0.007732391357421875, 0.00034117698669433594, 0.00347900390625, 0.0016431808471679688, 0.452392578125, 0.1649169921875, 0.064697265625, 0.0006518363952636719, 0.004558563232421875, 0.01383209228515625, 0.0015277862548828125, 0.07586669921875, 4.506111145019531e-05, 0.00013780593872070312, 0.00676727294921875, 0.0033245086669921875, 0.00013911724090576172, 0.024932861328125, 0.0231475830078125, 0.0232696533203125, 0.73583984375, 0.3759765625, 0.01373291015625, 0.0008115768432617188, 0.0017290115356445312, 0.001598358154296875, 4.8041343688964844e-05, 0.06866455078125, 0.005138397216796875, 0.018707275390625, 3.5762786865234375e-07, 0.00023448467254638672, 0.00019991397857666016, 0.0014362335205078125, 3.126953125, 0.048797607421875, 4.9453125, 11.1171875, 0.03668212890625, 0.05194091796875, 3.052734375, 0.016815185546875, 0.01213836669921875, 1.462890625, 8.2890625, 6.7109375, 7.703125, 3.49609375, 1.8154296875, 0.319091796875, 4.22265625, 0.26708984375, 0.07666015625, 4.12890625, 9.9140625, 0.135986328125, 3.603515625, 2.64453125, 4.890625, 7.82421875, 0.353515625, 5.89453125, 1.732421875, 0.01485443115234375, 0.0037899017333984375, 0.10784912109375, 0.057037353515625, 0.386474609375, 0.12042236328125, 0.007007598876953125, 0.0010347366333007812, 1.1205673217773438e-05, 0.015625, 0.08160400390625, 0.0031948089599609375, 0.99169921875, 2.150390625, 1.4052734375, 0.467041015625, 1.4814453125, 0.2445068359375, 9.15625, 7.53515625, 6.609375, 3.919921875, 4.484375, 5.59765625, 0.888671875, 3.333984375, 3.013671875, 4.47265625, 6.84765625, 0.12115478515625, 8.765625, 0.42431640625, 1.9453125, 2.267578125, 0.099365234375, 0.0037670135498046875, 0.049102783203125, 0.05419921875, 0.02142333984375, 0.0035552978515625, 10.671875, 0.004413604736328125, 0.0305938720703125, 1.3095703125, 4.546875, 2.40234375, 1.4521484375, 0.279052734375, 0.41455078125, 0.10003662109375, 0.0195159912109375, 0.035064697265625, 0.1280517578125, 2.619140625, 8.796875, 5.84765625, 7.00390625, 4.3984375, 1.841796875, 0.6455078125, 0.006988525390625, 0.73486328125, 7.6875, 4.2109375, 2.111328125, 2.580078125, 0.0001875162124633789, 7.23046875, 1.1337890625, 0.2484130859375, 0.1617431640625, 0.00039887428283691406, 1.1920928955078125e-06, 0.0002257823944091797, 0.00027680397033691406, 5.65625, 5.7816505432128906e-05, 2.650390625, 0.150390625, 0.1146240234375, 0.55908203125, 0.001476287841796875, 0.11279296875, 0.1290283203125, 0.9462890625, 0.26513671875, 0.276611328125, 0.16845703125, 0.28125, 0.99853515625, 0.82421875, 0.01020050048828125, 0.127197265625, 6.1875, 5.19921875, 2.103515625, 0.3203125, 7.109375, 0.003704071044921875, 0.011688232421875, 0.167236328125, 5.0234375, 0.32275390625, 0.119140625, 0.040191650390625, 0.32861328125, 0.68212890625, 0.74658203125, 0.0002739429473876953, 4.01953125, 4.734375, 0.0955810546875, 0.1942138671875, 0.1197509765625, 0.1563720703125, 2.876953125, 0.0152130126953125, 2.15625, 0.2464599609375, 0.44091796875, 0.0018148422241210938, 0.1966552734375, 0.1864013671875, 3.212890625, 0.004058837890625, 0.205322265625, 6.66796875, 2.951171875, 2.79296875, 0.72265625, 6.703125, 4.92578125, 2.669921875, 3.6953125, 4.42578125, 0.0728759765625, 0.916015625, 0.050079345703125, 0.00042939186096191406, 0.1329345703125, 4.19140625, 0.282470703125, 0.03802490234375, 0.1322021484375, 6.18359375, 13.890625, 0.08526611328125, 4.01171875, 0.359619140625, 0.75048828125, 0.0269012451171875, 0.008941650390625, 0.33154296875, 3.2782554626464844e-05, 0.6953125, 0.010498046875, 0.00012111663818359375, 0.0037517547607421875, 0.02618408203125, 0.001049041748046875, 1.36328125, 0.00273895263671875, 0.042755126953125, 0.0196685791015625, 0.00730133056640625, 0.00036215782165527344, 0.1519775390625, 0.02386474609375, 1.318359375, 0.7041015625, 0.0014009475708007812, 0.090576171875, 0.7490234375, 9.96875, 6.97265625, 7.92578125, 3.033203125, 1.6220703125, 5.95703125, 0.395751953125, 2.673828125, 3.17578125, 2.25, 4.26171875, 4.171875, 0.89208984375, 14.515625, 1.470703125, 5.43359375, 5.515625, 6.57421875, 0.212890625, 2.884765625, 4.25, 1.4462890625, 0.061431884765625, 0.90087890625, 2.236328125, 0.140869140625, 0.356201171875, 2.8984375, 0.290283203125, 0.005214691162109375, 0.0038623809814453125, 1.01171875, 6.1953125, 2.013671875, 8.4375, 3.91015625, 2.546875, 1.791015625, 6.9375, 0.43603515625, 2.716796875, 7.2890625, 9.265625, 0.4658203125, 7.015625, 3.857421875, 9.2890625, 1.6630859375, 1.7138671875, 0.002685546875, 4.2578125, 0.43701171875, 0.25634765625, 0.00853729248046875, 6.29296875, 0.3408203125, 5.78125, 2.380859375, 7.43359375, 0.08026123046875, 0.36572265625, 0.1602783203125, 0.324951171875, 3.435546875, 1.65625, 0.541015625, 7.0703125, 0.236572265625, 0.59326171875, 0.7568359375, 0.58154296875, 0.045196533203125, 0.08001708984375, 0.1689453125, 4.67578125, 0.0139923095703125, 0.33837890625, 0.0792236328125, 1.1025390625, 0.01042938232421875, 0.130126953125, 0.01020050048828125, 0.080322265625, 0.014068603515625, 0.6416015625, 0.0001621246337890625, 0.61572265625, 0.1497802734375, 0.21875, 0.05078125, 1.458984375, 0.0008182525634765625, 0.06329345703125, 0.140380859375, 2.140625, 0.0340576171875, 0.11517333984375, 0.408203125]",-2.6488042635696996
193,1,test,1.027211339937316,0.4019764668532195,0.5811709314967106,1.965987266502545,0.7693456882157645,1.1123072794870819,2.793265495575026,0.9245806859176602,1.231150907702065,5.346051180272731,1.7695617101337997,2.3563086908999784,0.746131913146781,0.23341913693401695,0.36094011732480297,1.2864343330116914,0.4024467878172706,0.6223105471117293,2.108827093658402,0.43901220325904555,0.6389308792984085,3.635908782169659,0.7569175918259403,1.101604964307601,1.027211339937316,0.4019764668532195,0.5811709314967106,1.965987266502545,0.7693456882157645,1.1123072794870819,2.793265495575026,0.9245806859176602,1.231150907702065,5.346051180272731,1.7695617101337997,2.3563086908999784,0.18090452261306533,-0.009095477386934614,-0.0040954773869347205,0.14572864321608037,-0.014271356783919664,-0.00927135678391966,0.10050251256281406,-0.004497487437185921,0.0005025125628140836,0.26736111111111116,0.07845296553052195,0.11493616884783175,0.2787456445993032,0.18592964824120606,0.04056623971990281,0.06405986526958674,0.202020202020202,0.26736111111111116,0.07845296553052195,0.11493616884783175,0.2787456445993032,13.0,0.0,0.0,15.0,0.0,-1.0,21.0,1.0,1.0,-0.0016432738210790429,-0.0006884069700671763,6.537945781596221e-05,-0.05925810338972237,-0.05585509272910727,-0.05824856565640246,"[1.3671875, 2.251953125, 2.25, 5.1953125, 4.00390625, 3.572265625, 0.06805419921875, 0.135498046875, 0.161865234375, 0.1357421875, 0.1451416015625, 0.06640625, 0.31787109375, 0.00432586669921875, 0.16015625, 0.004505157470703125, 0.00884246826171875, 0.08673095703125, 0.0017642974853515625, 0.006618499755859375, 0.0012845993041992188, 0.001300811767578125, 2.2649765014648438e-06, 1.3828277587890625e-05, 0.049102783203125, 0.005336761474609375, 0.003997802734375, 0.000759124755859375, 0.01062774658203125, 0.132568359375, 2.0384788513183594e-05, 0.0004801750183105469, 5.6862831115722656e-05, 8.094310760498047e-05, 0.0010967254638671875, 0.0006990432739257812, 0.0010852813720703125, 0.0017690658569335938, 0.0026264190673828125, 0.0013828277587890625, 0.0002505779266357422, 0.00833892822265625, 0.0066986083984375, 3.159046173095703e-05, 0.00759124755859375, 3.3736228942871094e-05, 0.0022792816162109375, 0.00019848346710205078, 0.0003612041473388672, 0.00020384788513183594, 0.00021028518676757812, 0.0006203651428222656, 0.0017080307006835938, 1.3709068298339844e-05, 0.006389617919921875, 0.0056915283203125, 0.00106048583984375, 0.044097900390625, 0.0004069805145263672, 1.7705078125, 0.051177978515625, 1.9788742065429688e-05, 0.0017480850219726562, 0.0001367330551147461, 4.76837158203125e-06, 1.0848045349121094e-05, 3.0994415283203125e-06, 0.00012409687042236328, 0.00046706199645996094, 0.00029659271240234375, 0.0008177757263183594, 2.586841583251953e-05, 0.0009236335754394531, 1.7881393432617188e-06, 0.00263214111328125, 0.00323486328125, 0.0018281936645507812, 0.006900787353515625, 0.0002181529998779297, 0.00469970703125, 2.5391578674316406e-05, 0.00012731552124023438, 0.000377655029296875, 5.841255187988281e-05, 2.09808349609375e-05, 2.372264862060547e-05, 0.0004258155822753906, 5.698204040527344e-05, 8.14199447631836e-05, 0.00010192394256591797, 0.0086517333984375, 0.0027008056640625, 3.5762786865234375e-07, 0.00024962425231933594, 3.421306610107422e-05, 3.528594970703125e-05, 3.6954879760742188e-06, 2.3365020751953125e-05, 1.9073486328125e-06, 0.000926971435546875, 0.0019025802612304688, 0.0004322528839111328, 6.604194641113281e-05, 0.0009222030639648438, 0.0005030632019042969, 4.5418739318847656e-05, 0.00012934207916259766, 0.0004611015319824219, 1.1920928955078125e-07, 0.004261016845703125, 4.291534423828125e-05, 0.0001373291015625, 0.0001430511474609375, 7.259845733642578e-05, 0.00016260147094726562, 0.00023651123046875, 0.0005383491516113281, 7.486343383789062e-05, 3.218650817871094e-05, 0.0011415481567382812, 0.00698089599609375, 0.001781463623046875, 0.00119781494140625, 0.00261688232421875, 0.0033817291259765625, 0.0003800392150878906, 0.00011110305786132812, 2.1457672119140625e-05, 1.0609626770019531e-05, 6.687641143798828e-05, 0.00017011165618896484, 7.927417755126953e-05, 1.0251998901367188e-05, 0.0001571178436279297, 0.0009250640869140625, 1.1920928955078125e-06, 0.0001270771026611328, 0.001949310302734375, 0.00016987323760986328, 1.1682510375976562e-05, 0.001834869384765625, 0.0084228515625, 0.05792236328125, 0.01224517822265625, 0.37060546875, 0.2081298828125, 0.61279296875, 0.0006818771362304688, 4.12109375, 0.0025482177734375, 3.75, 2.453125, 3.083984375, 0.06414794921875, 0.0247650146484375, 0.06585693359375, 0.200927734375, 0.00024259090423583984, 0.1859130859375, 0.0007033348083496094, 3.677734375, 0.004032135009765625, 13.9296875, 3.412109375, 2.85546875, 2.392578125, 0.0018138885498046875, 1.318359375, 1.435546875, 0.020263671875, 0.017822265625, 9.5390625, 3.69140625, 10.390625, 0.0015783309936523438, 7.3046875, 4.97265625, 2.62109375, 4.04296875, 4.328125, 1.2275390625, 4.8359375, 0.7607421875, 7.08203125, 1.404296875, 0.1768798828125, 2.474609375, 0.0025043487548828125, 0.0264129638671875, 0.00591278076171875, 2.943359375, 0.02813720703125, 0.0236053466796875, 5.43359375, 2.623046875, 0.0694580078125, 1.8828125, 3.21484375, 0.54638671875, 1.482421875, 1.771484375, 0.36083984375, 0.07989501953125, 0.3212890625, 0.424560546875, 0.0198974609375, 3.201171875, 0.09515380859375, 0.0916748046875, 5.21875, 5.8515625, 0.65673828125, 1.7275390625, 3.390625, 1.0517578125, 4.65625, 0.5703125, 1.958984375, 6.31640625, 1.5517578125, 1.6015625, 0.0005931854248046875, 0.0241851806640625, 0.02337646484375, 0.31787109375, 1.0888671875, 0.316162109375, 2.337890625, 3.1953125, 1.8046875, 0.0129852294921875, 1.78515625, 2.1796875, 0.129150390625, 0.004543304443359375, 2.173828125, 0.46923828125, 0.000400543212890625, 0.01104736328125, 0.533203125, 0.1607666015625, 1.70703125, 1.431640625, 0.032440185546875, 0.029510498046875, 0.00542449951171875, 7.03125, 1.330078125, 0.287109375, 1.1181640625, 0.3076171875, 0.00933074951171875, 0.00307464599609375, 4.62109375, 5.54296875, 6.73828125, 4.4921875, 1.3994140625, 4.796875, 3.896484375, 2.51171875, 4.8515625, 0.71826171875, 0.3154296875, 0.0173187255859375, 0.1270751953125, 2.494140625, 0.343505859375, 4.71875, 0.04156494140625, 0.021087646484375, 11.0234375, 2.400390625, 0.0885009765625, 0.0036029815673828125, 0.1278076171875, 0.008392333984375, 0.005504608154296875, 2.1015625, 2.55078125, 0.927734375, 0.02001953125, 0.89013671875, 6.0234375, 0.0041961669921875, 0.60302734375, 0.70361328125, 0.36328125]",-3.046909181608094
217,1,test,1.5353685748386166,0.4178276642540306,0.505611809160718,7.078857218729622,1.9264054415080576,2.331136551709416,4.643036521056896,1.5857098091145425,1.8426519188543602,21.406842065504424,7.3109568041281,8.495595162717997,1.6531978635931734,0.5919960575367038,0.8251712038935408,6.1229550503450865,2.1925779908766807,3.056189644050151,5.223657690953485,2.3338157582667627,2.934859986742628,19.346880336864757,8.643762067654675,10.869851802750473,1.6510501561754922,0.5122389464124604,0.7723970605609667,6.517303248061153,2.021995841101817,3.048935765372237,5.212450841407915,2.089397339393525,2.8047962004911544,20.57546384766282,8.247621076553385,11.071563949307187,0.31658291457286436,0.0015829145728644134,0.011582914572864311,0.24623115577889443,-0.008768844221105576,-0.008768844221105576,0.21105527638190957,0.011055276381909618,0.001055276381909609,0.26544622425629294,0.04487479568486441,0.053325012135080785,0.2178899082568807,0.27135678391959794,0.05581793680180347,0.08103958859405536,0.18181818181818177,0.28093645484949836,0.0555608288060927,0.08405102659588326,0.21812080536912748,17.0,0.0,0.0,22.0,0.0,-2.0,30.0,-1.0,-2.0,0.0007047469026828825,0.0007164025927871507,9.233693470029228e-05,-0.15288431754468057,-0.1665999735199657,-0.16254183692346125,"[13.953125, 7.16015625, 4.32421875, 8.03125, 4.9296875, 5.4140625, 0.994140625, 0.18115234375, 0.1898193359375, 0.406494140625, 5.7734375, 4.7734375, 2.85546875, 1.7353515625, 4.1171875, 0.32958984375, 0.14453125, 5.40234375, 4.1875, 2.3671875, 0.042236328125, 0.06939697265625, 7.9609375, 3.01171875, 1.6259765625, 4.58203125, 1.296875, 1.6474609375, 3.56640625, 2.939453125, 0.06280517578125, 3.60546875, 0.01332855224609375, 0.9111328125, 0.056915283203125, 0.486083984375, 8.1015625, 8.703125, 0.748046875, 0.2080078125, 0.491455078125, 0.056121826171875, 0.060455322265625, 9.8515625, 0.295166015625, 8.296875, 6.3359375, 0.533203125, 4.1875, 0.94677734375, 0.04443359375, 0.29541015625, 0.12176513671875, 0.0328369140625, 7.09375, 0.284423828125, 1.876953125, 0.020599365234375, 0.089111328125, 7.6484375, 7.17578125, 4.953125, 0.5712890625, 0.53125, 0.0195770263671875, 1.5009765625, 0.01181793212890625, 0.258056640625, 0.05218505859375, 0.09381103515625, 6.484375, 2.171875, 0.16015625, 0.0241851806640625, 0.07403564453125, 0.05181884765625, 0.01458740234375, 3.96484375, 0.0950927734375, 0.5078125, 0.038330078125, 0.027191162109375, 6.6328125, 0.7373046875, 2.99609375, 0.09417724609375, 8.5078125, 0.055511474609375, 0.01214599609375, 0.06671142578125, 0.02655029296875, 0.00988006591796875, 8.5546875, 0.2049560546875, 0.69189453125, 0.023284912109375, 0.0262298583984375, 2.123046875, 0.59228515625, 0.6494140625, 1.8125, 0.9326171875, 0.325439453125, 0.07177734375, 0.132568359375, 0.0079498291015625, 0.483642578125, 0.001232147216796875, 0.080078125, 0.0084381103515625, 0.0267181396484375, 0.03826904296875, 1.5966796875, 9.046875, 11.453125, 1.779296875, 0.0972900390625, 0.08984375, 0.0572509765625, 0.031036376953125, 0.0027313232421875, 6.32421875, 0.0406494140625, 0.225830078125, 0.00820159912109375, 0.01544952392578125, 2.03125, 0.2169189453125, 0.403076171875, 0.994140625, 0.174072265625, 0.07257080078125, 5.03515625, 0.02197265625, 1.40234375, 0.23388671875, 6.21875, 7.0, 0.09649658203125, 0.0167236328125, 0.0433349609375, 0.021148681640625, 0.004184722900390625, 2.462890625, 9.0859375, 0.0845947265625, 0.06597900390625, 0.0062408447265625, 0.01483154296875, 0.6533203125, 0.1846923828125, 0.04461669921875, 0.468505859375, 0.07550048828125, 0.05499267578125, 0.427001953125, 0.1424560546875, 0.00714874267578125, 0.1771240234375, 0.0011463165283203125, 0.1712646484375, 0.0017557144165039062, 0.01763916015625, 0.0130767822265625, 0.038177490234375, 0.080810546875, 5.03515625, 0.348876953125, 0.01094818115234375, 0.03240966796875, 0.01383209228515625, 0.0031414031982421875, 5.05078125, 0.06988525390625, 0.0728759765625, 0.00714111328125, 0.006988525390625, 0.483154296875, 0.0180511474609375, 0.027191162109375, 0.06787109375, 0.06121826171875, 0.01446533203125, 0.1727294921875, 0.07305908203125, 0.0028820037841796875, 2.181640625, 0.002513885498046875, 0.053375244140625, 0.0229339599609375, 0.03271484375, 0.607421875, 0.0264739990234375, 5.03515625, 0.787109375, 0.01290130615234375, 0.04364013671875, 0.04608154296875, 0.004283905029296875, 8.3359375, 0.093994140625, 0.09271240234375, 0.01479339599609375, 0.00963592529296875, 3.509765625, 7.34375, 0.278564453125, 0.02032470703125, 7.3046875, 2.044921875, 7.17578125, 2.169921875, 0.310546875, 0.01031494140625, 0.04095458984375, 0.0257568359375, 0.0052490234375, 6.13671875, 0.25244140625, 6.08984375, 0.055511474609375, 0.81689453125, 0.005535125732421875, 0.52197265625, 0.0091400146484375, 0.023406982421875, 0.01812744140625, 3.65234375, 0.021575927734375, 7.17578125, 4.3515625, 0.28125, 0.006252288818359375, 0.06732177734375, 0.04931640625, 0.00534820556640625, 5.3203125, 0.486572265625, 0.7275390625, 0.005596160888671875, 0.01153564453125, 4.51953125, 3.533203125, 0.11285400390625, 0.02008056640625, 2.353515625, 0.03192138671875, 4.953125, 0.078369140625, 0.00640106201171875, 0.040557861328125, 0.0216217041015625, 0.005950927734375, 8.3125, 0.07464599609375, 0.184326171875, 0.0039043426513671875, 0.00826263427734375, 4.34375, 5.78125, 4.171875, 0.0675048828125, 0.020538330078125, 0.2225341796875, 0.0011034011840820312, 0.0286407470703125, 0.018402099609375, 0.017486572265625, 0.5830078125, 0.0089111328125, 7.9453125, 4.3046875, 0.186279296875, 0.0104827880859375, 0.018829345703125, 0.05303955078125, 0.002475738525390625, 7.9140625, 0.04412841796875, 0.128662109375, 0.0059661865234375, 0.01027679443359375, 3.560546875, 4.10546875, 3.8671875, 0.128173828125, 0.0295257568359375, 0.253662109375, 0.01332855224609375, 7.34765625, 1.8564453125, 0.0638427734375, 0.004070281982421875, 0.039703369140625, 0.00894927978515625, 0.0018854141235351562, 6.65625, 0.08453369140625, 0.044219970703125, 0.0081634521484375, 0.006351470947265625, 6.34375, 0.496826171875, 0.385498046875, 0.0165252685546875, 0.30029296875, 0.0071258544921875, 8.6328125, 0.1322021484375, 0.006168365478515625, 0.055633544921875, 0.0087890625, 0.003520965576171875, 6.2265625, 0.037811279296875, 0.05706787109375, 0.00553131103515625, 0.00543212890625, 4.06640625, 1.41015625, 1.435546875, 0.060394287109375, 0.00730133056640625, 0.09100341796875, 0.0007686614990234375, 0.032958984375, 0.0122528076171875, 0.0277862548828125, 0.02490234375, 0.0052032470703125, 7.75, 1.154296875, 0.1842041015625, 0.004222869873046875, 0.0254974365234375, 0.0064697265625, 0.002208709716796875, 4.94140625, 0.326416015625, 6.01171875, 0.0197296142578125, 1.5, 0.0017852783203125, 0.082763671875, 0.0205841064453125, 0.017578125, 0.018768310546875, 0.005413055419921875, 8.9453125, 0.8759765625, 0.004184722900390625, 0.0160369873046875, 0.06201171875, 0.002178192138671875, 6.70703125, 0.2305908203125, 0.1102294921875, 0.00260162353515625, 0.01363372802734375, 6.5703125, 1.67578125, 3.09375, 0.09429931640625, 0.0029926300048828125, 0.03851318359375, 0.000766754150390625, 0.04266357421875, 0.007617950439453125, 0.01702880859375, 0.08123779296875, 0.005397796630859375, 5.59375, 5.76953125, 0.05133056640625, 0.0032596588134765625, 0.0189056396484375, 0.01363372802734375, 0.004302978515625, 5.96875, 0.172119140625, 0.2022705078125, 0.00533294677734375, 0.005859375, 6.4140625, 6.31640625, 2.455078125, 0.90625, 0.012298583984375, 0.10687255859375, 0.00542449951171875, 10.0390625, 4.94921875, 0.25732421875, 0.01464080810546875, 0.0283203125, 0.0302886962890625, 0.001667022705078125, 7.7265625, 0.038360595703125, 0.019744873046875, 0.0037250518798828125, 0.005893707275390625, 7.1796875, 1.6044921875, 0.395263671875, 0.46533203125, 0.056304931640625, 0.0026836395263671875, 0.059661865234375, 0.0005359649658203125, 0.035919189453125, 0.005641937255859375, 0.015869140625, 6.04296875, 0.02203369140625, 3.08984375, 7.4140625, 0.2127685546875, 0.003238677978515625, 0.016510009765625, 0.026153564453125, 0.001239776611328125, 3.044921875, 6.234375, 0.0263824462890625, 0.02117919921875, 0.002338409423828125, 0.00472259521484375, 3.625, 0.494140625, 0.2724609375, 0.0703125, 0.0205535888671875, 0.00272369384765625, 0.01070404052734375, 0.00024235248565673828, 0.01345062255859375]",-0.5729106533718327
229,1,test,1.3639553803331543,0.5106958465545797,0.7527318188928734,2.7781177071816394,1.0401903132277328,1.533171557499595,3.9116347464166674,1.5643492941720711,2.0689500885226293,7.967256047916157,3.186281997945568,4.2140578490154175,0.5357027125718007,0.08091675997984488,0.18585205558158385,0.9829407570124783,0.1484711192290732,0.34101294602125476,1.7086485092717125,0.13281246596035334,0.2897928726730663,3.1351348793976372,0.2436925980923914,0.5317300416019561,1.2428855533185212,0.4385210042198139,0.6504672255732598,2.3901645256125406,0.8433096234996418,1.250898510717807,3.465599221952048,1.2303235824471765,1.6572428919212738,6.664613888369323,2.3660068893214934,3.1870055613870654,0.11557788944723613,-0.004422110552763869,-0.004422110552763869,0.07537688442211055,-0.019623115577889427,-0.004623115577889414,0.0653266331658291,-0.004673366834170856,0.0003266331658291488,0.24471299093655585,0.06975069832720437,0.0899391215898222,0.2848484848484848,0.14572864321608037,0.025427891336381125,0.030536656571673038,0.11616161616161613,0.24080267558528423,0.062171623832362743,0.09286051763200276,0.2651006711409396,14.0,3.0,3.0,17.0,3.0,3.0,21.0,6.0,6.0,-0.0013018846449288882,-0.00022616369738310613,-0.0011268468462238875,-0.1458201738591205,-0.16337073168961602,-0.14814412543705435,"[2.1875, 2.275390625, 4.27734375, 0.402099609375, 10.0234375, 7.4296875, 8.3671875, 2.767578125, 0.036895751953125, 0.2249755859375, 0.02777099609375, 1.330078125, 0.059814453125, 0.0716552734375, 0.007965087890625, 3.376953125, 0.1279296875, 0.351806640625, 0.0106658935546875, 0.005329132080078125, 0.00675201416015625, 0.0016546249389648438, 8.344650268554688e-07, 0.322265625, 5.626678466796875e-05, 1.633167266845703e-05, 0.0246429443359375, 0.0013446807861328125, 4.01953125, 4.5299530029296875e-06, 0.00047898292541503906, 8.344650268554688e-06, 5.0187110900878906e-05, 8.58306884765625e-06, 1.755859375, 0.002483367919921875, 0.79638671875, 0.0001621246337890625, 0.96484375, 0.08685302734375, 0.00856781005859375, 0.34814453125, 7.987022399902344e-06, 0.00028014183044433594, 0.00036263465881347656, 0.693359375, 7.176399230957031e-05, 0.0005803108215332031, 0.019805908203125, 0.01090240478515625, 0.0036754608154296875, 5.015625, 8.344650268554688e-07, 1.3779296875, 0.009521484375, -0.0, 2.7418136596679688e-06, 0.0082550048828125, 4.76837158203125e-07, 0.0005102157592773438, 5.960464477539062e-07, 0.0026454925537109375, 0.0029964447021484375, 2.2649765014648438e-06, 1.1920928955078125e-07, -0.0, 0.006931304931640625, 4.76837158203125e-07, 0.003040313720703125, 0.3134765625, 0.693359375, 8.344650268554688e-07, 0.00039768218994140625, 3.5762786865234375e-07, 0.0006961822509765625, 8.976459503173828e-05, 7.271766662597656e-06, 1.337890625, 0.0041351318359375, 0.0011434555053710938, 3.5762786865234375e-06, 3.409385681152344e-05, 0.00011813640594482422, 7.581710815429688e-05, 0.0035266876220703125, 0.0001475811004638672, 0.0030040740966796875, 0.0034999847412109375, 5.555152893066406e-05, 0.10552978515625, 0.00012743473052978516, 1.736328125, 0.00257110595703125, 4.649162292480469e-06, 0.001506805419921875, 5.257129669189453e-05, 1.0728836059570312e-06, 5.125999450683594e-06, 1.7881393432617188e-06, 1.71661376953125e-05, 0.0001348257064819336, 6.449222564697266e-05, 8.952617645263672e-05, 9.059906005859375e-06, 4.7087669372558594e-05, 2.384185791015625e-07, 0.0024089813232421875, 0.0175018310546875, 0.0012502670288085938, 0.0013666152954101562, 7.987022399902344e-06, 0.0194854736328125, 1.919269561767578e-05, 9.298324584960938e-06, 9.59634780883789e-05, 2.3484230041503906e-05, 0.00014770030975341797, 9.167194366455078e-05, 0.00020372867584228516, 5.519390106201172e-05, 1.4543533325195312e-05, 0.00014066696166992188, 0.00823211669921875, 0.0068511962890625, 1.1920928955078125e-07, 0.00014579296112060547, 2.7894973754882812e-05, 3.2186508178710938e-06, 4.76837158203125e-07, 1.1444091796875e-05, 4.887580871582031e-06, 0.00013780593872070312, 0.00142669677734375, 0.0008330345153808594, 2.467632293701172e-05, 0.0010700225830078125, 0.00015151500701904297, 4.553794860839844e-05, 0.00012683868408203125, 0.0025768280029296875, 1.1920928955078125e-07, 0.00786590576171875, 2.6345252990722656e-05, 4.9233436584472656e-05, 0.00013267993927001953, 7.390975952148438e-05, 0.00019288063049316406, 0.0001442432403564453, 0.00014972686767578125, 3.5881996154785156e-05, 6.556510925292969e-05, 0.0004668235778808594, 0.00260162353515625, 0.0005464553833007812, 0.006893157958984375, 0.00689697265625, 0.00467681884765625, 0.00030112266540527344, 4.363059997558594e-05, 3.4570693969726562e-06, 3.2186508178710938e-06, 2.849102020263672e-05, 5.364418029785156e-05, 5.4836273193359375e-06, 2.5033950805664062e-06, 2.09808349609375e-05, 0.00249481201171875, 2.6226043701171875e-06, 2.014636993408203e-05, 0.0019178390502929688, 0.00030612945556640625, 1.1920928955078125e-05, 0.0003116130828857422, 0.004161834716796875, 0.020050048828125, 0.00684356689453125, 0.7197265625, 0.552734375, 0.0008578300476074219, 5.8046875, 7.38671875, 7.7890625, 0.158203125, 7.8671875, 0.09759521484375, 4.55078125, 0.07086181640625, 6.953125, 1.3466796875, 0.012542724609375, 0.011871337890625, 0.06597900390625, 0.9423828125, 0.00021374225616455078, 0.12310791015625, 0.0035076141357421875, 0.00421905517578125, 0.0034046173095703125, 0.6650390625, 0.0029449462890625, 1.087890625, 0.0038909912109375, 11.328125, 0.9765625, 0.04150390625, 10.3671875, 1.720703125, 5.921875, 0.6689453125, 0.0022792816162109375, 2.130859375, 0.4443359375, 2.2578125, 0.0010023117065429688, 1.037109375, 0.018646240234375, 3.6640625, 0.06787109375, 0.003749847412109375, 0.314697265625, 0.01528167724609375, 0.00034737586975097656, 2.365234375, 0.006832122802734375, 0.6875, 0.00921630859375, 0.0014524459838867188, 1.3154296875, 1.5810546875, 0.0301055908203125, 0.00751495361328125, 6.96484375, 1.1201171875, 5.296875, 2.8671875, 2.591796875, 5.140625, 0.16845703125, 7.5390625, 4.53125, 9.2109375, 2.494140625, 0.322265625, 0.9853515625, 0.05023193359375, 0.255615234375, 0.178466796875, 4.484375, 8.78125, 16.296875, 0.470947265625, 0.3173828125, 0.0019464492797851562, 0.191162109375, 1.396484375, 8.6875, 2.517578125, 0.2071533203125, 3.10546875, 6.45703125, 2.166015625, 1.6767578125, 4.796875, 3.798828125, 0.1663818359375, 0.72314453125, 0.3310546875, 0.58154296875, 0.407958984375, 0.224853515625, 0.009613037109375, 0.002803802490234375, 3.80078125, 2.6484375, 7.6953125, 1.22265625, 2.716796875, 8.5625, 6.41015625, 8.3515625, 1.619140625, 0.55615234375, 0.005680084228515625, 0.1270751953125, 0.376220703125, 0.00013196468353271484, 0.007762908935546875, 0.06396484375, 1.337890625, 12.4609375, 7.609375, 6.8515625, 1.681640625, 0.7998046875, 3.45703125, 9.7578125, 2.642578125, 0.44970703125, 2.501953125, 0.1971435546875, 0.0002586841583251953, 0.1270751953125, 0.048736572265625, 0.70166015625, 10.4140625, 2.7265625, 5.70703125, 0.2371826171875, 6.125, 2.310546875, 1.4208984375, 3.41796875, 2.8125, 1.205078125, 6.39453125, 0.2364501953125, 10.1875, 0.1507568359375, 0.0009455680847167969, 0.3134765625, 0.380615234375, 0.4208984375, 6.44140625, 9.4609375, 1.3837890625, 4.4765625, 1.2060546875, 0.08758544921875, 2.890625, 0.44091796875, 1.900390625]",-2.7757436019056154
10,1,test,2.3464622131588766,1.022418747987527,1.1872170781275055,6.128407192014949,2.6703172006262474,3.1007316628741917,10.448539555179288,6.689951140929467,7.261013339328471,27.289126838232963,17.472578273956962,18.96405836859907,2.9207660265304334,1.2867554668962748,1.80823783375237,4.992762438513561,2.199581994694487,3.0910048440211453,18.55549601922139,13.431110804969503,15.513456476185976,31.718796614053662,22.95916376917864,26.518729019121327,2.8914988997787936,1.309907246472377,1.813542932319078,5.901018162813864,2.673280094841586,3.701108025140975,18.020299992223872,13.157610621576932,15.081633314633399,36.77612243310995,26.852266574646805,30.778843499251835,0.5778894472361809,0.007889447236180791,-0.002110552763819218,0.4623115577889447,-0.01268844221105525,-0.002688442211055242,0.4170854271356784,-0.007914572864321623,-0.007914572864321623,0.34537246049661396,0.10298238157891382,0.12152104309680944,0.30995475113122173,0.42211055276381915,0.14642132970617505,0.20341272304762548,0.3737373737373737,0.4147157190635451,0.15261221322047336,0.2100438614439678,0.3825503355704698,18.0,0.0,0.0,32.0,0.0,2.0,38.0,0.0,1.0,0.0005759889282535616,0.0009850970354122804,0.0006948723925809992,-0.09417041327326015,-0.10003337747287233,-0.11065233585076406,"[6.37109375, 1.9462890625, 11.390625, 3.994140625, 7.46875, 5.4296875, 0.734375, 5.046875, 8.59375, 1.578125, 3.93359375, 6.24609375, 4.359375, 6.609375, 0.0017299652099609375, 3.25390625, 0.03118896484375, 4.0078125, 1.4013671875, 0.00039839744567871094, 0.0714111328125, 0.3203125, 0.32470703125, 0.1051025390625, 0.0693359375, 1.4423828125, 4.90625, 14.7578125, 4.02734375, 0.051727294921875, 5.75, 1.3076171875, 0.0239715576171875, 0.0177764892578125, 3.443359375, 0.2344970703125, 1.681640625, 8.734375, 3.498046875, 0.011138916015625, 3.82421875, 5.70703125, 0.57470703125, 0.1343994140625, 4.29296875, 3.095703125, 0.35498046875, 0.0712890625, 0.54150390625, 1.6318359375, 1.5947265625, 0.00943756103515625, 9.8203125, 1.572265625, 3.376953125, 0.36328125, 2.041015625, 11.1484375, 1.248046875, 0.022491455078125, 1.736328125, 4.7578125, 0.26513671875, 0.151611328125, 1.37109375, 2.900390625, 3.37890625, 3.146484375, 0.007144927978515625, 0.061767578125, 0.004978179931640625, 0.326904296875, 0.6650390625, 1.5625, 2.21484375, 0.76318359375, 0.007160186767578125, 2.171875, 0.4228515625, 0.190673828125, 1.2548828125, 0.0015344619750976562, 1.140625, 0.58447265625, 0.7314453125, 0.335205078125, 0.98876953125, 0.002086639404296875, 2.265625, 4.109375, 0.302001953125, 0.486328125, 0.50244140625, 8.828125, 4.47265625, 6.5546875, 7.7578125, 6.7421875, 7.7890625, 0.92529296875, 0.482421875, 0.70361328125, 10.484375, 0.11962890625, 3.41796875, 1.978515625, 8.640625, 0.0273590087890625, 0.90087890625, 7.33984375, 3.669921875, 7.0546875, 4.62890625, 6.92578125, 6.92578125, 12.9765625, 6.09765625, 6.67578125, 8.1484375, 5.6796875, 2.91015625, 0.1649169921875, 3.8203125, 0.1397705078125, 3.908203125, 0.168212890625, 3.798828125, 4.62890625, 6.48828125, 7.76171875, 3.107421875, 3.5, 3.1484375, 7.7421875, 0.09942626953125, 6.56640625, 7.21484375, 1.8046875, 0.1182861328125, 7.28515625, 3.013671875, 0.95751953125, 0.52197265625, 0.71484375, 1.0927734375, 0.059661865234375, 5.90625, 0.51416015625, 0.450927734375, 3.3203125, 9.8515625, 0.1402587890625, 1.1044921875, 1.8798828125, 8.1875, 5.6796875, 9.7265625, 4.203125, 2.12890625, 3.2734375, 0.0008697509765625, 3.4921875, 3.533203125, 0.0006666183471679688, 4.13671875, 0.5556640625, 4.57421875, 0.7998046875, 2.845703125, 14.5, 5.546875, 4.13671875, 0.254150390625, 1.3369140625, 0.5390625, 0.0030040740966796875, 0.453369140625, 0.9873046875, 5.59375, 3.796875, 7.26953125, 6.77734375, 0.0849609375, 0.127685546875, 1.673828125, 1.560546875, 0.0012769699096679688, 0.022857666015625, 0.034332275390625, 0.049591064453125, 0.10247802734375, 0.01412200927734375, 0.0038318634033203125, 0.0030117034912109375, 0.0035400390625, 0.01195526123046875, 0.76025390625, 0.0004620552062988281, 0.22216796875, 1.49609375, 11.09375, 0.347900390625, 0.01554107666015625, 0.0533447265625, 7.5234375, 1.5517578125, 8.3671875, 3.3125, 1.412109375, 3.9453125, 4.62890625, 0.7763671875, 7.9921875, 3.529296875, 8.3359375, 8.0625, 11.515625, 3.53515625, 4.66796875, 9.2109375, 4.4609375, 6.05859375, 0.353515625, 0.4052734375, 0.0003898143768310547, 4.0625, 9.6484375, 6.70703125, 12.796875, 1.2705078125, 4.15234375, 0.798828125, 1.3798828125, 0.00162506103515625, 0.45458984375, 0.513671875, 2.140625, 0.01461029052734375, 0.01348876953125, 0.0096282958984375, 4.93359375, 8.453125, 1.5087890625, 6.73046875, 4.17578125, 0.03753662109375, 1.4384765625, 0.30810546875, 6.01171875, 3.283203125, 4.02734375, 0.029144287109375, 8.1953125, 7.1171875, 7.1171875, 4.7578125, 5.87109375, 0.82958984375, 1.400390625, 0.000965118408203125, 0.149658203125, 0.0246124267578125, 0.213623046875, 0.0017786026000976562, 0.002414703369140625, 0.0022678375244140625, 0.54443359375, 1.71875, 0.06591796875, 8.4453125, 0.9697265625, 0.4423828125, 0.33740234375, 0.173583984375, 4.01171875, 2.591796875, 0.0694580078125, 0.1788330078125, 0.01535797119140625, 3.181640625, 0.08758544921875, 5.546875, 3.896484375, 0.2303466796875, 0.338134765625, 0.0007181167602539062, 0.0699462890625, 0.0252685546875, 0.18017578125, 0.0012216567993164062, 0.004261016845703125, 0.001384735107421875, 0.4619140625, 0.09185791015625, 0.01476287841796875, 4.30078125, 2.1875, 8.0078125, 0.375244140625, 0.37548828125, 0.1348876953125, 0.10601806640625, 2.658203125, 3.119140625, 0.014434814453125, 0.023284912109375, 0.002407073974609375, 0.86767578125, 0.01094818115234375, 11.0625, 5.86328125, 4.921875, 7.24609375, 5.1953125, 0.2474365234375, 0.71630859375, 0.000675201416015625, 0.0693359375, 0.0246124267578125, 0.1612548828125, 0.00084686279296875, 0.005275726318359375, 0.0009598731994628906, 0.0654296875, 0.01506805419921875, 0.01213836669921875, 1.70703125, 0.0458984375, 2.466796875, 0.0380859375, 0.057464599609375, 0.0704345703125, 0.0234527587890625, 0.016845703125, 1.17578125, 1.2529296875, 10.0078125, 0.10894775390625, 0.0289459228515625, 0.1192626953125, 0.00997161865234375, 5.13671875, 0.055267333984375, 0.473876953125, 0.49365234375, 1.462890625, 0.11163330078125, 0.15771484375, 0.0008916854858398438, 0.0816650390625, 0.056793212890625, 0.060089111328125, 0.0003657341003417969, 0.001514434814453125, 0.0002703666687011719, 0.036346435546875, 0.01140594482421875, 0.004055023193359375, 4.1484375, 0.5107421875, 1.8564453125, 0.00914764404296875, 0.02777099609375, 0.018310546875, 0.0126953125, 0.5732421875, 0.06201171875, 0.8427734375, 0.0219268798828125, 0.0011920928955078125, 0.27978515625, 0.004703521728515625, 3.240234375, 0.018463134765625, 5.27734375, 1.3837890625, 1.6787109375, 0.07666015625, 0.0614013671875, 0.000583648681640625, 0.02850341796875, 0.05712890625, 0.06829833984375, 0.0005588531494140625, 0.002582550048828125, 0.0002827644348144531, 0.023468017578125, 0.00626373291015625, 0.002349853515625, 0.587890625, 0.0168609619140625, 1.765625, 0.005573272705078125, 0.0122222900390625, 0.0302734375, 0.01485443115234375, 0.01214599609375, 0.1339111328125, 0.99462890625, 0.05584716796875, 0.008087158203125, 0.0016641616821289062, 0.0638427734375, 0.0025501251220703125, 0.58056640625, 0.009124755859375, 1.8720703125, 0.11956787109375, 0.78759765625, 0.0242462158203125, 0.060546875, 0.0008592605590820312, 0.023040771484375, 0.0217742919921875, 0.06134033203125, 0.0005860328674316406, 0.0020599365234375, 0.0003781318664550781, 9.0234375, 3.103515625, 0.313720703125, 4.51171875, 0.50830078125, 3.501953125, 0.37890625, 0.39697265625, 0.1397705078125, 0.04779052734375, 0.491943359375, 0.01496124267578125, 0.049835205078125, 0.02166748046875, 0.00444793701171875, 8.1015625, 5.8359375, 5.78515625, 3.90234375, 11.421875, 5.6015625, 6.9453125, 0.85009765625, 7.66796875, 1.0166015625]",-1.2342238792178324
263,1,test,1.2699924773210054,0.5461132791199201,0.7648186430187499,2.5317914547883267,1.088703246761647,1.5247029722115724,3.560825775305502,1.4984075333003344,1.9035521888857074,7.098678481092903,2.987147921224537,3.794823395907635,0.2936164494135871,0.014838876370643461,0.036782391798310166,0.5290386475920488,0.026736714181339494,0.06627457981677504,1.3412693603468846,0.01975598936769729,0.0484387867771936,2.4167015501745666,0.035596377239094146,0.08727709329224043,1.2542734381347196,0.5362394475374325,0.7509730809515454,2.459359682617097,1.0514498971322204,1.4724962371598926,3.5052906384061826,1.4548924949819266,1.8511190095000891,6.873118898835652,2.852730382317503,3.629645116666841,0.08040201005025127,0.005402010050251316,0.005402010050251316,0.045226130653266305,-0.009773869346733743,-0.004773869346733739,0.04020100502512558,-0.00479899497487446,-0.00479899497487446,0.21753246753246758,0.07652760529583869,0.10522145241367709,0.24429967426710097,0.10552763819095479,0.032845933930303106,0.043758022164243626,0.08585858585858586,0.22073578595317722,0.0805020630817248,0.11172577482970669,0.23825503355704702,11.0,2.0,2.0,13.0,3.0,3.0,16.0,6.0,6.0,-0.0031627589216115712,9.622893273537876e-05,-0.0006729268167749977,-0.051562201636245586,-0.05958117780833838,-0.054243519135028784,"[1.248046875, 3.29296875, 6.30859375, 0.07635498046875, 0.040435791015625, 0.54345703125, 0.191162109375, 0.0880126953125, 0.0050811767578125, 0.00061798095703125, 0.0098724365234375, 0.03155517578125, 0.0231170654296875, 0.0533447265625, 0.3935546875, 0.00016891956329345703, 0.0102691650390625, 0.0193328857421875, 0.00028204917907714844, 0.0036373138427734375, 0.0006098747253417969, 0.004543304443359375, 0.345458984375, 0.012298583984375, 0.006847381591796875, 0.00017917156219482422, 0.00012803077697753906, 0.06658935546875, 6.198883056640625e-06, 0.00311279296875, -0.0, 0.0029296875, 5.1021575927734375e-05, 3.1113624572753906e-05, 0.006561279296875, 0.0002512931823730469, 0.049652099609375, 3.5762786865234375e-07, 0.007137298583984375, 1.0609626770019531e-05, 1.9550323486328125e-05, 5.8650970458984375e-05, 0.0027751922607421875, 0.002696990966796875, 0.00025773048400878906, 1.7881393432617188e-05, 3.337860107421875e-06, 3.5762786865234375e-07, 0.0002295970916748047, 5.257129669189453e-05, 4.76837158203125e-07, 0.00103759765625, 0.00012958049774169922, 5.602836608886719e-06, 0.00022292137145996094, 0.00013077259063720703, 5.745887756347656e-05, 0.00273895263671875, 1.1682510375976562e-05, 0.00035452842712402344, -0.0, 1.6689300537109375e-05, 0.0002918243408203125, 0.0001163482666015625, 0.0078277587890625, 1.1920928955078125e-07, 0.0005059242248535156, 2.6226043701171875e-06, 0.0003838539123535156, 0.006847381591796875, 6.318092346191406e-06, 2.384185791015625e-07, -0.0, 1.3113021850585938e-05, 7.152557373046875e-07, 6.556510925292969e-05, 0.0001666545867919922, 0.007221221923828125, 0.0010404586791992188, 8.344650268554688e-07, 0.0019283294677734375, 4.38690185546875e-05, 7.617473602294922e-05, 2.2649765014648438e-06, 0.006755828857421875, 0.0017080307006835938, 0.000980377197265625, 7.152557373046875e-07, 1.4662742614746094e-05, 0.0001806020736694336, 7.832050323486328e-05, 0.0006823539733886719, 3.3020973205566406e-05, 2.6226043701171875e-05, 0.00777435302734375, 6.210803985595703e-05, 0.030242919921875, 0.00035309791564941406, 2.109375, 0.007434844970703125, 1.7881393432617188e-06, 0.0002570152282714844, 2.467632293701172e-05, 7.152557373046875e-07, 1.1324882507324219e-05, 1.5497207641601562e-06, 7.748603820800781e-06, 0.00010216236114501953, 0.00017774105072021484, 0.00013720989227294922, 5.4001808166503906e-05, 0.00012624263763427734, 3.337860107421875e-06, 8.487701416015625e-05, 0.00472259521484375, 0.0028171539306640625, 0.0211639404296875, 4.863739013671875e-05, 0.003261566162109375, 5.125999450683594e-05, 2.9206275939941406e-05, 0.00040078163146972656, 6.198883056640625e-05, 2.5153160095214844e-05, 0.0001512765884399414, 0.0001558065414428711, 0.0001404285430908203, 2.2530555725097656e-05, 0.0014190673828125, 1.3154296875, 6.783008575439453e-05, 1.1920928955078125e-07, 0.00024271011352539062, 0.00013589859008789062, 3.4570693969726562e-06, 4.76837158203125e-07, 1.8715858459472656e-05, 3.4570693969726562e-06, 0.0003528594970703125, 0.004428863525390625, 0.01494598388671875, 6.222724914550781e-05, 0.001007080078125, 0.00180816650390625, 6.210803985595703e-05, 0.0009169578552246094, 0.00016677379608154297, 1.1920928955078125e-07, 0.0006875991821289062, 1.5974044799804688e-05, 4.935264587402344e-05, 0.00013887882232666016, 0.00010657310485839844, 0.00019621849060058594, 0.00010204315185546875, 0.00040459632873535156, 0.00019431114196777344, 0.0001844167709350586, 0.001995086669921875, 0.313720703125, 0.0011701583862304688, 0.002536773681640625, 0.0025482177734375, 0.00238800048828125, 0.0005159378051757812, 0.00011599063873291016, 2.205371856689453e-05, 3.933906555175781e-06, 2.956390380859375e-05, 2.6941299438476562e-05, 8.046627044677734e-05, 0.0009207725524902344, 0.0018796920776367188, 0.00012969970703125, 2.384185791015625e-06, 4.7206878662109375e-05, 0.001941680908203125, 0.00040912628173828125, 4.1484832763671875e-05, 0.0006670951843261719, 0.00736236572265625, 0.019134521484375, 0.0048675537109375, 0.75048828125, 11.140625, 5.484375, 3.166015625, 4.4921875, 1.7802734375, 0.75439453125, 3.9296875, 0.0592041015625, 0.326171875, 0.0019378662109375, 5.03515625, 0.04046630859375, 1.603515625, 1.7509765625, 0.021759033203125, 11.734375, 4.2890625, 0.2296142578125, 6.46484375, 0.2176513671875, 6.8828125, 2.353515625, 0.03753662109375, 0.40966796875, 0.0687255859375, 0.005096435546875, 11.265625, 0.054351806640625, 0.28271484375, 0.84814453125, 0.04864501953125, 0.071044921875, 5.5078125, 13.1171875, 4.80859375, 6.40234375, 6.27734375, 1.0107421875, 0.495361328125, 0.025726318359375, 0.2568359375, 0.01849365234375, 0.0014371871948242188, 10.125, 0.376953125, 7.19140625, 0.78857421875, 7.1171875, 0.08380126953125, 0.0655517578125, 0.431640625, 0.00762939453125, 0.0004029273986816406, 8.7734375, 0.06268310546875, 11.7734375, 1.4375, 5.37109375, 0.01457977294921875, 4.15625, 0.984375, 0.5107421875, 0.00264739990234375, 0.027587890625, 2.193359375, 8.3203125, 11.125, 7.2890625, 4.26171875, 7.94921875, 5.0234375, 0.06787109375, 1.4970703125, 6.91796875, 4.96875, 4.359375, 12.296875, 1.03515625, 7.56640625, 0.171875, 3.98046875, 0.62744140625, 1.576171875, 0.08905029296875, 0.1461181640625, 3.12109375, 0.040771484375, 0.203857421875, 0.9794921875, 0.454345703125, 0.82861328125, 3.166015625, 0.0304107666015625, 0.046173095703125, 0.004474639892578125, 6.0078125, 0.0360107421875, 0.1937255859375, 6.421875, 12.9140625, 4.015625, 2.546875, 3.09375, 2.533203125, 0.0233001708984375, 0.0204925537109375, 3.6640625, 7.93359375, 4.4765625, 4.64453125, 9.8359375, 0.39013671875, 0.2587890625, 0.023284912109375, 3.150390625, 9.1015625, 2.5, 3.498046875, 0.1427001953125, 1.404296875, 0.046356201171875, 1.9248046875, 0.057891845703125, 0.345947265625]",-2.808158748722696
242,1,test,3.229757905711789,1.4839835478611352,2.0531819414683956,6.6356844244624025,3.0489116528783318,4.218355625198703,25.27353765115836,19.543200561822907,22.030287486484255,51.925631901470815,40.15239388156343,45.26222701768584,3.463429609135767,1.612781850116484,2.205703138838082,6.129963909974809,2.8544811506486445,3.9038993607753674,31.9262836412136,25.56234315360296,28.408868199872646,56.50669671011257,45.243085227615865,50.28118265464185,3.40023707386642,1.5649278354803453,2.158515992212277,6.755437895098848,3.1091281499609513,4.288442368633664,29.971204594567,23.704132729566417,26.50963861595446,59.545439591854965,47.09430343622466,52.668156190638,0.7487437185929648,-0.0012562814070351536,0.008743718592964855,0.5979899497487438,0.017989949748743683,0.007989949748743674,0.44723618090452266,-0.0027638190954772934,0.0072361809045227155,0.3846153846153846,0.07885467560504489,0.1464264082374318,0.33531157270029677,0.3919597989949749,0.0761703253107644,0.13820353856091816,0.3484848484848485,0.3913043478260869,0.08746461493794,0.15437442569038062,0.35906040268456374,21.0,0.0,-3.0,32.0,-1.0,-1.0,44.0,1.0,1.0,0.0009194869884835043,0.00039668598820702253,0.0005163173149280022,0.0003530269377165496,-4.742164639548463e-05,0.0001727988995874341,"[12.1875, 9.15625, 1.5927734375, 1.3310546875, 9.6328125, 0.396484375, 6.05859375, 4.41796875, 1.0361328125, 5.54296875, 3.111328125, 2.193359375, 1.9033203125, 11.1953125, 1.4296875, 7.08984375, 7.23046875, 1.3466796875, 11.0, 2.8515625, 7.1015625, 2.4921875, 3.28125, 5.9921875, 2.083984375, 10.328125, 7.29296875, 7.30078125, 5.15234375, 3.015625, 10.5234375, 2.94921875, 0.68115234375, 10.5625, 1.1904296875, 7.44921875, 4.08203125, 1.712890625, 2.365234375, 3.818359375, 7.98046875, 1.87890625, 1.955078125, 5.796875, 2.59375, 3.001953125, 2.0078125, 1.599609375, 0.344482421875, 0.476806640625, 0.02301025390625, 3.2109375, 6.47265625, 1.7607421875, 11.1953125, 0.374267578125, 0.170166015625, 0.007755279541015625, 3.5703125, 5.98828125, 3.9140625, 1.18359375, 1.982421875, 5.19921875, 2.599609375, 7.07421875, 0.06304931640625, 3.7265625, 0.09674072265625, 0.67236328125, 0.260986328125, 0.020965576171875, 1.623046875, 2.8125, 7.43359375, 8.375, 3.20703125, 5.3671875, 5.3046875, 1.8798828125, 4.4609375, 4.7421875, 2.595703125, 8.3125, 1.0478515625, 0.0298919677734375, 0.183837890625, 5.8515625, 4.44140625, 4.1484375, 3.86328125, 0.74365234375, 1.75, 3.048828125, 7.546875, 0.1474609375, 7.9921875, 1.9462890625, 0.4150390625, 0.970703125, 0.58837890625, 0.71240234375, 0.01358795166015625, 11.21875, 8.3359375, 0.0038890838623046875, 0.135009765625, 2.595703125, 1.369140625, 0.9794921875, 13.234375, 4.18359375, 2.4609375, 2.603515625, 1.83984375, 1.97265625, 3.30078125, 4.7109375, 0.1365966796875, 0.03277587890625, 0.09014892578125, 5.22265625, 2.55078125, 2.384765625, 7.99609375, 2.0078125, 0.5400390625, 0.46923828125, 0.1209716796875, 0.1466064453125, 0.0236663818359375, 5.203125, 4.93359375, 0.0030460357666015625, 0.061676025390625, 7.8515625, 9.296875, 0.08673095703125, 0.82421875, 8.5546875, 5.296875, 10.2890625, 5.72265625, 3.765625, 6.29296875, 5.63671875, 6.15625, 1.28515625, 0.021759033203125, 0.51708984375, 5.1015625, 7.3359375, 2.123046875, 3.390625, 0.5908203125, 6.453125, 2.087890625, 6.51953125, 1.265625, 1.017578125, 4.00390625, 2.689453125, 0.2142333984375, 0.3603515625, 0.0183868408203125, 4.4140625, 1.0830078125, 4.03515625, 0.338623046875, 1.5029296875, 8.5859375, 1.6728515625, 0.08990478515625, 1.63671875, 3.357421875, 3.98828125, 3.703125, 4.32421875, 0.10638427734375, 6.23046875, 3.693359375, 1.076171875, 2.14453125, 8.734375, 1.5146484375, 6.7734375, 0.0028781890869140625, 0.01483917236328125, 3.48828125, 1.951171875, 1.203125, 2.6171875, 3.47265625, 2.240234375, 2.966796875, 1.2490234375, 2.3671875, 0.1993408203125, 0.1573486328125, 0.1541748046875, 0.031707763671875, 4.46875, 1.0341796875, 1.4853515625, 1.119140625, 0.0673828125, 6.48046875, 7.05859375, 2.71875, 1.951171875, 2.86328125, 1.51171875, 4.48828125, 4.6640625, 0.00530242919921875, 3.01953125, 1.6884765625, 7.71875, 0.2027587890625, 0.1661376953125, 2.169921875, 2.322265625, 13.0703125, 6.76953125, 11.0859375, 2.748046875, 6.12890625, 6.1484375, 0.962890625, 2.76171875, 1.8056640625, 0.11248779296875, 0.040435791015625, 2.90625, 5.69140625, 1.4599609375, 0.00641632080078125, 1.767578125, 5.52734375, 9.9375, 10.34375, 4.72265625, 1.228515625, 9.1171875, 0.428466796875, 0.8662109375, 3.92578125, 0.7763671875, 0.4853515625, 0.036956787109375, 3.787109375, 10.171875, 10.5234375, 3.08203125, 2.42578125, 0.344482421875, 0.168212890625, 0.0031337738037109375, 0.0975341796875, 3.291015625, 1.1328125, 4.7109375, 3.111328125, 0.11773681640625, 0.5341796875, 6.01953125, 4.3125, 7.3125, 1.6708984375, 6.0859375, 2.5703125, 0.344970703125, 1.650390625, 0.343017578125, 0.124267578125, 0.0092926025390625, 7.25390625, 5.49609375, 0.1107177734375, 3.744140625, 0.5732421875, 3.91015625, 2.064453125, 7.6796875, 7.9375, 1.2890625, 0.95556640625, 0.75390625, 6.17578125, 8.34375, 3.7265625, 2.921875, 8.8828125, 9.2109375, 0.96923828125, 0.018890380859375, 2.486328125, 0.5732421875, 1.013671875, 0.0007357597351074219, 0.666015625, 0.0003275871276855469, 0.0032215118408203125, 0.0010356903076171875, 3.017578125, 0.83447265625, 2.279296875, 1.3994140625, 1.7021484375, 0.0032024383544921875, 0.200439453125, 0.020599365234375, 1.7216796875, 0.038299560546875, 7.05859375, 0.32568359375, 0.705078125, 7.43359375, 1.677734375, 0.0227508544921875, 0.43896484375, 7.63671875, 1.8916015625, 6.44921875, 0.30908203125, 0.5078125, 1.384765625, 0.90380859375, 0.0005440711975097656, 1.07421875, 4.45703125, 0.0277557373046875, 8.2890625, 0.07171630859375, 7.18359375, 2.380859375, 3.765625, 2.072265625]",-1.107212423572879
93,1,test,1.0621584162772078,0.41372643826858413,0.5689002288156101,2.171977787130957,0.8460175244081944,1.1633280320011514,2.8926077076892516,0.9800681351875915,1.254964421915705,5.915011915082508,2.0041136866977034,2.5662413499430126,1.127183573329868,0.423060643386334,0.6109603440983282,1.7078538989846486,0.6410009748277787,0.9256974910580731,3.0869500768526783,1.0648776690601438,1.4112630788819482,4.6771970861404215,1.6134510137274907,2.138277392245376,1.1350735780786112,0.4272684496308127,0.6204972778458374,2.182833803997329,0.8216700954438705,1.1932639958573796,3.111402465498379,1.0818706606482498,1.4384729337386557,5.983466279804575,2.0805205012466343,2.766294103343569,0.21105527638190957,-0.0039447236180903955,-0.0089447236180904,0.16582914572864327,0.0008291457286432324,0.0008291457286432324,0.15577889447236182,-0.004221105527638214,-0.004221105527638214,0.21698113207547165,0.03487752140043243,0.05275519065287748,0.21766561514195581,0.20603015075376885,0.050641679575823995,0.07581312237313442,0.21717171717171713,0.23076923076923073,0.04879928085270313,0.06725421408402499,0.22818791946308725,17.0,8.0,8.0,24.0,9.0,9.0,26.0,8.0,8.0,-0.0011854292443067636,-0.0003423908593538594,-0.000106965192134269,-0.06319840166439361,-0.06673463252416933,-0.07634132689950723,"[6.13671875, 5.7578125, 3.875, 8.515625, 0.94189453125, 1.5244140625, 0.8056640625, 5.48046875, 0.019805908203125, 0.0005693435668945312, 0.00540924072265625, 0.028717041015625, 0.61962890625, 0.513671875, 0.012237548828125, 0.01140594482421875, 0.0006518363952636719, 0.01073455810546875, 0.00330352783203125, 0.0022907257080078125, 0.0009369850158691406, 0.00188446044921875, 1.1920928955078125e-07, 6.67572021484375e-06, 0.0163116455078125, 0.004024505615234375, 0.0008411407470703125, 2.467632293701172e-05, 0.00809478759765625, 0.1348876953125, 0.1295166015625, 3.5762786865234375e-06, 8.153915405273438e-05, 0.0002493858337402344, 0.00040459632873535156, 4.982948303222656e-05, 0.0002963542938232422, 0.0006756782531738281, 0.00014722347259521484, 0.00026035308837890625, 0.0098419189453125, 0.0028553009033203125, 6.92605972290039e-05, 0.0072021484375, 0.006893157958984375, 6.508827209472656e-05, 3.0040740966796875e-05, 2.6941299438476562e-05, 1.2993812561035156e-05, 0.0002512931823730469, 0.0009365081787109375, 1.9431114196777344e-05, 0.0003757476806640625, 0.72265625, 0.43212890625, 0.0191802978515625, 5.447864532470703e-05, 0.00106048583984375, 0.00036907196044921875, 0.0005817413330078125, 1.0251998901367188e-05, 6.4373016357421875e-06, 4.112720489501953e-05, 0.00202178955078125, 0.00012743473052978516, 0.0006403923034667969, 4.3272972106933594e-05, 0.0003390312194824219, 2.0265579223632812e-06, 0.0007009506225585938, 0.037567138671875, 0.0271759033203125, 0.00040531158447265625, 0.0025691986083984375, 1.5735626220703125e-05, 0.00014209747314453125, 0.0009760856628417969, 4.7326087951660156e-05, 1.9073486328125e-05, 8.976459503173828e-05, 0.00013625621795654297, 6.318092346191406e-06, 0.00014841556549072266, 0.058746337890625, 0.0009293556213378906, 5.8650970458984375e-05, 6.9141387939453125e-06, 1.1920928955078125e-07, 3.5762786865234375e-07, 2.2649765014648438e-06, 2.9802322387695312e-06, 9.632110595703125e-05, 0.0030345916748046875, 0.0005025863647460938, 6.961822509765625e-05, 0.04876708984375, 0.0010347366333007812, 0.00033545494079589844, 0.00012612342834472656, 0.0009479522705078125, 0.003021240234375, 0.00023555755615234375, 0.00023889541625976562, 2.9921531677246094e-05, 4.172325134277344e-06, 1.811981201171875e-05, 0.0009255409240722656, 0.00012946128845214844, 5.340576171875e-05, 1.5616416931152344e-05, 1.8715858459472656e-05, 0.0026874542236328125, 0.002651214599609375, 0.00019276142120361328, 0.00033664703369140625, 0.002048492431640625, 3.5762786865234375e-07, 2.1457672119140625e-06, 2.6941299438476562e-05, 4.76837158203125e-07, 9.5367431640625e-07, 0.002864837646484375, 0.00020563602447509766, 2.7418136596679688e-06, 0.00014388561248779297, 5.5909156799316406e-05, 7.271766662597656e-06, 3.814697265625e-06, 8.618831634521484e-05, 0.0003330707550048828, 9.059906005859375e-06, 0.00047278404235839844, 0.003997802734375, 0.06915283203125, 0.2802734375, 0.7548828125, 0.048919677734375, 0.5302734375, 3.4765625, 7.33984375, 5.69921875, 5.1484375, 4.90625, 9.2265625, 0.54833984375, 1.1650390625, 7.0546875, 6.24609375, 8.0546875, 4.40625, 7.796875, 8.4921875, 3.400390625, 2.017578125, 4.921875, 8.859375, 3.220703125, 1.6064453125, 6.74609375, 1.9990234375, 0.7216796875, 7.98046875, 2.39453125, 5.3515625, 0.03582763671875, 0.8193359375, 1.0703125, 0.2724609375, 0.08831787109375, 0.53515625, 0.9130859375, 1.2666015625, 4.56640625, 4.76171875, 0.277587890625, 1.525390625, 0.031097412109375, 0.0750732421875, 3.908203125, 0.214111328125, 4.84765625, 0.05084228515625, 0.88427734375, 0.257568359375, 6.70703125, 0.83984375, 6.4921875, 10.0390625, 1.0634765625, 1.73046875, 0.77978515625, 0.04461669921875, 0.00860595703125, 0.016448974609375, 0.01113128662109375, 0.0002218484878540039, 6.92605972290039e-05, 0.00011992454528808594, 0.0001862049102783203, 5.0067901611328125e-06, 0.0001398324966430664, 5.9604644775390625e-06, 0.0008559226989746094, 5.1975250244140625e-05, 0.00046324729919433594, 0.00020265579223632812, 0.0025577545166015625, 0.00048613548278808594, 0.0027790069580078125, 7.82012939453125e-05, 0.0010614395141601562, 0.0012264251708984375, 0.0189056396484375, 0.00922393798828125, 0.055511474609375, 0.1463623046875, 0.201171875, 0.70849609375, 2.662109375, 0.0235137939453125, 0.10662841796875, 3.53515625, 0.01442718505859375, 2.30859375, 0.35009765625, 5.2421875, 0.1773681640625, 6.21875, 0.470947265625, 0.4658203125, 0.044830322265625, 0.00925445556640625, 0.0274505615234375, 1.3212890625, 0.9296875, 4.234375, 0.03680419921875, 0.029144287109375, 0.387939453125, 0.0302886962890625, 2.23046875, 2.75390625, 4.4765625, 0.08233642578125, 0.045684814453125, 0.032440185546875, 1.5087890625, 7.26953125, 1.375, 0.06243896484375, 0.441650390625, 4.4765625, 5.5234375, 0.08441162109375, 1.67578125, 6.3125, 1.0322265625, 7.9140625, 2.205078125, 0.61474609375, 0.0208740234375, 0.75634765625, 1.2763671875, 0.1646728515625, 0.00688934326171875, 0.5703125, 0.0092620849609375, 2.03515625, 10.2421875, 0.57958984375, 0.053863525390625, 1.3359375, 2.63671875, 0.99462890625, 0.075439453125, 0.474853515625, 7.62890625, 0.5478515625, 2.2109375, 0.01873779296875, 0.0091552734375, 0.00293731689453125, 1.0244140625, 0.0975341796875, 0.01070404052734375, 0.0242156982421875, 1.62890625, 0.1038818359375, 0.00804901123046875, 0.0011758804321289062, 0.5419921875, 0.00585174560546875, 0.004650115966796875, 0.044708251953125, 0.6455078125, 0.470703125, 0.2103271484375, 0.29296875, 0.021392822265625, 0.30712890625, 0.003810882568359375, 0.0005593299865722656, 0.0003337860107421875, 0.0013589859008789062, 0.0005855560302734375, 0.007175445556640625, 0.0005946159362792969, 0.006061553955078125, 0.0029354095458984375, 0.00183868408203125, 0.0126800537109375, 0.0201568603515625, 0.0116729736328125, 0.045440673828125, 0.000301361083984375, 0.029693603515625, 0.026275634765625, 0.0287017822265625]",-2.6132003560006245
111,1,test,1.6342464096644789,0.7139418205551624,0.8669387937317644,3.2844366867403183,1.4348489271645213,1.7423355269145702,5.125593943193818,2.6155391343217014,2.971634788680937,10.301193680955379,5.256595723612394,5.972261136275833,0.8699360146667018,0.3189007314723208,0.45068768875395737,1.4670954823616411,0.5378071657880664,0.7600580513731993,2.38675813112381,0.6517097763547004,0.8659401647113023,4.025126000793544,1.0990698770727576,1.4603567184538067,1.4350253913713538,0.6012145580310576,0.8513595929210154,2.56254534173456,1.0735974250554596,1.5202849873589557,4.199751644887709,1.897676775630754,2.4071539420866195,7.49955650872805,3.38870852791206,4.2984891822975335,0.16666666666666663,0.006666666666666599,0.0016666666666665941,0.12121212121212122,-0.008787878787878789,-0.008787878787878789,0.11111111111111116,-0.0038888888888888307,-0.008888888888888835,0.2968369829683698,0.10121122355160184,0.1238164551091323,0.3268292682926829,0.1717171717171717,0.02058367045772591,0.040844688495695225,0.1675126903553299,0.2675585284280937,0.0872580275933692,0.12072871752709258,0.30201342281879195,13.0,0.0,0.0,15.0,-1.0,-2.0,18.0,-1.0,-2.0,-0.0003281907085786937,-0.0016030843421194958,0.00014061112608761996,-0.061687439091637764,-0.04821606867153516,-0.05775817432864638,"[7.1953125, 6.01953125, 1.548828125, 4.609375, 1.509765625, 0.60498046875, 0.90380859375, 0.28271484375, 0.50341796875, 0.037384033203125, 0.05560302734375, 0.007381439208984375, 0.0011987686157226562, 0.10894775390625, 0.587890625, 3.177734375, 0.03851318359375, 0.004085540771484375, 0.00879669189453125, 0.0010976791381835938, 0.0087432861328125, 0.00905609130859375, 0.0038166046142578125, 0.09100341796875, 0.0015468597412109375, 0.0021800994873046875, 0.2115478515625, 0.003070831298828125, 0.02130126953125, 0.05145263671875, 0.01218414306640625, 0.007476806640625, 0.004550933837890625, 0.0007104873657226562, 0.0005979537963867188, 0.7080078125, 0.053436279296875, 0.0011425018310546875, 0.6953125, 0.02777099609375, 0.006580352783203125, 0.053436279296875, 0.0338134765625, 0.0110321044921875, 0.136962890625, 0.0011987686157226562, 0.007633209228515625, 0.006683349609375, 0.0016651153564453125, 0.0015192031860351562, 0.0134124755859375, 0.00537109375, 0.0008783340454101562, 0.0007219314575195312, 0.0050201416015625, 0.44677734375, 0.1397705078125, 0.11553955078125, 0.01336669921875, 0.46435546875, 0.033538818359375, 0.01110076904296875, 0.044830322265625, 0.0020465850830078125, 0.0036945343017578125, 0.0005064010620117188, 0.0026378631591796875, 0.00020301342010498047, 0.004116058349609375, 0.0006537437438964844, 0.0008978843688964844, 7.87973403930664e-05, 0.1280517578125, 0.0003497600555419922, 0.00010275840759277344, 6.139278411865234e-05, 0.005519866943359375, 0.00036644935607910156, 0.004833221435546875, 0.0019083023071289062, 0.0005059242248535156, 0.002017974853515625, 0.0010433197021484375, 0.006694793701171875, 0.0168609619140625, 0.0014400482177734375, 2.3126602172851562e-05, 0.0010995864868164062, 0.0018835067749023438, 0.00014257431030273438, 0.0005993843078613281, 0.00042629241943359375, 3.337860107421875e-05, 0.00031065940856933594, 0.0012769699096679688, 0.425537109375, 0.0021533966064453125, 0.0010633468627929688, 0.0030670166015625, 6.473064422607422e-05, 0.0002014636993408203, 14.0, 0.407958984375, 0.0019702911376953125, 0.00024235248565673828, 0.08001708984375, 0.0007605552673339844, 0.0056610107421875, 0.0073394775390625, 0.006923675537109375, 0.0278167724609375, 0.054901123046875, 0.008209228515625, 0.00273895263671875, 0.00262451171875, 0.00035643577575683594, 0.001155853271484375, 0.004657745361328125, 0.0006456375122070312, 0.00034546852111816406, 0.0010013580322265625, 0.0005083084106445312, 0.10174560546875, 0.0011959075927734375, 0.019012451171875, 0.06781005859375, 0.0005941390991210938, 0.022308349609375, 0.0029392242431640625, 0.01251983642578125, 0.0311431884765625, 0.13525390625, 0.0677490234375, 0.0009813308715820312, 0.0036563873291015625, 0.135986328125, 0.017120361328125, 0.0233917236328125, 0.0211181640625, 0.0150604248046875, 0.059814453125, 0.008941650390625, 0.0009493827819824219, 0.0033206939697265625, 0.0018949508666992188, 0.00042176246643066406, 0.4208984375, 0.00034117698669433594, 0.1273193359375, 0.0079498291015625, 0.00021564960479736328, 4.756450653076172e-05, 0.00010371208190917969, 0.04071044921875, 0.004268646240234375, 0.319091796875, 1.876953125, 2.276897430419922e-05, 0.0201568603515625, 0.053436279296875, 3.091796875, 1.3212890625, 0.0307769775390625, 0.2137451171875, 0.08447265625, 0.252197265625, 7.20703125, 12.390625, 3.201171875, 5.23828125, 0.9033203125, 0.52685546875, 3.439453125, 0.257080078125, 0.70849609375, 0.0016994476318359375, 2.6171875, 6.49609375, 8.1796875, 1.138671875, 2.15234375, 5.08984375, 2.623046875, 0.051544189453125, 0.84130859375, 1.8291015625, 11.5078125, 6.9609375, 10.6953125, 0.775390625, 0.98046875, 0.0130157470703125, 0.0010766983032226562, 4.29296875, 4.0078125, 0.10369873046875, 3.62890625, 3.068359375, 0.1376953125, 2.26171875, 2.091796875, 1.0615234375, 1.8193359375, 2.48046875, 0.12744140625, 0.1444091796875, 2.158203125, 1.048828125, 3.478515625, 4.59375, 8.0546875, 3.626953125, 5.03515625, 7.14453125, 0.056365966796875, 4.1875, 1.318359375, 0.0419921875, 11.578125, 1.1142578125, 3.142578125, 4.33203125, 0.7041015625, 5.56640625, 1.3916015625, 0.7119140625, 2.984375, 0.476806640625, 0.06475830078125, 5.21875, 5.9765625, 6.78125, 0.135986328125, 7.26953125, 2.533203125, 0.908203125, 7.14453125, 6.9296875, 2.720703125, 7.515625, 6.5625, 1.2509765625, 0.0017919540405273438, 2.99609375, 10.4609375, 2.390625, 0.86669921875, 5.60546875, 1.943359375, 1.3349609375, 0.51220703125, 2.0390625, 0.63037109375, 6.41796875, 4.87109375, 1.3037109375, 0.3828125, 0.06610107421875, 0.1619873046875, 7.27734375, 0.45556640625, 6.9140625, 3.294921875, 0.1280517578125, 0.2142333984375, 0.08355712890625, 3.1328125, 7.6953125, 0.0679931640625, 0.034454345703125, 0.05572509765625, 0.128662109375, 4.98828125, 6.3671875, 0.135009765625, 5.296875, 2.62890625, 0.34765625, 0.1741943359375, 0.6728515625, 0.058380126953125, 6.37109375, 0.8447265625, 0.016754150390625, 0.01953125, 0.1361083984375, 3.978515625, 3.740234375, 0.09429931640625, 4.359375, 0.0670166015625, 0.1488037109375, 0.0546875, 4.1875, 2.634765625, 0.26025390625, 0.0180206298828125, 0.0236358642578125, 0.106689453125, 7.90625, 5.68359375, 0.1966552734375, 6.6796875, 3.85546875, 0.78125, 0.046630859375, 0.00702667236328125, 0.030487060546875, 15.171875, 8.953125, 0.175537109375, 0.031463623046875, 0.05828857421875, 0.151123046875, 3.185546875, 3.080078125, 6.38671875, 0.07843017578125, 3.521484375, 5.11328125, 0.0009703636169433594, 0.1412353515625, 0.04034423828125, 7.76953125, 6.84765625, 7.28125, 0.119873046875, 0.0168304443359375, 0.05340576171875, 0.09375, 5.1875, 0.2274169921875, 6.06640625, 3.408203125, 0.787109375, 5.4375, 2.29296875, 0.176513671875, 0.1446533203125, 0.03582763671875, 0.1080322265625, 6.53515625, 1.6455078125, 1.76171875, 0.31201171875, 0.024749755859375, 0.054107666015625, 0.084228515625, 4.7265625, 6.578125, 2.47265625, 1.455078125, 0.1795654296875, 0.0748291015625, 4.1484375, 0.62841796875, 0.0255889892578125, 0.0206756591796875, 0.072998046875, 5.08984375, 3.220703125, 0.2335205078125, 5.93359375, 4.984375, 0.80615234375, 4.28515625, 1.0712890625, 0.00013113021850585938, 0.0693359375, 0.07427978515625, 3.09765625, 7.99609375, 4.22265625, 6.0078125, 3.43359375, 0.12042236328125, 0.009674072265625, 0.053619384765625, 0.08734130859375, 6.09375, 0.55859375, 0.10089111328125, 2.373046875, 0.1192626953125, 0.0006079673767089844, 0.0638427734375, 0.032196044921875, 3.361328125, 1.6005859375, 0.06756591796875, 0.0090484619140625, 0.052276611328125, 0.056488037109375, 4.79296875, 3.111328125, 0.0374755859375, 2.14453125, 0.01314544677734375, 1.814453125, 1.3359375, 0.00954437255859375, 0.019805908203125, 0.08538818359375, 5.89453125, 2.306640625, 0.05572509765625, 1.353515625, 0.63720703125, 0.0198211669921875, 0.007694244384765625, 6.0703125]",-2.7225002639195055
37,1,test,2.2745559362073737,0.9742243845831113,1.0477896766513146,5.234743566104052,2.242114492748692,2.411420260618576,9.723600154943924,6.053086724355907,6.313416118209137,22.378237677167593,13.930788107249718,14.529919391667917,1.83744196077088,0.6875855481510049,1.0194670409040412,2.939907137233408,1.1001368770416078,1.6311472654464658,6.280452052495293,3.122712586896153,4.014545506614647,10.04872328399247,4.996340139033846,6.423272810583436,2.0590057707949225,0.8227246466942613,1.1894449083852652,3.9095046280916255,1.562135405115686,2.2584396994656935,7.838172994544106,4.395386661374391,5.452310093185973,14.882606951666025,8.345670876027325,10.352487518707544,0.42713567839195976,-0.002864321608040288,-0.007864321608040292,0.3266331658291457,-0.0033668341708542604,0.0066331658291457485,0.2613065326633166,0.0063065326633166,0.011306532663316604,0.35,0.08881373569198747,0.09584555229716518,0.36534446764091855,0.3316582914572864,0.07601919371292554,0.11796880898650175,0.33838383838383834,0.33444816053511706,0.06566685836483321,0.12421456765413819,0.3422818791946308,13.0,0.0,0.0,22.0,1.0,1.0,29.0,0.0,2.0,0.00023346958876148177,-0.0011628641755314032,-0.0006468378263453203,-0.10018938273683897,-0.09404686084477465,-0.08267104847162976,"[6.171875, 2.275390625, 0.92431640625, 3.291015625, 0.05731201171875, 8.8671875, 4.30859375, 4.875, 6.703125, 3.21484375, 3.063678741455078e-05, 1.82421875, 5.02734375, 0.0287017822265625, 1.8154296875, 0.343994140625, 2.52734375, 0.07269287109375, 1.14453125, 0.1927490234375, 0.09539794921875, 0.56298828125, 0.0236053466796875, 4.69140625, 0.19189453125, 1.3193359375, 0.0002484321594238281, 2.947265625, 0.262939453125, 2.619140625, 2.984375, 3.322265625, 6.390625, 5.4765625, 1.193359375, 3.771484375, 1.0615234375, 4.23828125, 4.875, 1.607421875, 0.51123046875, 0.1435546875, 0.0013608932495117188, 0.00024247169494628906, 0.01898193359375, 6.60546875, 4.2109375, 0.020050048828125, 0.56787109375, 0.196044921875, 0.052490234375, 0.0164947509765625, 0.28076171875, 0.014556884765625, 0.68310546875, 3.21875, 0.0029468536376953125, 0.00319671630859375, 0.0223541259765625, 0.2666015625, 6.246566772460938e-05, 0.07867431640625, 0.017822265625, 0.060791015625, 0.0015497207641601562, 0.26806640625, 0.7421875, 5.7816505432128906e-05, 0.0032978057861328125, 0.001262664794921875, 2.267578125, 0.137451171875, 0.01067352294921875, 1.1920928955078125e-07, 0.01227569580078125, 0.0206451416015625, 0.1829833984375, 0.0960693359375, 8.976459503173828e-05, 0.0024852752685546875, 0.0012197494506835938, 0.0220947265625, 0.022613525390625, 0.005405426025390625, 0.000148773193359375, 0.004268646240234375, 3.048828125, 0.0001342296600341797, 0.01062774658203125, 0.0003998279571533203, 0.0025081634521484375, 0.0225372314453125, 0.170654296875, 0.0195770263671875, 0.004772186279296875, 0.01947021484375, 0.0002570152282714844, 0.15673828125, 8.58306884765625e-06, 0.0182037353515625, 0.00034308433532714844, 0.0010404586791992188, 0.002521514892578125, 0.005687713623046875, 0.0038127899169921875, 0.00800323486328125, 0.007122039794921875, 0.0024127960205078125, 0.0027942657470703125, 0.046844482421875, 0.40234375, 0.69775390625, 1.5966796875, 2.857421875, 0.0567626953125, 6.8828125, 1.7646484375, 4.89453125, 7.37890625, 9.8984375, 3.544921875, 0.11456298828125, 1.685546875, 0.19287109375, 0.00576019287109375, 0.00665283203125, 0.001461029052734375, 0.0017137527465820312, 0.0011196136474609375, 0.0006351470947265625, 0.0009665489196777344, 0.002685546875, 5.352497100830078e-05, 4.76837158203125e-07, 3.552436828613281e-05, 0.0006036758422851562, 0.0248260498046875, 0.337646484375, 3.263671875, 0.7041015625, 0.8955078125, 0.04449462890625, 0.8779296875, 1.291015625, 6.45703125, 0.33056640625, 0.018585205078125, 0.56298828125, 2.466796875, 6.37109375, 0.578125, 3.232421875, 0.0833740234375, 1.2041015625, 4.74609375, 2.892578125, 4.1953125, 7.203125, 1.302734375, 3.6328125, 1.2744140625, 1.708984375, 9.5859375, 5.3125, 15.2890625, 4.203125, 4.35546875, 1.2802734375, 9.421875, 5.6015625, 5.16015625, 1.640625, 4.16015625, 1.3837890625, 0.493408203125, 4.79296875, 3.66015625, 7.9609375, 0.9033203125, 0.888671875, 2.552734375, 0.0654296875, 0.2457275390625, 1.5146484375, 0.61865234375, 6.7578125, 2.03125, 3.330078125, 9.375, 1.978515625, 0.77392578125, 6.9921875, 1.08203125, 2.365234375, 6.3203125, 2.728515625, 1.181640625, 1.7119140625, 2.822265625, 10.3671875, 4.46875, 1.541015625, 0.1434326171875, 2.802734375, 8.25, 0.59619140625, 2.4296875, 5.01953125, 0.26708984375, 4.734375, 2.6015625, 0.06134033203125, 0.88330078125, 1.1669921875, 2.275390625, 0.076416015625, 5.7578125, 0.0198211669921875, 0.6171875, 0.0703125, 2.259765625, 0.845703125, 0.2100830078125, 0.74560546875, 0.249267578125, 0.11419677734375, 0.07611083984375, 0.771484375, 0.2176513671875, 0.032745361328125, 0.003139495849609375, 0.005794525146484375, 0.85302734375, 0.1143798828125, 9.2734375, 16.15625, 0.01241302490234375, 2.154296875, 0.75146484375, 7.2890625, 3.4921875, 0.05462646484375, 0.38134765625, 0.035614013671875, 0.7216796875, 0.303466796875, 0.0396728515625, 0.51220703125, 0.00983428955078125, 0.007904052734375, 4.08984375, 0.37060546875, 0.035247802734375, 0.11297607421875, 2.1484375, 11.5, 3.541015625, 6.4453125, 12.0703125, 7.03125, 9.3515625, 6.015625, 1.9775390625, 6.31640625, 7.578125, 10.53125, 0.429931640625, 0.57666015625, 1.3681640625, 0.0865478515625, 2.501953125, 0.01605224609375, 5.08984375, 0.147216796875, 0.303955078125, 0.0004935264587402344, 1.736328125, 3.171875, 1.546875, 2.28515625, 0.022430419921875, 3.181640625, 6.47265625, 4.4375, 1.3232421875, 0.18896484375, 7.5390625, 2.34765625, 0.1478271484375, 0.0316162109375, 1.6640625, 3.1640625, 0.0498046875, 0.1702880859375, 0.1600341796875, 7.11328125, 1.630859375, 1.169921875, 0.375, 3.884765625, 0.1060791015625, 7.87109375, 6.09375, 9.140625, 8.1875, 2.98046875, 1.6484375, 6.83984375, 11.8515625, 5.7734375, 9.6328125, 7.90625, 4.16796875, 4.078125, 5.0703125, 0.0648193359375, 4.53125, 8.359375, 3.642578125, 6.89453125, 0.1624755859375, 0.0080108642578125, 0.31494140625, 0.416259765625, 0.01104736328125, 0.18505859375, 4.546875, 0.79052734375, 0.288818359375, 0.007053375244140625, 1.470703125, 8.3125, 2.52734375, 1.9736328125, 0.42236328125, 0.027435302734375, 0.708984375, 0.5888671875, 2.623046875, 0.006195068359375, 0.057708740234375, 0.02545166015625, 4.6796875, 0.7705078125, 0.197509765625, 0.061492919921875, 7.453125, 7.12890625, 8.1796875, 1.041015625, 3.697265625, 1.423828125, 0.022674560546875, 1.470703125, 0.2205810546875, 0.382080078125, 0.00467681884765625, 0.00628662109375, 3.0703125, 0.642578125, 0.00460052490234375, 1.8505859375, 4.76171875, 1.3251953125, 0.31298828125, 0.00510406494140625, 6.53125, 10.6484375, 4.89453125, 1.0361328125, 0.000957489013671875, 0.315673828125, 2.650390625, 0.246337890625, 0.0162506103515625, 0.015106201171875, 1.943359375, 6.69140625, 0.55615234375, 0.463134765625, 7.3671875, 1.263671875, 10.6328125, 5.6484375, 0.06793212890625, 1.814453125, 7.08203125, 4.71875, 0.0265655517578125, 2.529296875, 2.0390625, 1.3740234375, 3.291015625, 0.0180816650390625, 7.30859375, 2.443359375, 0.52099609375, 2.2265625, 0.08477783203125, 0.97265625, 0.01256561279296875, 3.830078125, 0.419189453125, 0.1204833984375, 0.014434814453125, 0.09503173828125, 3.94921875, 3.69140625, 0.445556640625, 7.09375, 1.2626953125, 0.12255859375, 0.025543212890625, 0.33056640625, 3.4296875, 0.06378173828125, 0.07012939453125, 0.54150390625, 0.7548828125, 0.0455322265625, 1.630859375, 0.0023593902587890625, 0.435546875, 0.07257080078125, 0.2130126953125, 0.0016565322875976562, 1.3427734375, 5.95703125, 2.177734375, 3.576171875, 0.60107421875, 0.4619140625, 7.7890625, 6.46484375, 1.30859375, 11.03125, 0.73828125, 0.26806640625, 5.171875, 2.591796875, 0.501953125, 0.36083984375, 1.08203125, 0.306396484375, 4.08203125, 2.5859375, 0.96533203125, 0.755859375, 0.6220703125, 0.1358642578125, 10.359375, 4.89453125, 1.9130859375, 9.171875, 9.15625, 9.53125, 1.111328125, 1.98828125, 0.2822265625, 1.29296875, 7.3671875, 0.0908203125, 2.68359375, 10.5703125, 0.021148681640625, 0.0149078369140625, 0.06463623046875, 0.24462890625, 3.41796875, 1.158203125, 0.006671905517578125, 1.48046875, 3.443359375, 0.01015472412109375, 2.65625, 4.44921875, 1.375, 4.4609375, 0.359619140625, 3.0078125]",-2.3480732294420403
59,1,test,3.1412040478858856,1.358523204074532,1.6651856864372265,7.055110695786482,3.0512285866914626,3.739989242265429,23.13170177469231,17.18592700945228,18.756212440157853,51.95355478807899,38.59940825652384,42.12625253939197,3.5688237928265902,1.56124226157202,2.20635203559693,6.100553492011266,2.6687901907214022,3.7715419411913342,35.4748428383108,28.029553481879937,31.569007180681577,60.64075698856547,47.913766635692205,53.964114838771934,3.2971906347019617,1.4632125027660907,2.0333942432784893,6.7750492493875925,3.0066010330810085,4.178207349202374,27.036576507315303,20.77784123242275,23.497745702647805,55.554609261606785,42.69419431319743,48.28303911502973,0.6984924623115578,-0.0015075376884421399,-0.0015075376884421399,0.5577889447236181,-0.022211055276382008,-0.012211055276381999,0.457286432160804,-0.007713567839195967,-0.0027135678391959628,0.38424821002386633,0.1136880193206482,0.13595886496032772,0.3564593301435407,0.42211055276381915,0.10632107907960864,0.1750320886569744,0.38383838383838387,0.40802675585284276,0.11921206470092294,0.18110795718765926,0.35906040268456374,25.0,8.0,7.0,38.0,10.0,9.0,45.0,5.0,6.0,0.0007284938803843637,0.0012495565756690293,4.463707524143762e-05,-0.04050758736423976,-0.05050194362071281,-0.04371733036856451,"[4.48046875, 0.44384765625, 6.015625, 1.517578125, 0.64404296875, 0.2000732421875, 2.42578125, 1.890625, 7.9609375, 5.328125, 7.296875, 3.603515625, 5.69140625, 6.3359375, 1.8466796875, 3.6015625, 7.29296875, 2.1484375, 4.265625, 7.81640625, 4.31640625, 7.33203125, 1.4130859375, 0.2332763671875, 1.0947265625, 3.685546875, 1.1796875, 7.29296875, 6.01171875, 2.8984375, 9.421875, 1.0732421875, 5.1796875, 2.884765625, 2.03515625, 6.84765625, 0.483154296875, 6.83203125, 2.015625, 6.3203125, 1.47265625, 0.1331787109375, 2.6640625, 0.85498046875, 8.765625, 2.580078125, 9.140625, 9.140625, 9.046875, 5.2421875, 4.75, 9.1796875, 8.6171875, 3.90625, 1.6494140625, 9.359375, 6.32421875, 7.18359375, 0.93408203125, 8.953125, 0.336669921875, 3.111328125, 10.3671875, 6.4609375, 1.076171875, 8.296875, 2.072265625, 11.125, 10.5625, 6.484375, 1.5625, 6.59765625, 1.3193359375, 0.75830078125, 12.328125, 3.994140625, 2.68359375, 10.5625, 1.67578125, 2.359375, 4.98828125, 7.41015625, 4.0859375, 0.74755859375, 0.09613037109375, 0.465087890625, 5.4609375, 6.515625, 0.253662109375, 2.826171875, 7.0078125, 0.6767578125, 0.060821533203125, 0.10009765625, 1.4658203125, 3.06640625, 12.4375, 1.5712890625, 9.40625, 6.2265625, 11.34375, 0.5341796875, 5.36328125, 3.912109375, 2.130859375, 6.59765625, 6.578125, 3.564453125, 0.39306640625, 3.224609375, 0.336181640625, 7.12890625, 1.400390625, 2.712890625, 8.4609375, 3.126953125, 9.125, 0.5498046875, 6.15625, 1.884765625, 7.12890625, 0.425048828125, 3.482421875, 0.9306640625, 1.4541015625, 7.51171875, 6.3203125, 3.15234375, 2.111328125, 0.03851318359375, 0.79052734375, 5.5625, 5.796875, 3.884765625, 10.875, 1.119140625, 0.049957275390625, 0.0146942138671875, 2.98828125, 1.5478515625, 0.070556640625, 6.0546875, 1.0068359375, 0.08111572265625, 0.034515380859375, 4.0390625, 2.5234375, 0.392578125, 0.1717529296875, 0.01428985595703125, 0.1473388671875, 0.164306640625, 0.0293426513671875, 0.81201171875, 0.483642578125, 9.6328125, 7.07421875, 6.42578125, 0.5322265625, 7.87109375, 0.06256103515625, 4.8203125, 0.0706787109375, 0.10693359375, 0.007598876953125, 0.023040771484375, 0.00913238525390625, 0.16748046875, 0.01318359375, 4.6953125, 2.25390625, 4.55078125, 0.498779296875, 1.4609375, 8.1328125, 2.373046875, 1.77734375, 0.10113525390625, 4.58203125, 0.7314453125, 0.47509765625, 0.0634765625, 4.73828125, 3.76171875, 0.60302734375, 2.27734375, 1.138671875, 11.5859375, 0.058135986328125, 2.064453125, 3.790855407714844e-05, 1.216796875, 0.00021660327911376953, 1.6927719116210938e-05, 0.0001590251922607422, 1.6484375, 0.83935546875, 0.1806640625, 2.134765625, 1.1025390625, 0.0265045166015625, 5.89453125, 13.3515625, 0.0648193359375, 0.4892578125, 8.9296875, 4.57421875, 7.578125, 0.43310546875, 2.16015625, 1.3203125, 7.82421875, 4.62109375, 3.87109375, 4.8125, 5.53125, 2.380859375, 1.712890625, 1.73828125, 0.322509765625, 0.042755126953125, 4.3671875, 0.10321044921875, 0.2210693359375, 0.293212890625, 7.59375, 0.303466796875, 0.169921875, 0.017425537109375, 0.004550933837890625, 0.1986083984375, 0.327880859375, 0.302001953125, 0.253662109375, 5.15234375, 5.1875, 3.900390625, 1.0732421875, 0.048828125, 0.10296630859375, 0.00616455078125, 0.292724609375, 0.0404052734375, 0.03302001953125, 0.11962890625, 8.53125, 10.359375, 0.07421875, 0.005321502685546875, 0.003330230712890625, 0.09454345703125, 0.15185546875, 0.1396484375, 0.0643310546875, 7.13671875, 0.473876953125, 7.1796875, 1.05078125, 0.499755859375, 0.01277923583984375, 0.04052734375, 0.0020751953125, 4.09765625, 0.01593017578125, 0.07196044921875, 0.076904296875, 10.78125, 1.8349609375, 5.32421875, 10.3203125, 4.8359375, 2.021484375, 0.2313232421875, 10.3359375, 4.25, 10.859375, 7.671875, 3.076171875, 2.474609375, 7.41796875, 7.6171875, 6.71484375, 2.298828125, 4.45703125, 1.1279296875, 2.775390625, 10.0390625, 0.91845703125, 0.17333984375, 0.42333984375, 3.583984375, 2.71484375, 0.00019800662994384766, 1.685546875, 0.00016820430755615234, 2.1338462829589844e-05, 0.00012290477752685547, 0.12298583984375, 0.1904296875, 0.0185394287109375, 0.160888671875, 0.225830078125, 0.019287109375, 4.265625, 0.88330078125, 0.44384765625, 5.75, 11.2734375, 8.421875, 2.375, 0.1322021484375, 0.01184844970703125, 0.73681640625, 0.93896484375, 0.193359375, 0.219482421875, 0.7548828125, 10.3515625, 0.2437744140625, 0.568359375, 0.050323486328125, 0.06524658203125, 0.00701141357421875, 0.09027099609375, 0.0185089111328125, 0.1009521484375, 0.0928955078125, 7.0234375, 4.2890625, 7.0703125, 9.3203125, 6.94140625, 4.76953125, 1.64453125, 4.0625, 6.38671875, 8.015625, 2.67578125, 0.25341796875, 0.03564453125, 1.6435546875, 7.0390625, 2.81640625, 0.026885986328125, 0.5390625, 5.375, 0.7294921875, 1.115234375, 6.9140625, 0.376708984375, 1.0732421875, 0.60302734375, 2.01953125, 0.13232421875, 0.0565185546875, 14.3125, 9.2734375, 1.373046875, 4.71484375, 4.15234375, 0.235107421875, 0.16162109375, 0.08929443359375, 6.078125, 4.96484375, 4.515625, 0.2127685546875, 1.0419921875, 1.869140625, 0.0263214111328125, 0.07952880859375, 3.078125, 0.033172607421875, 0.06878662109375, 6.171875, 4.73046875, 0.15673828125, 10.0234375, 0.057708740234375, 0.0022907257080078125, 1.3505859375, 7.96484375, 0.2607421875, 4.28515625, 0.9931640625, 1.7333984375, 0.07049560546875, 0.0187530517578125, 0.00609588623046875, 11.796875, 0.38525390625, 5.37890625, 0.08642578125, 3.775390625, 0.08001708984375, 0.90087890625, 11.015625, 13.265625, 4.9921875, 4.46875, 1.40234375, 0.0732421875, 0.156494140625, 0.716796875, 0.0008602142333984375, 0.92529296875, 0.032958984375, 14.109375, 4.28125, 2.318359375, 0.0196533203125, 0.1651611328125, 0.463623046875, 0.08697509765625, 6.10546875, 1.791015625, 0.07598876953125, 0.054534912109375, 2.158203125]",-1.347541164669046
165,1,test,2.554325795416929,1.1851431843218623,1.2392985116337465,6.671138114626129,3.095240976074651,3.2366785596391994,12.862624692981992,8.93048939521279,9.13777208104611,33.59334427794765,23.323778154518514,23.865138786136384,3.0139870727481552,1.3514381557689128,1.8650563243117482,5.196529435772682,2.3300657858084706,3.2156143522616354,20.368448730988437,15.095715240493021,17.21363091926953,35.118015053428344,26.02709524222935,29.67867399874057,2.6224361961103204,1.1928294177155225,1.6494390894903042,5.742561013380263,2.6120352212748665,3.6119104149422716,13.769227295682537,9.592170935543551,11.123364775817326,30.151592618282926,21.00475387345303,24.35773308573137,0.6030150753768844,-0.016984924623115627,-0.02198492462311563,0.4824120603015075,-0.007587939698492474,0.002412060301507535,0.3919597989949749,-0.008040201005025116,-0.018040201005025125,0.3693877551020408,0.11046828517339657,0.11621082450575537,0.35582822085889576,0.3919597989949749,0.10875177894484955,0.17493141836058423,0.43939393939393945,0.38795986622073575,0.11583966588684591,0.17772627333975688,0.3825503355704698,24.0,11.0,12.0,33.0,12.0,12.0,42.0,14.0,14.0,0.001162989452972223,3.5564676091657316e-05,0.00028668571619917067,-0.060063398337202756,-0.04750981790673503,-0.049809945161247704,"[3.484375, 5.7109375, 2.7890625, 3.03125, 4.3203125, 4.5, 1.533203125, 0.052947998046875, 0.002910614013671875, 4.25, 1.2529296875, 4.05078125, 1.767578125, 3.173828125, 0.0025463104248046875, 0.025634765625, 2.36328125, 0.0185546875, 0.01507568359375, 0.0157318115234375, 5.2094459533691406e-05, 0.15869140625, 0.1307373046875, 0.693359375, 0.0006155967712402344, 0.0188446044921875, 7.00390625, 0.1270751953125, 4.0390625, 0.05615234375, 0.00815582275390625, 0.01041412353515625, 1.373046875, 0.325927734375, 0.30078125, 0.2958984375, 1.3203125, 1.1920928955078125e-07, 0.058837890625, 0.0038928985595703125, 2.384185791015625e-07, 0.330322265625, 4.0531158447265625e-05, 0.84033203125, 0.0015211105346679688, 0.00534820556640625, 2.562999725341797e-05, 0.39306640625, 0.005413055419921875, 0.68408203125, 0.1993408203125, 0.0031414031982421875, 0.69482421875, 3.138671875, 0.005184173583984375, 0.32666015625, 0.392822265625, 0.006404876708984375, 0.013702392578125, 0.07537841796875, 0.0009317398071289062, 8.421875, 6.08203125, 6.3359375, 10.046875, 9.4921875, 0.8408203125, 1.046875, 0.125244140625, 1.099609375, 9.078125, 0.0406494140625, 1.4990234375, 9.3203125, 3.4140625, 1.4765625, 0.2098388671875, 1.5263671875, 1.333984375, 0.50634765625, 0.0010366439819335938, 5.828125, 2.390625, 0.951171875, 0.0238494873046875, 0.25341796875, 0.01004791259765625, 2.162109375, 8.0703125, 0.153076171875, 3.29296875, 1.41796875, 0.001857757568359375, 4.19140625, 2.685546875, 4.11328125, 1.5771484375, 8.828125, 1.4853515625, 7.3046875, 2.076171875, 6.421875, 4.62109375, 1.109375, 8.6484375, 1.091796875, 7.09765625, 2.953125, 0.0919189453125, 0.3544921875, 0.006519317626953125, 2.91015625, 12.2578125, 0.8642578125, 1.76953125, 3.751953125, 8.2421875, 5.1484375, 8.0625, 6.94140625, 6.859375, 10.7578125, 8.46875, 3.361328125, 10.3203125, 6.6171875, 2.634765625, 6.99609375, 8.546875, 12.3984375, 8.390625, 8.671875, 3.8671875, 2.892578125, 10.421875, 8.2890625, 1.818359375, 0.30322265625, 9.0859375, 2.220703125, 0.765625, 0.00214385986328125, 1.6376953125, 5.83984375, 0.43017578125, 7.47265625, 0.2225341796875, 0.0003829002380371094, 0.0243072509765625, 8.4140625, 0.07086181640625, 8.4375, 3.171875, 1.009765625, 4.71875, 5.05859375, 3.572265625, 6.3125, 0.9111328125, 1.779296875, 2.8125, 0.01103973388671875, 3.28125, 0.76513671875, 1.65234375, 0.06781005859375, 1.646484375, 5.97265625, 1.6943359375, 8.234375, 4.3125, 5.2890625, 1.4755859375, 4.06640625, 0.1351318359375, 7.37890625, 3.86328125, 5.5546875, 4.48828125, 7.03125, 1.5732421875, 7.01171875, 4.59375, 1.6728515625, 4.99609375, 4.9609375, 4.49609375, 3.43359375, 2.654296875, 0.0099945068359375, 6.53515625, 1.9560546875, 6.05859375, 0.83447265625, 5.7265625, 2.103515625, 3.44140625, 0.0025806427001953125, 1.8974609375, 0.413818359375, 2.732421875, 0.78515625, 1.0810546875, 0.1326904296875, 0.0677490234375, 0.0013742446899414062, 0.77490234375, 0.78173828125, 1.4970703125, 0.1251220703125, 0.41845703125, 4.0859375, 2.82421875, 4.25, 0.303955078125, 0.12335205078125, 0.0123748779296875, 0.29296875, 3.4375, 2.720703125, 1.3505859375, 1.048828125, 4.6953125, 1.73046875, 3.740234375, 1.1044921875, 1.11328125, 0.0005974769592285156, 0.62451171875, 0.5078125, 6.19140625, 1.5654296875, 3.595703125, 0.013885498046875, 0.447021484375, 9.5234375, 0.9052734375, 7.6171875, 0.01861572265625, 0.004734039306640625, 0.072998046875, 6.67578125, 3.4296875, 0.77392578125, 3.203125, 4.47265625, 5.92578125, 3.2109375, 0.61279296875, 3.220703125, 1.869140625, 7.48046875, 3.921875, 5.6015625, 3.439453125, 5.80078125, 4.5703125, 0.216796875, 2.8671875, 0.147216796875, 0.0010385513305664062, 0.487060546875, 0.1767578125, 0.51953125, 0.92236328125, 2.3125, 5.78125, 0.1041259765625, 0.99072265625, 2.841796875, 3.4921875, 0.00841522216796875, 5.78515625, 0.36474609375, 3.708984375, 0.79541015625, 0.450439453125, 0.0650634765625, 0.0006747245788574219, 4.359375, 0.005184173583984375, 0.41650390625, 0.8154296875, 3.068359375, 1.3857421875, 0.0007824897766113281, 1.14453125, 1.1767578125, 0.9541015625, 0.00421142578125, 0.0222015380859375, 1.267578125, 0.005817413330078125, 2.189453125, 0.404296875, 0.08349609375, 2.197265625, 0.0239715576171875, 0.68798828125, 2.75390625, 0.0247955322265625, 2.7734375, 0.53076171875, 0.0236358642578125, 7.08984375, 0.25341796875, 1.576171875, 7.11328125, 2.2890625, 9.890625, 2.9296875, 0.5693359375, 1.078125, 0.12890625, 1.001953125, 0.00997161865234375, 7.2734375, 1.0361328125, 7.04296875, 2.31640625, 2.828125, 13.046875, 7.69140625, 1.435546875, 2.12890625, 7.75390625, 7.3125, 0.041290283203125, 0.86865234375, 10.1015625, 0.60791015625, 1.294921875, 0.098876953125, 0.3876953125, 0.31396484375, 7.47265625, 1.486328125, 6.95703125, 3.314453125, 2.66015625, 3.451171875, 8.2578125, 0.0838623046875, 1.728515625, 0.026092529296875, 0.00759124755859375, 0.08837890625, 3.794921875, 0.6123046875, 1.1025390625, 1.2734375, 1.0576171875, 0.314697265625, 0.94775390625, 0.007114410400390625, 1.060546875, 5.34375, 2.9765625, 0.317138671875, 1.90625, 6.55859375, 0.285400390625, 2.115234375, 1.314453125, 1.638671875, 0.04302978515625, 2.306640625, 0.0103302001953125, 0.032135009765625, 0.047454833984375, 2.265625, 0.452392578125, 9.4140625, 2.431640625, 0.60595703125, 2.15625, 0.006916046142578125, 0.0008893013000488281, 0.037200927734375, 6.7734375, 0.010162353515625, 5.140625, 7.6328125, 0.57177734375, 4.2890625, 2.71484375, 0.0280914306640625, 4.99609375, 0.6904296875, 0.18359375, 4.6875, 0.5439453125, 4.1171875, 5.60546875, 5.125, 5.6953125, 0.52734375, 0.513671875, 0.3212890625, 0.3583984375, 0.0203704833984375, 1.8310546875, 6.171875, 0.9072265625, 1.3193359375, 1.7470703125, 0.258056640625, 0.7255859375, 0.396728515625, 0.116943359375, 0.010498046875, 0.030426025390625, 9.0625, 0.44677734375, 1.029296875, 1.5732421875, 0.69482421875, 0.0628662109375, 0.200927734375, 0.032012939453125, 0.352294921875, 0.0100250244140625, 0.005340576171875, 0.024658203125, 6.6796875, 1.017578125, 0.74560546875, 0.458251953125, 5.14453125, 0.2177734375, 0.74853515625, 0.6953125, 0.1143798828125, 0.7666015625, 0.01436614990234375, 7.0625, 0.1983642578125, 7.81640625, 7.21875, 3.03515625, 1.080078125, 2.701171875, 4.984375, 2.65234375, 0.73583984375, 10.4296875, 2.212890625, 0.315185546875, 0.1298828125, 1.744140625, 0.293701171875, 0.023712158203125, 5.4375, 0.033416748046875, 6.0703125, 4.33984375, 1.3203125, 1.88671875, 0.0155029296875, 12.21875, 6.21484375, 1.1806640625, 1.287109375, 0.418701171875, 2.361328125, 0.0261688232421875, 0.480224609375, 1.20703125, 0.65966796875, 0.734375, 0.2197265625, 0.0215911865234375, 0.413818359375, 0.0041046142578125, 8.0859375, 1.6416015625, 7.0625, 9.7890625, 0.50341796875, 0.947265625, 4.578125, 0.29052734375, 1.470703125, 0.07757568359375, 0.0024871826171875, 2.306640625, 5.98828125, 1.7451171875, 1.3994140625, 8.671875]",-1.7333128688286763
255,1,test,2.272980981171131,0.9389830145262152,1.1808287971154334,7.532771681401846,3.111836271281093,3.9133251871346175,9.70829797519508,5.912107844367782,6.7276158241871045,32.173780893001876,19.593018558607277,22.29565244214073,2.645827241279372,1.0880042868935718,1.5280985848385482,5.689951056514778,2.3397941653625196,3.2862335157818237,14.095100310430851,9.346627967110418,11.037199544180693,30.312043678345916,20.100275198086923,23.735912998238046,2.566158364847751,1.0969004902872752,1.5115920216643712,6.873638477270761,2.9381263132694873,4.048907200886709,13.015726600893474,8.669717940496616,10.144996628584526,34.86355339525038,23.222458769187362,27.174098112279978,0.4773869346733668,-0.007613065326633195,-0.0026130653266331905,0.40703517587939697,0.007035175879396949,0.007035175879396949,0.33668341708542715,-0.0033165829145728187,-0.0033165829145728187,0.32499999999999996,0.08030586766541814,0.10408113391984353,0.3258145363408521,0.35678391959798994,0.0986385561894686,0.13808608988179627,0.3787878787878788,0.35451505016722407,0.09074209524234933,0.136495027920283,0.37248322147651003,20.0,0.0,-2.0,30.0,-1.0,0.0,38.0,3.0,0.0,0.00023661382838111912,0.00095094765996973,0.00012226781742224593,-0.041032636324882965,-0.040456381124860386,-0.04119586197162928,"[2.1875, 2.294921875, 2.265625, 0.213623046875, 0.327880859375, 0.0090484619140625, 3.61328125, 0.83154296875, 2.826171875, 1.8779296875, 8.4140625, 4.5546875, 7.09375, 4.796875, 0.8603515625, 0.81591796875, 0.02056884765625, 0.658203125, 0.01081085205078125, 3.205078125, 0.0016832351684570312, 0.0001043081283569336, 0.004177093505859375, 5.4836273193359375e-06, 9.441375732421875e-05, 8.344650268554688e-07, 2.9609375, 3.230571746826172e-05, 8.237361907958984e-05, 4.8279762268066406e-05, 0.0009236335754394531, 0.048248291015625, 0.712890625, 0.183349609375, 0.322998046875, 8.65625, 6.66796875, 2.5703125, 1.6279296875, 0.56591796875, 0.055877685546875, 9.71875, 7.4453125, 6.39453125, 3.96484375, 5.8984375, 1.138671875, 0.14111328125, 9.2265625, 0.336181640625, 2.828125, 0.0127716064453125, 4.5234375, 4.60546875, 13.5625, 9.2578125, 9.6796875, 4.1328125, 7.0390625, 6.265625, 4.6875, 1.525390625, 1.3330078125, 0.01326751708984375, 0.32861328125, 1.3994140625, 0.4853515625, 0.70849609375, 5.390625, 4.89453125, 6.76171875, 1.1494140625, 0.019622802734375, 0.01165008544921875, 0.0762939453125, 0.1373291015625, 0.0200958251953125, 0.133544921875, 4.71484375, 8.796875, 0.2548828125, 0.005222320556640625, 0.00399017333984375, 0.0279693603515625, 0.327880859375, 0.0223846435546875, 0.05535888671875, 9.3203125, 1.0146484375, 0.004253387451171875, 0.0016536712646484375, 0.026885986328125, 0.32568359375, 0.00835418701171875, 3.05859375, 13.7109375, 1.400390625, 0.00867462158203125, 0.02056884765625, 0.06353759765625, 0.138671875, 0.004154205322265625, 0.1387939453125, 7.46484375, 2.876953125, 9.796875, 0.3759765625, 0.0099945068359375, 0.005268096923828125, 0.0261383056640625, 2.134765625, 3.8671875, 4.6015625, 1.4228515625, 7.62890625, 4.109375, 0.66455078125, 5.29296875, 1.5986328125, 0.74365234375, 0.60986328125, 0.22314453125, 0.0318603515625, 0.04010009765625, 8.40625, 6.26953125, 3.080078125, 10.5859375, 3.30859375, 9.421875, 2.0234375, 0.16259765625, 0.36376953125, 0.0499267578125, 0.016845703125, 0.005435943603515625, 0.00411224365234375, 6.94140625, 2.048828125, 0.164306640625, 0.0249176025390625, 0.0167999267578125, 0.00799560546875, 0.005451202392578125, 9.34375, 3.14453125, 10.5625, 0.10174560546875, 0.052642822265625, 5.93359375, 0.63525390625, 0.356201171875, 5.0234375, 2.150390625, 5.046875, 6.421875, 0.7568359375, 0.01104736328125, 0.0059356689453125, 0.032806396484375, 1.341796875, 4.1640625, 6.3203125, 0.193115234375, 7.83203125, 0.28125, 4.0859375, 0.90185546875, 1.9873046875, 0.43603515625, 0.1561279296875, 0.0034847259521484375, 0.03839111328125, 0.62158203125, 9.484375, 1.5302734375, 6.94921875, 0.6396484375, 10.75, 5.02734375, 11.890625, 1.6796875, 0.329345703125, 0.051544189453125, 3.310546875, 7.734375, 0.058502197265625, 8.171875, 7.09765625, 0.61669921875, 0.0161895751953125, 0.0094451904296875, 0.044586181640625, 0.06195068359375, 7.2421875, 1.50390625, 4.1875, 1.193359375, 0.306640625, 2.15625, 0.03662109375, 4.45703125, 0.03338623046875, 13.4140625, 0.46435546875, 5.203125, 0.168701171875, 2.671875, 0.92724609375, 6.14453125, 1.9931640625, 0.1649169921875, 0.01264190673828125, 3.373046875, 6.50390625, 1.5107421875, 0.0306549072265625, 0.062164306640625, 0.006439208984375, 0.019378662109375, 3.66015625, 10.921875, 0.06719970703125, 6.01953125, 1.4111328125, 4.75, 13.625, 0.10821533203125, 3.34375, 2.93359375, 0.3203125, 0.03436279296875, 4.56640625, 2.84375, 15.296875, 0.0053253173828125, 4.05078125, 4.625, 6.25390625, 2.3828125, 1.294921875, 6.89453125, 0.007770538330078125, 6.05859375, 0.744140625, 0.482177734375, 3.396484375, 0.0084991455078125, 1.1884765625, 0.08892822265625, 0.1746826171875, 0.383544921875, 1.412109375, 0.004856109619140625, 0.00946807861328125, 0.111328125, 5.390625, 0.2939453125, 0.049530029296875, 7.921875, 0.07562255859375, 3.884765625, 0.580078125, 3.34375, 2.025390625, 14.0859375, 1.7841796875, 5.17578125, 0.274658203125, 0.06011962890625, 0.321533203125, 2.423828125, 0.5595703125, 0.00470733642578125, 0.414794921875, 0.020294189453125, 0.098876953125, 0.0019016265869140625, 0.0013370513916015625, 8.189678192138672e-05, 0.70751953125, 0.0321044921875, 1.07421875, 2.619140625, 4.16015625, 0.0106964111328125, 2.869140625, 10.03125, 0.06927490234375, 0.0374755859375, 0.01515960693359375, 0.10650634765625, 2.9609375, 1.919921875, 0.0101776123046875, 1.6513671875, 0.0022144317626953125, 4.93359375, 0.0238494873046875, 8.328125, 0.372802734375, 2.03515625, 0.0197296142578125, 0.11529541015625, 0.076416015625, 0.00946807861328125, 0.0006933212280273438, 6.44140625, 9.3984375, 0.787109375, 3.666015625, 0.57666015625, 0.1444091796875, 0.18603515625, 0.0207061767578125, 0.0051727294921875, 5.9296875, 4.80859375, 0.810546875, 0.4296875, 0.050811767578125, 0.06884765625, 0.1878662109375, 0.005435943603515625, 0.0003249645233154297, 9.6171875, 1.435546875, 0.024322509765625, 0.0086517333984375, 0.011627197265625, 0.0489501953125, 1.6513671875, 1.521484375, 0.0064697265625, 0.2449951171875, 0.00978851318359375, 0.103271484375, 3.328125, 0.0094451904296875, 0.02490234375, 0.07501220703125, 0.1309814453125, 0.01158905029296875, 12.4609375, 0.00472259521484375, 5.30078125, 0.5322265625, 0.6416015625, 0.1712646484375, 3.05078125, 0.178955078125, 6.80078125, 3.18359375, 0.1358642578125, 0.0162506103515625, 0.0728759765625, 0.057861328125, 0.138671875, 6.203125, 0.001773834228515625, 0.9658203125, 0.00507354736328125, 0.2059326171875, 0.033111572265625, 1.5654296875, 0.3720703125, 4.12109375, 0.08404541015625, 1.953125, 0.004703521728515625, 0.0160064697265625, 0.0248870849609375, 0.336181640625, 4.7578125, 0.00017154216766357422, 0.08056640625, 0.0022182464599609375, 0.136474609375, 0.005718231201171875, 0.054779052734375, 0.1533203125, 7.515625, 0.4296875, 4.51953125, 0.1278076171875, 0.054534912109375, 0.3447265625, 2.783203125, 0.00048089027404785156, 7.078125, 1.00390625, 0.4736328125, 0.1864013671875, 0.255615234375, 1.06640625, 0.0006647109985351562, 0.10321044921875, 0.8173828125, 0.0533447265625, 0.72119140625]",-2.109007544219494
98,1,test,2.4388701986992496,0.986069802994264,1.1377783740073504,6.367349740316604,2.5744097850628695,2.97048725189943,11.460085806070271,7.185016151575802,7.786780721901531,29.919744978722388,18.758485281958386,20.329559249994418,2.6529294905351035,1.0685551195060217,1.533764788044808,5.414141817418579,2.180724733685759,3.1301322204996085,14.19556356134814,9.319323854172818,11.1332683542284,28.970537880302327,19.01902827382208,22.720955824955922,2.59877559213734,1.0467977240651614,1.4974637296023194,5.997174443393861,2.415687055534988,3.4556855298515066,13.447263016420226,8.72646494575718,10.439153353427416,31.032145422508215,20.137996028670415,24.090353892524806,0.48743718592964824,-0.007562814070351753,-0.007562814070351753,0.4120603015075377,-0.007939698492462344,-0.012939698492462348,0.36180904522613067,0.0018090452261306789,0.0018090452261306789,0.37241379310344824,0.09686844293123242,0.11434927697441599,0.34562211981566815,0.37688442211055273,0.11623279303787104,0.15651714331255606,0.35858585858585856,0.3812709030100334,0.11415904992155257,0.16325088076309235,0.36241610738255037,22.0,-2.0,-1.0,29.0,-1.0,-1.0,39.0,-1.0,0.0,0.0001630490090298063,0.0004866019534716456,0.000294455231367768,-0.06842938911084762,-0.06771322954292192,-0.0685212479421784,"[6.2109375, 0.00934600830078125, 8.109375, 8.2421875, 3.373046875, 8.5546875, 3.89453125, 0.337158203125, 7.796875, 5.5, 0.619140625, 7.44921875, 6.41796875, 5.75390625, 0.34619140625, 5.984375, 7.51171875, 7.546875, 13.484375, 3.265625, 0.380615234375, 0.8701171875, 0.04876708984375, 1.078125, 0.0009355545043945312, 7.18359375, 0.1690673828125, 0.00218963623046875, 0.022369384765625, 0.0010328292846679688, 0.0038585662841796875, 0.350341796875, 0.1396484375, 0.01361846923828125, 10.625, 0.06036376953125, 5.140625, 0.2137451171875, 9.6328125, 5.87890625, 1.4345703125, 0.275146484375, 0.0255279541015625, 0.324951171875, 0.1363525390625, 0.0003821849822998047, 0.0289459228515625, 0.003238677978515625, 0.0007796287536621094, 0.01177978515625, 0.00016188621520996094, 0.00030303001403808594, 0.056060791015625, 0.0218505859375, 0.0017347335815429688, 8.34375, 0.17041015625, 7.6328125, 2.17578125, 0.736328125, 0.010467529296875, 0.1292724609375, 0.058258056640625, 0.0002815723419189453, 0.01424407958984375, 0.001522064208984375, 0.0004878044128417969, 0.003910064697265625, 0.00014829635620117188, 0.0002884864807128906, 0.0435791015625, 0.00714111328125, 0.0018491744995117188, 8.2109375, 0.01287841796875, 4.7578125, 6.734375, 0.09893798828125, 0.005218505859375, 2.12890625, 1.037109375, 9.0234375, 0.392822265625, 5.3984375, 5.40625, 2.4453125, 4.0625, 6.48828125, 0.1705322265625, 3.658203125, 4.39453125, 9.046875, 1.185546875, 0.59912109375, 0.0017061233520507812, 0.30029296875, 0.95556640625, 8.3203125, 7.26171875, 2.48046875, 3.333984375, 4.12890625, 1.2021484375, 0.1358642578125, 2.21484375, 0.525390625, 2.6640625, 3.759765625, 3.92578125, 4.59765625, 0.254638671875, 0.72265625, 0.0204620361328125, 0.037811279296875, 5.66796875, 1.5751953125, 3.322265625, 3.4140625, 0.0199432373046875, 6.82421875, 0.1768798828125, 2.54296875, 0.1591796875, 2.310546875, 0.1597900390625, 0.71826171875, 0.0215301513671875, 0.093994140625, 2.77734375, 0.400390625, 4.37109375, 1.359375, 3.173828125, 0.89404296875, 1.3251953125, 0.0018396377563476562, 4.6953125, 9.234375, 1.67578125, 4.66015625, 0.462646484375, 0.04656982421875, 0.01776123046875, 0.7998046875, 1.185546875, 10.1484375, 1.4462890625, 13.3515625, 0.3193359375, 5.3515625, 6.2734375, 0.2384033203125, 9.3515625, 0.52685546875, 1.4423828125, 4.10546875, 11.859375, 10.0625, 4.3515625, 7.7265625, 2.58203125, 0.047698974609375, 0.1612548828125, 0.04241943359375, 0.0906982421875, 0.25439453125, 0.23828125, 0.04571533203125, 8.703125, 0.156005859375, 2.212890625, 4.21875, 0.1357421875, 4.3671875, 0.0084991455078125, 0.07232666015625, 7.390625, 4.87890625, 6.87109375, 1.0048828125, 2.666015625, 0.6494140625, 0.14697265625, 0.044219970703125, 0.142822265625, 0.1654052734375, 0.05682373046875, 0.04266357421875, 5.88671875, 3.1484375, 0.09930419921875, 2.5, 0.01091766357421875, 0.0297088623046875, 5.43359375, 0.0645751953125, 1.265625, 3.748046875, 8.140625, 8.890625, 1.7080078125, 0.049896240234375, 2.173828125, 0.0018863677978515625, 0.96533203125, 2.1953125, 1.60546875, 8.640625, 9.3203125, 0.061370849609375, 3.46484375, 0.0088958740234375, 0.07049560546875, 5.5703125, 4.375, 8.7578125, 3.259765625, 2.83984375, 3.04296875, 6.125, 4.12109375, 2.48828125, 0.047027587890625, 0.361083984375, 0.09967041015625, 0.075927734375, 0.92041015625, 1.056640625, 5.48828125, 3.63671875, 0.0190277099609375, 1.0595703125, 0.0033016204833984375, 0.01519775390625, 0.68896484375, 0.07171630859375, 6.12109375, 1.552734375, 0.91845703125, 4.04296875, 4.05859375, 6.5234375, 2.048828125, 0.467041015625, 0.0210723876953125, 3.0859375, 0.0010232925415039062, 0.5029296875, 3.626953125, 3.005859375, 0.6455078125, 5.94140625, 10.9765625, 1.767578125, 5.61328125, 5.69921875, 0.395751953125, 1.0966796875, 0.732421875, 0.1439208984375, 8.15625, 1.0625, 1.7333984375, 7.1953125, 6.76171875, 5.2578125, 3.67578125, 4.09375, 1.56640625, 1.1943359375, 0.07928466796875, 0.35009765625, 0.08599853515625, 0.0458984375, 1.6865234375, 2.619140625, 6.67578125, 0.006687164306640625, 6.16015625, 7.63671875, 0.033477783203125, 0.427001953125, 0.0096435546875, 0.0594482421875, 6.98046875, 0.335205078125, 1.208984375, 6.6015625, 1.5322265625, 0.5615234375, 0.77734375, 0.020233154296875, 0.163818359375, 0.09906005859375, 0.01611328125, 0.383056640625, 0.155029296875, 6.8671875, 3.52734375, 0.0170745849609375, 0.787109375, 0.052734375, 0.005611419677734375, 2.763671875, 0.025146484375, 0.1544189453125, 4.1015625, 1.5615234375, 0.0252532958984375, 0.364990234375, 0.0124664306640625, 0.161865234375, 0.0589599609375, 0.0165252685546875, 0.379638671875, 0.381103515625, 4.73828125, 1.9658203125, 0.0161285400390625, 0.83349609375, 0.00370025634765625, 0.00616455078125, 2.3125, 0.0195159912109375, 0.09051513671875, 1.841796875, 0.1551513671875, 0.09210205078125, 0.125, 0.0117034912109375, 0.0711669921875, 0.05224609375, 0.006923675537109375, 3.28515625, 0.460693359375, 0.06787109375, 7.43359375, 4.80078125, 6.71484375, 0.1885986328125, 0.537109375, 0.1331787109375, 0.0292510986328125, 12.0234375, 1.89453125, 5.109375, 6.84765625, 1.443359375, 2.34765625, 1.927734375, 0.0269775390625, 0.1749267578125, 0.050750732421875, 0.0202484130859375, 3.455078125, 6.078125, 9.140625, 2.232421875, 1.0888671875, 2.23046875, 0.00501251220703125, 0.006168365478515625, 6.90234375, 3.16796875, 4.875, 6.3671875, 2.0703125, 1.3330078125, 2.73046875, 1.3896484375, 0.01110076904296875, 3.083984375, 0.0023651123046875, 0.397216796875, 2.73828125, 5.1015625, 6.1953125, 7.5859375, 2.638671875, 3.625, 0.140380859375, 0.08856201171875, 0.9091796875, 0.0543212890625, 0.0638427734375, 10.859375, 6.40234375, 0.59130859375, 1.51171875, 7.99609375, 2.599609375, 2.552734375, 5.6484375, 5.79296875, 1.6826171875, 1.609375, 0.036956787109375, 2.16796875, 0.00232696533203125, 2.330078125, 11.03125, 1.6044921875, 1.94140625, 0.07733154296875, 0.022125244140625, 0.0193634033203125, 0.46923828125, 1.4140625, 0.64794921875, 0.0435791015625, 3.462890625, 1.7890625, 0.08056640625, 2.515625, 0.007450103759765625, 0.004108428955078125, 3.25, 0.63525390625, 1.32421875, 2.853515625, 0.0330810546875, 0.1378173828125, 0.130615234375, 0.0894775390625, 3.283203125, 2.369140625, 7.81640625, 1.283203125, 0.06982421875, 3.982421875, 0.001499176025390625, 0.00412750244140625, 3.966796875, 2.486328125, 3.421875]",-1.0790860581672055
249,1,test,2.10800818536564,0.9511605441041995,1.26323705292443,7.039586967643055,3.1763526426965933,4.218516396921949,8.231828667799585,5.051935372596757,5.904383590863182,27.489776468615126,16.870683262616694,19.71739107407521,2.2993856117353966,0.96339348938163,1.368909274412391,5.895860542911273,2.470239716363154,3.510023780544592,9.968056316271987,6.1642884381305585,7.432339569755097,25.55911875967176,15.805867790078354,19.057280948089993,2.2683601040505246,1.021995368647798,1.4033480944213714,6.543346453991898,2.94806356340711,4.048119503138572,9.663540611979428,6.185862939923566,7.288506002888711,27.875597919171426,17.84383540362567,21.02453654679436,0.5175879396984925,-0.022412060301507553,-0.012412060301507544,0.37688442211055273,-0.013115577889447283,0.0018844221105527303,0.29145728643216084,-0.0085427135678392,-0.023542713567839102,0.33884297520661155,0.08437254879670786,0.1267217630853994,0.30110497237569056,0.3517587939698492,0.08860089923300707,0.13473041333545854,0.303030303030303,0.34448160535117056,0.08404754858990182,0.13758505362703266,0.3087248322147651,24.0,6.0,6.0,30.0,4.0,3.0,36.0,4.0,3.0,0.00022676562265817188,0.0004649541489380585,-4.825047897867618e-05,-0.060959025369102804,-0.06455708421022432,-0.061413854153126834,"[11.09375, 4.80078125, 2.44921875, 9.328125, 5.80078125, 6.171875, 4.68359375, 9.4375, 8.765625, 10.46875, 6.16015625, 5.4296875, 4.828125, 1.134765625, 0.95361328125, 7.765625, 2.056640625, 0.66259765625, 6.5, 0.244384765625, 1.9521484375, 1.689453125, 1.7509765625, 0.2274169921875, 0.90380859375, 7.625, 6.69140625, 0.537109375, 1.1220703125, 5.26171875, 3.451171875, 0.2587890625, 0.055023193359375, 0.34375, 0.0084075927734375, 1.0205078125, 2.416015625, 5.81640625, 1.373046875, 7.975101470947266e-05, 0.0582275390625, 0.06378173828125, 0.09356689453125, 0.441650390625, 1.60546875, 1.17578125, 0.07696533203125, 3.6640625, 0.005626678466796875, 0.054718017578125, 0.0292205810546875, 0.019989013671875, 3.13671875, 1.12109375, 3.921875, 0.017486572265625, 1.7470703125, 0.03936767578125, 0.5029296875, 0.7646484375, 0.337646484375, 4.33203125, 0.0032444000244140625, 0.055816650390625, 0.390869140625, 0.297119140625, 0.178466796875, 0.380126953125, 1.482421875, 0.0005888938903808594, 0.89013671875, 0.08111572265625, 0.47705078125, 0.7451171875, 0.50048828125, 0.28515625, 0.004772186279296875, 0.84765625, 0.151611328125, 0.275390625, 0.3466796875, 0.26025390625, 0.943359375, 0.01480865478515625, 1.4013671875, 0.361083984375, 1.3447265625, 0.145263671875, 3.392578125, 1.6484375, 0.0052490234375, 0.72412109375, 0.07476806640625, 0.342041015625, 0.3564453125, 0.79052734375, 0.363037109375, 0.06097412109375, 0.351806640625, 0.07403564453125, 3.068359375, 0.06549072265625, 4.46875, 5.0, 0.0313720703125, 1.3447265625, 0.34033203125, 0.163818359375, 0.06402587890625, 0.818359375, 2.5625, 0.03131103515625, 1.4091796875, 0.348876953125, 0.51123046875, 0.71630859375, 6.61328125, 1.974609375, 0.0308837890625, 0.6787109375, 0.177978515625, 2.908203125, 0.72314453125, 3.560546875, 4.4375, 0.01543426513671875, 2.462890625, 1.3388671875, 0.67724609375, 6.34375, 0.40576171875, 1.2802734375, 4.94921875, 8.4609375, 4.6875, 9.375, 5.66796875, 5.20703125, 5.99609375, 3.52734375, 2.111328125, 0.71533203125, 7.73046875, 7.74609375, 5.4296875, 6.6640625, 5.55078125, 5.9296875, 2.8046875, 1.1845703125, 4.4453125, 7.515625, 0.66845703125, 1.5498046875, 0.4931640625, 4.07421875, 0.1951904296875, 0.10595703125, 0.353271484375, 0.07611083984375, 0.548828125, 0.2353515625, 4.22265625, 4.79296875, 0.2379150390625, 1.017578125, 0.0457763671875, 1.3740234375, 3.794921875, 3.5078125, 2.599609375, 5.578125, 1.6845703125, 7.50390625, 1.7314453125, 0.17529296875, 0.038787841796875, 3.41015625, 1.4013671875, 2.33203125, 4.42578125, 1.6611328125, 1.484375, 0.79345703125, 1.3671875, 0.372802734375, 2.59765625, 7.26171875, 1.2568359375, 6.7578125, 4.51953125, 0.1180419921875, 0.01200103759765625, 0.0136566162109375, 0.59716796875, 4.95703125, 5.734375, 2.30859375, 7.078125, 9.4296875, 8.6796875, 0.0131072998046875, 11.6640625, 1.4794921875, 0.31884765625, 1.587890625, 2.638671875, 0.17578125, 0.1253662109375, 0.92138671875, 0.2156982421875, 6.7109375, 2.140625, 6.55859375, 0.415771484375, 6.55078125, 3.611328125, 6.171875, 1.8115234375, 1.01171875, 0.39208984375, 2.62109375, 1.5263671875, 1.451171875, 0.225830078125, 0.01360321044921875, 0.3466796875, 2.4140625, 1.78125, 0.1602783203125, 0.71728515625, 0.00960540771484375, 0.0214080810546875, 0.0064849853515625, 0.2001953125, 1.7646484375, 3.6953125, 1.1669921875, 2.990234375, 5.421875, 6.22265625, 7.1484375, 6.703125, 0.2052001953125, 5.66015625, 5.30859375, 0.5419921875, 0.0369873046875, 1.4375, 1.8857421875, 4.66015625, 1.9169921875, 0.0919189453125, 0.04974365234375, 0.06622314453125, 4.16015625, 1.09375, 6.82421875, 1.5791015625, 2.06640625, 1.9716796875, 8.3671875, 2.3828125, 1.0224609375, 0.548828125, 0.69775390625, 4.6640625, 0.44140625, 0.9716796875, 11.9453125, 1.2099609375, 2.509765625, 0.10992431640625, 0.004779815673828125, 0.3818359375, 5.28515625, 0.10028076171875, 0.0093536376953125, 0.07672119140625, 0.95751953125, 0.232421875, 1.2216796875, 0.01371002197265625, 0.00449371337890625, 0.181884765625, 0.52294921875, 0.06964111328125, 5.234375, 0.330078125, 0.1712646484375, 0.174560546875, 0.247802734375, 0.09808349609375, 0.08746337890625, 0.126708984375, 0.046905517578125, 4.48046875, 0.10467529296875, 0.372314453125, 5.1015625, 2.615234375, 6.02734375, 1.765625, 0.1527099609375, 0.2000732421875, 0.1441650390625, 2.38671875, 0.03570556640625, 0.004711151123046875, 0.00836944580078125, 0.1185302734375, 0.0654296875, 0.3720703125, 3.12890625, 6.12109375, 3.595703125, 0.9453125, 0.31103515625, 1.1435546875, 0.94580078125, 0.2225341796875, 0.9345703125, 2.38671875, 0.33544921875, 3.125, 0.908203125, 0.13427734375, 2.146484375, 0.0029468536376953125, 3.654296875, 0.62646484375, 0.810546875, 0.14111328125, 0.0311126708984375, 0.08868408203125, 0.07281494140625, 0.054107666015625, 0.13427734375, 0.0060272216796875, 0.000766754150390625, 0.003421783447265625, 6.02734375, 2.513671875, 4.43359375, 2.380859375, 0.141845703125, 0.10308837890625, 3.1875, 2.193359375, 2.017578125, 1.91015625, 0.779296875, 0.1348876953125, 0.10601806640625, 0.00949859619140625, 6.4453125, 0.25146484375, 0.474609375, 0.06451416015625, 1.484375, 0.288818359375, 0.07904052734375, 3.134765625]",-1.3801846113415133
58,1,test,2.6913056307890284,1.1672953292153112,1.5001519869049942,7.78847538607128,3.378081937577644,4.341348931800817,14.75092261190066,10.160324599216906,11.46004709516625,42.6882760435307,29.403363612885293,33.16468174510233,2.757717875380013,1.1788054768098495,1.637720525854281,7.453291555081116,3.185960748134729,4.426271691498057,15.763826849919877,10.91414842519777,12.69898076993331,42.604937432215884,29.497698446480463,34.32156964846841,2.6711199072292415,1.1358607047831557,1.5780753880700074,7.779960894842452,3.308332149853852,4.596336081757304,14.4561496773216,9.813620948507886,11.472806571942865,42.10529032229592,28.583361985945302,33.41594147167825,0.5025125628140703,-0.022487437185929715,-0.007487437185929702,0.42211055276381915,-0.007889447236180902,0.007110552763819111,0.37688442211055273,-0.003115577889447274,0.0018844221105527303,0.36745406824146987,0.12236887820215137,0.15435533901370835,0.31842105263157894,0.38190954773869346,0.12376418433017211,0.17656731067692388,0.2828282828282829,0.36789297658862874,0.112467267072769,0.1643334660213317,0.30201342281879195,22.0,3.0,1.0,33.0,4.0,4.0,36.0,-1.0,-1.0,0.0016321826895908408,-8.577760049787635e-05,0.0005253547268608647,-0.09121582737138745,-0.08445214571391535,-0.08852674754136114,"[4.0625, 7.015625, 7.94140625, 6.078125, 3.109375, 11.0390625, 2.134765625, 4.51953125, 1.498046875, 2.62109375, 9.9140625, 10.7578125, 3.923828125, 1.8515625, 0.5869140625, 0.058746337890625, 3.658203125, 0.334228515625, 4.80078125, 0.2396240234375, 11.1796875, 0.408447265625, 3.857421875, 9.5234375, 4.1328125, 9.078125, 7.484375, 3.990234375, 2.220703125, 1.4814453125, 8.3828125, 12.6484375, 7.59375, 4.9609375, 9.453125, 8.1484375, 13.40625, 1.1279296875, 2.173828125, 7.2421875, 4.640625, 4.2734375, 3.544921875, 0.84765625, 0.1077880859375, 1.9384765625, 0.04461669921875, 0.038360595703125, 0.12841796875, 4.6875, 6.75, 4.44140625, 7.52734375, 0.428955078125, 0.035919189453125, 0.240234375, 5.15625, 4.65625, 9.40625, 6.66015625, 1.9833984375, 1.5341796875, 5.35546875, 9.703125, 3.287109375, 0.9345703125, 0.01319122314453125, 0.0272216796875, 0.059967041015625, 5.90234375, 5.0078125, 8.234375, 0.73974609375, 4.47265625, 8.09375, 1.0625, 1.873046875, 0.041107177734375, 0.1834716796875, 4.921875, 5.3359375, 4.44140625, 1.38671875, 5.26171875, 8.484375, 2.11328125, 4.2265625, 4.94140625, 6.69140625, 2.59375, 1.1875, 1.4287109375, 0.01183319091796875, 0.0194854736328125, 0.054168701171875, 1.4345703125, 0.49462890625, 0.368896484375, 0.09429931640625, 0.55419921875, 4.46875, 4.83203125, 6.31640625, 0.72119140625, 6.47265625, 1.521484375, 0.77783203125, 0.038543701171875, 0.08489990234375, 1.564453125, 0.291748046875, 0.072509765625, 0.1912841796875, 0.83544921875, 0.1439208984375, 0.1002197265625, 0.72607421875, 0.169677734375, 4.20703125, 2.271484375, 5.23828125, 2.919921875, 0.156005859375, 0.5546875, 0.05804443359375, 0.0235137939453125, 0.076171875, 5.20703125, 10.421875, 6.7265625, 5.92578125, 0.85205078125, 0.26171875, 0.0155487060546875, 0.020233154296875, 0.326904296875, 0.0199432373046875, 0.1829833984375, 0.0090179443359375, 0.002109527587890625, 12.0234375, 0.0169677734375, 7.30078125, 5.40234375, 0.859375, 0.51123046875, 1.9326171875, 0.01332855224609375, 0.006664276123046875, 0.0142669677734375, 5.41015625, 0.079345703125, 1.4150390625, 0.091796875, 0.0193634033203125, 0.2288818359375, 1.6611328125, 0.0015497207641601562, 0.288818359375, 0.011383056640625, 0.01160430908203125, 0.5185546875, 0.048370361328125, 0.03558349609375, 8.0703125, 0.0016107559204101562, 6.484375, 0.0218048095703125, 0.406982421875, 0.0643310546875, 0.58203125, 0.00969696044921875, 0.0072479248046875, 0.50634765625, 0.01483154296875, 0.006366729736328125, 0.025726318359375, 1.1650390625, 0.004383087158203125, 0.04119873046875, 0.016021728515625, 0.0309906005859375, 0.08526611328125, 4.046875, 0.54736328125, 0.59765625, 0.002593994140625, 0.315185546875, 0.1451416015625, 0.243896484375, 0.005931854248046875, 0.016815185546875, 0.258056640625, 0.00936126708984375, 0.0172576904296875, 3.30859375, 0.00044798851013183594, 6.078125, 6.28515625, 1.52734375, 0.90478515625, 0.49072265625, 0.10455322265625, 9.140625, 7.47265625, 0.034881591796875, 5.91015625, 2.71875, 6.17578125, 2.8203125, 2.23828125, 8.609375, 0.23388671875, 0.394775390625, 0.00897979736328125, 0.003932952880859375, 0.0286407470703125, 8.578125, 5.640625, 4.921875, 7.52734375, 5.04296875, 0.135986328125, 2.109375, 0.5439453125, 0.00341796875, 0.1845703125, 0.009033203125, 0.01534271240234375, 3.87109375, 7.44140625, 2.412109375, 4.88671875, 0.030975341796875, 0.83203125, 1.189453125, 6.21484375, 3.416015625, 2.46875, 9.296875, 0.052001953125, 1.8515625, 0.26318359375, 1.33203125, 0.01549530029296875, 0.019744873046875, 0.385009765625, 0.00493621826171875, 0.00604248046875, 0.0282745361328125, 7.5234375, 5.34765625, 0.1951904296875, 6.53125, 8.8203125, 4.43359375, 1.544921875, 1.908203125, 0.43505859375, 0.0214691162109375, 0.51953125, 0.15380859375, 0.004589080810546875, 0.292236328125, 0.01690673828125, 0.01666259765625, 1.1787109375, 0.322998046875, 0.0220489501953125, 0.0673828125, 4.208087921142578e-05, 0.00897979736328125, 0.07708740234375, 14.0390625, 3.69921875, 3.619140625, 6.87109375, 4.859375, 10.546875, 0.0257720947265625, 0.00803375244140625, 8.6796875, 0.051361083984375, 0.705078125, 0.1307373046875, 0.24658203125, 0.0074310302734375, 0.0026111602783203125, 0.2322998046875, 0.005588531494140625, 0.007343292236328125, 0.03411865234375, 6.69921875, 4.5, 6.171875, 0.0142822265625, 0.09014892578125, 5.375, 6.6015625, 5.125, 2.7265625, 0.042022705078125, 0.041748046875, 0.04351806640625, 7.10546875, 2.9375, 2.408203125, 1.19921875, 0.0911865234375, 2.466796875, 2.173828125, 3.10546875, 0.002101898193359375, 0.0005955696105957031, 1.07421875, 2.859375, 0.022003173828125, 0.030670166015625, 6.82421875, 8.5, 20.1875, 5.3984375, 2.333984375, 9.7421875, 0.342529296875, 0.285888671875, 1.7001953125, 4.90234375, 1.2939453125, 0.1461181640625, 0.004276275634765625, 0.0008311271667480469, 3.064453125, 0.01044464111328125, 0.002811431884765625, 0.040435791015625, 5.81640625, 7.14453125, 1.3759765625, 0.020355224609375, 0.050811767578125, 7.0859375, 0.335693359375, 1.0810546875, 7.73828125, 4.58984375, 0.607421875, 0.70361328125, 0.00506591796875, 0.007144927978515625, 0.01036834716796875, 7.1484375, 6.8671875, 8.1640625, 1.37109375, 0.00919342041015625, 0.109375, 3.673828125, 9.3984375, 7.72265625, 0.56005859375, 0.0092010498046875, 0.01197052001953125, 0.0162506103515625, 5.7109375, 4.66796875, 0.66455078125, 1.05859375, 0.00998687744140625, 0.0401611328125, 0.61279296875, 1.017578125, 8.046875, 0.677734375, 0.01419830322265625, 0.0159454345703125, 0.0216064453125, 8.125, 1.564453125, 8.3125, 5.859375]",-1.0813055104158056
2,1,test,1.1137238127539888,0.4360531838227195,0.5035497433307421,2.482329692108393,0.971899633594917,1.1223397264287187,3.045678841456035,1.0763936519635813,1.204927051957982,6.788378711304993,2.3991261496501712,2.68560855361779,0.4101870969088391,0.09898317003208873,0.16395290996509362,0.709802019868339,0.17128392031639705,0.28370981811350987,1.507099732437546,0.14203216566797727,0.22790062224090457,2.6079377978701883,0.24577739972110857,0.39436716370382596,0.9952011558921839,0.3653807561222274,0.5565077795409324,1.9138483767157384,0.7026553002350528,1.070207268347947,2.705268467242671,0.8279950769897775,1.1545887278380966,5.202439360082059,1.592298224980341,2.2203629381501857,0.11616161616161613,-0.003838383838383863,-0.013838383838383872,0.07070707070707072,-0.014292929292929246,-0.009292929292929242,0.05555555555555558,0.0005555555555555314,0.0005555555555555314,0.2527964205816555,0.06508692337495159,0.07684334140276994,0.2533632286995515,0.14141414141414144,-0.004681576469989568,-0.0012033082502881376,0.09137055837563457,0.23745819397993306,0.060496591308814573,0.09841481244489414,0.23154362416107388,14.0,1.0,1.0,18.0,4.0,4.0,18.0,0.0,3.0,0.0005471180163517822,-0.0008596711678266406,-0.00010118004470512062,-0.17084968509137521,-0.173748564033958,-0.18598083020509737,"[1.369140625, 2.291015625, 3.896484375, 0.11279296875, 0.712890625, 0.0045013427734375, 3.017578125, 0.84375, 2.34375, 7.17578125, 7.38671875, 5.46484375, 5.0, 1.08984375, 0.0006704330444335938, 0.00036597251892089844, 2.26953125, 0.056243896484375, 0.6669921875, 1.1611328125, 0.038482666015625, 0.2274169921875, 0.00399017333984375, 1.47265625, 0.052215576171875, 0.01558685302734375, 0.51708984375, 1.0615234375, 0.005931854248046875, 4.5078125, 0.00567626953125, 0.004364013671875, 1.6572265625, 0.068359375, 0.0009851455688476562, 0.323486328125, 0.0179290771484375, 0.0013570785522460938, 0.00406646728515625, 0.0005674362182617188, 0.004131317138671875, 0.0011463165283203125, 6.759166717529297e-05, 0.053192138671875, 0.264404296875, 0.004291534423828125, 0.00762939453125, 0.0012226104736328125, 0.0006875991821289062, 0.002605438232421875, 0.01116943359375, 0.007549285888671875, 0.001102447509765625, 0.479248046875, 0.0006618499755859375, 0.0002256631851196289, 0.0460205078125, 0.04962158203125, 0.127197265625, 0.0010175704956054688, 6.699562072753906e-05, 0.0005240440368652344, 0.0005373954772949219, 0.0008130073547363281, 6.330013275146484e-05, 0.00896453857421875, 0.02313232421875, 0.00020611286163330078, 0.1273193359375, 0.0189971923828125, 0.0010805130004882812, 0.0277252197265625, 0.032073974609375, 0.0185699462890625, 0.00811004638671875, 3.314018249511719e-05, 0.147216796875, 0.0281982421875, 0.0218048095703125, 0.0014543533325195312, 0.0017604827880859375, 0.005153656005859375, 4.3272972106933594e-05, 0.0017766952514648438, 0.0007944107055664062, 0.053009033203125, 0.001522064208984375, 3.146484375, 0.0018205642700195312, 0.00446319580078125, 0.035736083984375, 0.00841522216796875, 0.0029392242431640625, 0.0001392364501953125, 0.00024366378784179688, 0.0013723373413085938, 7.283687591552734e-05, 0.0028018951416015625, 0.0005097389221191406, 0.0005826950073242188, 8.130073547363281e-05, 0.05224609375, 0.0002968311309814453, 0.0005970001220703125, 0.00015556812286376953, 0.00079345703125, 5.066394805908203e-05, 0.00992584228515625, 0.0019664764404296875, 0.00035071372985839844, 0.0014400482177734375, 0.003131866455078125, 0.002620697021484375, 0.004573822021484375, 0.0019483566284179688, 2.7060508728027344e-05, 0.00019633769989013672, -0.0, 0.0004525184631347656, 0.0030345916748046875, 0.0005025863647460938, 0.00039768218994140625, 0.0006346702575683594, 0.0004191398620605469, 0.0004892349243164062, 0.030548095703125, 0.0004153251647949219, 0.0026702880859375, 0.0012731552124023438, 0.0001150369644165039, 0.0188751220703125, 0.0005116462707519531, 1.2278556823730469e-05, 1.3113021850585938e-06, 0.0018224716186523438, 0.00791168212890625, 0.005420684814453125, 0.0038852691650390625, 0.05010986328125, 0.0008463859558105469, 0.049285888671875, 0.00046825408935546875, 1.990795135498047e-05, 0.0091400146484375, 0.01119232177734375, 0.00016391277313232422, 0.0008988380432128906, 0.0121917724609375, 6.830692291259766e-05, 0.00025343894958496094, 0.001598358154296875, 0.007236480712890625, 0.0180816650390625, 8.14199447631836e-05, 0.001705169677734375, 0.0025959014892578125, 1.4140625, 0.0010156631469726562, 0.0004992485046386719, 0.142822265625, 1.4052734375, 0.005313873291015625, 0.0011501312255859375, 0.0016698837280273438, 0.0305938720703125, 0.02874755859375, 0.057464599609375, 0.0003311634063720703, 0.0017232894897460938, 0.0003647804260253906, 0.0003998279571533203, 2.5033950805664062e-06, 8.344650268554688e-07, 2.8848648071289062e-05, 0.0003635883331298828, 0.06884765625, 0.167236328125, 1.1728515625, 0.050994873046875, 0.20458984375, 4.546875, 1.5322265625, 0.325439453125, 0.007556915283203125, 0.337158203125, 0.271728515625, 0.00467681884765625, 0.900390625, 0.1282958984375, 0.04864501953125, 0.0001283884048461914, 0.0034027099609375, 0.13427734375, 0.245849609375, 0.0007529258728027344, 2.6953125, 0.020782470703125, 0.0036067962646484375, 1.3193359375, 0.2119140625, 1.443359375, 0.024993896484375, 0.006622314453125, 0.414794921875, 8.2421875, 1.662109375, 4.48046875, 8.203125, 4.62109375, 1.556640625, 3.662109375, 0.8896484375, 9.0, 4.27734375, 5.359375, 8.5859375, 1.8662109375, 10.9296875, 1.5498046875, 5.05859375, 2.435546875, 5.55078125, 0.3671875, 2.458984375, 4.26171875, 7.44921875, 3.013671875, 5.828125, 6.5859375, 1.76953125, 0.25, 0.01641845703125, 0.55810546875, 10.578125, 5.796875, 8.3984375, 7.69921875, 1.3544921875, 0.91455078125, 0.74609375, 0.05633544921875, 3.41015625, 0.035369873046875, 0.0013055801391601562, 0.09014892578125, 1.478515625, 0.00592803955078125, 0.1312255859375, 3.646484375, 3.96875, 0.07568359375, 0.00493621826171875, 0.009429931640625, 0.35400390625, 0.0082244873046875, 0.0005583763122558594, 0.01214599609375, 1.4599609375, 0.0029697418212890625, 0.6103515625, 2.798828125, 0.0458984375, 0.16552734375, 0.42041015625, 0.92529296875, 3.59375, 0.849609375, 0.390869140625, 1.740234375, 0.08343505859375, 0.7548828125, 0.119873046875, 1.390625, 0.0030040740966796875, 2.6796875, 0.09527587890625, 0.260498046875, 0.748046875, 0.005748748779296875, 0.1578369140625, 0.456298828125, 7.748603820800781e-05, 2.8671875, 0.109130859375, 5.7421875, 8.4765625, 0.2091064453125, 0.966796875, 1.3544921875, 0.006122589111328125, 0.11871337890625, 0.7890625, 0.0017642974853515625, 0.0019273757934570312, 0.1328125, 0.0024242401123046875, 0.283935546875, 4.015625, 3.369140625, 1.2158203125, 0.5283203125, 0.0955810546875, 0.7470703125, 6.109375, 1.1025390625, 0.79736328125, 0.0006394386291503906, 0.436767578125, 4.35546875, 2.62890625, 2.03125, 8.8203125, 3.275390625, 2.1328125, 0.486083984375, 3.57421875, 2.765625, 0.32861328125, 6.28515625, 1.607421875, 2.33984375, 0.1485595703125, 1.8662109375, 6.0625, 0.37548828125, 0.154052734375, 0.64404296875, 0.0853271484375, 0.0029296875, 1.8193359375, 0.21875, 0.27001953125, 0.07220458984375, 0.0022125244140625, 0.9140625, 1.4013671875, 0.45947265625, 0.6328125, 0.09405517578125, 0.9775390625, 0.0024471282958984375, 0.26318359375, 6.96484375, 8.71875, 0.384765625, 0.5791015625, 0.0009016990661621094, 3.2421875, 9.34375, 0.1309814453125, 0.2471923828125, 0.04315185546875, 0.127685546875, 0.1549072265625, 6.401538848876953e-05, 1.8583984375, 0.1405029296875, 0.1572265625, 3.419921875, 5.0859375, 0.0260467529296875, 0.23291015625, 0.3515625, 0.00023865699768066406, 0.2108154296875, 1.3828125, 0.0238189697265625, 0.0012598037719726562, 2.201171875, 0.09564208984375, 4.2421875, 0.4619140625, 0.489501953125, 2.6171875, 0.80419921875, 0.375, 0.202392578125, 0.002979278564453125, 0.1173095703125, 0.157958984375, 0.057525634765625, 0.384033203125, 4.48828125, 1.091796875, 0.2344970703125, 0.00021696090698242188, 0.196044921875, 0.08319091796875, 0.047882080078125, 0.64306640625, 8.0703125, 3.306640625, 0.1370849609375, 0.12103271484375, 0.11993408203125, 0.0221099853515625, 0.11376953125, 0.72705078125, 0.0006070137023925781, 0.01116943359375, 1.62890625, 0.0006666183471679688, 1.1318359375, 0.4462890625, 0.0250091552734375, 0.0380859375, 0.0261993408203125, 0.0271453857421875, 0.001544952392578125, 0.0015106201171875, 0.196533203125, 0.004253387451171875, 0.264892578125, 1.7109375, 1.5166015625, 0.200439453125, 5.0078125, 0.6494140625, 0.2003173828125, 6.13671875, 0.171142578125, 0.08245849609375, 4.3359375, 0.267333984375, 0.1641845703125, 0.011474609375, 7.128715515136719e-05, 3.416015625, 0.03253173828125, 0.119140625, 0.74462890625, 0.0211181640625, 0.385498046875, 0.0009775161743164062, 0.0200347900390625, 6.32421875, 0.48388671875, 0.490966796875, 0.370361328125, 5.3671875, 0.410400390625, 8.1171875, 0.2435302734375, 1.6416015625, 1.455078125, 4.11328125, 0.411376953125]",-2.2554737942864165
42,1,test,2.439011078055312,1.1561736622977044,1.569910880117209,5.650948201973223,2.6787403865911603,3.6373287292856467,11.46170040930851,7.854841029660174,9.076936337107824,26.5556298215669,18.19889224477604,21.030366583862495,2.9343472515518343,1.3609772373348688,1.858250008930605,4.931676053028293,2.287356701403141,3.1231092587069,18.809221437086777,13.986347445334047,15.876011859047605,31.61213686905341,23.506466294679075,26.68237287234892,2.4896529490333736,1.1589003295145142,1.595395693430377,5.451794778905198,2.5377379478420017,3.493567211891336,12.057090969180772,8.27320082342834,9.611572249770834,26.40238898360753,18.116498153492717,21.047238503147813,0.6180904522613065,-0.0019095477386934512,-0.016909547738693465,0.48743718592964824,0.0024371859296482556,-0.012562814070351758,0.3919597989949749,0.001959798994974893,0.001959798994974893,0.3719512195121951,0.11472138693989675,0.1782392519665562,0.345565749235474,0.39698492462311563,0.10625810758050913,0.18329544215233096,0.4242424242424242,0.3745819397993311,0.10913953579265323,0.17547181744115536,0.35906040268456374,12.0,0.0,0.0,23.0,0.0,0.0,32.0,0.0,0.0,0.0014243850312854408,-9.270629515159327e-05,0.0007670291344617288,-0.02461326373260153,-0.020572448940763266,-0.025017991699612274,"[4.19140625, 0.9111328125, 4.68359375, 0.020660400390625, 1.744140625, 0.0697021484375, 5.109375, 0.00334930419921875, 0.63623046875, 0.51806640625, 0.055511474609375, 1.56640625, 0.21875, 0.0024509429931640625, 0.0047607421875, 0.35595703125, 0.000202178955078125, 0.03338623046875, 0.022491455078125, 0.05181884765625, 2.74609375, 0.00646209716796875, 0.00030112266540527344, 0.00307464599609375, 2.1484375, 0.0006122589111328125, 2.625, 1.4814453125, 0.463623046875, 1.4912109375, 0.0980224609375, 5.046875, 0.24560546875, 1.9052734375, 4.21484375, 8.1875, 5.94140625, 2.076171875, 7.7890625, 10.3515625, 2.525390625, 7.34765625, 2.46875, 8.1953125, 2.591796875, 1.0732421875, 0.01116180419921875, 1.92578125, 5.65625, 4.9296875, 1.759765625, 4.01953125, 8.625, 0.06329345703125, 12.296875, 18.390625, 4.671875, 4.07421875, 3.451171875, 5.15625, 5.859375, 0.016204833984375, 0.031768798828125, 5.2578125, 1.783203125, 5.6796875, 0.77490234375, 7.015625, 0.84130859375, 3.611328125, 4.42578125, 4.11328125, 0.004364013671875, 0.0012826919555664062, 6.078125, 1.763671875, 6.34765625, 4.69921875, 2.0, 3.787109375, 0.515625, 0.431884765625, 5.50390625, 1.681640625, 0.01161956787109375, 0.15283203125, 11.8828125, 6.2890625, 8.6796875, 6.93359375, 0.2362060546875, 7.64453125, 10.4375, 3.802734375, 3.15234375, 0.5712890625, 6.25390625, 4.625, 0.0083465576171875, 0.002178192138671875, 4.79296875, 0.448974609375, 0.0745849609375, 3.15234375, 5.5234375, 7.8984375, 5.91015625, 8.453125, 4.97265625, 2.06640625, 0.224365234375, 1.6845703125, 0.01161956787109375, 0.0010080337524414062, 6.68359375, 1.4853515625, 5.23828125, 9.5, 1.19921875, 9.2890625, 8.6953125, 2.916015625, 0.405029296875, 8.78125, 3.873046875, 0.60546875, 0.0208282470703125, 4.859375, 5.50390625, 0.068359375, 0.033721923828125, 1.6787109375, 2.4296875, 0.0899658203125, 3.212890625, 0.10003662109375, 3.34765625, 1.97265625, 0.1334228515625, 1.88671875, 7.36328125, 1.703125, 7.16796875, 0.91845703125, 2.138671875, 1.4296875, 6.8203125, 2.69140625, 2.556640625, 10.7265625, 2.521484375, 4.4453125, 8.1328125, 2.669921875, 1.0078125, 2.638671875, 0.1405029296875, 8.296875, 1.736328125, 0.324951171875, 0.1473388671875, 3.70703125, 4.1796875, 2.35546875, 0.25390625, 7.421875, 2.38671875, 0.156982421875, 8.84375, 8.1640625, 2.701171875, 3.19140625, 0.09326171875, 1.0166015625, 1.1748046875, 0.07171630859375, 3.779296875, 2.18359375, 0.84033203125, 0.390869140625, 0.2176513671875, 0.02294921875, 3.52734375, 0.09930419921875, 2.763671875, 2.990234375, 4.26171875, 0.036956787109375, 0.03875732421875, 0.07025146484375, 0.31982421875, 1.78125, 0.59619140625, 0.10015869140625, 1.0966796875, 0.04083251953125, 1.0302734375, 0.05853271484375, 0.0143280029296875, 1.478515625, 0.0304107666015625, 6.26171875, 0.01397705078125, 0.0005025863647460938, 4.390625, 1.06640625, 0.443115234375, 0.1788330078125, 1.0556640625, 0.045806884765625, 0.54052734375, 0.142822265625, 0.09130859375, 0.1292724609375, 0.56787109375, 0.0036144256591796875, 1.513671875, 0.44482421875, 1.7763671875, 0.074462890625, 0.0033893585205078125, 1.4892578125, 2.83203125, 0.06341552734375, 0.171142578125, 0.032196044921875, 0.056549072265625, 1.4443359375, 0.57666015625, 0.38037109375, 0.11224365234375, 0.2471923828125, 0.41259765625, 0.00414276123046875, 3.79296875, 0.0079498291015625, 0.00046539306640625, 2.8203125, 0.136474609375, 9.203125, 0.255859375, 3.552734375, 0.02001953125, 0.0137481689453125, 0.0035686492919921875, 0.01287078857421875, 3.1640625, 0.174560546875, 0.269287109375, 5.0234375, 1.892578125, 0.0251922607421875, 0.10040283203125, 0.07574462890625, 0.0389404296875, 0.018798828125, 3.61328125, 5.265625, 2.5546875, 0.201416015625, 0.38671875, 0.030029296875, 0.1060791015625, 0.139892578125, 5.59765625, 0.019134521484375, 0.045623779296875, 10.1484375, 9.0859375, 2.75390625, 0.8896484375, 0.1199951171875, 1.03515625, 0.9228515625, 5.0703125, 0.26953125, 2.1328125, 0.06890869140625, 1.25, 0.01009368896484375, 3.16015625, 0.467041015625, 6.2734375, 1.369140625, 0.371337890625, 1.2607421875, 0.64208984375, 0.48681640625, 4.75, 0.4375, 0.5927734375, 0.921875, 1.7314453125, 0.043426513671875, 3.3671875, 1.9208984375, 5.90234375, 1.3046875, 7.5078125, 5.05078125, 0.9150390625, 1.0693359375, 0.3525390625, 7.77734375, 2.888671875, 5.1484375, 0.86865234375, 0.0880126953125, 1.701171875, 6.05859375, 0.033966064453125, 0.5986328125, 2.69140625, 0.010162353515625, 0.059722900390625, 1.45703125, 2.140625, 0.048126220703125, 6.9375, 0.60498046875, 1.5283203125, 0.039520263671875, 2.654296875, 0.213134765625, 0.031463623046875, 0.1512451171875, 0.0004336833953857422, 0.023284912109375]",-1.4257011602564558
161,1,test,2.2093830105632244,1.014132881524956,1.2525355176628121,6.3559786608231885,2.9174692316333872,3.603308699363307,9.110093827027441,5.805709637446374,6.506617780992817,26.208023545868798,16.701932797581236,18.718313471406873,2.264323500532601,0.9831166079860449,1.3558250035710868,6.659775001566472,2.891519435253073,3.98772059873849,9.624611353799747,6.023628250084883,7.144016239181792,28.307680452352194,17.716553676720245,21.01181246818174,2.450622331737276,1.085729936346783,1.511058054881841,6.623303599289935,2.9344052333696835,4.083940688869841,11.595560759699659,7.680259034888104,9.036694541547103,31.339353404593673,20.75745685104893,24.423498760938116,0.4170854271356784,-0.017914572864321632,-0.017914572864321632,0.31658291457286436,-0.0134170854271356,-0.008417085427135595,0.2814070351758794,0.006407035175879372,0.011407035175879376,0.33838383838383834,0.10004840332709186,0.13506028022157046,0.29620253164556964,0.31155778894472363,0.0935126761627687,0.12457949178278704,0.2676767676767676,0.34448160535117056,0.09740314124432581,0.16094434172491912,0.3120805369127517,18.0,0.0,0.0,25.0,-1.0,2.0,31.0,-1.0,0.0,0.0008683487561965395,0.0007403919003126059,0.0002892989050778281,-0.09411688911648408,-0.09296246483187964,-0.09408823208662032,"[10.0546875, 6.98828125, 0.46533203125, 5.78125, 0.47998046875, 1.1142578125, 0.38671875, 1.419921875, 3.7265625, 5.82421875, 6.05078125, 8.359375, 3.576171875, 8.375, 2.4140625, 8.71875, 4.1953125, 7.6875, 10.25, 3.755859375, 7.23828125, 1.7802734375, 5.390625, 5.359375, 0.139892578125, 0.61181640625, 0.341552734375, 0.95068359375, 6.2109375, 0.35986328125, 0.91552734375, 1.5693359375, 1.1611328125, 2.1328125, 1.5087890625, 0.53466796875, 2.025390625, 2.98046875, 2.3515625, 0.01294708251953125, 10.859375, 0.541015625, 0.232421875, 0.64892578125, 1.291015625, 0.03875732421875, 0.6787109375, 7.453125, 3.650390625, 0.1695556640625, 0.5263671875, 0.268798828125, 0.380126953125, 5.44140625, 0.01163482666015625, 0.056671142578125, 0.1334228515625, 0.244384765625, 1.791015625, 0.10821533203125, 4.34375, 0.568359375, 11.1875, 6.41015625, 4.28125, 0.115966796875, 1.1494140625, 2.791015625, 0.07049560546875, 1.7001953125, 0.2274169921875, 0.348388671875, 0.04156494140625, 0.38330078125, 0.0007901191711425781, 2.677734375, 4.03515625, 16.609375, 10.84375, 5.359375, 0.1392822265625, 3.865234375, 4.87109375, 5.59375, 11.6328125, 6.0625, 5.37890625, 0.1778564453125, 0.5966796875, 3.1015625, 2.076171875, 0.19384765625, 0.3115234375, 1.3798828125, 0.513671875, 4.76953125, 0.437744140625, 0.035552978515625, 0.34912109375, 0.1702880859375, 0.173583984375, 0.56005859375, 0.0306396484375, 0.035400390625, 0.021270751953125, 0.16015625, 0.039306640625, 0.89501953125, 0.0477294921875, 3.408203125, 3.443359375, 0.01091766357421875, 0.10174560546875, 0.0364990234375, 0.07415771484375, 5.0859375, 0.004344940185546875, 0.0689697265625, 0.018310546875, 0.01116180419921875, 0.302734375, 10.0234375, 8.515625, 6.2578125, 1.154296875, 7.625, 4.3359375, 2.7265625, 0.036285400390625, 0.0635986328125, 0.791015625, 0.08758544921875, 2.0078125, 0.410888671875, 0.11358642578125, 0.00313568115234375, 0.005218505859375, 0.029876708984375, 0.0095062255859375, 0.09405517578125, 0.0086212158203125, 0.043975830078125, 0.01251220703125, 0.01708984375, 6.29425048828125e-05, 0.74072265625, 0.089111328125, 0.3828125, 0.01593017578125, 0.0021266937255859375, 0.0004131793975830078, 0.0166015625, 0.18701171875, 0.034912109375, 0.0775146484375, 0.02642822265625, 0.414306640625, 0.0260009765625, 0.347900390625, 0.1773681640625, 0.030059814453125, 0.026031494140625, 0.0762939453125, 0.75927734375, 0.346435546875, 1.5615234375, 0.031494140625, 0.06414794921875, 0.888671875, 0.97607421875, 0.82080078125, 0.101806640625, 3.080078125, 0.2337646484375, 0.9794921875, 1.37890625, 0.471923828125, 0.005840301513671875, 3.279296875, 0.0141754150390625, 0.0007243156433105469, 0.251708984375, 0.1351318359375, 0.007404327392578125, 0.23193359375, 0.308349609375, 0.2254638671875, 0.006153106689453125, 10.140625, 6.80859375, 1.1748046875, 0.9892578125, 9.203125, 5.28515625, 14.1640625, 10.3515625, 2.212890625, 10.1015625, 2.517578125, 5.4453125, 4.09375, 7.61328125, 4.296875, 10.6640625, 4.0234375, 7.30859375, 1.9921875, 0.1370849609375, 0.07086181640625, 0.40576171875, 0.2132568359375, 0.10321044921875, 0.07958984375, 3.3203125, 0.327392578125, 12.9375, 0.47021484375, 0.26953125, 3.880859375, 5.01171875, 0.52734375, 1.9541015625, 3.162109375, 0.210693359375, 2.1953125, 2.380859375, 0.0120697021484375, 5.671875, 5.74609375, 3.1953125, 2.75, 7.140625, 4.0625, 0.52392578125, 0.8115234375, 0.3076171875, 7.3359375, 2.04296875, 2.3515625, 3.65234375, 0.830078125, 0.00732421875, 0.016326904296875, 0.76416015625, 0.90771484375, 0.0100555419921875, 0.94677734375, 0.0007061958312988281, 2.310546875, 8.9765625, 0.452880859375, 10.3046875, 0.186767578125, 9.572505950927734e-05, 0.0419921875, 6.140625, 4.37109375, 0.2724609375, 2.29296875, 0.20166015625, 0.020660400390625, 0.045562744140625, 0.481201171875, 0.0008587837219238281, 4.76953125, 6.15625, 6.3203125, 2.126953125, 0.1884765625, 2.8515625, 2.57421875, 0.069091796875, 0.00283050537109375, 0.0031795501708984375, 0.058746337890625, 0.020172119140625, 0.0021839141845703125, 0.0479736328125, 0.0017385482788085938, 0.1510009765625, 9.75, 0.0168609619140625, 1.7978515625, 2.3126602172851562e-05, 5.02734375, 2.93359375, 0.055908203125, 2.453125, 2.734375, 4.21875, 2.478515625, 6.98828125, 7.53515625, 12.8125, 7.99609375, 7.234375, 1.935546875, 4.50390625, 7.51953125, 0.68701171875, 1.103515625, 2.595703125, 6.08984375, 2.79296875, 1.5908203125, 0.1859130859375, 1.6123046875, 3.255859375, 2.71484375, 0.81201171875, 0.004009246826171875, 8.90625, 0.93603515625, 1.8193359375, 3.38671875, 3.3984375, 0.0013828277587890625, 0.640625, 0.00585174560546875, 0.059417724609375, 0.9453125, 2.1796875, 0.027313232421875, 1.51953125, 1.859375, 0.05706787109375, 3.49609375, 1.357421875, 1.6201171875, 0.0255889892578125, 7.90625, 0.8125, 4.23828125, 0.0281219482421875, 3.642578125, 1.625, 2.626953125, 0.0217132568359375, 0.56396484375, 0.62548828125, 0.11181640625, 0.002819061279296875, 6.16796875, 4.45703125, 4.62890625, 1.080078125, 2.693359375, 0.02764892578125, 0.36962890625, 1.265625, 0.098388671875, 0.0054168701171875, 4.453125, 2.111328125, 0.8134765625, 0.373291015625, 3.609375, 0.002475738525390625, 0.030731201171875, 2.66015625, 3.28515625, 0.33251953125, 4.82421875, 0.60595703125, 1.443359375, 0.0014247894287109375, 0.0565185546875, 0.1998291015625, 1.5966796875, 0.08282470703125, 0.0007781982421875, 0.03167724609375, 0.08465576171875, 0.35498046875, 0.27587890625, 3.056640625, 0.07733154296875, 0.1724853515625, 0.32421875, 2.185546875, 0.003612518310546875, 0.15625, 0.13818359375, 0.354248046875, 0.382080078125, 2.84765625, 0.021942138671875, 0.33740234375, 0.334228515625, 0.0145416259765625, 0.0667724609375, 0.0019817352294921875, 0.135986328125, 1.384765625, 2.166015625, 0.0065460205078125]",-1.3092110160023274
227,1,test,3.3479141985497822,1.5735100963416644,1.909778084962536,7.056373003097233,3.316475126135508,4.025224579074884,28.443344559048807,22.54657833986072,24.230508312689068,59.949818532149024,47.52124973170643,51.07045598212927,2.822672271848324,1.2470006462329628,1.7442475273537539,5.645344543696648,2.4940012924659256,3.4884950547075078,16.82174293334271,11.987755775648754,13.881698353361422,33.64348586668542,23.975511551297508,27.763396706722844,3.1828452591912004,1.4759541706577193,2.020110000679308,6.281931432614211,2.913067442087604,3.987059211867056,24.115270226252477,18.603471108412315,20.916599714138265,47.59592807812989,36.717377187655885,41.28276259369394,0.5477386934673367,-0.01226130653266333,-0.01226130653266333,0.457286432160804,0.0022864321608040417,0.007286432160804046,0.37688442211055273,-0.013115577889447283,0.006884422110552735,0.41463414634146345,0.1149995543804403,0.1536370788927831,0.4229828850855746,0.3869346733668342,0.11124545030919009,0.1765840890596555,0.31313131313131315,0.41137123745819393,0.1242259953880771,0.18556478584529068,0.38590604026845643,20.0,0.0,-1.0,34.0,1.0,0.0,40.0,1.0,2.0,0.0007846222102404136,-0.0006019742873490459,6.169833177961332e-05,-0.015512149333314795,-0.011429147815386287,-0.010241450730408275,"[9.1953125, 8.1640625, 5.484375, 4.49609375, 5.859375, 1.8193359375, 0.72412109375, 3.06640625, 1.6123046875, 0.99365234375, 1.7548828125, 5.43359375, 5.64453125, 3.4609375, 9.15625, 1.0791015625, 5.16796875, 0.194091796875, 4.8203125, 5.35546875, 0.0277557373046875, 0.353271484375, 3.29296875, 0.712890625, 0.101318359375, 0.016937255859375, 0.205322265625, 0.396240234375, 3.89453125, 2.267578125, 5.796875, 2.49609375, 6.78125, 7.1875, 9.40625, 3.1875, 0.47216796875, 0.173583984375, 5.1640625, 4.62109375, 9.7890625, 6.421875, 12.28125, 3.66015625, 2.8125, 0.0977783203125, 0.359375, 6.04296875, 1.90625, 0.349853515625, 9.9609375, 0.2188720703125, 2.388671875, 0.2452392578125, 4.125, 4.296875, 9.65625, 0.4033203125, 5.55078125, 0.326904296875, 2.77734375, 0.00835418701171875, 0.304443359375, 0.092529296875, 4.8984375, 0.122802734375, 8.2109375, 2.6328125, 4.55078125, 6.94140625, 10.8828125, 12.015625, 4.80859375, 8.2734375, 1.677734375, 1.0322265625, 0.00012040138244628906, 0.8994140625, 0.00038433074951171875, 0.002643585205078125, 0.0002435445785522461, 6.96875, 1.6572265625, 3.279296875, 0.37939453125, 3.11328125, 0.59912109375, 0.92578125, 11.8125, 1.9599609375, 0.802734375, 2.96875, 4.15234375, 0.90234375, 3.677734375, 1.0830078125, 0.5078125, 1.044921875, 0.0020084381103515625, 0.049163818359375, 0.00023221969604492188, 7.2479248046875e-05, 0.006511688232421875, 0.82470703125, 0.0008978843688964844, 0.01494598388671875, 0.240234375, 0.84521484375, 2.181640625, 0.06658935546875, 0.319091796875, 3.11328125, 0.05804443359375, 0.430419921875, 2.05859375, 0.011932373046875, 5.93359375, 1.5341796875, 6.09765625, 1.31640625, 2.837890625, 3.556640625, 1.7626953125, 0.50390625, 2.22265625, 0.042877197265625, 1.0751953125, 9.109375, 0.56494140625, 0.2039794921875, 0.00028204917907714844, 13.1640625, 4.8359375, 0.07293701171875, 2.607421875, 0.04815673828125, 10.390625, 0.12237548828125, 7.0390625, 5.0546875, 9.015625, 1.8544921875, 6.16015625, 0.1087646484375, 6.05078125, 0.45703125, 0.73583984375, 3.068359375, 4.0078125, 0.2724609375, 0.2200927734375, 8.046875, 3.02734375, 0.7529296875, 0.029083251953125, 0.5634765625, 0.34765625, 0.005825042724609375, 5.9609375, 0.02685546875, 0.18310546875, 1.2626953125, 1.94140625, 6.7734375, 1.5205078125, 0.53125, 1.70703125, 3.05859375, 3.66796875, 5.62890625, 8.28125, 3.8828125, 3.833984375, 2.466796875, 6.10546875, 3.7578125, 0.0155181884765625, 0.39111328125, 0.27734375, 0.031158447265625, 0.04449462890625, 0.0002677440643310547, 0.05615234375, 0.0007839202880859375, 0.0001806020736694336, 0.0004553794860839844, 0.1365966796875, 0.0003025531768798828, 0.0013580322265625, 0.0017795562744140625, 0.006298065185546875, 0.935546875, 3.271484375, 5.6328125, 9.25, 1.67578125, 0.97509765625, 0.29248046875, 5.125, 2.16015625, 9.1875, 1.650390625, 2.802734375, 0.72216796875, 2.912109375, 2.861328125, 0.10491943359375, 3.39453125, 3.375, 1.8583984375, 0.60888671875, 0.5634765625, 0.71923828125, 0.36962890625, 0.340576171875, 1.5478515625, 1.2880859375, 3.318359375, 2.5703125, 6.94921875, 2.57421875, 9.1328125, 1.3671875, 10.6875, 7.46875, 5.91796875, 9.921875, 5.078125, 0.74072265625, 10.15625, 1.197265625, 10.0703125, 1.064453125, 5.1953125, 1.1640625, 3.294921875, 3.748046875, 8.953125, 1.302734375, 2.65625, 3.0546875, 4.78515625, 4.64453125, 8.671875, 0.96044921875, 8.828125, 0.9013671875, 1.5185546875, 7.96484375, 0.5341796875, 7.27734375, 8.3984375, 2.533203125, 8.546875, 2.564453125, 2.2109375, 0.5771484375, 0.216064453125, 9.0234375, 4.046875, 6.54296875, 3.44921875, 4.1953125, 2.828125, 8.46875, 6.4375, 2.587890625, 7.94921875, 0.72314453125, 13.3984375, 0.2291259765625, 1.75, 6.64453125, 7.73046875, 4.390625, 4.81640625, 3.240234375, 1.6865234375, 1.9833984375, 0.140380859375, 1.13671875, 3.693359375, 0.02935791015625, 7.140625, 7.20703125, 2.154296875, 7.1171875, 0.9345703125, 4.03515625, 4.5625, 2.884765625, 7.859375, 3.400390625, 1.72265625, 3.587890625, 6.1953125, 3.572265625, 3.521484375, 2.775390625, 2.326171875, 3.3671875, 1.693359375, 5.296875, 1.0654296875, 1.783203125, 0.35400390625, 7.8359375, 2.09765625, 4.25390625, 2.26953125, 8.328125, 1.16796875, 8.109375, 0.025177001953125, 3.55078125, 0.00746917724609375, 3.2890625, 2.765625, 2.455078125, 1.724609375, 4.12890625, 3.9296875, 5.1328125, 1.81640625, 5.2265625, 7.4921875, 10.46875, 3.3828125, 4.8671875, 1.3857421875, 3.5078125, 3.54296875, 8.125, 3.265625, 3.775390625, 5.8359375, 4.7734375, 3.54296875, 10.796875, 3.0234375, 3.427734375, 7.86328125, 8.2421875, 0.68310546875, 0.8115234375, 11.09375, 4.0625, 7.984375, 8.9375, 3.87109375, 0.74609375, 0.463623046875, 0.06488037109375, 0.630859375, 0.013671875, 6.765625, 1.3359375, 0.2362060546875, 2.45703125, 0.6083984375, 0.25732421875, 0.03759765625, 0.51953125, 0.12322998046875, 4.59765625, 1.2841796875, 3.611328125, 3.8984375, 11.296875, 7.5390625, 5.56640625, 8.3046875, 7.89453125, 5.46484375, 1.46484375, 5.65234375, 6.5078125, 0.39990234375, 0.6357421875, 1.3916015625, 5.8046875, 5.0859375, 4.8125, 0.454345703125, 7.8515625, 0.46435546875, 0.06109619140625, 1.052734375, 4.66796875, 0.8857421875, 1.6025390625, 0.34033203125, 0.195556640625, 3.171875, 6.640625, 9.4609375, 0.90087890625, 4.76953125, 8.90625, 2.755859375, 3.16796875, 5.2421875, 1.578125, 2.697265625, 5.53125, 0.36083984375, 1.171875, 8.4765625, 1.15234375, 3.2109375]",-1.1193299497046123
153,1,test,1.4779171673977962,0.62287830267986,0.8670599340414327,2.8805264536543036,1.2140175835671156,1.689938470169926,4.383805432542829,2.0323396646900043,2.5417956781631776,8.544232244319145,3.9611206203512195,4.954073105209762,1.0343884283573783,0.3658763454209073,0.5436729764083494,1.814716540977857,0.6418883252998375,0.953812239312894,2.813385122824924,0.8620533830767978,1.1799006411808286,4.93576337337706,1.512374356275084,2.0700011248786465,1.4248378747283017,0.5874176292854575,0.8391067541201597,2.7400728360159645,1.129649287087418,1.6136668348464607,4.157183803564438,1.8467847838057843,2.360879983161712,7.9945842376239185,3.5515091996265076,4.540153813772523,0.23115577889447236,-0.003844221105527623,-0.003844221105527623,0.17085427135678388,-0.014145728643216171,-0.009145728643216167,0.14572864321608037,0.0057286432160803535,-0.00927135678391966,0.3114754098360656,0.1085294196560328,0.14571750362014413,0.32565789473684215,0.22613065326633164,0.05319832243926392,0.08756637947668222,0.202020202020202,0.30434782608695654,0.10735283443420196,0.14639454466315227,0.2986577181208053,17.0,3.0,3.0,21.0,3.0,4.0,26.0,7.0,7.0,-0.0013284711888445892,3.3700374611509495e-06,-0.0003154277855544145,-0.0400066030114381,-0.045295046266769834,-0.04329323299390664,"[1.369140625, 2.291015625, 3.27734375, 3.525390625, 5.21484375, 1.7060546875, 0.459716796875, 10.6171875, 2.5859375, 6.0859375, 6.35546875, 1.5322265625, 0.062286376953125, 0.86376953125, 1.9208984375, 5.5390625, 0.2978515625, 3.173828125, 5.05078125, 5.33203125, 7.13671875, 4.203125, 2.7890625, 3.9140625, 0.020904541015625, 0.35400390625, 2.8515625, 0.057037353515625, 0.556640625, 0.982421875, 0.0009279251098632812, 0.009124755859375, 0.0018243789672851562, 0.314453125, 0.0019369125366210938, 0.003322601318359375, 0.0067901611328125, 0.005344390869140625, 7.867813110351562e-06, 6.592273712158203e-05, 0.0458984375, 0.003345489501953125, 0.0084381103515625, 0.0028858184814453125, 0.0203399658203125, 0.061126708984375, 0.00017762184143066406, 0.0038013458251953125, 0.00994110107421875, 0.00021541118621826172, 0.00040221214294433594, 0.0016422271728515625, 0.0010662078857421875, 0.0038585662841796875, 0.0016765594482421875, 0.002895355224609375, 0.0016040802001953125, 0.000194549560546875, 0.00603485107421875, 0.003101348876953125, 5.8770179748535156e-05, 0.0230560302734375, 6.258487701416016e-05, 0.003398895263671875, 0.006122589111328125, 0.00142669677734375, 5.8770179748535156e-05, 0.00013172626495361328, 0.0002460479736328125, 0.00015401840209960938, 0.0017423629760742188, 2.2411346435546875e-05, 0.0010595321655273438, 0.01082611083984375, 0.00264739990234375, 0.78271484375, 0.1337890625, 0.004314422607421875, 1.2998046875, 0.00792694091796875, 3.0994415283203125e-06, 0.004032135009765625, 0.00013458728790283203, 0.00020182132720947266, 9.655952453613281e-06, 9.5367431640625e-07, 4.839897155761719e-05, 0.0006127357482910156, 0.0005102157592773438, 0.0003883838653564453, 5.9485435485839844e-05, 0.0003447532653808594, 3.5762786865234375e-06, 0.0018310546875, 0.009033203125, 0.0034389495849609375, 0.3525390625, 0.029266357421875, 0.021575927734375, 0.04583740234375, 0.001842498779296875, 0.00014126300811767578, 4.0531158447265625e-05, 0.0008955001831054688, 0.0003769397735595703, 6.568431854248047e-05, 6.9141387939453125e-06, 0.0011606216430664062, 0.0009446144104003906, 6.16312026977539e-05, 6.127357482910156e-05, 0.053558349609375, 0.0004992485046386719, 4.9233436584472656e-05, 0.000701904296875, 0.0009222030639648438, 0.0003108978271484375, 1.1920928955078125e-07, 2.0265579223632812e-06, 1.239776611328125e-05, 4.76837158203125e-06, 5.91278076171875e-05, 0.0030994415283203125, 0.00013744831085205078, 0.00015747547149658203, 0.006778717041015625, 0.00038552284240722656, 0.00033545494079589844, 0.0001341104507446289, 0.0011205673217773438, 8.106231689453125e-06, 0.0012063980102539062, 0.00014293193817138672, 0.0008854866027832031, 0.000637054443359375, 6.794929504394531e-06, 5.602836608886719e-06, 1.823902130126953e-05, 0.0022296905517578125, 0.00011360645294189453, 6.461143493652344e-05, 1.0967254638671875e-05, 2.7179718017578125e-05, 0.0004284381866455078, 0.0009717941284179688, 0.00046634674072265625, 0.0010547637939453125, 0.0010576248168945312, 0.007305145263671875, 0.0010471343994140625, 1.3113021850585938e-06, 8.344650268554688e-06, 1.4424324035644531e-05, 6.198883056640625e-06, 1.3113021850585938e-06, 0.004085540771484375, 1.239776611328125e-05, 1.0251998901367188e-05, 0.0001779794692993164, 0.0009293556213378906, 6.9141387939453125e-06, 0.004852294921875, 1.2755393981933594e-05, 4.0531158447265625e-06, 0.0003147125244140625, 0.0006442070007324219, 6.079673767089844e-05, 0.00502777099609375, 0.0111236572265625, 3.068359375, 0.353271484375, 0.755859375, 0.12890625, 6.4609375, 1.0478515625, 0.0015811920166015625, 9.6484375, 9.6875, 1.3935546875, 9.453125, 3.857421875, 1.7998046875, 7.50390625, 4.6484375, 6.44140625, 4.484375, 3.501953125, 4.08203125, 2.416015625, 9.28125, 0.0240325927734375, 0.08001708984375, 5.67578125, 1.458984375, 1.3232421875, 3.060546875, 1.0107421875, 5.7109375, 4.58203125, 0.1007080078125, 1.6591796875, 0.180419921875, 4.3515625, 2.41796875, 0.11651611328125, 10.21875, 6.9296875, 0.0036716461181640625, 0.06097412109375, 6.10546875, 6.0, 4.1015625, 0.51025390625, 3.876953125, 3.1796875, 1.95703125, 7.19140625, 0.253173828125, 1.23046875, 3.27734375, 2.060546875, 1.701171875, 5.50390625, 8.2109375, 1.1552734375, 2.568359375, 0.8134765625, 0.019134521484375, 0.020477294921875, 6.2265625, 0.0176239013671875, 2.341796875, 0.372314453125, 5.8125, 2.7890625, 0.66455078125, 3.576171875, 3.966796875, 1.2890625, 0.55322265625, 0.06573486328125, 4.8125, 0.0936279296875, 1.392578125, 0.269775390625, 5.12109375, 0.033233642578125, 0.0369873046875, 0.35888671875, 0.06103515625, 9.584426879882812e-05, 0.346923828125, 3.572265625, 0.368408203125, 7.0859375, 1.9052734375, 5.90234375, 0.072509765625, 0.0191802978515625, 0.0167083740234375, 3.583984375, 2.552734375, 2.65234375, 1.845703125, 0.0009851455688476562, 0.01300048828125, 7.51171875, 0.5546875, 1.740234375, 1.4384765625, 2.134765625, 0.638671875, 0.0195770263671875, 0.71728515625, 2.05859375, 0.319091796875, 2.8984375, 0.30712890625, 1.6279296875, 0.0027141571044921875, 0.00890350341796875, 0.2066650390625, 5.0625, 3.41796875, 0.00243377685546875, 0.029266357421875, 2.3828125, 1.646484375, 0.4345703125, 4.05078125, 1.5234375, 1.59765625, 6.1640625, 8.2421875, 0.00970458984375, 0.1357421875, 0.420166015625, 6.921875, 2.615234375, 2.3359375, 5.6953125, 2.822265625, 0.92333984375, 1.8359375, 8.28125]",-2.0828967364107975
155,1,test,0.8656830033031079,0.32973636925274297,0.4816125768957242,1.541338030271387,0.587091584279274,0.8575053198387282,2.3766287770673418,0.6675634408904505,0.9083799355353808,4.231558554290633,1.188588565487875,1.6173593974166534,0.8718657026338816,0.30757843719330646,0.4467483916577354,1.4411003349320357,0.5083941110633164,0.7384270936491494,2.3913682762101933,0.6331740659433549,0.8615984082761599,3.9526748367110636,1.0465687040386031,1.4241296004564625,0.8551479167894486,0.3210675480862131,0.4657158984847051,1.5225804372104816,0.571656853909599,0.8292014777898409,2.3517222140486393,0.6458434728438542,0.8755800800268967,4.187212722574406,1.1499164272585696,1.5589596546820355,0.18592964824120606,-0.014070351758793898,-0.019070351758793902,0.16080402010050254,-0.014195979899497502,-0.004195979899497493,0.11557788944723613,-0.009422110552763874,-0.014422110552763878,0.2155963302752294,0.062278252472025786,0.08297437905571725,0.19354838709677424,0.20100502512562812,0.048122819611843615,0.0724574458267967,0.18686868686868685,0.20642201834862384,0.04852728150651853,0.0722756768852092,0.18433179723502302,18.0,0.0,1.0,21.0,1.0,1.0,26.0,2.0,3.0,-0.000218607002863769,0.0003484221149983892,0.00014238389466341483,-0.09557297576736978,-0.09795680137749008,-0.09894079887045804,"[7.2109375, 6.16796875, 7.8046875, 2.35546875, 0.439208984375, 1.052734375, 1.1591796875, 1.0615234375, 0.062286376953125, 3.849609375, 3.53515625, 0.00598907470703125, 0.08746337890625, 0.006679534912109375, 0.336181640625, 0.01425933837890625, 0.004001617431640625, 0.0019016265869140625, 0.0099945068359375, 6.556510925292969e-06, 0.0003952980041503906, 0.09320068359375, 0.053070068359375, 0.01062774658203125, 0.0025272369384765625, 0.00951385498046875, 0.1387939453125, 0.004024505615234375, 0.0201263427734375, 0.0040435791015625, 0.0005421638488769531, 0.00029969215393066406, 0.003520965576171875, 0.001018524169921875, 0.00103759765625, 0.0024261474609375, 0.003643035888671875, 0.0010919570922851562, 0.00025081634521484375, 0.026580810546875, 0.01036834716796875, 2.1457672119140625e-05, 0.0230865478515625, 0.0031223297119140625, 0.023529052734375, 0.020111083984375, 0.0007677078247070312, 6.568431854248047e-05, 7.62939453125e-06, 8.726119995117188e-05, 0.00010347366333007812, 0.0014982223510742188, 1.609325408935547e-05, 0.0013341903686523438, 0.06591796875, 0.0046234130859375, 0.09228515625, 0.023162841796875, 1.2421875, 0.050750732421875, 2.3603439331054688e-05, 0.00606536865234375, 6.580352783203125e-05, 6.318092346191406e-05, 3.504753112792969e-05, 7.748603820800781e-06, 0.0002415180206298828, 0.00174713134765625, 0.0006461143493652344, 0.0017423629760742188, 7.832050323486328e-05, 0.0009179115295410156, 5.960464477539062e-07, 0.0008940696716308594, 0.00592803955078125, 0.0019855499267578125, 0.00423431396484375, 0.0050811767578125, 1.7392578125, 0.00125885009765625, 0.0003726482391357422, 4.1484832763671875e-05, 0.004180908203125, 0.00015354156494140625, 3.218650817871094e-05, 7.3909759521484375e-06, 0.00138092041015625, 0.0003628730773925781, 7.176399230957031e-05, 6.794929504394531e-05, 0.1295166015625, 0.0001475811004638672, 0.0013294219970703125, 0.0023040771484375, 2.6345252990722656e-05, 0.0007190704345703125, 1.5497207641601562e-06, 1.1563301086425781e-05, 3.540515899658203e-05, 1.7881393432617188e-06, 0.0001285076141357422, 0.003757476806640625, 0.00020110607147216797, 0.00023281574249267578, 0.0009207725524902344, 0.0004589557647705078, 4.5418739318847656e-05, 0.00038123130798339844, 0.0026264190673828125, 0.018402099609375, 0.00139617919921875, 0.00017452239990234375, 0.0003552436828613281, 0.00016796588897705078, 1.52587890625e-05, 7.152557373046875e-07, 4.6372413635253906e-05, 0.00045037269592285156, 0.0002582073211669922, 2.372264862060547e-05, 4.2557716369628906e-05, 5.4717063903808594e-05, 0.0011148452758789062, 0.0184478759765625, 0.0012598037719726562, 0.0068817138671875, 0.0029544830322265625, 0.134765625, 0.0010824203491210938, 9.655952453613281e-06, 3.933906555175781e-06, 1.3470649719238281e-05, 2.0742416381835938e-05, 3.2186508178710938e-06, 0.0033721923828125, 1.3232231140136719e-05, 2.193450927734375e-05, 8.344650268554688e-05, 0.002590179443359375, 0.0003979206085205078, 0.00022351741790771484, 6.9141387939453125e-06, 5.996227264404297e-05, 0.000682830810546875, 0.0008387565612792969, 3.0040740966796875e-05, 0.0125274658203125, 0.01384735107421875, 4.04296875, 4.04296875, 7.68359375, 7.98046875, 4.1171875, 4.6328125, 8.7421875, 2.611328125, 8.9921875, 5.20703125, 2.681640625, 0.06427001953125, 0.017822265625, 2.19921875, 0.114013671875, 0.37109375, 0.6435546875, 0.00726318359375, 2.423828125, 0.033966064453125, 0.002056121826171875, 7.23046875, 5.15234375, 7.47265625, 2.48046875, 0.630859375, 8.578125, 0.89306640625, 1.4189453125, 1.3798828125, 4.98046875, 0.95361328125, 2.181640625, 2.115234375, 2.453125, 0.359619140625, 0.03387451171875, 4.86328125, 4.765625, 2.826171875, 0.139892578125, 0.1239013671875, 0.07366943359375, 0.32275390625, 0.06842041015625, 1.326171875, 0.00821685791015625, 0.1407470703125, 5.59375, 0.043121337890625, 0.00046706199645996094, 0.468994140625, 0.06756591796875, 4.765625, 0.158447265625, 2.61328125, 0.041778564453125, 1.0595703125, 0.12200927734375, 0.0227508544921875, 0.1773681640625, 0.266357421875, 0.142822265625, 0.1485595703125, 2.337890625, 0.072509765625, 0.333984375, 0.00725555419921875, 1.322265625, 0.120361328125]",-3.3800211707386403
241,1,test,2.505556583404541,1.085044729899394,1.4947803147494036,5.779483852386474,2.502836510301268,3.4479599260219573,12.250375424321787,8.11113684242897,9.502642257843293,28.25753264543559,18.709688983202824,21.9194281414252,2.283666337554778,0.947831692166359,1.3198014739393757,4.660543546030159,1.9343503921762428,2.6934723957946445,9.812590809674036,6.009421890192609,7.190780954744978,20.025695529947015,12.264126306515532,14.675063172948938,2.388017555543013,1.0340405408389917,1.4430854621985252,5.386505764382735,2.3324222725691537,3.2550799899214846,10.89187997878877,7.019082863788718,8.31924130542035,24.56815032809497,15.832517737869289,18.765205952075977,0.46733668341708545,-0.002663316582914521,-0.0076633165829145256,0.3919597989949749,0.006959798994974897,-0.0030402010050251116,0.2864321608040201,-0.003567839195979916,-0.013567839195979925,0.3826086956521739,0.11343358711382368,0.16071231246546813,0.4040697674418605,0.35678391959798994,0.10114482185362905,0.13975553896359927,0.36363636363636365,0.37792642140468224,0.1174923646434135,0.17102986968054434,0.3791946308724832,22.0,0.0,0.0,29.0,-2.0,-1.0,35.0,-2.0,-2.0,-0.0008213368226265382,-0.00033313610673289915,-0.0003256787804488685,-0.033836422762585805,-0.03454104218573306,-0.030602340344370482,"[5.203125, 3.990234375, 3.4921875, 5.54296875, 2.380859375, 0.374755859375, 4.5, 0.32373046875, 0.00948333740234375, 0.0027713775634765625, 0.025787353515625, 0.22412109375, 0.094482421875, 0.055389404296875, 0.1396484375, 0.471435546875, 0.004573822021484375, 0.085693359375, 0.01282501220703125, 0.009429931640625, 0.022491455078125, 0.0251312255859375, 0.0081329345703125, 0.0009360313415527344, 0.329345703125, 0.059539794921875, 0.018890380859375, 0.007656097412109375, 0.0687255859375, 0.018463134765625, 0.07537841796875, 0.0091552734375, 0.0025691986083984375, 0.01364898681640625, 0.02783203125, 0.0133056640625, 0.034942626953125, 0.0855712890625, 1.11328125, 4.421875, 10.3671875, 7.8125, 11.3828125, 6.4765625, 2.439453125, 11.1328125, 6.50390625, 4.14453125, 0.5029296875, 2.921875, 6.8828125, 5.79296875, 4.25390625, 1.0185546875, 0.158935546875, 3.453125, 0.2164306640625, 0.0215301513671875, 0.12493896484375, 0.02197265625, 8.625, 0.94970703125, 4.8359375, 4.34375, 3.078125, 7.7578125, 0.1697998046875, 4.4453125, 0.1981201171875, 1.1083984375, 0.00775146484375, 0.994140625, 0.11309814453125, 0.28662109375, 1.97265625, 2.23828125, 0.01276397705078125, 0.05859375, 0.08526611328125, 3.630859375, 0.11309814453125, 0.1033935546875, 0.0205535888671875, 0.0235443115234375, 8.921875, 1.5205078125, 7.5859375, 1.22265625, 0.05548095703125, 0.052520751953125, 0.0275726318359375, 2.619140625, 0.026214599609375, 0.050537109375, 0.055023193359375, 0.041961669921875, 4.8671875, 0.52587890625, 6.78515625, 0.375732421875, 0.131591796875, 0.054473876953125, 0.046783447265625, 10.21875, 0.0567626953125, 5.0234375, 9.6484375, 2.740234375, 1.1533203125, 0.0283203125, 0.0797119140625, 0.12548828125, 2.50390625, 1.3759765625, 0.055938720703125, 0.061004638671875, 0.10546875, 2.546875, 0.0260009765625, 0.05072021484375, 0.15576171875, 0.04339599609375, 1.9482421875, 0.1317138671875, 0.12249755859375, 0.0838623046875, 0.351806640625, 0.053955078125, 0.1402587890625, 0.062744140625, 1.1396484375, 0.00937652587890625, 0.1279296875, 2.162109375, 0.02642822265625, 0.09820556640625, 0.63720703125, 4.33203125, 7.48828125, 11.6796875, 6.84765625, 2.345703125, 8.640625, 3.345703125, 1.9404296875, 5.12109375, 9.1796875, 1.9384765625, 0.224609375, 3.216796875, 2.353515625, 0.05059814453125, 0.1138916015625, 0.1505126953125, 0.01702880859375, 0.025604248046875, 3.67578125, 2.931640625, 0.287841796875, 6.3046875, 8.96875, 11.2109375, 0.105224609375, 0.7900390625, 0.052001953125, 7.87890625, 5.65625, 4.078125, 0.8544921875, 5.125, 0.350341796875, 4.75390625, 2.7109375, 0.2320556640625, 0.1334228515625, 7.53125, 2.98828125, 4.62890625, 0.0804443359375, 1.5283203125, 1.2666015625, 2.798828125, 0.77099609375, 5.12890625, 4.6484375, 8.53125, 7.21484375, 2.859375, 2.0859375, 0.7431640625, 2.134765625, 0.01465606689453125, 0.06427001953125, 0.74951171875, 3.427734375, 9.75, 0.099365234375, 2.177734375, 6.07421875, 7.03515625, 6.78125, 3.326171875, 2.33984375, 1.0126953125, 0.7578125, 0.1180419921875, 1.59765625, 4.4765625, 2.49609375, 0.03216552734375, 0.01108551025390625, 0.0186004638671875, 0.00807952880859375, 3.265625, 5.1796875, 1.142578125, 7.90625, 1.6748046875, 3.654296875, 0.0312042236328125, 9.421875, 0.0318603515625, 6.703125, 1.7666015625, 0.5146484375, 0.04351806640625, 0.0207366943359375, 1.298828125, 2.95703125, 1.09375, 4.81640625, 0.07470703125, 0.58544921875, 7.30859375, 6.140625, 0.431884765625, 0.466552734375, 1.2216796875, 3.74609375, 5.41796875, 5.1015625, 7.34765625, 0.7373046875, 0.058441162109375, 0.07537841796875, 3.60546875, 1.7021484375, 4.19140625, 0.4013671875, 1.142578125, 5.3046875, 0.015167236328125, 3.23046875, 0.41064453125, 4.64453125, 2.095703125, 1.2080078125, 0.1025390625, 0.07171630859375, 5.453125, 0.2685546875, 5.66015625, 0.0032024383544921875, 0.2161865234375, 1.9521484375, 5.33203125, 0.11016845703125, 3.55078125, 2.857421875, 4.4453125, 0.1734619140625, 5.10546875, 0.06866455078125, 4.80859375, 1.8994140625, 2.626953125, 3.583984375, 1.3310546875, 0.003391265869140625, 0.006305694580078125, 6.03515625, 6.0703125, 5.41796875, 3.208984375, 0.14208984375, 4.14453125, 1.2255859375, 2.626953125, 6.77734375, 0.0946044921875, 1.736328125, 13.1796875, 0.386962890625, 6.53515625, 1.7392578125, 0.59033203125, 0.0012083053588867188, 0.0013599395751953125, 1.19140625, 0.91455078125, 1.9560546875, 1.6083984375, 3.8671875, 3.9765625, 4.296875, 0.389892578125, 0.208740234375, 0.0264434814453125, 5.9453125, 6.9375, 3.078125, 2.994140625, 1.296875, 1.158203125, 0.328125, 0.0029506683349609375, 0.03729248046875, 0.370849609375, 9.2421875, 3.412109375, 0.9814453125, 5.29296875, 5.90625, 2.033203125, 3.19140625, 5.20703125, 10.953125, 2.583984375, 0.587890625, 0.198974609375, 0.58203125, 2.607421875, 0.85107421875, 5.3671875, 0.482177734375, 7.87890625, 0.88623046875, 9.1875, 2.720703125, 9.75, 11.3984375, 7.6953125, 1.23046875, 0.121337890625, 1.1630859375]",-2.093377113342285
256,1,test,1.9723097522623572,0.5573765307147558,0.5573765307147558,8.35331189193469,2.3606535418507306,2.3606535418507306,7.187258116943432,3.0710465343874427,3.0710465343874427,30.440152024701593,13.006785322111522,13.006785322111522,2.5944563995054617,1.0364460543906606,1.5031604170634243,6.827516840803846,2.727489616817528,3.9556853080616428,13.389306948890262,8.639944702498587,10.411175770520503,35.23501828655332,22.736696585522598,27.397830975053957,2.4385979438705188,0.9847650609989069,1.4077634127759922,7.54205549650676,3.0456651371100216,4.35390746219379,11.45696616705956,7.177480278550239,8.653561780162068,35.43391598059658,22.198392614072905,26.763593134521862,0.457286432160804,0.01228643216080405,0.0022864321608040417,0.371859296482412,-0.003140703517587995,-0.013140703517588004,0.3266331658291457,0.0066331658291457485,0.0066331658291457485,0.3060278207109737,0.061648544073632516,0.061648544073632516,0.281733746130031,0.3417085427135679,0.08356317930504653,0.1413746528972073,0.3282828282828283,0.3277591973244147,0.08568908046297896,0.12419968675711768,0.3120805369127517,21.0,7.0,7.0,32.0,7.0,6.0,37.0,6.0,5.0,0.00295807830458195,0.0004978008873269905,0.00021856939173757397,-0.07771836618156414,-0.07536309012126541,-0.0703224736335315,"[6.21875, 0.0088653564453125, 3.8515625, 0.24072265625, 9.015625, 0.251220703125, 0.10748291015625, 7.6796875, 2.38671875, 0.1993408203125, 7.25, 5.578125, 5.62109375, 1.6640625, 0.3515625, 1.4716796875, 6.64453125, 1.84765625, 5.9765625, 1.369140625, 0.0694580078125, 0.07489013671875, 5.20703125, 4.03515625, 4.78515625, 7.56640625, 4.28515625, 9.921875, 1.89453125, 8.3125, 1.7353515625, 0.14013671875, 0.1390380859375, 0.59326171875, 0.231689453125, 0.26708984375, 5.4765625, 0.346923828125, 0.0628662109375, 2.130859375, 0.1171875, 0.73486328125, 0.476806640625, 3.130859375, 1.6083984375, 7.4453125, 8.40625, 0.0963134765625, 0.022613525390625, 0.06256103515625, 0.701171875, 0.1202392578125, 6.26171875, 0.73193359375, 0.05438232421875, 0.05096435546875, 0.14697265625, 0.1298828125, 5.9609375, 5.171875, 0.56884765625, 0.456298828125, 0.1458740234375, 2.130859375, 0.0269012451171875, 0.05987548828125, 0.1893310546875, 4.08203125, 6.265625, 9.609375, 7.421875, 2.15234375, 0.053985595703125, 0.11053466796875, 4.08984375, 10.6953125, 11.09375, 0.77392578125, 0.0113372802734375, 0.021820068359375, 0.408203125, 8.171875, 0.52392578125, 0.0537109375, 0.1297607421875, 0.298828125, 10.4296875, 0.88916015625, 0.059112548828125, 0.1319580078125, 0.44482421875, 8.8671875, 2.48828125, 0.06304931640625, 1.3193359375, 0.018768310546875, 0.038360595703125, 0.1788330078125, 0.8349609375, 2.1328125, 7.48046875, 1.359375, 4.16796875, 0.317138671875, 0.0216064453125, 0.173583984375, 1.4423828125, 0.25537109375, 5.8203125, 5.29296875, 0.252197265625, 0.0222320556640625, 0.08734130859375, 0.6220703125, 10.171875, 7.6015625, 0.9130859375, 4.2578125, 1.9580078125, 0.007801055908203125, 0.6982421875, 4.25, 0.462646484375, 6.19140625, 0.7880859375, 8.9765625, 3.115234375, 1.796875, 0.02227783203125, 0.0472412109375, 0.23583984375, 12.3671875, 1.0009765625, 5.640625, 5.3359375, 1.55078125, 0.060791015625, 0.097900390625, 0.40576171875, 5.55078125, 0.07464599609375, 3.234375, 0.049102783203125, 6.125, 0.802734375, 2.705078125, 0.11785888671875, 0.060882568359375, 0.0802001953125, 0.11749267578125, 4.66015625, 9.8515625, 8.296875, 2.123046875, 6.19140625, 5.859375, 4.81640625, 0.36962890625, 0.056427001953125, 0.0635986328125, 0.1229248046875, 2.234375, 8.4921875, 1.5537109375, 2.12109375, 1.1953125, 0.0219879150390625, 0.0811767578125, 0.261474609375, 0.6962890625, 7.796875, 0.34521484375, 0.33642578125, 0.0244598388671875, 0.07977294921875, 0.126708984375, 7.33984375, 0.007091522216796875, 0.3466796875, 0.0176239013671875, 8.140625, 1.4365234375, 0.2034912109375, 0.3837890625, 0.052734375, 0.0638427734375, 0.1326904296875, 10.421875, 1.5078125, 0.484619140625, 0.08349609375, 6.2421875, 0.78271484375, 0.02825927734375, 0.1058349609375, 0.1435546875, 7.453125, 0.12237548828125, 9.2734375, 0.0999755859375, 8.4140625, 4.37109375, 0.32666015625, 4.07421875, 1.4453125, 0.1468505859375, 0.0228729248046875, 0.03619384765625, 0.1131591796875, 3.197265625, 0.0125579833984375, 5.9765625, 0.0168609619140625, 0.0145721435546875, 0.08990478515625, 0.038482666015625, 1.548828125, 0.0218658447265625, 0.037353515625, 0.05389404296875, 6.953125, 1.08984375, 0.033355712890625, 6.7890625, 8.3515625, 2.517578125, 0.027313232421875, 0.08447265625, 0.05596923828125, 8.71875, 2.564453125, 0.03887939453125, 4.125, 0.2998046875, 3.17578125, 0.450927734375, 8.0859375, 0.34619140625, 0.0096893310546875, 0.029083251953125, 2.2265625, 0.438720703125, 10.484375, 4.94140625, 0.09429931640625, 0.0230255126953125, 0.046478271484375, 0.1380615234375, 0.133544921875, 7.84375, 5.77734375, 0.607421875, 0.0205078125, 0.038909912109375, 0.1151123046875, 0.1688232421875, 8.109375, 2.53515625, 0.1832275390625, 0.0204925537109375, 0.07586669921875, 0.08441162109375, 0.0966796875, 6.2265625, 1.4921875, 0.053802490234375, 0.04449462890625, 0.0682373046875, 12.140625, 0.36865234375, 0.032379150390625, 2.22265625, 0.051666259765625, 0.66064453125, 0.1431884765625, 7.171875, 0.0289306640625, 9.1953125, 0.271484375, 0.01039886474609375, 0.03680419921875, 2.408203125, 7.16015625, 4.09375, 6.0859375, 5.7109375, 0.8798828125, 0.00835418701171875, 0.055633544921875, 0.2432861328125, 0.1292724609375, 5.609375, 2.625, 1.3603515625, 0.0097198486328125, 0.0513916015625, 0.09844970703125, 0.08447265625, 9.7578125, 5.375, 0.0031757354736328125, 0.3388671875, 0.00839996337890625, 2.130859375, 0.0071868896484375, 0.005374908447265625, 0.0302734375, 4.14453125, 4.26171875, 5.88671875, 0.0027332305908203125, 0.05255126953125, 0.156494140625, 10.1171875, 8.921875, 0.42431640625, 0.00893402099609375, 0.04962158203125, 0.0552978515625, 8.359375, 4.66796875, 11.6171875, 0.418701171875, 0.2362060546875, 0.0225677490234375, 0.318115234375, 0.103271484375, 8.7109375, 4.54296875, 0.7490234375, 0.060638427734375, 1.3173828125, 0.0248260498046875, 0.01482391357421875, 0.078369140625, 0.64013671875, 0.55908203125, 5.5859375, 1.068359375, 4.56640625, 5.703125, 0.77978515625, 0.019866943359375, 0.0782470703125, 0.0775146484375, 0.36865234375, 1.0087890625, 8.4375, 2.583984375, 0.00830841064453125, 0.11053466796875, 0.1273193359375, 0.200927734375, 6.26171875, 8.015625, 0.0195465087890625, 0.00324249267578125, 0.037445068359375, 0.057891845703125, 10.1484375, 3.27734375, 0.2255859375, 4.76953125, 2.205078125, 0.0249176025390625, 0.07647705078125, 0.07666015625, 7.61328125, 0.11065673828125, 4.671875, 0.73388671875, 0.031463623046875, 0.439697265625, 5.59375, 1.03125, 0.0217437744140625, 0.036346435546875, 0.0628662109375, 1.125, 0.00959014892578125, 1.1474609375, 0.1517333984375, 0.006122589111328125, 0.0458984375, 6.734375, 2.5234375, 2.076171875, 3.505859375, 3.36328125, 0.80859375, 0.00791168212890625, 0.025634765625, 0.12841796875, 9.0703125, 0.053985595703125, 1.970703125, 0.01070404052734375, 0.009918212890625, 0.028076171875, 4.26953125, 0.0648193359375, 0.017364501953125, 0.023773193359375, 0.0036296844482421875, 0.448486328125, 6.65625, 1.619140625, 0.375, 0.0791015625, 0.0200042724609375, 0.039642333984375, 0.043975830078125, 0.5166015625, 0.00835418701171875, 0.140869140625, 0.00247955322265625, 0.004627227783203125, 0.0167236328125, 3.5, 0.04290771484375, 0.016204833984375, 0.023162841796875, 0.00145721435546875, 3.080078125, 0.0206146240234375, 0.048675537109375, 0.041717529296875, 8.1640625, 4.51171875, 0.11767578125, 1.36328125, 0.0220489501953125, 0.08258056640625, 0.07342529296875, 6.1171875, 0.21484375, 0.0128021240234375, 0.1700439453125, 2.345703125, 0.032318115234375, 0.004779815673828125, 0.037841796875, 0.088134765625, 0.72216796875, 0.051849365234375, 0.01157379150390625, 0.0107879638671875, 3.546875, 0.06427001953125, 0.0219268798828125, 0.034820556640625, 0.07830810546875, 9.328125, 0.3427734375, 0.026031494140625, 0.1712646484375, 0.1324462890625, 5.8671875, 3.591796875, 0.161865234375, 1.36328125, 5.03125, 0.363037109375, 0.023712158203125, 0.03265380859375, 0.12432861328125, 6.12109375, 0.1522216796875, 6.81640625, 0.76806640625, 3.609375, 0.1549072265625, 0.0195770263671875, 0.0160980224609375, 0.07135009765625, 5.171875, 2.740234375, 0.0654296875, 6.75390625, 0.3642578125, 0.395751953125, 6.97265625, 0.181640625, 0.020263671875, 0.02972412109375, 0.0906982421875, 6.79296875, 0.042938232421875, 5.43359375, 0.37744140625, 0.0228271484375, 0.0231475830078125, 0.10467529296875, 3.318359375, 0.0160369873046875, 6.54296875, 0.98291015625, 0.0164337158203125, 0.064453125, 2.85546875, 0.1566162109375, 0.020263671875, 0.0379638671875, 0.0919189453125, 0.399169921875, 0.0038242340087890625, 2.296875, 0.06695556640625, 0.0145111083984375, 0.01023101806640625, 3.71484375, 0.0701904296875, 0.028350830078125, 0.032196044921875, 0.00470733642578125, 0.06591796875, 0.003387451171875, 0.0128173828125, 0.09417724609375, 0.0733642578125, 0.0047454833984375, 5.41796875, 1.736328125, 0.7451171875, 0.007568359375, 0.0433349609375, 0.11846923828125, 0.2802734375, 0.006641387939453125, 6.30078125, 1.6787109375, 1.357421875, 0.0212249755859375, 0.054840087890625, 0.097900390625, 0.1767578125, 0.006649017333984375, 6.515625, 2.318359375, 0.0036640167236328125, 0.0168914794921875, 0.17529296875, 0.10540771484375, 0.01064300537109375, 6.125, 0.2022705078125, 0.00800323486328125, 0.028594970703125, 0.138916015625, 0.0645751953125, 0.004505157470703125, 3.37890625, 0.8681640625, 3.4296875, 2.185546875, 6.78125, 0.03558349609375, 0.020263671875, 0.015655517578125, 0.045166015625, 0.08721923828125, 0.0015773773193359375, 1.0263671875, 0.109130859375, 2.185546875, 7.00390625, 0.0073394775390625, 0.0163726806640625, 0.11810302734375, 6.078125, 0.002902984619140625, 6.60546875, 0.03167724609375, 0.783203125, 0.01959228515625, 0.0153961181640625, 0.10675048828125, 0.049560546875, 0.0035381317138671875, 7.4453125, 0.357666015625, 0.76123046875, 0.008453369140625, 0.01169586181640625, 0.123291015625, 0.046112060546875, 0.003841400146484375, 4.68359375, 2.197265625, 0.008544921875, 0.01171875, 0.10992431640625, 14.015625, 0.065185546875, 6.046875, 0.050201416015625, 0.75537109375, 0.0220947265625, 0.049530029296875, 0.135009765625, 1.9462890625, 5.015625, 0.0535888671875, 4.04296875, 0.045013427734375, 0.94140625, 9.140625, 4.41796875, 0.0950927734375, 0.00994873046875, 0.037689208984375, 1.296875, 0.1988525390625, 7.69921875, 8.5859375, 0.5986328125, 0.0084991455078125, 0.039031982421875, 0.1583251953125, 0.09454345703125, 6.8203125, 0.359375, 0.00823974609375, 0.039398193359375, 0.1070556640625, 11.0703125, 1.873046875, 0.0460205078125, 0.7392578125, 3.955078125, 0.08392333984375, 0.02044677734375, 0.0244140625, 0.037567138671875, 5.16796875, 0.047576904296875, 0.01300048828125, 0.01059722900390625, 2.28515625, 0.07733154296875, 0.0202789306640625, 0.03369140625, 0.03472900390625, 5.33203125, 0.0634765625, 0.01001739501953125, 3.068359375]",-2.004958228313204
214,1,test,1.5970145026031806,0.6493954154444245,0.7714554663632135,3.715160053424241,1.5106988085601873,1.7946490322765283,4.938267210706337,2.3587065776694973,2.655110434699056,11.487968984906319,5.487096354367988,6.17662532703675,1.1136676989608074,0.4358802304138947,0.6452401407846999,1.8561128316013458,0.7264670506898245,1.0754002346411666,3.0455079416583914,1.075992648198937,1.4480276692133613,5.075846569430652,1.7933210803315616,2.4133794486889353,1.273724178406706,0.5049022762191866,0.7219396012332671,2.617241462479533,1.0374704305873699,1.4834375367806858,3.5741385368916276,1.4169152008087624,1.8377896336511943,7.344120281284166,2.9114695907029366,3.7762800691462894,0.24623115577889443,-0.018768844221105585,-0.0037688442211055717,0.18592964824120606,0.0009296482412060048,-0.004070351758793889,0.15577889447236182,-0.004221105527638214,-0.004221105527638214,0.3015873015873016,0.0886767693109709,0.10608388027742865,0.3318181818181818,0.23115577889447236,0.06323597939572545,0.08925260694121695,0.21212121212121215,0.28428093645484953,0.08394704663848895,0.12966469618788623,0.2751677852348994,15.0,-1.0,1.0,21.0,0.0,0.0,24.0,-1.0,0.0,-0.0005568176880794474,-0.0007830498351283579,-8.861584150595151e-05,-0.0934179764479337,-0.10639940684698335,-0.09910750090180631,"[5.171875, 4.94140625, 3.841796875, 4.109375, 3.455078125, 4.84765625, 6.30078125, 1.4521484375, 2.48828125, 0.34130859375, 0.02740478515625, 0.55810546875, 0.00817108154296875, 0.058624267578125, 0.1279296875, 0.0043487548828125, 0.015777587890625, 0.007965087890625, 0.0149383544921875, 0.0001138448715209961, 0.000644683837890625, 0.33984375, 0.0906982421875, 0.0298309326171875, 0.00806427001953125, 0.005245208740234375, 0.023468017578125, 0.01053619384765625, 0.015777587890625, 0.0008893013000488281, 0.0006103515625, 0.0098114013671875, 0.006191253662109375, 0.0028057098388671875, 0.004245758056640625, 0.00588226318359375, 0.0018262863159179688, 8.463859558105469e-05, 0.0089111328125, 0.00553131103515625, 3.0875205993652344e-05, 0.051910400390625, 0.001796722412109375, 0.01316070556640625, 0.00047278404235839844, 5.841255187988281e-06, 4.57763671875e-05, 0.00015270709991455078, 0.00036263465881347656, 0.0022068023681640625, 9.179115295410156e-06, 0.00666046142578125, 0.015594482421875, 0.0081024169921875, 0.00904083251953125, 0.036468505859375, 0.91455078125, 0.049102783203125, 4.172325134277344e-06, 0.0042724609375, 0.00015401840209960938, 2.6345252990722656e-05, 9.071826934814453e-05, 7.033348083496094e-06, 7.68899917602539e-05, 5.0187110900878906e-05, 0.00028896331787109375, 0.0018100738525390625, 2.658367156982422e-05, 0.002490997314453125, 5.960464477539062e-07, 0.00472259521484375, 0.0046234130859375, 0.0060272216796875, 0.004665374755859375, 0.0165863037109375, 0.002735137939453125, 5.412101745605469e-05, 3.0994415283203125e-06, 4.2557716369628906e-05, 6.0677528381347656e-05, 2.1457672119140625e-06, 0.0003662109375, 0.0011796951293945312, 6.687641143798828e-05, 0.00022161006927490234, 0.0002378225326538086, 0.003429412841796875, 0.0185089111328125, 5.2928924560546875e-05, 0.0003459453582763672, 5.447864532470703e-05, 1.704692840576172e-05, 3.4570693969726562e-06, 3.600120544433594e-05, 1.1205673217773438e-05, 0.00091552734375, 0.0043182373046875, 0.00038933753967285156, 0.00019109249114990234, 0.0009169578552246094, 0.0011730194091796875, 0.00012350082397460938, 0.002857208251953125, 0.0011796951293945312, 3.147125244140625e-05, 0.023284912109375, 4.112720489501953e-05, 5.435943603515625e-05, 5.447864532470703e-05, 6.818771362304688e-05, 0.0001494884490966797, 0.00013375282287597656, 0.0005106925964355469, 0.0001747608184814453, 5.626678466796875e-05, 0.0010662078857421875, 0.006885528564453125, 0.0035839080810546875, 0.0069427490234375, 0.0038547515869140625, 0.00824737548828125, 0.00689697265625, 0.0001480579376220703, 0.00014150142669677734, 8.71419906616211e-05, 1.2874603271484375e-05, 0.0005078315734863281, 8.308887481689453e-05, 2.2649765014648438e-06, 0.0001207590103149414, 0.00252532958984375, 2.2649765014648438e-06, 0.0009946823120117188, 0.0011386871337890625, 0.0004589557647705078, 6.67572021484375e-06, 0.0009264945983886719, 0.0161590576171875, 0.451171875, 3.205078125, 2.57421875, 4.5390625, 6.16015625, 1.2509765625, 8.9609375, 1.583984375, 6.44140625, 5.0859375, 1.115234375, 3.357421875, 1.1123046875, 5.27734375, 9.6796875, 2.1015625, 0.07330322265625, 3.513671875, 3.5234375, 7.796875, 3.642578125, 4.29296875, 13.6015625, 7.96484375, 1.330078125, 7.60546875, 1.0029296875, 4.65625, 1.3486328125, 2.240234375, 0.0142059326171875, 0.81787109375, 0.00024306774139404297, 0.67431640625, 0.0001093149185180664, 3.7670135498046875e-05, 0.00015747547149658203, 4.7421875, 2.337890625, 0.56201171875, 6.7734375, 0.87548828125, 1.1005859375, 0.1297607421875, 8.8515625, 2.029296875, 1.40625, 1.005859375, 6.44140625, 1.3974609375, 0.58251953125, 0.73583984375, 0.0034847259521484375, 0.09600830078125, 0.0173492431640625, 6.04296875, 0.298828125, 5.93359375, 0.751953125, 0.84130859375, 0.431396484375, 1.7431640625, 6.61328125, 1.5615234375, 0.94287109375, 0.450927734375, 0.1419677734375, 0.7890625, 7.74609375, 0.1385498046875, 0.08843994140625, 0.001880645751953125, 0.69921875, 0.010284423828125, 0.01318359375, 0.06707763671875, 0.04913330078125, 8.015625, 1.009765625, 0.0122833251953125, 2.150390625, 4.52734375, 2.123046875, 3.591796875, 1.4365234375, 3.990234375, 1.8681640625, 0.30908203125, 0.0186614990234375, 0.042755126953125, 0.30078125, 1.994140625, 1.7861328125, 0.1522216796875, 0.03582763671875, 0.052734375, 5.91015625, 1.86328125, 0.0408935546875, 0.2001953125, 0.00313568115234375, 0.321044921875, 0.057952880859375, 0.301513671875, 0.0210418701171875, 0.00032210350036621094, 0.005916595458984375, 9.0, 2.412109375, 0.0826416015625, 0.1505126953125, 0.0897216796875, 0.0294952392578125, 0.003017425537109375, 0.70068359375, 0.1453857421875, 9.0546875, 0.0031185150146484375, 0.001316070556640625, 0.92333984375, 3.841796875, 1.44921875, 8.109375, 1.73828125, 1.91796875, 0.266357421875, 1.6318359375, 2.9609375, 1.4521484375, 0.09619140625, 0.0168914794921875, 0.003047943115234375, 0.70068359375, 4.87890625, 1.3076171875, 1.1015625, 4.28125, 1.5283203125, 0.27685546875, 4.55859375, 0.01026153564453125, 0.0167388916015625, 0.18994140625, 1.7001953125, 0.0029888153076171875, 0.1669921875, 0.00463104248046875, 0.0024852752685546875, 0.0013780593872070312, 0.019439697265625, 0.139892578125, 0.0097808837890625, 0.00020647048950195312, 2.19921875, 6.2578125, 2.173828125, 6.66796875, 3.33984375, 4.59375, 2.423828125, 5.68359375, 1.4990234375, 0.2015380859375, 0.0148162841796875, 1.095703125, 0.0207366943359375, 1.015625, 0.60595703125, 8.453125, 0.328369140625, 10.1796875, 0.00853729248046875, 0.08367919921875, 0.9072265625, 2.12109375, 0.0264892578125, 0.01006317138671875, 0.8603515625, 0.3203125, 0.0204620361328125, 5.0625, 0.76611328125, 0.15478515625, 5.546875, 0.37255859375, 3.5, 0.00930023193359375, 0.00272369384765625, 0.96337890625, 0.75, 2.173828125, 3.484375, 0.73193359375, 0.051727294921875, 0.0693359375, 0.0560302734375, 0.0086517333984375, 0.392333984375, 0.01824951171875, 0.0033092498779296875, 6.49609375, 0.0018739700317382812, 0.0771484375, 2.26953125, 0.0085601806640625, 0.1177978515625, 8.984375, 5.2734375, 0.1058349609375, 0.0235137939453125, 2.185546875, 0.1781005859375, 8.5234375, 0.1103515625, 0.927734375, 0.0733642578125, 0.0312347412109375, 7.62890625, 0.324951171875, 0.00044226646423339844, 1.0546875, 3.380859375, 2.2421875, 4.69140625, 2.5390625, 5.0546875, 0.021636962890625, 0.0445556640625, 0.0080108642578125, 0.81982421875, 4.09765625, 7.0625, 0.326904296875, 2.216796875, 3.5, 0.34716796875, 6.37109375, 4.16796875, 4.81640625, 2.107421875, 0.1947021484375, 8.0625, 3.861328125, 1.0166015625, 0.196044921875, 6.71875, 0.145263671875, 0.049591064453125, 2.275390625, 0.0108795166015625, 0.83447265625, 0.73046875, 3.111328125, 8.2578125, 2.43359375, 0.64013671875, 1.3310546875, 0.0263671875, 1.9150390625, 0.312255859375, 0.05438232421875, 0.732421875, 5.36328125, 0.44580078125, 11.15625, 2.796875, 6.5546875, 0.583984375, 7.1171875, 5.125, 5.4609375, 1.923828125, 6.29296875, 0.70361328125, 10.1953125, 4.52734375, 2.318359375, 0.0018253326416015625, 0.0020046234130859375, 8.96875, 0.50390625, 0.16015625, 0.12939453125, 9.375, 2.666015625, 6.296875, 1.806640625, 0.363037109375, 0.75439453125, 3.83984375, 0.634765625, 2.15234375, 0.003017425537109375, 0.224853515625, 6.421875, 1.8251953125, 0.0982666015625, 1.9150390625, 0.0096588134765625, 2.7734375, 2.50390625, 3.74609375]",-2.3292714795287774
243,1,test,1.6352436737513836,0.7144179333456823,0.986992346227923,5.314541939691996,2.321858283373467,3.2077251252407497,5.130708063597881,2.619344795485124,3.2185139610922864,16.67480120669311,8.51287058532665,10.460170373549929,1.5738985514521,0.6210356908872012,0.9082158559072792,4.769389549854848,1.881926336021822,2.752169260325088,4.825423733995232,2.232300942144205,2.8796052644019356,14.622496163621916,6.7645483095278935,8.726076558793745,1.7258553122198304,0.7289325374352773,1.0229190191991682,5.229864582484334,2.2088864770765975,3.0997546036338424,5.6173235410444535,2.907393621028435,3.597649175947332,17.022192548619554,8.810283700086163,10.901967199840398,0.3266331658291457,0.0066331658291457485,0.001633165829145744,0.23115577889447236,-0.018844221105527637,-0.003844221105527623,0.20603015075376885,0.001030150753768888,0.0060301507537688925,0.2901234567901234,0.09289695447887536,0.12379902147184829,0.2693498452012384,0.2613065326633166,0.07333660785128648,0.1027088698920311,0.2222222222222222,0.3010033444816054,0.0889833110926237,0.12970189843043745,0.2818791946308725,17.0,5.0,6.0,26.0,10.0,10.0,30.0,8.0,8.0,-0.0004248170164967322,0.0005873739938186824,-0.00019992400697638085,-0.126120794398922,-0.14082383108173868,-0.128187511204783,"[8.3125, 1.85546875, 1.486328125, 7.8125, 6.390625, 1.9072265625, 4.66796875, 6.18359375, 3.623046875, 4.09765625, 0.9111328125, 0.334228515625, 1.3134765625, 0.172119140625, 0.80517578125, 0.82470703125, 10.1171875, 1.4306640625, 4.265625, 0.20361328125, 4.625, 0.0294952392578125, 0.9228515625, 0.047515869140625, 1.3232421875, 8.6171875, 0.2186279296875, 4.2421875, 0.200927734375, 0.0134429931640625, 2.404296875, 0.0212249755859375, 5.7734375, 0.85302734375, 0.044708251953125, 0.06597900390625, 2.92578125, 0.02398681640625, 2.529296875, 0.71630859375, 0.0226593017578125, 0.701171875, 0.1669921875, 0.147216796875, 6.36328125, 0.0245208740234375, 0.21875, 0.038238525390625, 0.00400543212890625, 0.322998046875, 0.0024280548095703125, 1.0927734375, 0.3505859375, 0.005889892578125, 0.00952911376953125, 0.1622314453125, 0.0076141357421875, 6.4609375, 0.036102294921875, 0.01045989990234375, 0.1568603515625, 0.021453857421875, 0.13818359375, 4.796875, 9.609375, 0.6142578125, 0.95361328125, 0.01006317138671875, 0.006389617919921875, 0.07965087890625, 0.0017070770263671875, 0.48388671875, 0.1328125, 0.00518035888671875, 0.007904052734375, 0.11767578125, 0.005626678466796875, 1.0810546875, 0.136962890625, 0.0105743408203125, 0.32275390625, 0.0207977294921875, 0.3232421875, 2.212890625, 2.853515625, 0.273681640625, 0.021209716796875, 0.0003826618194580078, 0.0012359619140625, 0.0101318359375, 0.0007295608520507812, 0.0452880859375, 0.132080078125, 0.0023136138916015625, 0.00299072265625, 0.0081024169921875, 0.0017824172973632812, 0.72998046875, 0.0266571044921875, 0.0283050537109375, 0.1336669921875, 0.020782470703125, 0.322509765625, 7.24609375, 7.36328125, 0.06304931640625, 0.0185394287109375, 0.0003707408905029297, 0.0013723373413085938, 0.00922393798828125, 0.0008883476257324219, 0.52001953125, 0.053253173828125, 0.0020809173583984375, 0.00133514404296875, 0.03814697265625, 0.0018434524536132812, 2.71875, 9.7578125, 0.2607421875, 1.0224609375, 0.68408203125, 0.017547607421875, 0.002696990966796875, 0.1292724609375, 0.00762176513671875, 0.1326904296875, 3.783203125, 1.4091796875, 0.044921875, 0.004085540771484375, 9.918212890625e-05, 0.001117706298828125, 0.006542205810546875, 0.0005540847778320312, 2.181640625, 0.1341552734375, 0.0015926361083984375, 0.0011281967163085938, 0.0103759765625, 0.0014324188232421875, 0.301513671875, 1.68359375, 0.05792236328125, 0.0004858970642089844, 0.390625, 0.0033626556396484375, 0.00817108154296875, 0.1292724609375, 0.01959228515625, 0.05047607421875, 6.94921875, 3.76953125, 5.875, 0.0178985595703125, 1.7138671875, 0.01190185546875, 0.074462890625, 7.7265625, 5.984375, 5.421875, 7.2265625, 4.19140625, 6.79296875, 2.861328125, 3.75, 5.109375, 0.1534423828125, 0.0163116455078125, 12.125, 4.51171875, 5.50390625, 7.3984375, 0.76318359375, 2.298828125, 0.00705718994140625, 0.134033203125, 1.5497207641601562e-06, 0.0200958251953125, 1.736328125, 0.1492919921875, 10.328125, 0.08563232421875, 0.77587890625, 0.0184478759765625, 0.0067138671875, 0.245361328125, 0.0114593505859375, 4.53515625, 1.2099609375, 0.01235198974609375, 0.0039043426513671875, 0.437255859375, 0.0044097900390625, 4.1875, 0.114990234375, 0.056884765625, 0.316162109375, 0.0097198486328125, 0.06048583984375, 4.09375, 12.109375, 10.4609375, 1.0498046875, 1.60546875, 0.06951904296875, 4.234375, 7.234375, 0.08709716796875, 2.00390625, 0.0310821533203125, 0.008880615234375, 0.1326904296875, 0.00978851318359375, 1.5283203125, 0.16162109375, 0.0026569366455078125, 0.0013723373413085938, 0.171142578125, 0.007656097412109375, 1.24609375, 4.375, 0.39111328125, 0.0296478271484375, 0.00727081298828125, 2.12890625, 0.033905029296875, 0.357666015625, 0.79931640625, 1.3486328125, 0.0073699951171875, 4.328125, 0.0056610107421875, 0.027191162109375, 0.00909423828125, 0.00826263427734375, 3.181640625, 3.37890625, 7.640625, 8.453125, 7.28125, 6.2578125, 4.5390625, 5.79296875, 0.6220703125, 0.89111328125, 0.06231689453125, 0.0194854736328125, 3.63671875, 10.578125, 0.2396240234375, 6.8203125, 0.0555419921875, 0.18408203125, 0.3115234375, 3.91015625, 1.7275390625, 0.31884765625, 0.0208892822265625, 0.85693359375, 4.2578125, 5.234375, 1.763671875, 0.0029582977294921875, 0.3115234375, 4.0859375, 0.135009765625, 0.01861572265625, 4.40234375, 0.038482666015625, 4.71484375, 2.666015625, 2.263671875, 1.0546875, 0.89794921875, 1.85546875, 2.87109375, 4.17578125, 0.130615234375, 1.3173828125, 0.74658203125, 1.392578125, 0.0572509765625, 1.998046875, 1.94140625, 8.921875, 4.5546875, 0.00795745849609375, 0.029998779296875, 0.0187835693359375, 1.8154296875, 0.0259246826171875, 0.6982421875, 0.0936279296875, 0.0987548828125, 6.296875, 3.162109375, 0.0204925537109375, 0.316650390625, 0.330078125, 0.13623046875, 0.1292724609375, 0.55224609375, 1.2421875, 1.2841796875, 0.410888671875, 0.002117156982421875, 0.01262664794921875, 0.002532958984375, 0.0693359375, 0.0084075927734375, 0.03460693359375, 0.0290069580078125, 0.00861358642578125, 0.341552734375, 0.1495361328125, 0.0029850006103515625, 0.129638671875, 2.1328125, 0.053802490234375, 0.0222015380859375, 0.72021484375, 0.330078125, 1.0810546875]",-1.9890217586064045
151,1,test,0.49809598067641764,0.1592585257300001,0.2593865783914343,0.9961919613528353,0.3185170514600002,0.5187731567828686,1.645585060191692,0.24226983546678804,0.3759755228509416,3.291170120383384,0.4845396709335761,0.7519510457018832,0.3189122718782281,0.0491658225200457,0.11642872592052589,0.585160131886657,0.09021251838540495,0.21363068976243277,1.3756306381201702,0.06599828761027293,0.15119070015053637,2.5240929139819634,0.12109777543169331,0.27741412871658033,0.49809598067641764,0.1592585257300001,0.2593865783914343,0.9961919613528353,0.3185170514600002,0.5187731567828686,1.645585060191692,0.24226983546678804,0.3759755228509416,3.291170120383384,0.4845396709335761,0.7519510457018832,0.06030150753768848,-0.0046984924623114654,-0.0046984924623114654,0.05025125628140703,-0.014748743718592916,-0.009748743718593023,0.045226130653266305,-0.004773869346733739,-0.004773869346733739,0.12236286919831219,0.014994448145680628,0.01857605292902742,0.1271186440677966,0.085427135678392,0.01023916575357997,0.00863247791545374,0.0757575757575758,0.12236286919831219,0.014994448145680628,0.01857605292902742,0.1271186440677966,13.0,1.0,1.0,14.0,1.0,0.0,15.0,1.0,1.0,-0.00019454516445038169,-0.00027301484218230265,-0.00029458715303828096,-0.07343689873944204,-0.07058731763195625,-0.07374083365453976,"[1.3671875, 2.251953125, 4.25, 0.402099609375, 0.0210418701171875, 0.1356201171875, 0.006710052490234375, 0.005146026611328125, 0.0015087127685546875, 0.0010557174682617188, 0.0517578125, 0.0264892578125, 0.00226593017578125, 0.0011463165283203125, 0.37255859375, 3.695487976074219e-05, 0.0189361572265625, 0.017822265625, 2.181529998779297e-05, 0.0004801750183105469, 0.0009274482727050781, 0.004367828369140625, 0.052276611328125, 0.012237548828125, 0.0018110275268554688, 0.00024628639221191406, 0.0001271963119506836, 0.32763671875, 6.198883056640625e-06, 0.00716400146484375, -0.0, 0.00258636474609375, 2.181529998779297e-05, 2.1457672119140625e-05, 0.01061248779296875, 0.00037169456481933594, 0.049591064453125, 3.5762786865234375e-07, 0.0011348724365234375, 2.1219253540039062e-05, 3.170967102050781e-05, 4.5180320739746094e-05, 0.00038051605224609375, 0.004711151123046875, 0.00015926361083984375, 5.793571472167969e-05, 1.7523765563964844e-05, 9.5367431640625e-07, 0.0002613067626953125, 0.0003542900085449219, 1.1920928955078125e-07, 0.0016527175903320312, 0.00014007091522216797, 1.4185905456542969e-05, 0.00020933151245117188, 0.00012767314910888672, 9.143352508544922e-05, 0.00270843505859375, 2.1457672119140625e-05, 0.00038313865661621094, -0.0, 4.589557647705078e-05, 0.00034117698669433594, 3.230571746826172e-05, 0.0035305023193359375, 5.960464477539062e-07, 0.0003151893615722656, 2.86102294921875e-06, 0.00014317035675048828, 0.0025653839111328125, 1.6808509826660156e-05, 3.5762786865234375e-07, -0.0, 1.2040138244628906e-05, 1.1920928955078125e-06, 2.4199485778808594e-05, 5.6862831115722656e-05, 0.01934814453125, 0.0004611015319824219, 3.5762786865234375e-07, 0.0004341602325439453, 7.617473602294922e-05, 5.078315734863281e-05, 2.7418136596679688e-06, 0.0010156631469726562, 0.004627227783203125, 0.000980377197265625, 9.5367431640625e-07, 1.4781951904296875e-05, 0.0002219676971435547, 0.00014698505401611328, 0.0015869140625, 0.00013148784637451172, 0.0001246929168701172, 0.007198333740234375, 0.00013518333435058594, 0.061248779296875, 0.00035762786865234375, 1.396484375, 0.0028533935546875, 2.5033950805664062e-06, 0.0005855560302734375, 5.3763389587402344e-05, 3.5762786865234375e-07, 4.5299530029296875e-06, 6.9141387939453125e-06, 2.682209014892578e-05, 8.535385131835938e-05, 0.0002560615539550781, 0.00017452239990234375, 5.555152893066406e-05, 0.00012505054473876953, 4.76837158203125e-07, 0.00026535987854003906, 0.004878997802734375, 0.00281524658203125, 0.0038509368896484375, 1.633167266845703e-05, 0.00305938720703125, 5.137920379638672e-05, 2.5272369384765625e-05, 0.00017893314361572266, 6.783008575439453e-05, 5.352497100830078e-05, 0.00012230873107910156, 0.00015163421630859375, 5.3882598876953125e-05, 1.1563301086425781e-05, 0.00029778480529785156, 0.6953125, 6.67572021484375e-06, 0.0013265609741210938, 1.1920928955078125e-07, 3.039836883544922e-05, 1.3709068298339844e-05, 6.198883056640625e-06, 6.318092346191406e-06, 0.0004742145538330078, 0.002750396728515625, 0.0226898193359375, 0.00099945068359375, 8.940696716308594e-06, 0.0009098052978515625, 0.0015363693237304688, 7.033348083496094e-05, 5.888938903808594e-05, 1.1920928955078125e-07, 1.5497207641601562e-06, 0.0003731250762939453, 0.0003619194030761719, 4.780292510986328e-05, 0.0004916191101074219, 0.0002294778823852539, 0.00726318359375, 0.0024814605712890625, 1.0728836059570312e-06, 6.139278411865234e-05, 9.5367431640625e-07, 2.86102294921875e-05, 1.1563301086425781e-05, 0.0009531974792480469, 1.3113021850585938e-06, 0.00339508056640625, 0.00713348388671875, 0.000934600830078125, 0.00034427642822265625, 0.0009860992431640625, 0.0008563995361328125, 0.048583984375, 4.673004150390625e-05, -0.0, 0.0012140274047851562, 3.349781036376953e-05, 0.00013947486877441406, 9.5367431640625e-07, 1.5497207641601562e-05, 0.0010166168212890625, 0.0010776519775390625, 0.002475738525390625, 7.927417755126953e-05, 0.0006580352783203125, 0.00013113021850585938, 0.0014505386352539062, 0.00905609130859375, 0.01922607421875, 0.0111541748046875, 0.732421875, 7.06640625, 7.2265625, 0.0343017578125, 7.296875, 0.239501953125, 6.05078125, 4.08984375, 3.802734375, 0.023345947265625, 0.61572265625, 7.1015625, 7.8046875, 0.031219482421875, 0.058685302734375, 0.007030487060546875, 0.264892578125, 5.05859375, 0.34130859375, 1.3310546875, 7.32421875, 0.322021484375, 0.0175018310546875, 0.07098388671875, 0.004436492919921875, 6.17578125, 2.173828125, 0.13427734375, 0.72705078125, 0.7705078125, 5.0625, 0.02337646484375, 4.8671875, 0.001522064208984375, 0.000652313232421875, 0.01255035400390625, 6.0390625, 0.058135986328125, 0.348876953125, 0.57861328125, 0.1337890625, 0.0027904510498046875, 0.1669921875, 0.0002930164337158203, 0.00830078125, 0.0011034011840820312, 0.81494140625, 8.5, 0.442138671875, 0.133056640625, 2.16796875]",-3.133128651586766
245,1,test,2.3845520485652965,1.0450144058112758,1.2065431367855144,6.861356217162078,3.006944677366638,3.4717305742344475,10.854199421549973,7.03692127047743,7.606298518206041,31.232083496847018,20.24817346214796,21.886510574967062,1.9638165253490658,0.7638086645271769,1.0995906752676619,5.167938224602804,2.010022801387307,2.8936596717570042,7.126473596623801,3.806330574936894,4.753305409918239,18.753877885852106,10.016659407728667,12.508698447153257,2.5439322501121953,1.138367477845419,1.5824824334052163,5.916121511888826,2.6473662275474856,3.6801917055935265,12.729628767333919,8.651799631487316,10.114143066551245,29.603787831009114,20.12046425927283,23.52126294546801,0.3467336683417085,-0.013266331658291497,-0.013266331658291497,0.2864321608040201,0.0014321608040200884,0.0014321608040200884,0.24623115577889443,-0.01376884422110558,-0.008768844221105576,0.3415730337078652,0.11822847702997519,0.1382494755455973,0.3490990990990991,0.2864321608040201,0.0834246420070276,0.1295039471145376,0.2777777777777778,0.35785953177257523,0.11745886399294247,0.17877165635544512,0.37248322147651003,19.0,4.0,5.0,26.0,5.0,5.0,32.0,5.0,5.0,0.00023299534745568564,-0.0007242548250369393,0.00030677314002580837,-0.1273136653312017,-0.11480414214930956,-0.12388125710480402,"[3.484375, 1.8896484375, 0.74853515625, 0.043060302734375, 0.421142578125, 3.1953125, 10.703125, 1.4638671875, 9.171875, 1.6416015625, 0.55859375, 7.18359375, 0.666015625, 0.04937744140625, 0.0303192138671875, 0.1580810546875, 2.576171875, 3.705078125, 0.01461029052734375, 0.3203125, 0.017486572265625, 0.0121917724609375, 0.236328125, 0.214599609375, 4.8359375, 7.41015625, 9.9375, 4.9140625, 3.17578125, 4.015625, 3.587890625, 0.37744140625, 0.031341552734375, 0.0040130615234375, 0.056060791015625, 0.01561737060546875, 3.572265625, 0.0584716796875, 0.0222625732421875, 0.0266571044921875, 0.075927734375, 0.001132965087890625, 0.017364501953125, 9.4453125, 3.021484375, 0.07745361328125, 5.12890625, 3.91796875, 1.1201171875, 1.4931640625, 0.0010347366333007812, 0.030609130859375, 0.08123779296875, 0.0002720355987548828, 0.0002579689025878906, 0.01403045654296875, 0.00023245811462402344, 0.7392578125, 0.892578125, 3.888671875, 0.7763671875, 0.009033203125, 0.0751953125, 0.0928955078125, 0.00334930419921875, 0.002292633056640625, 0.7099609375, 0.0190277099609375, 0.242431640625, 0.01116943359375, 0.040252685546875, 0.00391387939453125, 0.017822265625, 0.0003781318664550781, 0.0037059783935546875, 11.015625, 3.33984375, 0.60400390625, 1.6767578125, 12.6328125, 0.456787109375, 0.0002269744873046875, 0.01076507568359375, 0.0423583984375, 6.186962127685547e-05, 0.0001983642578125, 0.0007987022399902344, 0.0001398324966430664, 0.11614990234375, 0.46044921875, 5.89453125, 0.01032257080078125, 0.005157470703125, 0.004489898681640625, 0.0090789794921875, 0.0015773773193359375, 0.003482818603515625, 0.1361083984375, 0.050140380859375, 0.472900390625, 0.003932952880859375, 0.01214599609375, 0.001804351806640625, 0.00565338134765625, 0.00014030933380126953, 0.003353118896484375, 8.40625, 0.72998046875, 5.828125, 9.4296875, 2.421875, 9.890625, 1.388671875, 8.5859375, 1.375, 4.53125, 5.7734375, 7.06640625, 2.197265625, 1.6875, 7.8125, 1.1591796875, 9.1015625, 1.7412109375, 8.4765625, 2.06640625, 1.908203125, 7.375, 4.7421875, 6.80859375, 5.86328125, 0.81494140625, 3.404296875, 0.05242919921875, 7.0390625, 6.2421875, 10.15625, 1.470703125, 0.33935546875, 0.00202178955078125, 0.430908203125, 0.0677490234375, 6.23464584350586e-05, 0.00021004676818847656, 0.0006051063537597656, 0.00028586387634277344, 0.041351318359375, 1.0615234375, 4.71875, 0.111083984375, 0.0134429931640625, 0.00516510009765625, 0.027801513671875, 0.0005245208740234375, 0.00493621826171875, 0.324462890625, 0.0194244384765625, 0.0777587890625, 0.0024814605712890625, 0.0024890899658203125, 0.0006718635559082031, 0.0038299560546875, 5.4955482482910156e-05, 0.0011968612670898438, 9.140625, 4.5859375, 11.6796875, 8.7734375, 2.623046875, 0.25390625, 0.0018243789672851562, 0.004222869873046875, 0.1456298828125, 0.00011229515075683594, 0.00020885467529296875, 0.0030879974365234375, 0.0012254714965820312, 0.0230255126953125, 0.73583984375, 9.453125, 0.6435546875, 0.0081939697265625, 0.01026153564453125, 0.00559234619140625, 0.0017232894897460938, 0.00963592529296875, 0.32470703125, 0.019317626953125, 0.2030029296875, 0.0033206939697265625, 0.003772735595703125, 0.0015821456909179688, 0.0023860931396484375, 5.519390106201172e-05, 0.0011892318725585938, 7.34765625, 2.458984375, 7.65234375, 1.970703125, 3.23046875, 0.65087890625, 0.2271728515625, 3.296875, 0.86376953125, 5.640625, 9.1484375, 6.5078125, 0.05474853515625, 0.80517578125, 0.11669921875, 0.0002799034118652344, 0.0017366409301757812, 6.0234375, 1.7392578125, 2.794921875, 5.05859375, 2.828125, 8.0390625, 2.123046875, 2.890625, 5.60546875, 3.244140625, 6.79296875, 9.078125, 1.4482421875, 0.1279296875, 2.2109375, 6.68359375, 0.43994140625, 0.8505859375, 14.9140625, 2.71875, 0.99658203125, 0.12042236328125, 0.0016040802001953125, 0.001842498779296875, 5.08984375, 7.2578125, 1.4140625, 11.609375, 1.2451171875, 5.95703125, 0.2003173828125, 7.16796875, 8.890625, 0.6494140625, 7.5078125, 0.5625, 3.376953125, 4.54296875, 0.97509765625, 2.240234375, 6.9140625, 0.33984375, 3.5546875, 4.7578125, 5.578125, 6.08984375, 0.59375, 2.583984375, 6.3984375, 0.035430908203125, 0.0191497802734375, 2.333984375, 0.55712890625, 5.5390625, 4.93359375, 6.41015625, 3.302734375, 2.4609375, 0.01483917236328125, 0.021026611328125, 2.22265625, 3.970703125, 6.25390625, 0.95849609375, 10.03125, 5.1953125, 1.2314453125, 5.1328125, 0.370849609375, 4.921875, 2.17578125, 3.185546875, 0.17138671875, 0.0038890838623046875, 0.01253509521484375, 11.046875, 4.5625, 1.3291015625, 7.421875, 7.45703125, 9.9453125, 6.92578125, 7.6640625, 0.57177734375, 1.767578125, 5.109375, 5.3046875, 0.1568603515625, 1.1083984375, 0.51513671875, 7.79296875, 3.5703125, 0.88525390625, 0.0039005279541015625, 0.01509857177734375, 13.1328125, 3.31640625, 6.14453125, 6.2734375, 5.5390625, 3.400390625, 0.6162109375, 2.603515625, 0.394775390625, 0.0350341796875, 0.3427734375, 2.638671875, 0.0013608932495117188, 0.06683349609375, 2.404296875, 0.75830078125, 0.07257080078125, 0.038330078125, 0.1783447265625, 7.7578125, 14.5546875, 2.326171875, 0.01116180419921875, 0.2353515625, 8.9140625, 0.389892578125, 1.326171875, 8.3984375, 1.259765625, 0.457763671875, 0.01430511474609375, 0.1356201171875, 10.3359375, 0.080078125, 0.98681640625, 3.97265625, 0.07659912109375, 0.59423828125, 0.00389862060546875, 0.080322265625, 7.23828125, 0.11785888671875, 0.053955078125, 1.4033203125, 3.666015625, 0.045257568359375, 0.242919921875, 0.002071380615234375, 0.513671875, 6.7734375, 0.0231475830078125, 0.109375, 0.0457763671875, 0.03759765625, 0.07904052734375, 3.16015625, 0.0675048828125, 6.21875, 4.29296875, 8.0625, 0.12274169921875, 0.01003265380859375, 0.07177734375, 1.431640625, 0.005908966064453125, 0.180908203125, 0.006732940673828125, 0.308349609375, 0.086181640625, 0.04205322265625, 6.09765625, 0.00945281982421875, 1.609375, 0.07427978515625, 0.2181396484375, 0.219970703125, 0.0122222900390625, 0.06903076171875, 8.8515625, 0.4716796875, 13.09375, 7.5625, 5.7578125, 0.08734130859375, 3.34765625, 0.7783203125, 0.3916015625, 6.8359375, 1.662109375, 7.6953125, 8.9375, 3.701171875, 0.9814453125, 0.5947265625, 0.004425048828125, 0.04052734375, 10.734375, 0.14453125, 0.80224609375, 0.178955078125, 0.20703125, 0.034881591796875, 10.0859375, 3.337890625, 0.0024433135986328125, 0.0207366943359375, 5.046875, 0.0010356903076171875, 0.000438690185546875, 0.000568389892578125, 0.0021533966064453125, 3.109375, 0.07623291015625, 0.2958984375, 0.0037555694580078125, 0.039886474609375, 3.33203125, 0.06134033203125, 2.732421875, 0.1580810546875, 0.33251953125, 3.18359375, 1.05078125, 0.27587890625, 1.0322265625, 0.001689910888671875, 0.0007290840148925781, 0.006778717041015625, 0.004878997802734375, 0.06689453125, 0.134033203125, 0.332275390625, 0.00647735595703125, 0.0041961669921875, 1.5263671875, 0.0154266357421875, 11.1640625, 0.417236328125]",-1.1884765158878285
147,1,test,2.844247608415542,1.1996699677604854,1.596876931039003,5.960136842353917,2.513915157161017,3.3462645802109443,17.188621228564323,12.009799107517827,13.707443454412093,36.01885234974434,25.166601500585113,28.724024766829842,2.644331636141293,1.0863236363721636,1.5364501090271,5.452230177610914,2.2398425492209557,3.1679383691280414,14.074035362333703,9.324684254825153,11.046098369698093,29.018629613059183,19.226153102732276,22.775460556078546,2.9553294102085075,1.3277592161328864,1.8234563071240069,5.871515384520214,2.6379322174825566,3.622760875080809,19.208049005232294,14.116560657391457,16.10658858739749,38.16168676536218,28.046147001439984,31.999844875624156,0.5326633165829145,-0.02233668341708539,-0.007336683417085488,0.4321608040201005,-0.012839195979899465,-0.002839195979899567,0.371859296482412,0.006859296482412014,0.0018592964824120095,0.3978494623655914,0.1065742945803565,0.15835777126099704,0.36657681940700804,0.38190954773869346,0.11373912167353051,0.1565339216952878,0.31313131313131315,0.4180602006688964,0.13091495859877955,0.19670313726511435,0.37583892617449666,16.0,1.0,1.0,25.0,4.0,5.0,33.0,-1.0,1.0,0.00021865485285051914,-0.00034155086950703645,-0.00024117568265250442,-0.01978093877744236,-0.018971603727711006,-0.01958869307881006,"[4.80859375, 11.3984375, 4.9609375, 5.16015625, 5.9765625, 11.0546875, 3.390625, 0.75390625, 0.2127685546875, 0.7861328125, 1.22265625, 4.7109375, 5.2578125, 1.494140625, 0.019134521484375, 1.375, 6.14453125, 1.0771484375, 3.40625, 3.068359375, 0.303466796875, 0.1749267578125, 10.109375, 2.73046875, 6.77734375, 1.8671875, 5.09765625, 4.625, 3.755859375, 3.9453125, 6.62109375, 4.14453125, 10.1171875, 7.62109375, 4.37890625, 8.7421875, 4.2109375, 9.2578125, 3.056640625, 1.3291015625, 0.1129150390625, 0.316650390625, 0.5869140625, 0.0210113525390625, 0.7578125, 4.921875, 3.455078125, 0.7001953125, 0.04937744140625, 2.4375, 4.12109375, 0.007160186767578125, 0.93505859375, 3.22265625, 0.1654052734375, 6.3828125, 0.43798828125, 2.8828125, 2.400390625, 0.169921875, 0.54833984375, 12.0234375, 0.8408203125, 2.30078125, 0.0462646484375, 1.7646484375, 4.7421875, 0.0026836395263671875, 1.4921875, 0.10601806640625, 5.59375, 0.2408447265625, 0.00423431396484375, 2.51171875, 2.998046875, 0.55078125, 1.3212890625, 0.004070281982421875, 3.02734375, 0.004482269287109375, 0.48095703125, 6.70703125, 5.390625, 0.051513671875, 5.140625, 7.94921875, 2.228515625, 1.5087890625, 2.046875, 0.1229248046875, 0.0634765625, 0.93310546875, 5.51171875, 0.2763671875, 0.53076171875, 0.44921875, 2.38671875, 0.0198516845703125, 0.007740020751953125, 0.58935546875, 4.109375, 0.0130615234375, 0.365234375, 0.055450439453125, 0.62548828125, 0.285400390625, 0.08831787109375, 0.00154876708984375, 7.015625, 6.50390625, 0.85986328125, 0.072021484375, 2.826171875, 0.024932861328125, 0.294677734375, 9.03125, 0.226318359375, 0.0002803802490234375, 0.061614990234375, 3.447265625, 0.2021484375, 0.9638671875, 0.0133819580078125, 0.10369873046875, 5.171875, 0.03839111328125, 0.0007996559143066406, 2.50390625, 4.9921875, 4.640625, 0.02337646484375, 0.043243408203125, 0.412841796875, 0.045989990234375, 0.0029277801513671875, 0.0114593505859375, 1.234375, 5.98828125, 3.478515625, 0.057525634765625, 2.162109375, 6.078125, 4.69140625, 6.16796875, 3.857421875, 4.78515625, 1.9541015625, 5.60546875, 1.3740234375, 3.330078125, 10.2265625, 0.346435546875, 1.064453125, 0.1064453125, 0.69921875, 0.251220703125, 0.020294189453125, 0.08343505859375, 1.1708984375, 0.018341064453125, 0.055755615234375, 0.0016880035400390625, 1.20703125, 0.002056121826171875, 0.06353759765625, 5.73828125, 0.76220703125, 2.759765625, 0.0011873245239257812, 1.3583984375, 12.96875, 5.578125, 9.8359375, 1.638671875, 0.067138671875, 0.8525390625, 0.1280517578125, 0.08270263671875, 0.003726959228515625, 7.30078125, 11.0234375, 4.9921875, 3.28125, 1.55078125, 3.361328125, 4.953125, 6.578125, 1.0107421875, 1.0126953125, 2.76171875, 0.318115234375, 2.041015625, 4.0234375, 0.0031585693359375, 0.481689453125, 0.002330780029296875, 0.028350830078125, 16.390625, 1.72265625, 0.040008544921875, 0.90966796875, 3.25, 0.034210205078125, 0.058990478515625, 0.4287109375, 0.11224365234375, 0.046630859375, 0.0013332366943359375, 4.2265625, 9.078125, 4.2734375, 2.0390625, 2.423828125, 7.0859375, 6.5703125, 14.6640625, 6.5, 3.50390625, 0.0167236328125, 0.055877685546875, 0.1822509765625, 4.75, 4.2265625, 7.46875, 7.1484375, 3.833984375, 4.45703125, 8.75, 1.83203125, 6.38671875, 4.203125, 2.037109375, 8.984375, 3.91015625, 2.37109375, 10.2109375, 0.94287109375, 13.0625, 5.2109375, 6.953125, 3.455078125, 4.109375, 0.302490234375, 6.30859375, 7.76171875, 5.76953125, 1.6201171875, 10.21875, 5.25, 2.646484375, 5.890625, 5.421875, 3.33203125, 3.138671875, 2.11328125, 2.287109375, 0.56640625, 0.493408203125, 0.33447265625, 0.2232666015625, 4.01953125, 0.00151824951171875, 1.015625, 0.0005908012390136719, 0.0267486572265625, 3.876953125, 0.1600341796875, 5.3046875, 0.1612548828125, 1.7236328125, 0.018341064453125, 0.42529296875, 8.8125, 0.492919921875, 0.049896240234375, 0.2158203125, 0.059783935546875, 0.039764404296875, 0.0007066726684570312, 4.83203125, 8.546875, 1.248046875, 7.85546875, 5.81640625, 2.30859375, 0.97607421875, 5.44921875, 2.84375, 4.828125, 4.62890625, 0.3876953125, 12.0546875, 5.1171875, 6.671875, 1.52734375, 3.05078125, 0.0006880760192871094, 0.56298828125, 0.0005736351013183594, 0.01165008544921875, 3.091796875, 0.061798095703125, 5.0, 4.5390625, 0.0235137939453125, 0.049591064453125, 4.40234375, 0.99609375, 8.25, 0.95947265625, 0.3662109375, 5.078125, 0.2159423828125, 0.0267181396484375, 0.1754150390625, 0.10791015625, 0.06884765625, 0.0013017654418945312, 2.830078125, 3.51953125, 2.755859375, 0.77880859375, 0.1866455078125, 0.3056640625, 11.3984375, 11.234375, 6.6171875, 9.8203125, 1.5166015625, 0.67041015625, 2.1328125, 0.00025916099548339844, 0.5537109375, 0.00016009807586669922, 0.00811004638671875, 1.4501953125, 0.00333404541015625, 1.9794921875, 0.440185546875, 0.3408203125, 1.095703125, 0.0001837015151977539, 0.1539306640625, 2.45703125, 0.059814453125, 0.056732177734375, 0.17626953125, 0.0309906005859375, 0.03839111328125, 0.002841949462890625, 9.5703125, 0.08660888671875, 7.95703125, 5.53125, 1.4462890625, 0.93701171875, 6.4609375, 1.8427734375, 1.6640625, 3.341796875, 7.28125, 4.7109375, 3.220703125, 4.80078125, 0.01532745361328125, 6.62890625, 1.20703125, 1.8291015625, 1.779296875, 3.892578125, 3.578125, 8.1171875]",-1.283184737928452
79,1,test,0.682702652202761,0.211098383788002,0.3392259230437862,1.2297690158884171,0.380256691326732,0.6110559673371512,1.9792196526563492,0.3766565792552983,0.5693789387343429,3.5652168577650794,0.6784807255459677,1.0256362340115315,0.3360900597356672,0.013426881614430286,0.07214054868846947,0.5601500995594454,0.022378136024050477,0.12023424781411585,1.3994650545886327,0.01866486573078996,0.09740259971716214,2.332441757647721,0.0311081095513166,0.16233766619527001,0.6862564764339546,0.2161954322063826,0.3412327849991529,1.2361706065565274,0.38943812953732493,0.6146709769521165,1.9862659646779692,0.3861740980697963,0.5742425925469208,3.5779095522676,0.695624865397249,1.0343972527997511,0.07035175879396982,-0.00964824120603014,-0.004648241206030135,0.055276381909547756,0.00027638190954770714,-0.004723618090452297,0.035175879396984966,-0.00482412060301507,-0.00482412060301507,0.15498154981549817,0.0352762091156823,0.05068707128789085,0.14074074074074072,0.09045226130653261,0.010251760053399783,0.00864925629818536,0.05555555555555558,0.1512915129151291,0.024219689710709202,0.05067801598261379,0.14074074074074072,11.0,2.0,2.0,13.0,1.0,1.0,14.0,1.0,1.0,-0.0009307424573910315,-0.00028179116570123045,6.904061292012186e-05,-0.13504924951253283,-0.1314876438785917,-0.1347378051635839,"[5.203125, 5.98828125, 4.3984375, 6.31640625, 7.1484375, 2.837890625, 1.8017578125, 0.69189453125, 0.059478759765625, 2.658203125, 0.205810546875, 0.002964019775390625, 0.0016717910766601562, 0.007434844970703125, 0.0030975341796875, 0.13330078125, 0.01174163818359375, 6.794929504394531e-06, 0.0075836181640625, 0.005306243896484375, 0.00652313232421875, 0.08782958984375, 0.1507568359375, 0.149658203125, 0.329345703125, 0.000732421875, 0.0257110595703125, 0.01092529296875, 0.0007123947143554688, 0.0007596015930175781, 0.03009033203125, 0.00397491455078125, 0.0006728172302246094, 0.0011272430419921875, 9.226799011230469e-05, 0.0094757080078125, 0.002475738525390625, 0.00046372413635253906, 0.00893402099609375, 7.0, 1.049041748046875e-05, 0.003116607666015625, 0.127197265625, 0.006885528564453125, 0.00013124942779541016, 0.005870819091796875, 0.00121307373046875, 0.0020599365234375, 0.0006127357482910156, 6.461143493652344e-05, 0.0019989013671875, 0.146240234375, 1.3203125, 5.960464477539062e-07, 0.061553955078125, 0.0014104843139648438, 0.0677490234375, 1.9073486328125e-06, 0.0030117034912109375, 2.4199485778808594e-05, 0.00018203258514404297, 0.00711822509765625, 0.00025343894958496094, 6.461143493652344e-05, 1.5139579772949219e-05, 0.0035648345947265625, 0.0010776519775390625, 0.003681182861328125, 0.0003795623779296875, 0.00022220611572265625, 0.0009293556213378906, 1.318359375, 0.0080108642578125, 2.384185791015625e-07, 1.314453125, 1.0728836059570312e-06, 0.038665771484375, 0.0005488395690917969, 0.00228118896484375, 0.0025730133056640625, 0.0007777214050292969, 0.0007348060607910156, 0.0093536376953125, 0.0002225637435913086, 0.001476287841796875, 0.0002238750457763672, 0.0004756450653076172, 0.00012969970703125, 0.0015306472778320312, 0.71142578125, 0.314697265625, 0.00036406517028808594, -0.0, 0.052154541015625, 1.430511474609375e-06, 2.944469451904297e-05, 1.1920928955078125e-07, 9.644031524658203e-05, 0.0009660720825195312, 8.344650268554688e-07, 0.00469207763671875, 0.0013399124145507812, 0.0011768341064453125, 0.0018224716186523438, 9.0078125, 0.057037353515625, 2.126953125, 0.317626953125, 4.792213439941406e-05, 0.693359375, 0.33740234375, 0.04376220703125, 6.031990051269531e-05, 0.0008492469787597656, 0.0035419464111328125, 0.005321502685546875, 0.0005488395690917969, 0.00040793418884277344, 0.0008883476257324219, 0.0007405281066894531, 0.004222869873046875, 0.31396484375, 1.430511474609375e-05, 0.3603515625, 8.606910705566406e-05, 0.0001647472381591797, 0.003360748291015625, 0.00014543533325195312, 0.0068206787109375, 0.30029296875, 0.007762908935546875, 0.004856109619140625, 0.0005054473876953125, 0.0250091552734375, 6.16312026977539e-05, 2.0742416381835938e-05, 0.0004100799560546875, 0.00800323486328125, 5.960464477539062e-07, 0.00010716915130615234, 0.06610107421875, 0.0010519027709960938, 6.783008575439453e-05, 0.00016927719116210938, 0.00014007091522216797, 0.00010192394256591797, 0.0014314651489257812, 0.0214691162109375, 0.00714874267578125, 0.0183258056640625, 2.1457672119140625e-06, 7.510185241699219e-06, 0.00069427490234375, 2.300739288330078e-05, 0.0015401840209960938, 0.00037169456481933594, 3.8623809814453125e-05, 0.0005502700805664062, 0.001659393310546875, 1.6689300537109375e-06, 0.00177001953125, 0.053741455078125, 0.001132965087890625, 0.0212249755859375, 0.00022089481353759766, 0.0002765655517578125, 0.00019490718841552734, 0.0010786056518554688, 2.384185791015625e-07, 7.748603820800781e-06, 0.01189422607421875, 0.06488037109375, 0.1351318359375, 0.0003237724304199219, 4.410743713378906e-06, 3.933906555175781e-06, 0.0030727386474609375, 0.06085205078125, 0.00033855438232421875, 4.839897155761719e-05, 0.01123046875, 0.1622314453125, 0.007328033447265625, 6.73532485961914e-05, 0.0010366439819335938, 5.4836273193359375e-06, 0.0034656524658203125, 6.389617919921875e-05, 2.9802322387695312e-06, 5.614757537841797e-05, 0.001255035400390625, 1.823902130126953e-05, 8.678436279296875e-05, 5.14984130859375e-05, 0.00013446807861328125, 0.00133514404296875, 0.000270843505859375, 0.0014562606811523438, 0.0200347900390625, 4.172325134277344e-06, 5.0067901611328125e-06, 0.00376129150390625, 3.6954879760742188e-06, 0.0008463859558105469, 0.00014925003051757812, 3.147125244140625e-05, 0.0002148151397705078, 0.0042572021484375, 0.00011086463928222656, 0.0008349418640136719, 0.00902557373046875, 0.0109405517578125, 0.00015652179718017578, 6.878376007080078e-05, 2.130859375, 6.306171417236328e-05, 0.0012950897216796875, 0.0003154277801513672, 0.000568389892578125, 0.002819061279296875, 0.0005664825439453125, 0.0009708404541015625, 0.00024116039276123047, 0.00012600421905517578, 0.0006170272827148438, 0.00022172927856445312, 0.00041961669921875, 0.00015342235565185547, 0.0016994476318359375, 0.0003685951232910156, 0.0002582073211669922, 0.00731658935546875, 0.70263671875, 0.00034165382385253906, 0.6953125, 0.048919677734375, 0.0811767578125, 0.0027332305908203125, 9.834766387939453e-05, 0.004802703857421875, 0.0177764892578125, 0.86328125, 3.697265625, 7.79296875, 4.48828125, 0.5703125, 0.78271484375, 6.44921875, 5.1484375, 7.265625, 4.93359375, 1.7392578125, 9.359375, 9.0625, 2.505859375, 1.744140625, 9.609375, 3.439453125, 0.351318359375, 7.99609375, 1.103515625, 0.253662109375, 0.2095947265625, 1.4755859375, 0.29345703125, 0.66162109375, 12.5859375, 0.330810546875, 1.0537109375, 0.466796875, 9.8671875]",-2.1142200315130593
171,1,test,1.3401957905504125,0.5490114174935415,0.7693871922920485,3.049170288567717,1.2490930908074536,1.7504849542751977,3.8197913112005697,1.6137836955778386,2.0500938638788475,8.690666137563714,3.671628676516023,4.664307515804896,1.0952900210816656,0.320788674376413,0.4932857535451266,2.126776739964399,0.6228906298571124,0.9578364146507312,2.990049735114059,0.8205397110268295,1.1642752589117973,5.805921815755454,1.5932809922851057,2.2607286580811596,1.5039908260007366,0.5909440516380547,0.8482093354817403,3.1117051572429033,1.2226428654580443,1.7549158665139453,4.499610448372218,2.007707202287707,2.5729628623489686,9.30953885870114,4.153876970250428,5.323371439342694,0.2613065326633166,-0.008693467336683414,-0.013693467336683418,0.19095477386934678,0.0009547738693468366,-0.004045226130653168,0.13567839195979903,0.0006783919597990185,0.0006783919597990185,0.2751479289940828,0.0668761416971847,0.09601407072636625,0.2937685459940653,0.25125628140703515,0.05326129393836343,0.052591840672477574,0.2525252525252525,0.2976588628762542,0.08229993132366653,0.10744751693632093,0.3422818791946308,16.0,6.0,5.0,21.0,6.0,5.0,25.0,6.0,4.0,-0.0013729570313918383,0.00022205001143934248,-0.00030280640207007014,-0.09088781923550737,-0.0947218264903249,-0.09086610636168224,"[5.203125, 4.98828125, 2.83984375, 4.30078125, 0.9755859375, 0.51513671875, 0.0916748046875, 4.47265625, 0.6943359375, 0.0123291015625, 0.0042266845703125, 0.2242431640625, 0.0081939697265625, 0.137451171875, 0.0037860870361328125, 0.00844573974609375, 0.0223541259765625, 0.0038051605224609375, 0.00626373291015625, 0.0011501312255859375, 0.004207611083984375, 0.018646240234375, 0.0013475418090820312, 0.00279998779296875, 0.00015079975128173828, 0.0007596015930175781, 0.006072998046875, 0.0309295654296875, 0.0196533203125, 0.0016946792602539062, 0.0028095245361328125, 0.004886627197265625, 0.01363372802734375, 0.0013751983642578125, 0.004177093505859375, 0.0188140869140625, 0.079345703125, 0.00635528564453125, 0.08087158203125, 0.168212890625, 1.376953125, 4.3046875, 0.1768798828125, 0.05364990234375, 3.98828125, 0.17138671875, 0.1416015625, 0.04718017578125, 8.125, 0.66455078125, 7.171875, 0.402099609375, 0.17236328125, 6.734375, 0.73876953125, 0.0036754608154296875, 0.039031982421875, 7.140625, 0.1943359375, 0.62060546875, 0.2391357421875, 1.8359375, 0.026824951171875, 0.209228515625, 0.001708984375, 0.00946044921875, 0.00018453598022460938, 0.00012350082397460938, 2.586841583251953e-05, 6.663799285888672e-05, 1.6808509826660156e-05, 0.00014257431030273438, 3.6954879760742188e-06, 0.00028133392333984375, 0.002613067626953125, 0.00026702880859375, 9.298324584960938e-06, 0.00035190582275390625, 0.0006814002990722656, 2.09808349609375e-05, 0.0001392364501953125, 7.82012939453125e-05, 0.0038127899169921875, 1.3113021850585938e-06, 4.76837158203125e-07, 0.00041747093200683594, 0.0015964508056640625, 0.0079498291015625, 0.00743865966796875, 0.318115234375, 0.07037353515625, 0.0249786376953125, 0.70458984375, 2.564453125, 0.031585693359375, 1.1044921875, 0.0165252685546875, 3.205078125, 0.95361328125, 1.5869140625, 0.77392578125, 6.01953125, 0.560546875, 0.01313018798828125, 0.00054168701171875, 0.00673675537109375, 1.3154296875, 0.83642578125, 0.0217742919921875, 0.6962890625, 4.75, 0.54052734375, 1.3544921875, 0.005382537841796875, 0.026123046875, 0.014495849609375, 0.7080078125, 1.509765625, 0.0187835693359375, 0.31591796875, 2.958984375, 0.004016876220703125, 4.75390625, 0.198486328125, 6.88671875, 1.1943359375, 0.04290771484375, 10.59375, 0.59423828125, 5.140625, 0.2181396484375, 0.020904541015625, 0.004566192626953125, 0.0239715576171875, 0.72021484375, 0.0006914138793945312, 0.0489501953125, 1.193359375, 0.00481414794921875, 3.7109375, 0.1826171875, 0.416748046875, 0.004245758056640625, 0.0006151199340820312, 0.010009765625, 1.3212890625, 0.86669921875, 2.412109375, 0.1141357421875, 0.0550537109375, 0.244384765625, 1.208984375, 2.197265625, 0.1724853515625, 1.1259765625, 8.59375, 3.87890625, 0.10772705078125, 4.21484375, 0.017822265625, 0.262939453125, 0.8984375, 0.07421875, 1.5029296875, 0.0013790130615234375, 0.00887298583984375, 0.0251007080078125, 3.05078125, 0.004787445068359375, 0.0189208984375, 0.01398468017578125, 1.4453125, 0.331298828125, 0.1748046875, 1.701171875, 0.0103759765625, 0.0003743171691894531, 0.00019252300262451172, 0.00959014892578125, 2.126953125, 0.7060546875, 0.17529296875, 0.7158203125, 0.2841796875, 1.810546875, 7.4375, 0.904296875, 2.21484375, 3.466796875, 4.22265625, 1.1220703125, 0.2197265625, 0.05352783203125, 2.837890625, 2.115234375, 7.53515625, 2.576171875, 7.40234375, 0.7998046875, 0.081787109375, 1.671875, 0.043731689453125, 1.013671875, 0.71240234375, 0.21923828125, 0.5654296875, 4.05078125, 3.3046875, 1.7001953125, 4.17578125, 4.390625, 3.328125, 2.01171875, 4.9921875, 5.01953125, 1.4296875, 3.548828125, 0.346435546875, 0.08880615234375, 0.0065765380859375, 2.65625, 8.5703125, 0.294189453125, 3.333984375, 8.171875, 3.990234375, 0.92041015625, 4.19921875, 0.0938720703125, 1.0693359375, 0.13037109375, 0.00540924072265625, 0.043060302734375, 0.0238037109375, 1.3515625, 0.381591796875, 0.019195556640625, 2.203125, 7.29296875, 0.1951904296875, 5.4375, 0.031463623046875, 2.8515625, 9.9765625, 5.1484375, 1.255859375, 4.015625, 8.0234375, 1.853515625, 8.984375, 0.487060546875, 0.32421875, 4.03515625, 0.0227813720703125, 0.0654296875, 0.050384521484375, 2.412109375, 4.21484375, 6.69140625, 5.0, 6.2890625, 0.1392822265625, 1.5712890625, 5.98046875, 6.87109375, 0.33349609375, 0.1942138671875, 0.025604248046875, 4.6953125, 0.0060272216796875, 4.03515625, 0.00426483154296875, 6.1953125, 0.002063751220703125, 1.7490234375, 5.44921875, 4.8046875, 0.2392578125, 0.24462890625, 0.060211181640625, 0.307861328125, 8.421875, 2.84765625, 0.70068359375, 0.2147216796875, 6.2109375, 0.45361328125, 0.004360198974609375, 0.00994110107421875, 0.029022216796875, 0.019287109375, 1.8715858459472656e-05, 0.00035452842712402344, 0.07958984375, 0.0022869110107421875, 0.03680419921875, 0.2479248046875, 0.00809478759765625, 0.0017032623291015625, 0.0029582977294921875, 0.04791259765625, 0.0026531219482421875, 0.003170013427734375, 0.1407470703125, 0.04705810546875, 0.3408203125, 0.375732421875, 0.033966064453125, 0.06671142578125, 0.351806640625, 0.126220703125, 0.1982421875, 0.06573486328125, 0.00453948974609375, 0.36865234375, 0.0084991455078125, 0.057708740234375, 0.048828125, 0.0009608268737792969, 0.00091552734375, 5.435943603515625e-05, 0.002567291259765625, 0.0004916191101074219, 0.0555419921875, 0.140625, 0.006038665771484375, 4.291534423828125e-06, 0.01116943359375, 0.0020999908447265625, 7.200241088867188e-05, 0.0009284019470214844, 0.00679779052734375, 0.00963592529296875, 1.9073486328125e-06, 8.58306884765625e-06, 0.0273590087890625, 0.021453857421875, 0.00334930419921875]",-3.128509863593875
97,1,test,0.8230614784089002,0.2827138574232164,0.4116449150697629,2.1595177403797874,0.7417739823480429,1.0800584405295757,2.277461574929294,0.5608580890541133,0.7685077744399391,5.975517993626365,1.4715583524687128,2.016381784421622,0.9174515883527209,0.29324552700145146,0.46566216127051263,2.2107267189222193,0.706615727714341,1.1220774970373801,2.5029038263331236,0.6361405529138877,0.9317827481400625,6.031093557429214,1.53286880220214,2.2452596340724402,0.813281464305791,0.2724668608716231,0.40149114426129023,2.133857307336976,0.7148882983265359,1.0534173587053655,2.2552965324921432,0.5378912357168144,0.7457786449926871,5.917362189212058,1.4112987867817406,1.9567459497332873,0.20603015075376885,-0.013969849246231125,-0.00896984924623112,0.16080402010050254,0.0008040201005025116,0.005804020100502516,0.11557788944723613,-0.009422110552763874,-0.004422110552763869,0.21212121212121215,0.040098527811193274,0.0572093733302802,0.2053231939163498,0.2160804020100503,0.03813553985466178,0.05915218832056779,0.21717171717171713,0.21590909090909094,0.04388640659907206,0.06225669796198763,0.20912547528517111,15.0,6.0,6.0,18.0,7.0,7.0,23.0,8.0,8.0,-0.0003059056028101798,5.6223513300439995e-05,-3.290531523582832e-05,-0.23128694486698453,-0.23867514887918517,-0.2353543516124481,"[3.48828125, 1.818359375, 0.74365234375, 7.15625, 0.52099609375, 0.07666015625, 0.3740234375, 0.285400390625, 0.0672607421875, 0.450439453125, 0.01215362548828125, 0.9619140625, 0.000522613525390625, 0.1282958984375, 0.006511688232421875, 0.328125, 0.2254638671875, 0.00157928466796875, 0.427734375, 0.004680633544921875, 0.034912109375, 0.002338409423828125, 0.00012171268463134766, 0.007114410400390625, 0.0015783309936523438, 0.36376953125, 0.18017578125, 3.16796875, 0.14306640625, 0.0186614990234375, 1.3154296875, 0.06829833984375, 0.01361846923828125, 0.044952392578125, 1.1484375, 0.005878448486328125, 0.019561767578125, 3.068359375, 0.00679779052734375, 1.9073486328125e-06, 0.048828125, 0.0007200241088867188, 0.01404571533203125, 0.0070343017578125, 0.217041015625, 0.097900390625, 1.4775390625, 0.0175628662109375, 0.12261962890625, 3.060546875, 1.484375, 0.191162109375, 1.384765625, 0.00766754150390625, 10.0, 0.0009541511535644531, 3.658203125, 0.016021728515625, 0.013824462890625, 0.7802734375, 2.326171875, 0.0013437271118164062, 0.054351806640625, 0.01541900634765625, 0.81396484375, 0.1221923828125, 10.4375, 7.29296875, 6.48828125, 2.076171875, 7.55078125, 3.36328125, 2.966796875, 0.0271148681640625, 0.269775390625, 0.00424957275390625, 0.000545501708984375, 0.0009279251098632812, 0.00656890869140625, 0.00038242340087890625, 1.1181640625, 0.0015783309936523438, 0.351318359375, 0.01209259033203125, 0.003387451171875, 0.01091766357421875, 0.58935546875, 0.0074920654296875, 0.28662109375, 0.00032448768615722656, 0.1141357421875, 0.0005674362182617188, 0.000667572021484375, 0.0061187744140625, 0.2294921875, 0.006809234619140625, 0.1722412109375, 0.0005917549133300781, 0.251708984375, 0.0028133392333984375, 0.001377105712890625, 0.72607421875, 0.05865478515625, 0.07952880859375, 4.2421875, 0.0421142578125, 0.24755859375, 0.04010009765625, 0.198486328125, 0.0006899833679199219, 0.10736083984375, 0.007617950439453125, 0.08172607421875, 0.0057830810546875, 8.785724639892578e-05, 0.0091552734375, 0.8115234375, 0.035064697265625, 0.031219482421875, 0.004093170166015625, 2.259765625, 3.322265625, 0.56201171875, 0.0116119384765625, 0.19287109375, 0.0017795562744140625, 0.0008931159973144531, 0.02703857421875, 0.0043792724609375, 0.00592803955078125, 0.018402099609375, 0.021209716796875, 0.01105499267578125, 0.0042724609375, 0.219970703125, 0.0014600753784179688, 0.0005288124084472656, 0.0340576171875, 0.0209197998046875, 0.0018968582153320312, 0.0161895751953125, 0.000347137451171875, 0.77294921875, 0.0234527587890625, 4.140625, 0.83544921875, 0.1922607421875, 8.0078125, 0.0012750625610351562, 0.426025390625, 0.00039315223693847656, 0.87451171875, 0.1666259765625, 4.24609375, 4.765625, 0.408447265625, 0.2169189453125, 0.05712890625, 1.4599609375, 0.016204833984375, 5.19921875, 0.24755859375, 0.00716400146484375, 1.328125, 0.00325775146484375, 0.036529541015625, 0.1141357421875, 0.02294921875, 0.01158905029296875, 1.0810546875, 0.406494140625, 0.00045680999755859375, 0.07318115234375, 0.1043701171875, 0.0323486328125, 0.0625, 0.0052947998046875, 0.70703125, 0.4443359375, 0.4638671875, 0.0113372802734375, 0.15869140625, 0.059783935546875, 1.4375, 1.1484375, 2.451171875, 4.2265625, 0.56298828125, 5.4140625, 4.59375, 2.115234375, 0.09234619140625, 6.55859375, 2.376953125, 7.45703125, 0.04962158203125, 0.0224761962890625, 0.01364898681640625, 9.34600830078125e-05, 0.0003795623779296875, 7.700920104980469e-05, 0.00020444393157958984, 0.1619873046875, 0.61328125, 0.10906982421875, 0.40185546875, 0.0024280548095703125, 3.572265625, 0.2322998046875, 0.0797119140625, 1.0087890625, 0.0198516845703125, 0.15625, 5.30078125, 0.0037822723388671875, 0.139892578125, 0.0012178421020507812, 0.12042236328125, 0.00759124755859375, 0.36376953125, 2.372264862060547e-05, 0.0259246826171875, 2.138671875, 0.03369140625, 0.0096588134765625, 0.66552734375, 0.0018024444580078125, 0.00170135498046875, 0.0209503173828125, 1.697265625, 0.006862640380859375, 0.0975341796875, 0.0035762786865234375, 0.0203704833984375, 1.333984375, 0.026153564453125, 0.340576171875, 0.042510986328125, 1.0361328125, 0.018096923828125, 0.29833984375, 0.00445556640625, 3.445148468017578e-05, 0.01325225830078125, 1.7138671875, 0.0012178421020507812, 0.007122039794921875, 0.08209228515625, 0.0006070137023925781, 0.056915283203125, 0.3271484375, 0.02044677734375, 0.151611328125, 0.0548095703125, 1.4013671875, 0.005950927734375, 0.263916015625, 0.002361297607421875, 1.52587890625e-05, 7.0078125, 0.12115478515625, 0.10955810546875, 0.049041748046875, 0.31982421875]",-2.377373921600255
164,1,test,2.173410532352803,0.9276693651842356,1.2905867452218887,4.871940387958632,2.079473610547213,2.8929931067389987,8.788205446775338,5.312695668059458,6.370488251755024,19.69973569948297,11.908995658603079,14.280154873061594,2.3650824173011973,0.9241409544617409,1.3416493503344606,4.2614097609030575,1.6651188368680012,2.4173862168188474,10.644916106614591,6.420244790250867,7.8621844182305125,19.18002902092719,11.568008631082641,14.166098050865788,2.3424635276347896,0.9774328454881409,1.369094971233434,4.74823688034079,1.981282794908394,2.7751925092569607,10.406842553470161,6.490999356845385,7.759997045996529,21.094951121898976,13.157431128740646,15.729723741884856,0.5025125628140703,-0.007487437185929702,0.007512562814070312,0.39698492462311563,0.011984924623115623,-0.0030150753768843908,0.31155778894472363,-0.008442211055276316,-0.02344221105527633,0.33333333333333337,0.08895552223888059,0.13453213453213453,0.27409638554216864,0.3517587939698492,0.08860089923300707,0.14307765874447353,0.28787878787878785,0.3411371237458194,0.08738086331176265,0.13312822496940113,0.30201342281879195,25.0,4.0,5.0,35.0,7.0,4.0,37.0,1.0,1.0,0.0008656848767900077,0.00029303177469711534,0.0005120533644493758,-0.06234588824818932,-0.07044308945183975,-0.0775152964121224,"[8.3671875, 7.234375, 7.23046875, 2.677734375, 4.87890625, 0.78271484375, 7.28125, 7.53515625, 1.5126953125, 0.66259765625, 6.0, 3.107421875, 7.48828125, 6.36328125, 1.716796875, 6.19140625, 7.19921875, 6.90625, 0.1339111328125, 1.86328125, 1.8955078125, 3.341796875, 0.27197265625, 4.91796875, 4.1875, 1.1611328125, 0.3642578125, 0.0260467529296875, 0.42431640625, 0.0213775634765625, 0.07275390625, 7.0234375, 7.1328125, 7.09765625, 0.11602783203125, 0.90673828125, 8.515625, 0.261474609375, 0.85205078125, 2.181640625, 0.6162109375, 3.498046875, 2.87109375, 5.62109375, 0.261474609375, 2.26953125, 0.409912109375, 0.83056640625, 0.077392578125, 0.01045989990234375, 3.060546875, 0.89013671875, 7.23046875, 1.8427734375, 0.5966796875, 3.01953125, 3.06640625, 0.03277587890625, 6.87890625, 4.9296875, 0.60546875, 0.00559234619140625, 0.1519775390625, 5.60546875, 0.98974609375, 0.1051025390625, 0.0843505859375, 0.06878662109375, 0.0022335052490234375, 1.5595703125, 2.375, 0.0570068359375, 0.004108428955078125, 1.3349609375, 3.59375, 9.8203125, 2.46484375, 8.625, 0.44873046875, 8.59375, 0.1708984375, 3.57421875, 3.244140625, 2.154296875, 5.3984375, 5.375, 1.0068359375, 0.492431640625, 7.987022399902344e-06, 0.032684326171875, 0.060089111328125, 0.810546875, 0.5361328125, 4.52734375, 0.2333984375, 8.2578125, 0.38818359375, 3.87890625, 6.078125, 1.9345703125, 1.005859375, 5.9140625, 0.314697265625, 0.0130767822265625, 1.83203125, 2.166015625, 0.3447265625, 1.783203125, 0.324462890625, 0.0787353515625, 2.369140625, 0.04022216796875, 0.1849365234375, 0.74853515625, 1.3251953125, 1.494140625, 0.2353515625, 0.075439453125, 0.1407470703125, 0.28125, 0.054901123046875, 0.36962890625, 0.9345703125, 8.2265625, 6.984375, 0.2181396484375, 0.57421875, 0.012603759765625, 0.1158447265625, 6.1015625, 9.3515625, 6.8046875, 4.74609375, 0.68994140625, 0.169189453125, 4.9233436584472656e-05, 0.0169830322265625, 0.0107421875, 0.053131103515625, 0.1904296875, 7.64453125, 0.17529296875, 3.48828125, 2.451171875, 5.40625, 0.49658203125, 5.71484375, 4.93359375, 0.172119140625, 1.990234375, 0.96875, 0.1180419921875, 0.053802490234375, 0.477294921875, 0.029571533203125, 4.25, 0.3173828125, 0.0229034423828125, 1.34375, 3.84765625, 0.197265625, 0.11846923828125, 3.060546875, 1.1416015625, 0.82177734375, 0.12939453125, 0.1572265625, 0.157958984375, 0.032562255859375, 0.074462890625, 2.150390625, 5.234375, 0.50830078125, 3.177734375, 1.833984375, 0.019378662109375, 2.13671875, 4.35546875, 0.004215240478515625, 0.94140625, 7.87109375, 8.265625, 0.307373046875, 0.13427734375, 0.372802734375, 0.06787109375, 0.2015380859375, 0.12890625, 7.49609375, 6.1015625, 0.052825927734375, 4.7578125, 0.298095703125, 0.2115478515625, 0.029541015625, 0.108642578125, 5.6171875, 2.779296875, 5.38671875, 6.81640625, 5.4296875, 0.63037109375, 0.2044677734375, 0.00012981891632080078, 0.01520538330078125, 0.0045623779296875, 0.00902557373046875, 9.1171875, 0.02740478515625, 0.01287841796875, 0.0034313201904296875, 10.8203125, 4.1640625, 3.076171875, 1.0419921875, 3.76953125, 0.328125, 0.0220184326171875, 0.322265625, 0.018035888671875, 0.0733642578125, 0.231689453125, 1.10546875, 0.12890625, 0.0202789306640625, 0.0148162841796875, 0.01483154296875, 2.73046875, 0.04595947265625, 1.0771484375, 2.1875, 3.73828125, 0.1827392578125, 0.3271484375, 1.388671875, 0.00719451904296875, 0.26220703125, 5.44921875, 7.21484375, 6.88671875, 3.59765625, 0.5634765625, 1.2939453125, 7.75390625, 0.46533203125, 4.07421875, 1.6494140625, 0.01149749755859375, 0.05194091796875, 0.00775146484375, 0.11468505859375, 0.314453125, 0.034210205078125, 0.333251953125, 5.12890625, 0.01209259033203125, 11.1015625, 1.4736328125, 5.1171875, 2.146484375, 5.33203125, 3.5625, 12.3125, 1.056640625, 0.09344482421875, 5.4001808166503906e-05, 0.0130615234375, 0.0021877288818359375, 0.050445556640625, 0.33056640625, 2.80859375, 0.016021728515625, 9.03125, 2.693359375, 3.646484375, 0.06939697265625, 1.01953125, 6.01171875, 0.12115478515625, 0.1605224609375, 5.71875, 5.59765625, 0.8564453125, 4.6015625, 1.7744140625, 1.0185546875, 8.203125, 5.80859375, 1.3916015625, 10.7265625, 0.5732421875, 1.455078125, 0.9013671875, 1.669921875, 0.61572265625, 0.5302734375, 0.448974609375, 0.4423828125, 4.52734375, 3.185546875, 0.019073486328125, 0.625, 1.185546875, 0.109619140625, 0.19384765625, 0.85546875, 0.0281982421875, 0.0006771087646484375, 0.09832763671875, 0.0280914306640625, 0.0794677734375, 0.337158203125, 0.79248046875, 0.2032470703125, 0.1495361328125, 0.001079559326171875, 0.0269317626953125, 5.078125, 0.098876953125, 1.3564453125, 1.443359375, 0.133056640625, 0.8056640625, 0.8876953125, 0.031280517578125, 0.0361328125, 0.34375, 0.1610107421875, 0.6650390625, 0.0025959014892578125, 0.031158447265625, 0.0266571044921875, 0.156494140625]",-1.8693836952472949
121,1,test,3.23126257557572,1.4605077141363343,2.013517001395851,6.022897589848622,2.7223068957371135,3.7530861114453287,25.31159460601335,19.43630789073852,21.932034434759004,47.17943484386162,36.22822015008404,40.880118606285485,3.424409730350552,1.5068937590424867,2.100760103609127,5.804084288729749,2.5540572187160793,3.5606103451002147,30.704515557808595,23.900479518459793,26.94740712866194,52.04155179289592,40.50928731942338,45.67357140451176,3.2392365469600692,1.468097511246985,2.0177490046520097,6.037760638551422,2.736453864501183,3.7609743352017055,25.514235389268904,19.636691106365525,22.122005321175337,47.55714623578014,36.60172355880377,41.2342140000139,0.7437185929648241,-0.0012814070351758744,0.008718592964824134,0.6180904522613065,0.03309045226130658,0.018090452261306567,0.4773869346733668,0.007386934673366818,-0.0126130653266332,0.4358974358974359,0.10865794778043403,0.17523970142727752,0.38235294117647056,0.4371859296482412,0.1113713933073891,0.17675187288697247,0.3939393939393939,0.43223443223443225,0.10133863698763157,0.1679226173745053,0.36397058823529416,25.0,11.0,12.0,37.0,13.0,15.0,44.0,12.0,14.0,0.000393798533036154,0.00034503449715099185,0.00019156827545346826,-0.00020410455418851114,0.00020435748183800229,5.0812707827141423e-05,"[12.1640625, 10.40625, 8.2421875, 2.716796875, 9.9296875, 4.734375, 1.6240234375, 1.900390625, 0.1907958984375, 6.36328125, 4.58984375, 9.3984375, 5.48828125, 3.267578125, 2.275390625, 7.04296875, 7.13671875, 5.390625, 7.54296875, 1.2099609375, 5.4375, 8.5390625, 5.23046875, 1.4599609375, 0.001308441162109375, 1.1064453125, 8.5859375, 2.67578125, 1.4716796875, 1.09765625, 0.1376953125, 4.5859375, 6.97265625, 0.9599609375, 2.935546875, 6.08203125, 3.744140625, 1.6357421875, 0.173828125, 3.158203125, 0.908203125, 4.67578125, 0.00983428955078125, 0.07080078125, 0.0088653564453125, 0.841796875, 0.2218017578125, 8.125, 0.02020263671875, 5.15234375, 0.65576171875, 1.310546875, 0.00821685791015625, 0.0026092529296875, 0.37548828125, 3.818359375, 0.0223541259765625, 2.8133392333984375e-05, 0.0182037353515625, 7.109375, 3.7734375, 1.625, 4.3125, 0.15576171875, 0.91552734375, 3.095703125, 0.17138671875, 0.1187744140625, 10.1796875, 1.412109375, 4.48828125, 0.91015625, 4.046875, 1.8017578125, 9.1640625, 4.9375, 0.85986328125, 2.810546875, 0.23681640625, 5.75, 2.396484375, 1.1494140625, 0.29052734375, 3.724609375, 0.1273193359375, 6.5, 0.205322265625, 0.135986328125, 6.08203125, 4.140625, 4.05859375, 7.875, 2.06640625, 5.4453125, 1.466796875, 6.109375, 1.162109375, 3.609375, 0.142822265625, 1.1015625, 0.67578125, 7.53515625, 1.5654296875, 10.375, 2.365234375, 8.2265625, 3.65625, 2.767578125, 3.552734375, 2.1328125, 0.00946044921875, 3.8828125, 6.4453125, 0.5048828125, 3.75390625, 2.546875, 7.15234375, 8.3203125, 3.77734375, 3.41015625, 2.94140625, 0.114501953125, 1.9169921875, 3.041015625, 6.96875, 3.537109375, 0.82373046875, 1.298828125, 3.1796875, 1.84375, 10.3359375, 1.65234375, 2.013671875, 4.0703125, 5.1484375, 1.9638671875, 6.9609375, 2.044921875, 0.398681640625, 0.85791015625, 4.19921875, 0.0284576416015625, 3.681640625, 1.7197265625, 2.3203125, 1.208984375, 4.36328125, 2.984375, 5.3203125, 4.01171875, 0.11224365234375, 4.22265625, 6.29296875, 1.583984375, 5.74609375, 1.0869140625, 0.2197265625, 6.3203125, 0.01497650146484375, 0.185791015625, 6.2890625, 5.3046875, 1.6474609375, 4.2734375, 0.06396484375, 9.1640625, 6.48828125, 1.3095703125, 1.060546875, 0.33447265625, 0.67138671875, 1.5244140625, 0.8994140625, 2.99609375, 1.4404296875, 4.43359375, 2.46484375, 4.71875, 2.296875, 9.515625, 2.7109375, 0.6552734375, 12.4453125, 2.482421875, 0.65380859375, 8.8984375, 4.609375, 6.59375, 0.1324462890625, 2.8515625, 11.4765625, 2.470703125, 4.0859375, 4.6640625, 5.08984375, 1.619140625, 0.273681640625, 6.16796875, 5.04296875, 1.6875, 2.708984375, 10.015625, 0.1912841796875, 0.32861328125, 1.4453125, 3.6171875, 4.58203125, 3.484375, 3.130859375, 1.15234375, 7.59765625, 1.03125, 1.9091796875, 4.0234375, 3.79296875, 1.4970703125, 1.951171875, 4.40625, 1.703125, 5.9375, 5.9296875, 2.466796875, 1.1201171875, 0.443603515625, 2.189453125, 1.4775390625, 0.93310546875, 4.41796875, 8.0, 3.251953125, 2.78125, 0.006500244140625, 3.8125, 0.7890625, 6.3984375, 0.00447845458984375, 0.802734375, 1.662109375, 2.224609375, 9.1484375, 0.48876953125, 2.02734375, 3.982421875, 0.51171875, 1.4248046875, 3.482421875, 2.89453125, 1.443359375, 0.397705078125, 4.19921875, 3.388671875, 0.515625, 0.806640625, 2.064453125, 0.68115234375, 5.0625, 3.859375, 4.74609375, 3.84375, 1.9873046875, 3.255859375, 0.9912109375, 3.3359375, 2.0546875, 3.64453125, 3.91015625, 0.52685546875, 0.380859375, 5.3046875, 4.3671875, 0.96923828125, 2.076171875, 0.724609375]",-0.7201894412547243
3,1,test,1.8456700321854345,0.8006794419953351,1.1225340514449167,5.825396039085278,2.5271444887977768,3.5429980998730186,6.332341241730051,3.4889694737919776,4.271455255503179,19.986452044210473,11.012059901655931,13.481780650181909,2.0728592513194637,0.886345961547583,1.2372932996091115,5.055754271510887,2.1618194184087387,3.0177885356319787,7.947514603676937,4.671874538395697,5.641395772750096,19.384181960187654,11.39481594730658,13.759501884756334,1.838481303840178,0.8094450263175512,1.1155956694422744,5.745254074500556,2.5295157072423478,3.486236467007108,6.2869829901626,3.488615305226408,4.22661287462906,19.646821844258124,10.901922828832523,13.208165233215812,0.48743718592964824,0.01743718592964827,0.012437185929648265,0.3517587939698492,-0.0032412060301507672,0.0017587939698492372,0.27638190954773867,0.006381909547738651,-0.008618090452261362,0.3178807947019867,0.09474029883421808,0.11633894448172244,0.2724252491694352,0.3417085427135679,0.08606944496920699,0.1363663056517983,0.297979797979798,0.3411371237458194,0.11075315045700473,0.1386899602308027,0.28859060402684567,16.0,0.0,0.0,25.0,0.0,0.0,34.0,-2.0,2.0,0.0013432359873321816,0.00030893257743386373,0.00019038569598662524,-0.074951258072117,-0.07003024425809645,-0.07248939255009201,"[8.828125, 11.2890625, 3.076171875, 1.6640625, 5.93359375, 0.546875, 3.1328125, 0.9052734375, 0.01435089111328125, 3.130859375, 0.35693359375, 1.9775390625, 2.28125, 0.176025390625, 0.003803253173828125, 8.7421875, 0.5576171875, 1.037109375, 0.05560302734375, 0.0335693359375, 0.03192138671875, 0.0028533935546875, 4.24609375, 0.10931396484375, 0.08203125, 0.11492919921875, 7.6328125, 8.4296875, 0.160888671875, 0.1527099609375, 0.00787353515625, 0.2232666015625, 0.064697265625, 0.046661376953125, 0.053466796875, 0.09063720703125, 8.796875, 1.3759765625, 0.2413330078125, 5.0078125, 2.21484375, 13.0546875, 2.58984375, 1.2724609375, 0.051422119140625, 0.73193359375, 0.05340576171875, 0.07086181640625, 6.80078125, 0.94677734375, 0.0728759765625, 0.7451171875, 0.070068359375, 1.4638671875, 0.0201873779296875, 0.053192138671875, 0.2001953125, 2.529296875, 0.139404296875, 1.0263671875, 2.853515625, 0.1881103515625, 0.06793212890625, 3.701171875, 2.505859375, 4.75, 0.6904296875, 5.8359375, 8.9453125, 10.7734375, 0.97509765625, 3.798828125, 4.87109375, 6.7109375, 1.5693359375, 2.208984375, 0.0214691162109375, 5.8984375, 0.040313720703125, 2.3515625, 1.669921875, 5.53515625, 4.05859375, 2.81640625, 6.21875, 1.087890625, 0.393798828125, 0.69580078125, 0.58984375, 0.0196075439453125, 1.0859375, 3.708984375, 0.09112548828125, 1.318359375, 0.304931640625, 1.4521484375, 0.1588134765625, 3.41015625, 3.310546875, 5.7109375, 7.46484375, 4.97265625, 11.109375, 0.149169921875, 1.4267578125, 4.5859375, 0.94189453125, 5.46875, 0.250732421875, 1.708984375, 5.73046875, 0.79443359375, 0.1173095703125, 0.32861328125, 0.0860595703125, 0.509765625, 0.024200439453125, 1.6181640625, 0.256591796875, 5.6796875, 7.25390625, 0.373779296875, 0.08203125, 3.466796875, 3.08984375, 3.228515625, 8.7578125, 4.1953125, 1.65625, 3.66796875, 1.6923828125, 0.1256103515625, 0.132568359375, 0.042083740234375, 0.4736328125, 0.0158233642578125, 3.970703125, 0.1226806640625, 0.378662109375, 3.865234375, 4.95703125, 0.08984375, 0.0728759765625, 0.88037109375, 0.08612060546875, 0.07135009765625, 0.2327880859375, 2.962890625, 0.17822265625, 0.52978515625, 0.22021484375, 0.181396484375, 0.07037353515625, 0.138916015625, 0.035400390625, 1.7607421875, 0.11639404296875, 3.912109375, 0.203857421875, 4.625, 0.64892578125, 4.02734375, 3.263671875, 0.11834716796875, 0.70361328125, 0.024505615234375, 0.81396484375, 1.259765625, 7.75390625, 0.287109375, 2.525390625, 0.68212890625, 5.56640625, 0.0404052734375, 0.9453125, 0.3681640625, 0.58447265625, 0.92138671875, 0.14794921875, 0.053558349609375, 0.78369140625, 1.5751953125, 5.71875, 0.25341796875, 4.64453125, 4.12109375, 1.880859375, 0.1402587890625, 0.00960540771484375, 1.2265625, 0.5048828125, 2.01953125, 1.0478515625, 0.77001953125, 1.3232421875, 0.3505859375, 0.388427734375, 0.82373046875, 0.0034351348876953125, 1.6181640625, 2.45703125, 0.065185546875, 5.64453125, 1.78125, 2.759765625, 6.0078125, 0.210205078125, 4.24609375, 4.26171875, 0.77734375, 0.01305389404296875, 8.953125, 0.62646484375, 0.165283203125, 1.2783203125, 0.61865234375, 1.869140625, 0.0404052734375, 0.6845703125, 0.1087646484375, 0.1328125, 0.9794921875, 0.05224609375, 0.705078125, 0.009979248046875, 0.4208984375, 0.349365234375, 1.5107421875, 0.11993408203125, 6.0625, 2.42578125, 2.01171875, 0.42041015625, 0.1640625, 0.01375579833984375, 0.0013027191162109375, 0.11663818359375, 10.71875, 1.1513671875, 0.004055023193359375, 0.002658843994140625, 0.0005745887756347656, 0.352783203125, 0.0039215087890625, 1.501953125, 0.10589599609375, 0.70849609375, 0.4228515625, 0.049407958984375, 4.171875, 0.1448974609375, 0.0147247314453125, 0.007843017578125, 0.0010700225830078125, 0.0423583984375, 5.08984375, 0.82861328125, 0.0003237724304199219, 2.400390625, 0.7353515625, 2.197265625, 0.0006070137023925781, 0.0012836456298828125, 0.00010204315185546875, 0.09869384765625, 0.0076446533203125, 0.92919921875, 2.9609375, 0.053131103515625, 0.66796875, 0.1201171875, 0.16552734375, 5.14453125, 0.02105712890625, 7.09765625, 4.1953125, 2.5390625, 0.455078125, 2.69140625, 0.87841796875, 0.00438690185546875, 1.5537109375, 0.0204620361328125, 0.0008058547973632812, 5.10546875, 0.18359375, 0.13037109375, 1.6474609375, 0.765625, 0.005771636962890625, 0.990234375, 0.010040283203125, 2.15625, 0.014068603515625, 0.1263427734375, 6.1015625, 0.25390625, 0.0019397735595703125, 0.009979248046875, 0.60546875, 2.205078125, 0.5498046875]",-1.9120790484725245
211,1,test,3.9990770210091684,1.8231140135405974,1.8565789414929634,8.84006499380974,4.030041503616057,4.1040166075107605,54.547780336387106,45.73711456137649,46.027083894413536,120.5793039014873,101.10309534620066,101.74408018765098,4.914706970579061,2.305452133244158,3.141753515222457,8.698596408104533,4.080446253529483,5.560625690659216,136.27937008617215,122.6904489646996,130.39115179082563,241.20242493127816,217.15123710566303,230.7807996297799,4.4924006733208595,2.0720712323076187,2.833558497685459,9.294622082732813,4.287043928912315,5.862534822797501,89.33565437552997,78.08608960302932,84.08242936547623,184.83238836316545,161.55742676488825,173.9636469630543,0.7889447236180904,0.0039447236180903955,0.0039447236180903955,0.7386934673366834,-0.0013065326633165952,0.003693467336683409,0.6482412060301508,0.013241206030150776,0.013241206030150776,0.4433399602385686,0.12258524325743647,0.12564690061002504,0.37649402390438247,0.4623115577889447,0.11394063047064895,0.20354695010947899,0.4292929292929293,0.4481605351170569,0.1059234733474409,0.19009601898802464,0.3993288590604027,28.0,-2.0,-1.0,39.0,-2.0,0.0,46.0,0.0,0.0,0.0015021414607153582,0.0005641683369152294,0.0010079791902416109,-0.007307890578346132,-0.007497882028751235,-0.00807391425185866,"[9.1953125, 7.9921875, 5.265625, 8.703125, 5.29296875, 10.59375, 3.333984375, 0.263671875, 5.140625, 6.234375, 11.0390625, 5.91015625, 4.8125, 10.53125, 1.45703125, 6.75, 9.109375, 7.41015625, 7.765625, 8.3515625, 0.7412109375, 4.328125, 1.08984375, 8.7890625, 0.0098419189453125, 5.8515625, 7.87890625, 0.8720703125, 8.0234375, 0.2421875, 4.66796875, 2.23046875, 3.7578125, 2.072265625, 0.00270843505859375, 4.8984375, 9.234375, 10.765625, 4.44921875, 6.72265625, 0.1683349609375, 7.41015625, 1.2568359375, 2.80859375, 0.048980712890625, 6.05859375, 9.328125, 3.03125, 6.0546875, 1.216796875, 3.458984375, 8.6484375, 3.703125, 0.042694091796875, 8.1953125, 8.75, 6.74609375, 0.11767578125, 8.9609375, 6.65234375, 3.69140625, 0.1448974609375, 8.0546875, 6.53515625, 14.4609375, 6.98046875, 4.5078125, 5.765625, 0.0007581710815429688, 0.66455078125, 6.84375, 7.36328125, 0.1551513671875, 6.6953125, 3.8203125, 0.06365966796875, 3.87109375, 8.0390625, 5.9140625, 0.1990966796875, 3.333984375, 7.15625, 2.76953125, 0.0504150390625, 1.69921875, 2.556640625, 2.931640625, 0.0712890625, 2.30078125, 6.3671875, 2.015625, 0.08392333984375, 8.3125, 9.6875, 0.60986328125, 0.0760498046875, 3.0625, 0.00525665283203125, 0.1854248046875, 13.078125, 8.703125, 4.69921875, 0.038726806640625, 3.17578125, 10.6875, 6.34375, 4.02734375, 5.10546875, 0.052978515625, 2.71875, 9.546875, 2.681640625, 5.625, 0.01125335693359375, 3.876953125, 6.35546875, 8.53125, 5.15625, 0.0269927978515625, 8.625, 11.125, 10.1953125, 9.40625, 3.6484375, 0.0199432373046875, 5.94140625, 8.6328125, 13.3671875, 7.64453125, 0.021148681640625, 12.03125, 13.125, 4.25, 0.01020050048828125, 2.1328125, 3.755859375, 0.007965087890625, 0.08551025390625, 10.2421875, 2.658203125, 1.6474609375, 6.03515625, 9.0234375, 0.0301971435546875, 1.9833984375, 10.5625, 0.83740234375, 3.380859375, 6.0625, 3.8515625, 1.859375, 2.3515625, 10.0234375, 3.76953125, 0.0157928466796875, 12.453125, 12.6015625, 2.533203125, 4.18359375, 4.2109375, 6.44921875, 2.958984375, 3.15234375, 10.953125, 5.71875, 12.8203125, 1.3193359375, 9.1953125, 8.2109375, 3.677734375, 10.5, 8.3984375, 4.78125, 10.6328125, 4.8671875, 5.96875, 6.32421875, 6.953125, 2.900390625, 0.053802490234375, 2.6953125, 0.0011987686157226562, 0.0966796875, 2.826171875, 0.036834716796875, 0.043731689453125, 4.19921875, 4.50390625, 0.0301055908203125, 4.21875, 10.9296875, 6.23046875, 2.587890625, 0.014129638671875, 0.798828125, 8.109375, 2.98828125, 15.609375, 1.9541015625, 4.65625, 0.01287078857421875, 2.240234375, 7.89453125, 4.37109375, 0.036590576171875, 4.5, 5.87890625, 7.078125, 4.80078125, 0.4765625, 10.578125, 1.921875, 3.0703125, 0.05426025390625, 6.94140625, 0.57080078125, 1.71875, 0.004451751708984375, 0.07977294921875, 0.89306640625, 0.0168304443359375, 0.06622314453125, 4.4375, 1.318359375, 0.00748443603515625, 1.591796875, 8.5703125, 9.3125, 2.798828125, 3.404296875, 0.0287322998046875, 2.521484375, 8.71875, 0.1431884765625, 11.625, 0.96484375, 3.7734375, 0.009490966796875, 7.2890625, 1.0771484375, 8.5703125, 5.08984375, 0.427490234375, 8.6328125, 10.875, 4.70703125, 5.1328125, 3.37109375, 6.27734375, 0.020111083984375, 4.828125, 0.0006365776062011719, 0.072265625, 0.1453857421875, 0.01268768310546875, 0.00951385498046875, 4.7265625, 1.8173828125, 0.006587982177734375, 0.363037109375, 9.0703125, 7.72265625, 2.23046875, 0.1553955078125, 9.265625, 0.271240234375, 4.359375, 0.030029296875, 5.83203125, 3.302734375, 0.019561767578125, 7.38671875, 4.35546875, 10.375, 6.8984375, 0.2998046875, 2.63671875, 0.0197296142578125, 3.5859375, 5.04296875, 0.0174560546875, 0.06488037109375, 9.0859375, 4.48046875, 0.017730712890625, 2.662109375, 10.0, 3.849609375, 10.9140625, 2.9765625, 0.0214385986328125, 7.3515625, 0.039154052734375, 3.568359375, 0.0226593017578125, 4.26171875, 0.7470703125, 9.015625, 6.83203125, 6.52734375, 0.011566162109375, 4.8828125, 0.025604248046875, 3.951171875, 0.005123138427734375, 0.07666015625, 9.7890625, 5.76171875, 0.0390625, 1.9130859375, 7.2265625, 0.1715087890625, 2.01171875, 2.6875, 0.033355712890625, 3.056640625, 0.0102081298828125, 0.98828125, 0.016815185546875, 2.30859375, 0.041717529296875, 5.4609375, 0.06707763671875, 5.3984375, 0.031890869140625, 5.48046875, 0.0012865066528320312, 0.080078125, 4.2890625, 4.515625, 7.0390625, 7.82421875, 0.73046875, 2.41796875, 6.078125, 0.001972198486328125, 0.1661376953125, 6.9140625, 0.88232421875, 2.234375, 0.328125, 0.251708984375, 1.5498046875, 0.6787109375, 0.0012292861938476562, 0.151123046875, 7.31640625, 4.01171875, 3.087890625, 0.67529296875, 0.34765625, 2.25, 0.59521484375, 0.0028171539306640625, 0.090576171875, 2.25, 9.4296875, 3.390625, 3.31640625, 3.076171875, 0.18798828125, 0.1895751953125, 0.873046875, 0.1986083984375, 0.0012340545654296875, 0.0872802734375, 2.33984375, 5.04296875, 5.07421875, 4.390625, 1.3359375, 0.06329345703125, 0.08599853515625, 0.783203125, 0.0694580078125, 0.0007753372192382812, 0.08966064453125, 10.3125, 4.45703125, 1.3447265625, 0.0604248046875, 0.16455078125, 0.79052734375, 0.0950927734375, 0.0010557174682617188, 0.08953857421875, 8.8671875, 4.16796875, 2.16015625, 0.1519775390625, 0.1697998046875, 0.429443359375, 4.1640625, 0.003650665283203125, 9.0546875, 6.828125, 10.7421875, 6.25, 2.22265625, 8.0625, 2.015625, 9.0625, 2.74609375, 5.48046875, 11.1328125, 0.5390625, 3.783203125, 9.5546875, 3.330078125, 10.390625, 2.2265625, 2.970703125, 5.171875, 8.25, 1.7197265625, 4.5703125, 0.80859375, 0.058929443359375, 3.3515625, 7.2734375, 1.4306640625, 6.58203125, 10.578125, 7.8203125, 0.006618499755859375, 0.4482421875, 0.0002300739288330078, 0.0001761913299560547, 0.0028057098388671875, 10.21875, 9.84375, 1.5966796875, 9.84375, 0.732421875, 0.0689697265625, 0.00946044921875, 2.228515625, 1.8330078125, 1.64453125, 5.609375, 1.416015625, 6.1640625, 8.140625, 1.1513671875, 1.7060546875, 12.6875, 6.51953125, 2.671875, 6.87890625, 0.36279296875, 3.5625, 7.8828125, 4.6171875, 1.2314453125, 1.8115234375, 0.0014142990112304688, 1.685546875, 8.7578125, 7.8359375, 6.46875, 9.75, 5.96875, 1.68359375, 7.171875, 10.9765625, 5.60546875, 7.1328125, 1.23828125, 2.642578125, 4.09375, 9.5703125, 6.93359375, 5.078125, 2.091796875, 1.0673828125, 0.0016603469848632812, 0.409423828125, 0.0002682209014892578, 0.0006284713745117188, 0.002285003662109375, 7.94140625, 5.97265625, 2.291015625, 0.140625, 7.203125, 6.71875, 0.49951171875, 1.9267578125, 2.982421875, 0.1358642578125, 0.0220489501953125, 0.5400390625, 10.71875, 3.1640625, 2.9921875, 0.4462890625, 5.7734375, 9.2578125, 4.31640625, 0.10198974609375, 0.2413330078125, 3.916015625, 1.662109375]",-0.3115432869131949
170,1,test,0.23203592220049227,-0.028198416123154352,0.02958998121724135,0.4606342751831995,-0.055979077933373145,0.058741592342375415,1.26116503183776,-0.03606901086329084,0.03677113803496046,2.503646137277924,-0.0716036660100885,0.07299751846940294,0.29477935939577954,-0.10078658720232125,-0.08158912125634338,0.5837215037540189,-0.1995774004006361,-0.16156261634919478,1.3428300431657716,-0.1423944677039477,-0.11415386208382783,2.6590693924074684,-0.2819692429781142,-0.22604725165114425,0.22813185547175033,-0.032740808489642365,0.023207531387412578,0.4528839797513266,-0.06499656796462333,0.046071247495011625,1.256250958075033,-0.04181140671511829,0.028818783680310878,2.493890790845251,-0.08300338518260508,0.057210622417209755,0.07537688442211055,-0.004623115577889414,0.0003768844221105905,0.04020100502512558,-0.009798994974874464,-0.00479899497487446,0.025125628140703515,-0.004874371859296511,-0.004874371859296511,0.11985018726591756,0.03760719661171197,0.041394396481359674,0.041353383458646586,0.1507537688442211,0.058021939270286205,0.07729800924488883,0.0505050505050505,0.11985018726591756,0.028261402219188603,0.036413076431546454,0.041353383458646586,11.0,2.0,2.0,14.0,5.0,5.0,15.0,6.0,6.0,0.00022871168507558473,0.00046100733611217286,0.00021788517525354919,-0.0809157165707961,-0.07388054919413767,-0.0789926901883542,"[8.203125, 7.328125, 0.1417236328125, 5.609375, 3.23046875, 0.73291015625, 0.9541015625, 1.3623046875, 1.818359375, 3.720703125, 0.41943359375, 0.34033203125, 0.0051116943359375, 2.923828125, 2.6875, 4.80859375, 0.365966796875, 0.050933837890625, 1.3583984375, 0.036895751953125, 2.439453125, 0.129638671875, 0.00010228157043457031, 0.0015583038330078125, 0.030426025390625, 0.167724609375, 0.53125, 0.040740966796875, 0.99365234375, 0.007770538330078125, 0.0021190643310546875, 5.3048133850097656e-05, 0.322509765625, 0.00250244140625, 0.0012788772583007812, 0.0002281665802001953, 0.001918792724609375, 0.00010144710540771484, 0.05084228515625, 0.00260162353515625, 0.1444091796875, 0.00823974609375, 0.0002529621124267578, 0.0031452178955078125, 0.00040721893310546875, 0.0009469985961914062, 0.0010766983032226562, 0.0006504058837890625, 0.005764007568359375, 0.0011138916015625, 0.0120391845703125, 0.0039215087890625, 0.31689453125, 1.318359375, 0.0003867149353027344, 0.06787109375, 0.00015819072723388672, 0.001251220703125, 0.0186309814453125, 0.380859375, 0.0102691650390625, 0.51220703125, 0.037078857421875, 0.002613067626953125, 0.002887725830078125, 0.00092315673828125, 0.0001163482666015625, 7.987022399902344e-06, 0.0003387928009033203, 4.57763671875e-05, 0.0036602020263671875, 0.0011539459228515625, 0.6953125, 0.00016188621520996094, 0.2183837890625, 0.0008664131164550781, 0.0005369186401367188, 8.273124694824219e-05, 2.0503997802734375e-05, 1.5854835510253906e-05, 0.0084991455078125, 0.00018215179443359375, 2.956390380859375e-05, 3.0040740966796875e-05, 0.0011224746704101562, 0.002758026123046875, 0.0010023117065429688, 0.030548095703125, 0.0009870529174804688, 0.0009427070617675781, 8.702278137207031e-06, 4.76837158203125e-05, 0.006763458251953125, 0.002071380615234375, 0.01340484619140625, 0.0013217926025390625, 0.005023956298828125, 0.051025390625, 9.000301361083984e-05, 1.5654296875, 0.0227203369140625, 0.0002741813659667969, 0.0008263587951660156, 8.344650268554688e-05, 6.556510925292969e-06, 8.082389831542969e-05, 0.0003864765167236328, 0.0003733634948730469, 0.00011920928955078125, 0.04888916015625, 0.313720703125, 8.821487426757812e-06, 0.364990234375, 0.1300048828125, 0.00045037269592285156, 0.0035114288330078125, 0.00010466575622558594, -0.0, 0.0003807544708251953, 0.0001970529556274414, 0.0012989044189453125, 0.0003390312194824219, 0.0024929046630859375, 0.1278076171875, 6.318092346191406e-06, 0.045135498046875, 0.0015249252319335938, 0.0908203125, 0.01198577880859375, 0.1431884765625, 0.0003521442413330078, 0.0012731552124023438, 0.010040283203125, 0.0031070709228515625, 0.445556640625, 0.08782958984375, 0.0150299072265625, 0.14501953125, 0.0105133056640625, 0.002567291259765625, 0.192138671875, 0.0034694671630859375, 0.132568359375, 0.063232421875, 1.3232231140136719e-05, 0.032257080078125, 0.01593017578125, 0.0027008056640625, 0.0024471282958984375, 6.42538070678711e-05, 2.849102020263672e-05, 4.8160552978515625e-05, 0.0001780986785888672, 0.00018894672393798828, 0.001132965087890625, 1.3173828125, 0.12939453125, 1.1444091796875e-05, 0.32861328125, 0.00014019012451171875, 0.00803375244140625, 0.0016431808471679688, 0.01068115234375, 0.0009822845458984375, 0.00461578369140625, 0.004787445068359375, 0.02569580078125, 0.008941650390625, 0.01160430908203125, 0.004398345947265625, 0.0193023681640625, 0.0006380081176757812, 0.00020873546600341797, 0.0006723403930664062, 0.01496124267578125, 0.0963134765625, 0.00106048583984375, 0.000141143798828125, 0.0006442070007324219, 0.00013947486877441406, 0.732421875, 0.0014591217041015625, 0.0019855499267578125, 5.412101745605469e-05, 1.5139579772949219e-05, 0.00013196468353271484, 8.118152618408203e-05, 9.751319885253906e-05, 2.86102294921875e-06, 0.0017518997192382812, 2.6226043701171875e-06, 6.67572021484375e-06, 5.3882598876953125e-05, 0.0012254714965820312, 0.00093841552734375, 0.0004191398620605469, 0.006855010986328125, 0.00128936767578125, 6.282329559326172e-05, 2.9802322387695312e-06, 6.914138793945312e-05, 1.7881393432617188e-06, 0.0009164810180664062, 0.00013589859008789062, 9.775161743164062e-06, 0.00049591064453125, 0.009552001953125, 0.0004036426544189453, 8.225440979003906e-05, 0.129638671875, 0.01824951171875, 1.6689300537109375e-06, 0.0204315185546875, 9.179115295410156e-06, 0.0012407302856445312, 0.004581451416015625, 2.872943878173828e-05, 0.0009927749633789062, 1.6570091247558594e-05, 0.0100250244140625, 0.0005078315734863281, 9.310245513916016e-05, 0.0010347366333007812, 0.0098114013671875, 0.14599609375, 0.0144195556640625, 0.00015044212341308594, 0.0260009765625, 0.00013637542724609375, 0.0006632804870605469, 3.2186508178710938e-06, 2.4080276489257812e-05, 1.8358230590820312e-05, 0.0026397705078125, 0.00426483154296875, 8.392333984375e-05, 3.5762786865234375e-07, 5.6624412536621094e-05, 9.5367431640625e-07, 0.00013434886932373047, 1.0967254638671875e-05, 0.000507354736328125, 0.00250244140625, 0.0003218650817871094, 0.0013437271118164062, 2.9802322387695312e-06, 0.0001800060272216797, 6.4373016357421875e-06, 7.128715515136719e-05, 0.0008096694946289062, 0.0001811981201171875, 0.0005345344543457031, 6.73532485961914e-05, 0.0034847259521484375, 3.2186508178710938e-06, 5.1975250244140625e-05, 0.0009555816650390625, 0.0035915374755859375, 0.0074005126953125, 5.555152893066406e-05, 3.0994415283203125e-06, 0.0102081298828125, 0.000728607177734375, 0.0024394989013671875, 3.4570693969726562e-06, 0.0067138671875, 0.00019550323486328125]",-2.4200984962870566
95,1,test,2.7698205671751297,1.2587223791653694,1.5479770477732064,10.010228716457487,4.54906684400116,5.594443365636501,15.955770763900412,11.424066037448,12.562332924648809,57.66471539234185,41.28697550375945,45.40071197329219,3.5599064275847008,1.618065545594091,2.259815120751825,8.789892413789383,3.9952235693681253,5.579790421609443,35.15990699375621,28.188333985471854,31.49027527898355,86.8145851697684,69.60082465548605,77.75376612094702,3.378916790821408,1.6009187793058404,2.1567803200661118,9.621867813862867,4.558806809642345,6.141688720950166,29.33897364919879,23.420976859490697,25.94454155211211,83.5462202010518,66.69401981893066,73.8801707055383,0.6934673366834171,0.0034673366834171437,-0.0015326633165829717,0.6030150753768844,-0.0019849246231156137,0.023015075376884297,0.4773869346733668,0.017386934673366827,0.027386934673366836,0.3917274939172749,0.11833745746527002,0.16005593966507548,0.30487804878048785,0.4170854271356784,0.09127089079482631,0.17835420843784866,0.36868686868686873,0.412751677852349,0.10789405641181304,0.1828409635666347,0.36363636363636365,22.0,-3.0,-1.0,35.0,-3.0,0.0,43.0,-3.0,-1.0,0.0007355105842186247,0.0017641271999052806,0.00024228259946510225,-0.04828176613304169,-0.06181336320463693,-0.05797672421268096,"[11.859375, 10.71875, 3.623046875, 2.828125, 7.3203125, 0.0097808837890625, 3.009765625, 4.9375, 5.30859375, 0.1634521484375, 7.62109375, 1.4130859375, 0.004878997802734375, 0.14208984375, 8.109375, 6.828125, 0.06610107421875, 6.95703125, 4.3359375, 5.7734375, 6.75, 10.6484375, 5.22265625, 3.232421875, 9.53125, 0.322021484375, 2.896484375, 0.00140380859375, 1.9384765625, 4.09375, 0.04754638671875, 0.3369140625, 0.0146331787109375, 0.38232421875, 2.330078125, 4.30078125, 2.263671875, 0.002475738525390625, 9.140625, 2.634765625, 0.241455078125, 0.98828125, 2.970703125, 0.951171875, 0.0088653564453125, 10.046875, 10.203125, 10.171875, 0.00174713134765625, 2.533203125, 2.28125, 0.93701171875, 4.0703125, 6.3984375, 1.134765625, 0.004299163818359375, 1.1376953125, 7.52734375, 4.609375, 0.474609375, 6.9765625, 1.818359375, 3.75390625, 3.904296875, 0.006458282470703125, 3.755859375, 9.3125, 2.6796875, 0.83935546875, 4.09765625, 0.00514984130859375, 10.0234375, 8.9375, 5.546875, 2.822265625, 3.96875, 1.951171875, 0.0665283203125, 4.78125, 7.14453125, 10.5625, 1.74609375, 5.8359375, 5.171875, 4.33984375, 1.0, 12.0625, 4.92578125, 2.234375, 2.79296875, 3.119140625, 0.88623046875, 0.541015625, 0.412353515625, 10.2265625, 5.91796875, 7.3046875, 2.111328125, 1.4052734375, 0.0037441253662109375, 2.431640625, 8.703125, 12.8671875, 0.8681640625, 3.115234375, 7.36328125, 12.703125, 6.28515625, 3.642578125, 5.87109375, 5.0546875, 0.0018663406372070312, 0.1956787109375, 3.587890625, 2.150390625, 0.2359619140625, 4.203125, 6.1640625, 0.2093505859375, 4.359375, 4.94140625, 6.046875, 0.0005526542663574219, 4.17578125, 5.65234375, 7.49609375, 6.3984375, 12.3046875, 6.0390625, 3.6171875, 2.212890625, 0.311279296875, 4.8515625, 0.0024967193603515625, 1.7890625, 5.953125, 1.0361328125, 2.39453125, 7.8671875, 2.0390625, 2.60546875, 0.0039043426513671875, 5.3203125, 2.193359375, 0.79345703125, 0.833984375, 0.65380859375, 2.923828125, 0.1951904296875, 3.68359375, 2.689453125, 2.4921875, 5.55859375, 0.533203125, 8.984375, 3.482421875, 1.86328125, 1.66796875, 1.14453125, 0.00341796875, 1.6845703125, 5.6796875, 5.1953125, 9.6328125, 1.123046875, 6.81640625, 3.119140625, 2.7890625, 2.99609375, 1.8291015625, 8.7578125, 2.1953125, 2.869140625, 0.07501220703125, 7.51171875, 3.703125, 5.73046875, 1.865234375, 7.05078125, 0.44873046875, 5.26953125, 0.5703125, 0.59228515625, 2.6015625, 0.232177734375, 5.8046875, 2.828125, 0.51904296875, 0.300537109375, 0.1395263671875, 0.083984375, 0.177978515625, 0.13720703125, 0.64501953125, 0.2032470703125, 0.255859375, 0.02593994140625, 0.29296875, 0.1419677734375, 0.048919677734375, 0.167724609375, 0.201416015625, 0.2222900390625, 0.32373046875, 0.1890869140625, 0.07861328125, 0.187744140625, 0.05804443359375, 4.1015625, 0.7001953125, 0.257568359375, 0.6015625, 4.65625, 2.17578125, 0.2342529296875, 1.0966796875, 0.0017614364624023438, 3.625, 9.0, 4.04296875, 1.22265625, 0.00582122802734375, 5.37109375, 2.291015625, 5.29296875, 11.8046875, 1.0458984375, 0.261962890625, 0.344482421875, 9.0, 0.1827392578125, 6.72265625, 6.30859375, 6.6875, 7.93359375, 4.2421875, 4.5859375, 9.15625, 2.236328125, 2.951171875, 0.0027637481689453125, 2.568359375, 4.20703125, 7.10546875, 1.1142578125, 7.1875, 9.4140625, 0.4697265625, 2.84375, 1.4150390625, 1.751953125, 0.0246429443359375, 2.78515625, 0.0015697479248046875, 4.921875, 3.431640625, 0.43115234375, 0.0408935546875, 0.104736328125, 0.088623046875, 0.07391357421875, 0.17138671875, 0.239501953125, 0.91064453125, 0.12060546875, 0.81787109375, 0.001552581787109375, 0.79345703125, 7.10546875, 9.8203125, 5.48828125, 7.72265625, 0.32275390625, 5.46484375, 0.0028781890869140625, 1.07421875, 5.984375, 7.62109375, 6.55859375, 0.480224609375, 5.09375, 1.6904296875, 0.00098419189453125, 1.2060546875, 4.86328125, 3.14453125, 2.091796875, 1.4365234375, 1.3056640625, 2.505859375, 0.00972747802734375, 1.25, 5.84765625, 11.125, 6.81640625, 0.26318359375, 1.908203125, 2.23828125, 0.00296783447265625, 0.68310546875, 3.03515625, 0.318603515625, 0.75244140625, 0.7685546875, 0.5205078125, 0.299072265625, 0.0022068023681640625, 0.4228515625, 0.18017578125, 0.09765625, 0.248291015625, 0.050384521484375, 0.1329345703125, 0.05889892578125, 0.728515625, 0.0131683349609375, 0.129638671875, 0.1412353515625, 0.04705810546875, 1.0107421875, 0.01910400390625, 0.058349609375, 0.1033935546875, 6.04296875, 0.4384765625, 1.5771484375, 6.82421875, 1.111328125, 3.021484375, 1.22265625, 0.08184814453125, 2.642578125, 0.2215576171875, 1.4677734375, 0.1876220703125, 0.4521484375, 6.265625, 0.158203125, 0.0060577392578125, 0.1771240234375, 3.091796875, 5.35546875, 4.0, 4.06640625, 0.48828125, 2.6015625, 6.1171875, 1.482421875, 0.89013671875, 4.89453125, 6.109375, 4.98046875, 12.34375, 3.232421875, 0.142822265625, 3.806640625, 1.115234375, 4.4921875, 0.24658203125, 2.359375, 0.87890625, 4.87890625, 0.86376953125, 0.91796875, 0.23388671875, 0.83154296875, 0.340576171875, 1.81640625, 0.201171875, 0.470458984375, 0.467041015625, 3.13671875, 0.270263671875, 0.53759765625, 0.137939453125, 0.422607421875, 0.1343994140625, 0.79638671875, 0.06658935546875, 0.19873046875, 0.14697265625, 2.85546875, 0.25634765625, 0.1156005859375, 0.03594970703125, 0.07696533203125, 0.1114501953125, 0.277099609375, 0.0252227783203125, 0.12744140625, 0.11279296875, 2.306640625, 0.058441162109375, 0.10711669921875, 0.017425537109375, 0.045867919921875, 0.1097412109375, 0.099365234375, 0.0139007568359375, 0.1385498046875, 0.1683349609375, 2.76171875, 0.11444091796875, 0.060028076171875, 0.0160980224609375, 0.055511474609375, 0.055389404296875, 0.17041015625, 0.0207366943359375, 0.12054443359375, 0.10260009765625]",-0.33774912734391327
96,1,test,0.6865022928660153,0.25840156242322654,0.326235130309959,1.7228146712688537,0.648472710794594,0.8187047219243557,1.9867542815062214,0.4524136535117209,0.5530418838387217,4.985867432569753,1.135356557220497,1.387888549251314,0.6741275248216025,0.21098949573026227,0.33353761541932525,1.0616181493253583,0.3322669224098618,0.5252560872745279,1.9623201532550631,0.37326749048049157,0.5565435263939773,3.090267957881989,0.5878228196543174,0.8764464982582321,0.7333727110189737,0.26294855605593415,0.39188552676918914,1.4966790020795382,0.5366297062366002,0.7997663811616105,2.082091070391874,0.48141808775085115,0.6750525094561051,4.249165449779334,0.9824858933690841,1.3776581825634797,0.14070351758793975,0.0007035175879397393,-0.004296482412060265,0.10552763819095479,0.0005276381909548045,-0.0044723618090452,0.06030150753768848,-0.0046984924623114654,-0.00969849246231147,0.2137404580152672,0.05490945420332316,0.059292755180467616,0.20408163265306123,0.1758793969849246,0.038034785456102504,0.05234016493150229,0.19191919191919193,0.20401337792642138,0.06044075689136297,0.07275642575734464,0.2214765100671141,14.0,3.0,2.0,16.0,2.0,2.0,17.0,3.0,2.0,-0.0008938876908234205,-0.00019080197294018357,-0.00027846041175046414,-0.21087458480104093,-0.2429181727518177,-0.2235564536665935,"[0.615234375, 0.9072265625, 0.042449951171875, 0.0667724609375, 0.11639404296875, 1.595703125, 0.564453125, 0.287353515625, 0.0016002655029296875, 0.74755859375, 0.00029158592224121094, 0.006229400634765625, 0.066162109375, 0.0687255859375, 4.109375, 3.732421875, 0.99951171875, 0.70166015625, 0.0005183219909667969, 2.390625, 1.931640625, 0.253662109375, 0.0311737060546875, 0.002750396728515625, 0.059783935546875, 0.07806396484375, 1.3232421875, 0.01641845703125, 0.00032019615173339844, 0.0029544830322265625, 0.0014524459838867188, 0.00482940673828125, 0.0048828125, 0.00383758544921875, 0.0010080337524414062, 0.001323699951171875, 8.344650268554688e-07, 2.4080276489257812e-05, 0.037841796875, 0.014801025390625, 0.0014066696166992188, 0.0006465911865234375, 0.007320404052734375, 0.335693359375, 0.027191162109375, 0.0003685951232910156, 2.5153160095214844e-05, 0.0002276897430419922, 0.0007166862487792969, 8.606910705566406e-05, 0.00037980079650878906, 0.001461029052734375, 0.002170562744140625, 0.0007410049438476562, 0.0003170967102050781, 0.02667236328125, 0.0032939910888671875, 1.4901161193847656e-05, 0.0243072509765625, 0.00370025634765625, 0.025665283203125, 0.0005168914794921875, 0.0009655952453613281, 1.919269561767578e-05, 2.4080276489257812e-05, 0.00015747547149658203, 0.003612518310546875, 6.687641143798828e-05, 0.0019855499267578125, 0.322998046875, 1.33984375, 0.006847381591796875, 2.6226043701171875e-06, 0.004840850830078125, 0.00013303756713867188, 0.00353240966796875, 1.633167266845703e-05, 4.947185516357422e-05, 4.315376281738281e-05, 0.005313873291015625, 0.0005154609680175781, 0.001293182373046875, 5.6624412536621094e-05, 0.00033736228942871094, 3.4570693969726562e-06, 0.001956939697265625, 0.0496826171875, 0.1253662109375, 0.000568389892578125, 4.971027374267578e-05, 1.3947486877441406e-05, 0.00045490264892578125, 0.0028438568115234375, 0.00014209747314453125, 2.8848648071289062e-05, 0.0013675689697265625, 0.0010166168212890625, 1.1205673217773438e-05, 0.0001627206802368164, 2.12890625, 0.00011217594146728516, 0.00757598876953125, 0.00041794776916503906, 2.6226043701171875e-05, 2.384185791015625e-07, 4.172325134277344e-06, 2.181529998779297e-05, 3.6954879760742188e-06, 0.00014460086822509766, 0.003047943115234375, 0.00022470951080322266, 0.0011920928955078125, 0.006866455078125, 0.0009899139404296875, 0.00012576580047607422, 0.0003387928009033203, 0.0190582275390625, 0.00012934207916259766, 0.0009617805480957031, 0.00015079975128173828, 0.0006108283996582031, 3.886222839355469e-05, 2.3126602172851562e-05, 1.8596649169921875e-05, 0.0008611679077148438, 0.00010311603546142578, 3.5881996154785156e-05, 6.127357482910156e-05, 5.555152893066406e-05, 0.0027484893798828125, 0.0027828216552734375, 0.0011386871337890625, 0.0181884765625, 0.00027489662170410156, 0.0010223388671875, 4.76837158203125e-06, 3.5762786865234375e-06, 8.463859558105469e-06, 2.7418136596679688e-06, 7.3909759521484375e-06, 0.0004992485046386719, 3.516674041748047e-05, 0.0010461807250976562, 0.0009436607360839844, 0.001087188720703125, 4.363059997558594e-05, 1.1324882507324219e-05, 4.0531158447265625e-06, 0.0007305145263671875, 0.0008187294006347656, 0.00020110607147216797, 0.0006871223449707031, 0.1552734375, 0.9716796875, 0.07305908203125, 0.77978515625, 2.32421875, 9.6875, 3.873046875, 2.896484375, 9.1015625, 9.890625, 11.0078125, 2.14453125, 0.6259765625, 0.015228271484375, 0.96923828125, 0.86865234375, 9.84375, 2.478515625, 0.70654296875, 0.480224609375, 0.01395416259765625, 0.01129913330078125, 2.956390380859375e-05, 0.081787109375, 0.0004444122314453125, 0.0011548995971679688, 1.0728836059570312e-06, 0.00015044212341308594, 0.0005311965942382812, 1.704692840576172e-05, 5.0187110900878906e-05, 0.0006418228149414062, 0.00034236907958984375, 0.01181793212890625, 0.344482421875, 0.105712890625, 5.39453125, 1.4736328125, 0.00016295909881591797, 12.2109375, 2.3984375, 1.7685546875, 2.818359375, 0.00324249267578125, 9.171875, 1.1455078125, 4.60546875, 0.078369140625, 8.5, 0.161376953125, 4.9609375, 0.72802734375, 6.8515625, 0.75732421875, 0.0921630859375, 0.483154296875, 0.0204010009765625, 3.4332275390625e-05, 0.8291015625, 1.4873046875, 0.1676025390625, 0.0015964508056640625, 0.0004322528839111328, 0.369873046875, 0.00760650634765625, 0.259033203125, 0.004756927490234375, 0.91015625, 0.012603759765625, 1.0869140625, 0.010894775390625, 0.01177978515625, 0.1846923828125, 0.0640869140625, 0.2303466796875, 0.04705810546875, 5.0187110900878906e-05, 0.396484375, 2.81640625, 0.00817108154296875, 0.033905029296875, 0.0010395050048828125, 0.034912109375, 0.0006060600280761719, 0.0066375732421875, 0.0003044605255126953, 0.277587890625, 0.00335693359375, 0.0609130859375, 0.0031871795654296875, 0.00179290771484375, 0.180908203125, 0.034149169921875, 0.09552001953125, 0.0697021484375, 0.00022101402282714844, 0.192138671875, 1.5947265625, 0.0640869140625, 0.0016241073608398438, 0.0006499290466308594, 0.026763916015625, 0.0003578662872314453, 0.005481719970703125, 0.00014007091522216797, 0.1075439453125, 0.001842498779296875, 1.3427734375, 0.00041961669921875, 0.0013713836669921875, 4.15234375, 0.149169921875, 1.79296875, 0.0926513671875, 3.7890625, 2.26171875, 0.0012407302856445312, 1.58203125, 0.75927734375, 1.7216796875, 0.1876220703125, 1.4912109375, 0.035186767578125, 0.471435546875, 0.0321044921875, 2.271484375, 0.0001512765884399414, 0.258544921875, 0.0001004934310913086, 0.183837890625, 2.251953125, 0.03326416015625, 0.0015249252319335938, 0.603515625, 0.003803253173828125, 8.203125, 0.0157928466796875, 2.248046875, 0.51611328125, 5.1015625, 1.48828125, 2.30078125, 0.050933837890625, 0.317626953125, 0.00807952880859375, 1.55078125, 0.050506591796875, 6.377696990966797e-05, 0.67578125, 0.35400390625, 2.197265625, 0.0006413459777832031, 0.03399658203125, 0.0077972412109375, 1.98046875, 0.26611328125, 0.035369873046875, 0.02130126953125, 0.70556640625, 0.0028400421142578125, 4.7890625, 0.444580078125, 1.1086463928222656e-05, 5.30859375, 0.08807373046875, 0.0006728172302246094, 0.0004379749298095703, 0.07452392578125, 0.006439208984375, 3.34375, 0.0016202926635742188, 0.55029296875, 0.3525390625, 0.19091796875, 0.365966796875, 0.0213775634765625, 0.27880859375, 2.1796875, 2.935546875, 0.030487060546875, 0.00015306472778320312, 4.80859375, 0.06695556640625, 0.01488494873046875, 0.0004858970642089844, 0.0253143310546875, 0.002201080322265625, 1.5888671875, 0.00226593017578125, 0.2205810546875, 0.001468658447265625, 0.73046875, 0.0013856887817382812, 0.00159454345703125, 0.192626953125, 1.345703125, 0.270263671875, 0.037811279296875, 6.723403930664062e-05, 3.98046875, 0.023773193359375, 0.000522613525390625, 0.00015676021575927734, 0.01036834716796875, 0.0006976127624511719, 0.71533203125, 0.0006742477416992188, 0.25341796875, 0.0004696846008300781, 0.31640625, 0.00299072265625, 0.0010175704956054688, 0.19580078125, 0.70458984375, 0.0902099609375, 0.06793212890625, 9.179115295410156e-05, 2.671875, 0.0465087890625, 0.0115509033203125, 6.0558319091796875e-05, 0.004062652587890625, 0.004093170166015625, 0.36865234375, 0.0014257431030273438, 0.181640625, 0.00325775146484375, 1.3203125, 0.0011548995971679688, 0.001026153564453125, 0.1845703125, 0.72705078125, 0.05810546875, 0.77197265625, 0.1455078125, 0.002391815185546875, 0.004398345947265625, 0.2279052734375, 2.5703125, 0.029571533203125, 0.08154296875]",-2.153525277858472
137,1,test,2.882609628021142,1.3081889214114806,1.7824626634940732,6.76221205971877,3.0688341615066315,4.181416173008653,17.860822517889403,13.032878506073276,14.856214955659587,41.899072372793185,30.57336912702904,34.85066967041948,2.955414508455363,1.3099689769831353,1.826733115037393,5.422778914596996,2.403612801803918,3.3518038808025556,19.2096836460797,14.026364921872542,16.118106408929194,35.24712595610954,25.736449397931267,29.574507172347147,2.9855605670839647,1.3559040997895104,1.8500181526065071,6.734347143798416,3.058430300277091,4.172973276556031,19.79759700762209,14.695475335844502,16.684735461388073,44.65623385177915,33.1476887274688,37.63474164222873,0.728643216080402,0.013643216080401865,0.01864321608040198,0.542713567839196,0.007713567839196078,0.0027135678391959628,0.3869346733668342,-0.0030653266331658324,0.001934673366834172,0.3987138263665595,0.0969481762863027,0.15165500283714772,0.3451612903225807,0.3919597989949749,0.07366405964660394,0.14154243672452416,0.3282828282828283,0.40802675585284276,0.09917867571928685,0.1577486690897727,0.35906040268456374,18.0,3.0,3.0,31.0,4.0,5.0,38.0,5.0,4.0,0.0008852279659080494,0.0004271071030710008,8.031936615844699e-05,-0.005577946242253162,-0.006205525694414682,-0.0075854093243012954,"[2.06640625, 2.01171875, 8.6640625, 7.3828125, 1.0146484375, 13.7578125, 2.76171875, 10.75, 3.751953125, 0.17041015625, 7.4765625, 6.203125, 8.1015625, 2.578125, 6.2109375, 0.0687255859375, 0.83984375, 3.673828125, 7.11328125, 3.54296875, 8.5078125, 3.140625, 5.09375, 5.9921875, 5.31640625, 1.5830078125, 3.203125, 1.52734375, 3.419921875, 0.52099609375, 1.1240234375, 2.603515625, 6.18359375, 1.990234375, 2.779296875, 1.8603515625, 2.068359375, 0.6103515625, 0.0958251953125, 0.43017578125, 7.703125, 3.767578125, 2.318359375, 1.529296875, 2.271484375, 6.9921875, 11.515625, 0.1614990234375, 2.0703125, 5.1328125, 4.875, 0.146240234375, 5.359375, 6.06640625, 1.5263671875, 2.521484375, 1.2978515625, 6.4453125, 6.140625, 6.0859375, 0.26611328125, 1.2421875, 1.482421875, 6.4453125, 1.03515625, 6.48046875, 2.158203125, 1.31640625, 0.3388671875, 2.365234375, 1.10546875, 0.5400390625, 0.412841796875, 3.59375, 3.546875, 1.8876953125, 2.927734375, 6.1640625, 6.21875, 1.2470703125, 1.9404296875, 1.607421875, 6.5625, 3.4921875, 1.1669921875, 1.5615234375, 3.197265625, 8.7890625, 4.3125, 4.25390625, 7.78125, 4.23828125, 5.30859375, 3.5625, 1.16015625, 2.490234375, 7.98828125, 4.17578125, 2.587890625, 0.7333984375, 3.185546875, 1.833984375, 0.7880859375, 0.64208984375, 0.1572265625, 0.06939697265625, 1.423828125, 0.5283203125, 0.0121002197265625, 1.076171875, 2.603515625, 3.025390625, 2.25390625, 4.27734375, 0.5234375, 0.038970947265625, 0.00981903076171875, 3.794921875, 1.5947265625, 3.453125, 1.5615234375, 7.6796875, 1.5859375, 2.375, 6.6875, 1.482421875, 6.5, 0.9375, 1.8212890625, 3.8359375, 3.5546875, 2.427734375, 3.888671875, 0.0137176513671875, 1.8173828125, 0.439697265625, 1.484375, 0.30859375, 5.15625, 0.49755859375, 4.92578125, 3.318359375, 2.708984375, 3.978515625, 0.1839599609375, 4.00390625, 6.109375, 7.85546875, 4.70703125, 1.587890625, 0.490966796875, 2.080078125, 1.96484375, 4.50390625, 4.109375, 3.0703125, 1.64453125, 0.417236328125, 0.857421875, 0.06658935546875, 4.30078125, 1.8056640625, 0.12408447265625, 0.96484375, 0.05572509765625, 0.456298828125, 0.1524658203125, 4.9375, 0.048858642578125, 3.95703125, 2.78125, 2.546875, 6.390625, 0.72021484375, 6.3359375, 1.642578125, 0.14599609375, 3.25, 0.28369140625, 0.89501953125, 0.023681640625, 9.4921875, 0.315673828125, 0.431640625, 1.9501953125, 0.056427001953125, 0.3828125, 0.04962158203125, 0.458251953125, 0.06671142578125, 0.2242431640625, 1.0068359375, 2.447265625, 2.544921875, 10.3671875, 1.5537109375, 0.361328125, 0.043609619140625, 3.4453125, 7.75, 4.06640625, 0.07415771484375, 4.56640625, 0.2081298828125, 0.0169525146484375, 0.016082763671875, 2.912109375, 8.2578125, 0.01036834716796875, 10.234375, 0.004302978515625, 0.31982421875, 3.984375, 1.0888671875, 0.358154296875, 3.828125, 3.724609375, 2.451171875, 5.85546875, 7.2890625, 1.509765625, 0.475830078125, 0.81640625, 0.75439453125, 4.078125, 2.34765625, 1.6796875, 2.09375, 10.1796875, 8.7890625, 0.0650634765625, 1.43359375, 0.80029296875, 4.6171875, 0.94287109375, 0.533203125, 0.369873046875, 0.287353515625, 4.46875, 1.130859375, 2.185546875, 6.30859375, 0.355224609375, 0.205078125, 7.15625, 8.5703125, 6.5625, 2.716796875, 4.484375, 3.193359375, 5.08984375, 1.3310546875, 5.90234375, 9.109375, 0.6416015625, 0.71240234375, 5.5078125, 3.88671875, 0.55078125, 5.18359375, 0.33251953125, 0.5185546875, 0.3212890625, 0.257080078125, 1.482421875, 1.2578125, 4.9296875, 0.58203125, 5.59375, 0.00414276123046875, 2.162109375, 3.421875, 2.650390625, 1.4248046875, 2.54296875, 3.15234375, 0.0209808349609375, 5.4921875, 6.86328125, 7.99609375, 2.5625, 0.295654296875, 0.018463134765625, 0.0288848876953125, 3.7265625, 3.626953125, 7.80859375, 1.80859375, 6.203125, 2.587890625, 6.0703125, 7.7890625, 1.32421875, 9.1015625, 3.115234375, 0.88720703125, 0.62548828125, 0.1966552734375, 1.103515625, 0.496826171875, 1.17578125, 0.08111572265625, 1.1640625, 0.0021686553955078125, 0.244140625, 0.1929931640625, 0.11065673828125, 0.1951904296875, 0.052520751953125, 0.08746337890625, 0.00606536865234375]",-1.2562277094727543
25,1,test,2.8131554754673207,1.299290640935715,1.3717324679972485,6.782211468082105,3.1324482283945208,3.3070975837359406,16.6624131879762,12.118153476810258,12.435707013925889,40.17126347794262,29.21554823369602,29.981135226643104,2.8888847989652624,1.2698619697732372,1.773397816097469,4.938264613615834,2.170704221834594,3.0314492582862727,17.973254628805975,12.925099632871177,14.922201000501083,30.723512185993123,22.0941874066174,25.50803589829245,2.736635293450244,1.246059030188089,1.7281734170891734,5.296713471194019,2.4117271552027524,3.3448517750113025,15.434963503925777,10.995310312908408,12.693582316592824,29.87412291082408,21.281245766919497,24.56822383856675,0.5879396984924623,-0.002060301507537776,-0.002060301507537776,0.4824120603015075,-0.0025879396984924696,0.012412060301507544,0.37688442211055273,-0.013115577889447283,-0.023115577889447292,0.3765432098765432,0.1144671564335833,0.12141124506715906,0.36907216494845363,0.3869346733668342,0.09119532499590688,0.16155904732342852,0.40909090909090906,0.37792642140468224,0.1091451192343984,0.1643557873668624,0.3523489932885906,17.0,2.0,0.0,26.0,0.0,0.0,35.0,3.0,2.0,0.000910611184901751,0.00024025635892458528,-0.00011406022247582604,-0.06139045288112133,-0.049293528663155506,-0.04727971544723797,"[17.1875, 8.1953125, 6.64453125, 6.578125, 0.5263671875, 0.27685546875, 0.335693359375, 0.0019102096557617188, 3.6640625, 0.070068359375, 2.70703125, 0.1650390625, 0.0169677734375, 0.03094482421875, 3.482421875, 0.009735107421875, 9.109375, 7.953125, 4.1875, 1.048828125, 4.09765625, 9.1328125, 4.66796875, 1.68359375, 3.568359375, 1.4755859375, 0.0367431640625, 0.6376953125, 0.0703125, 0.58251953125, 0.00022304058074951172, 0.3271484375, 0.00283050537109375, 1.800060272216797e-05, 0.0025177001953125, 5.4001808166503906e-05, 1.7642974853515625e-05, 0.1690673828125, 0.00829315185546875, 0.06689453125, 0.003448486328125, 0.0035114288330078125, 0.11431884765625, 0.1400146484375, 0.0021266937255859375, 3.76953125, 6.08203125, 0.166259765625, 8.109375, 1.6962890625, 0.03668212890625, 0.04656982421875, 2.2649765014648438e-06, 0.70849609375, 0.1082763671875, 0.054931640625, 0.01177978515625, 0.0012712478637695312, 0.0074310302734375, 0.0004379749298095703, 0.5244140625, 0.079833984375, 1.556640625, 0.89013671875, 1.1865234375, 0.0283355712890625, 2.65625, 0.219482421875, 0.428955078125, 2.9140625, 0.0223541259765625, 0.92919921875, 1.3994140625, 1.814453125, 0.0211181640625, 0.46435546875, 0.0007367134094238281, 2.8984375, 0.00733184814453125, 0.0623779296875, 9.679794311523438e-05, 0.313232421875, 0.0121002197265625, 0.0005407333374023438, 0.0469970703125, 0.498291015625, 0.0022220611572265625, 1.1591796875, 1.4052734375, 13.5859375, 10.2421875, 4.6640625, 5.0703125, 3.2578125, 4.875, 7.296875, 4.0390625, 8.7421875, 0.05474853515625, 2.42578125, 7.0859375, 6.5390625, 0.65087890625, 4.75, 1.8994140625, 0.07281494140625, 2.837890625, 0.131103515625, 1.2763671875, 1.236328125, 16.40625, 1.720703125, 0.48828125, 0.2578125, 0.179931640625, 2.51171875, 9.828125, 0.9677734375, 5.13671875, 0.65625, 8.375, 5.8515625, 4.484375, 0.345458984375, 0.2388916015625, 13.6640625, 4.98046875, 1.109375, 9.4921875, 4.9296875, 3.21484375, 7.26171875, 5.03515625, 6.875, 3.73046875, 5.01953125, 5.55859375, 4.3515625, 5.66796875, 5.1484375, 0.2484130859375, 0.775390625, 0.548828125, 13.1328125, 1.6357421875, 0.00626373291015625, 8.25, 3.1640625, 3.4296875, 5.34765625, 1.783203125, 3.4296875, 3.427734375, 2.224609375, 7.21484375, 8.9609375, 2.748046875, 8.0546875, 1.5087890625, 6.6171875, 1.2646484375, 3.63671875, 0.0008611679077148438, 3.43359375, 3.369140625, 1.71484375, 4.390625, 2.830078125, 4.41015625, 7.89453125, 1.142578125, 3.755859375, 1.982421875, 3.48046875, 7.34765625, 3.40625, 6.515625, 3.98046875, 7.8984375, 0.9287109375, 3.19921875, 6.27734375, 3.52734375, 2.76953125, 6.1640625, 2.755859375, 0.62353515625, 0.09027099609375, 5.5859375, 3.474609375, 0.026397705078125, 2.29296875, 5.61328125, 0.53369140625, 1.4208984375, 0.193359375, 1.966796875, 0.01340484619140625, 2.6640625, 0.1341552734375, 2.580078125, 3.01953125, 12.703125, 6.4609375, 1.048828125, 7.04296875, 3.173828125, 7.9453125, 1.9931640625, 3.255859375, 7.5546875, 0.83251953125, 0.61328125, 1.84765625, 0.321044921875, 1.765625, 1.189453125, 1.3505859375, 8.8828125, 0.329833984375, 8.2109375, 0.28564453125, 2.4765625, 1.9921875, 2.044921875, 0.06671142578125, 1.8173828125, 1.7548828125, 6.890625, 5.171875, 0.21240234375, 3.259765625, 0.06781005859375, 0.307373046875, 1.4609375, 2.150390625, 1.8017578125, 0.7177734375, 0.7607421875, 1.900390625, 0.6591796875, 5.3203125, 1.33984375, 0.0199127197265625, 0.1405029296875, 0.880859375, 0.87841796875, 0.426025390625, 0.0276947021484375, 0.128662109375, 0.33154296875, 0.1519775390625, 0.01468658447265625, 1.8759765625, 9.71875, 5.3046875, 0.59423828125, 0.94580078125, 0.054901123046875, 1.19140625, 0.07232666015625, 0.328125, 0.0281982421875, 1.556640625, 0.0092926025390625, 1.6552734375, 9.21875, 7.4140625, 0.5966796875, 7.19921875, 0.61767578125, 0.0662841796875, 6.26953125, 0.0309600830078125, 0.1004638671875, 0.85302734375, 2.767578125, 0.1990966796875, 9.34375, 4.015625, 1.849609375, 0.3525390625, 0.953125, 0.1788330078125, 0.88330078125, 4.94921875, 0.258056640625, 0.2139892578125, 1.681640625, 0.1480712890625, 8.609375, 0.1722412109375, 0.8603515625, 0.19140625, 8.453125, 3.53515625, 0.75537109375, 4.375, 0.0743408203125, 0.005809783935546875, 0.049896240234375, 0.35009765625, 1.775390625, 4.15625, 10.203125, 4.49609375, 0.76318359375, 1.6396484375, 0.72265625, 0.60400390625, 0.83349609375, 0.00623321533203125, 0.1806640625, 1.37890625, 0.37744140625, 0.151611328125, 1.48828125, 4.19140625, 8.6328125, 3.986328125, 6.23828125, 0.12091064453125, 3.8828125, 7.9296875, 0.1837158203125, 8.5859375, 1.7490234375, 2.5234375, 0.01149749755859375, 0.22998046875, 6.17578125, 2.42578125, 3.595703125, 16.53125, 2.140625, 5.4609375, 0.72802734375, 0.04180908203125, 5.05859375, 1.140625, 5.15625, 0.4482421875, 3.123046875, 10.9375, 13.421875, 8.8828125, 4.32421875, 2.64453125, 0.5224609375, 0.841796875, 0.302001953125, 0.29833984375, 0.2120361328125, 11.09375, 3.498046875, 2.71484375, 1.259765625, 4.1953125, 6.0703125, 2.359375, 8.953125, 6.18359375, 0.94287109375, 5.375, 0.119873046875, 0.46533203125, 4.3359375, 0.759765625, 0.00716400146484375, 2.697265625, 5.36328125, 7.17578125, 4.5859375, 6.125, 6.296875, 5.71484375, 3.3984375, 2.482421875, 2.802734375, 0.28564453125, 1.720703125, 7.4296875, 0.284912109375, 5.54296875, 0.7421875, 0.75341796875, 10.7421875, 1.0576171875, 8.9921875, 5.6953125, 6.0546875, 3.5546875, 12.7890625, 2.033203125, 8.1640625, 1.74609375, 0.31591796875, 3.822265625, 7.42578125, 5.2890625, 0.380615234375, 3.666015625, 0.439453125, 1.1875, 5.83984375, 11.84375, 3.41015625, 0.7431640625, 10.3984375, 4.10546875, 6.73828125, 5.546875, 2.171875, 0.9462890625, 3.908203125, 3.099609375, 5.81640625, 1.08984375, 0.91259765625, 0.50390625, 4.8046875, 0.06402587890625, 0.1204833984375, 0.18359375, 2.34765625, 3.587890625, 0.466064453125, 0.245361328125, 0.134033203125, 0.00911712646484375, 0.11114501953125, 0.0814208984375, 1.279296875, 0.15869140625, 0.0221099853515625, 0.1033935546875, 0.07684326171875, 0.062744140625, 0.0080413818359375, 0.0966796875, 0.65966796875, 0.0251007080078125, 0.006275177001953125, 0.036224365234375, 0.007175445556640625, 0.1905517578125, 0.0161285400390625, 0.049560546875, 0.0157928466796875, 0.76953125, 0.408447265625, 4.65234375, 0.0081939697265625, 0.0958251953125, 0.79345703125, 7.2890625, 6.109375, 8.09375, 7.12109375, 0.11602783203125, 4.14453125, 0.077880859375, 0.998046875, 0.09228515625, 2.19921875, 8.3203125, 0.09527587890625, 0.576171875, 0.03045654296875, 0.5498046875, 9.4140625, 2.6875, 2.62890625, 0.353759765625, 3.75, 6.203125, 0.568359375, 3.396484375, 3.634765625, 0.0125885009765625, 1.482421875, 0.467041015625, 0.00832366943359375, 0.02117919921875, 1.0244140625, 1.1279296875]",-1.9122368661464488
194,1,test,3.5255957495781685,1.580170018174936,1.8722710763254475,7.035019041589465,3.1530915500279693,3.73595375321821,33.97400758914861,26.977397691534165,28.749687445939962,67.79217110678738,53.83104585237323,57.3674955916692,4.0078826166277555,1.8333934668553216,2.534885154614625,6.624599366326868,3.03040242455425,4.189892817544835,55.030227029819834,46.2325373575564,50.667935663641785,90.95905294185097,76.41741711992795,83.74865398949056,3.956827010199378,1.8401664158562339,2.528371557301588,6.744591494658031,3.1366472997549444,4.309724245400434,52.29114317644143,43.98778033519141,48.118893200405104,89.1326304143888,74.97917102589444,82.02084068250869,0.7487437185929648,0.008743718592964855,0.003743718592964851,0.6130653266331658,0.0030653266331658324,0.013065326633165841,0.5527638190954773,-0.0072361809045227155,-0.0072361809045227155,0.43317972350230416,0.1351359950788289,0.16925010473397573,0.39030023094688227,0.457286432160804,0.1314718958199519,0.21354686621756525,0.4242424242424242,0.45150501672240806,0.14098748750704915,0.21235040048214104,0.4261744966442953,27.0,1.0,0.0,39.0,1.0,2.0,47.0,-1.0,0.0,0.0010585912090727639,0.0002948351444390513,0.0006593499432270775,-0.025972610100478022,-0.020849370475668927,-0.026858325452162823,"[12.9375, 7.31640625, 5.0390625, 2.6328125, 8.3984375, 6.296875, 9.21875, 4.390625, 1.2255859375, 6.2734375, 1.2314453125, 0.70849609375, 1.2822265625, 5.78125, 0.43310546875, 5.17578125, 6.015625, 9.4140625, 10.1171875, 9.140625, 4.59375, 1.943359375, 1.0322265625, 6.2578125, 4.50390625, 8.6640625, 3.439453125, 5.875, 8.6328125, 0.480224609375, 8.7578125, 1.984375, 4.80078125, 1.3603515625, 8.328125, 4.2890625, 3.10546875, 7.0, 1.759765625, 4.65234375, 0.053497314453125, 1.5927734375, 5.265625, 2.255859375, 0.7666015625, 10.3125, 1.224609375, 0.26171875, 7.80859375, 4.9921875, 0.037109375, 3.3984375, 0.56201171875, 0.6240234375, 0.7275390625, 0.99267578125, 0.1705322265625, 0.0689697265625, 1.5703125, 0.37109375, 0.7412109375, 0.0186614990234375, 9.5703125, 7.91015625, 1.412109375, 10.15625, 3.19140625, 7.8984375, 2.646484375, 6.00390625, 9.143352508544922e-05, 2.220703125, 0.25537109375, 0.204345703125, 0.289794921875, 1.3681640625, 0.10858154296875, 0.032318115234375, 0.8046875, 0.04132080078125, 0.393310546875, 1.052734375, 0.01140594482421875, 6.0546875, 5.15234375, 1.951171875, 10.3046875, 1.7333984375, 8.5078125, 2.1796875, 0.7158203125, 6.9765625, 0.18115234375, 6.86328125, 0.029327392578125, 2.294921875, 4.82421875, 0.71142578125, 3.498046875, 4.06640625, 1.4931640625, 3.693359375, 0.218994140625, 1.8828125, 0.01369476318359375, 0.34033203125, 0.1348876953125, 0.35546875, 0.8349609375, 0.1878662109375, 0.02105712890625, 0.482421875, 2.87890625, 5.29296875, 8.546875, 6.87109375, 4.6796875, 9.375, 5.0703125, 8.0078125, 4.13671875, 4.25390625, 5.18359375, 7.38671875, 3.4921875, 10.6640625, 2.654296875, 3.958984375, 3.587890625, 4.109375, 3.62109375, 4.40625, 3.603515625, 7.25390625, 3.22265625, 8.734375, 3.765625, 3.548828125, 4.35546875, 10.9140625, 7.5078125, 9.15625, 6.875, 4.3046875, 7.45703125, 8.0546875, 8.140625, 3.37890625, 0.130859375, 1.333984375, 0.0016851425170898438, 1.3388671875, 0.0034313201904296875, 6.0546875, 8.6640625, 10.6328125, 3.166015625, 1.0087890625, 6.48046875, 0.2427978515625, 0.85595703125, 1.333984375, 0.004329681396484375, 6.98046875, 6.8125, 1.236328125, 7.82421875, 4.86328125, 7.90234375, 10.4609375, 0.7109375, 6.34375, 10.0546875, 1.4228515625, 5.44140625, 7.98828125, 0.32177734375, 0.71044921875, 0.0024051666259765625, 8.7421875, 1.2353515625, 0.335205078125, 1.8388671875, 8.2109375, 6.375, 4.9921875, 7.12109375, 1.21875, 1.8603515625, 4.51171875, 5.19140625, 6.484375, 3.142578125, 4.61328125, 5.609375, 0.17431640625, 1.63671875, 3.4921875, 4.69921875, 0.48291015625, 3.216796875, 1.318359375, 0.002899169921875, 5.55859375, 7.92578125, 0.00699615478515625, 3.5859375, 0.021270751953125, 4.34765625, 0.00032782554626464844, 7.486343383789062e-05, 0.00167083740234375, 3.154296875, 4.8041343688964844e-05, 8.390625, 0.58056640625, 3.861328125, 0.279052734375, 1.7919921875, 0.73876953125, 0.362548828125, 1.576171875, 8.4296875, 3.3515625, 7.1640625, 8.4921875, 5.88671875, 11.6484375, 0.94189453125, 0.91943359375, 4.10546875, 0.0714111328125, 8.515625, 5.42578125, 5.55859375, 1.326171875, 7.5390625, 1.8193359375, 2.328125, 4.31640625, 8.8515625, 4.18359375, 13.1875, 1.2587890625, 13.078125, 3.9296875, 1.396484375, 7.0078125, 9.953125, 1.4873046875, 6.921875, 4.4921875, 9.6875, 1.888671875, 7.2109375, 0.42041015625, 9.0625, 2.068359375, 6.921875, 4.4765625, 4.3125, 2.2734375, 3.29296875, 0.7177734375, 6.3046875, 5.3671875, 1.453125, 0.01082611083984375, 9.4609375, 0.2303466796875, 0.4208984375, 1.994140625, 1.2978515625, 0.1578369140625, 4.81640625, 6.93359375, 11.0234375, 0.6064453125, 7.83203125, 2.5078125, 7.7421875, 3.04296875, 1.123046875, 6.69140625, 10.0703125, 0.11376953125, 2.0859375, 0.9345703125, 0.008056640625, 1.8564453125, 4.734375, 3.802734375, 4.40625, 3.453125, 1.6611328125, 6.9609375, 6.05859375, 2.92578125, 5.4375, 1.5634765625, 0.01007843017578125, 0.60791015625, 14.1875, 0.9638671875, 6.5078125, 1.494140625, 0.0099945068359375, 8.375, 8.7578125, 2.849609375, 2.666015625, 3.546875, 4.5703125, 0.48974609375, 0.72607421875, 0.449951171875, 0.7109375, 0.01430511474609375, 5.3515625, 4.9453125, 0.227294921875, 0.1114501953125, 1.5947265625, 10.25, 0.08343505859375, 4.66796875, 8.4375, 8.5078125, 3.314453125, 4.45703125, 4.21875, 8.2890625, 0.457275390625, 7.3203125, 9.0546875, 0.00787353515625, 0.0178070068359375, 3.333984375, 7.640625, 9.1796875, 0.03375244140625, 5.28125, 6.77734375, 2.18359375, 1.333984375, 0.005157470703125, 7.40625, 0.69580078125, 7.57421875, 6.609375, 0.0181732177734375, 0.013153076171875, 0.222900390625, 2.29296875, 0.70703125, 3.5078125, 0.501953125, 0.0787353515625, 6.9765625, 0.41748046875, 0.10113525390625, 0.69775390625, 1.771484375, 0.002254486083984375, 3.373046875, 0.1295166015625, 0.2098388671875, 0.06854248046875, 0.004421234130859375, 0.1282958984375, 0.003070831298828125, 0.01430511474609375, 0.0009775161743164062, 0.195068359375, 1.2763671875, 0.001972198486328125, 0.130615234375, 5.63671875, 0.004756927490234375, 2.55859375, 3.9140625, 0.08782958984375, 0.13525390625, 0.134033203125, 2.630859375, 0.00506591796875, 0.0765380859375, 3.73046875, 5.41015625, 6.36328125, 6.80078125, 0.9658203125, 1.19140625, 8.90625, 8.015625, 6.34375, 3.00390625, 0.05340576171875, 0.05194091796875, 1.9873046875, 0.034393310546875, 1.49609375, 0.0706787109375, 5.15234375, 1.533203125, 0.05419921875, 0.1351318359375, 1.259765625, 0.05084228515625, 0.001621246337890625, 0.607421875, 0.63330078125, 0.31396484375, 0.06494140625, 0.66650390625, 6.484375, 5.16796875, 7.1875, 4.2421875, 6.09765625, 0.07550048828125, 1.3876953125, 1.009765625, 0.14501953125, 0.022430419921875, 2.755859375, 1.2119140625, 1.890625, 0.78857421875, 0.1429443359375, 2.14453125, 0.13232421875, 1.3232421875, 0.59912109375]",-1.6117076027777886
129,1,test,1.0842128267475204,0.3523801594167585,0.5246676857026874,2.2832246586800724,0.7420711592423503,1.104888420479777,2.957111143527522,0.8782241165302227,1.2072347712190468,6.227328172840311,1.8494366689283508,2.542294400567169,0.7532253007792947,0.27696504472907013,0.40592557750437597,1.321447896104026,0.48590358724398264,0.7121501359725895,2.1238390013788897,0.5137970167747714,0.7085981589504213,3.7260333357524384,0.9013982750434586,1.2431546648253007,0.9047646650103821,0.31121057602460145,0.4615660746999321,1.8339824290750988,0.6308322486985165,0.935606908175538,2.471350259429609,0.660938901580574,0.9136686153205218,5.009493769114072,1.3397410167173796,1.8520309770010575,0.16080402010050254,0.0008040201005025116,0.005804020100502516,0.10552763819095479,-0.009472361809045204,-0.0044723618090452,0.09547738693467334,-0.004522613065326642,-0.004522613065326642,0.24649859943977592,0.04789720083837734,0.06370290051504479,0.2247191011235955,0.1758793969849246,0.04555358244858376,0.05067071584969918,0.10606060606060608,0.21404682274247488,0.018721280171523302,0.051644153109549396,0.18120805369127513,15.0,0.0,0.0,20.0,0.0,0.0,21.0,0.0,0.0,0.0011167430350812137,-0.0005055105860685271,0.0004260783995624389,-0.13349873068896967,-0.13207342532829802,-0.13399438595390833,"[2.13671875, 2.83984375, 3.248046875, 1.2763671875, 0.81982421875, 0.84521484375, 0.01453399658203125, 7.5, 8.8828125, 4.9453125, 1.58984375, 0.1387939453125, 10.4921875, 3.380859375, 7.37109375, 0.73095703125, 5.6484375, 5.8828125, 2.20703125, 9.484375, 9.890625, 0.8642578125, 0.3994140625, 11.4375, 4.31640625, 5.5390625, 1.65234375, 1.552734375, 0.1329345703125, 1.6171875, 0.052642822265625, 1.49609375, 0.24365234375, 0.338134765625, 0.01308441162109375, 3.380859375, 5.57421875, 0.0237274169921875, 5.5625, 0.0308074951171875, 4.796875, 1.244140625, 0.73876953125, 0.323974609375, 0.1873779296875, 0.026611328125, 0.64990234375, 1.03125, 0.016326904296875, 0.0121612548828125, 0.0001010894775390625, 0.70751953125, 0.005130767822265625, 0.0104827880859375, 0.0011234283447265625, 0.001495361328125, 0.01059722900390625, 0.0003981590270996094, 0.00020134449005126953, 0.13330078125, 0.0241241455078125, 0.0004737377166748047, 0.02197265625, 0.0002512931823730469, 0.0009427070617675781, 0.0010747909545898438, 0.008331298828125, 0.004993438720703125, 0.0007715225219726562, 3.11328125, 0.0005512237548828125, 0.00057220458984375, 0.0009512901306152344, 0.0006256103515625, 0.10015869140625, 0.69677734375, 0.314697265625, 0.0185394287109375, 2.574920654296875e-05, 0.0003631114959716797, 0.0026187896728515625, 0.00499725341796875, 0.0004031658172607422, 0.170654296875, 0.02252197265625, 0.0005173683166503906, 0.04888916015625, 0.054534912109375, 0.0005984306335449219, 0.01092529296875, 0.0186004638671875, 0.00283050537109375, 0.053375244140625, 5.614757537841797e-05, 0.01094818115234375, 0.004180908203125, 0.0017375946044921875, 0.0008873939514160156, 0.0014209747314453125, 0.0016536712646484375, 0.00034499168395996094, 0.0024433135986328125, 0.002086639404296875, 0.0204925537109375, 0.127685546875, 0.0755615234375, 0.007537841796875, 0.195068359375, 0.024658203125, 0.003986358642578125, 0.0014333724975585938, 0.001567840576171875, 0.0005407333374023438, 8.165836334228516e-05, 0.0018205642700195312, 8.33272933959961e-05, 0.001529693603515625, 0.00024020671844482422, 0.00021386146545410156, 3.0159950256347656e-05, 0.1290283203125, 9.775161743164062e-06, 0.00010979175567626953, 4.184246063232422e-05, 0.002773284912109375, 0.00013530254364013672, 0.004711151123046875, 0.001155853271484375, 0.00022709369659423828, 0.002094268798828125, 0.0003886222839355469, 0.0004467964172363281, 0.0031948089599609375, 0.00647735595703125, 0.00014650821685791016, 0.00022149085998535156, 0.00286102294921875, 0.00012826919555664062, 0.0012226104736328125, 0.0012121200561523438, 1.609325408935547e-05, 0.00029659271240234375, 0.0004551410675048828, 1.3427734375, 0.002803802490234375, 0.050506591796875, 2.491474151611328e-05, 7.736682891845703e-05, 0.1273193359375, 5.960464477539062e-07, 5.352497100830078e-05, 2.5153160095214844e-05, 3.4809112548828125e-05, 0.0186767578125, 0.0006957054138183594, 0.01050567626953125, 0.003276824951171875, 0.0103912353515625, 0.0187225341796875, 0.0212249755859375, 0.007030487060546875, 0.0172119140625, 0.0015325546264648438, 0.0010080337524414062, 0.0028324127197265625, 0.004230499267578125, 0.00015604496002197266, 0.0013055801391601562, 0.0011234283447265625, 0.002178192138671875, 0.007221221923828125, 4.76837158203125e-07, 0.0002942085266113281, 0.001468658447265625, 0.0079345703125, 0.07855224609375, 0.0002263784408569336, 0.0112457275390625, 0.0005297660827636719, 0.1337890625, 0.021270751953125, 0.08740234375, 0.01523590087890625, 0.0008759498596191406, 0.0024852752685546875, 0.0029277801513671875, 0.0867919921875, 0.026031494140625, 0.00013506412506103516, 0.000621795654296875, 0.00013518333435058594, 0.0004215240478515625, 8.344650268554688e-07, 1.1920928955078125e-07, 1.5139579772949219e-05, 0.0001360177993774414, 0.04180908203125, 0.02545166015625, 0.1441650390625, 0.0233917236328125, 2.16796875, 4.96484375, 1.7001953125, 0.3916015625, 8.4921875, 2.134765625, 2.75, 0.0254669189453125, 0.08306884765625, 0.09539794921875, 3.98828125, 1.208984375, 0.00031757354736328125, 1.685546875, 0.002124786376953125, 0.02313232421875, 0.321044921875, 0.73095703125, 5.5625, 0.226806640625, 0.26806640625, 0.0016527175903320312, 0.69970703125, 0.228759765625, 0.0036220550537109375, 3.0159950256347656e-05, 0.1754150390625, 0.0001544952392578125, 0.0198822021484375, 0.0036754608154296875, 3.072265625, 0.0025177001953125, 0.00321197509765625, 1.3173828125, 0.04656982421875, 0.72705078125, 0.0005002021789550781, 0.61669921875, 0.04888916015625, 0.66162109375, 0.003856658935546875, 0.00833892822265625, 0.318359375, 0.09002685546875, 0.00037479400634765625, 4.5, 0.0182342529296875, 0.97900390625, 0.127685546875, 0.00643157958984375, 0.00836944580078125, 0.31591796875, 0.04022216796875, 0.0003235340118408203, 2.53515625, 0.0009570121765136719, 1.095703125, 0.004085540771484375, 1.9033203125, 0.10577392578125, 0.0013971328735351562, 0.315185546875, 0.034698486328125, 0.00024330615997314453, 1.517578125, 0.0009293556213378906, 0.005939483642578125, 9.822845458984375e-05, 1.6796875, 0.049285888671875, 0.0014238357543945312, 2.12890625, 0.27294921875, 1.5771484375, 0.00010848045349121094, 0.814453125, 0.00043463706970214844, 1.0595703125, 0.0001704692840576172, 0.00844573974609375, 0.31591796875, 2.466796875, 0.060577392578125, 0.00652313232421875, 3.083984375, 3.8046875, 4.92578125, 9.2265625, 11.546875, 3.2734375, 8.265625, 5.41015625, 1.130859375, 0.1375732421875, 0.69921875, 0.59814453125, 0.02166748046875, 0.2093505859375, 0.3486328125, 4.55859375, 4.79296875, 3.498046875, 5.5859375, 0.5185546875, 0.6982421875, 0.07781982421875, 0.83935546875, 2.857421875, 0.0201263427734375, 2.83984375, 0.39990234375, 0.888671875, 0.127685546875, 0.31640625, 0.00231170654296875, 8.3828125, 3.978515625, 1.58203125, 7.37890625, 2.51953125, 3.91015625, 3.875, 6.171875, 7.92578125, 1.0478515625, 1.220703125, 0.338134765625, 1.3828125, 0.0936279296875, 2.0078125, 0.0030727386474609375, 0.437744140625, 0.1865234375, 0.4716796875, 1.3330078125, 1.48046875, 2.751953125, 0.371337890625, 0.067138671875, 0.004322052001953125, 2.068359375, 2.94921875, 5.07421875, 0.01248931884765625, 0.47607421875, 6.68359375, 0.95947265625, 0.2861328125, 0.00930023193359375, 1.314453125, 0.373779296875, 0.003173828125, 0.00817108154296875, 0.08837890625, 2.548828125, 0.165771484375, 4.41796875]",-2.6852125654033587
210,1,test,0.9130570739507675,0.34322927055107755,0.4562968442313016,2.327993201795003,0.8751209878289063,1.1634058611195437,2.4919289117936683,0.7239663237201002,0.9129786582798467,6.353593583050081,1.845874401538004,2.327793267799609,0.7000307629455873,0.20648820587217104,0.3259904140456059,1.62797851847811,0.4802051299352814,0.7581172419665253,2.013814657388319,0.37570560940812947,0.5602188571231437,4.683289900903067,0.8737339753677427,1.302834551449171,0.9420165325885632,0.3340937308002204,0.49767853378889015,2.2252359037525116,0.7891977892918594,1.175618583753284,2.565148912744801,0.72853648701823,1.0056914214313433,6.059406880499529,1.7209523315391255,2.375649027003173,0.18090452261306533,0.0009045226130652839,0.010904522613065293,0.11055276381909551,-0.004447236180904479,-0.009447236180904484,0.08040201005025127,-0.009597989949748698,-0.014597989949748702,0.234375,0.05882233420026006,0.07210716031280551,0.2454308093994778,0.20603015075376885,0.03560408559086159,0.04910193706428634,0.18686868686868685,0.21739130434782605,0.04710749800391956,0.07612322870822652,0.24161073825503354,13.0,2.0,2.0,14.0,2.0,3.0,19.0,6.0,6.0,0.0005284799154900335,-8.272114043593787e-05,0.0002355356789165116,-0.2664566899451053,-0.274847020729454,-0.2737766379176776,"[3.484375, 1.8896484375, 0.74853515625, 6.83203125, 0.54296875, 3.07421875, 0.00531768798828125, 0.007080078125, 0.1842041015625, 0.06414794921875, 0.392578125, 0.004871368408203125, 0.473388671875, 0.00023424625396728516, 0.05572509765625, 0.344482421875, 0.0001800060272216797, 0.1583251953125, 0.30908203125, 0.003795623779296875, 0.1953125, 0.0064544677734375, 0.036529541015625, 0.001163482666015625, 0.000652313232421875, 0.02105712890625, 0.72021484375, 8.976459503173828e-05, 0.1551513671875, 3.640625, 0.5654296875, 0.0189666748046875, 1.3291015625, 0.1817626953125, 0.0200042724609375, 0.13037109375, 1.4443359375, 0.0164031982421875, 0.007114410400390625, 3.857421875, 2.467632293701172e-05, 7.748603820800781e-06, 0.28271484375, 0.0004730224609375, 0.055816650390625, 0.1834716796875, 0.9228515625, 0.12939453125, 2.23046875, 0.0233612060546875, 0.8125, 0.91455078125, 1.1181640625, 0.1480712890625, 3.080078125, 6.747245788574219e-05, 0.0005860328674316406, 3.388671875, 0.00010085105895996094, 3.71875, 0.006710052490234375, 0.01922607421875, 0.81494140625, 4.208087921142578e-05, 2.50390625, 0.04644775390625, 0.00838470458984375, 0.00551605224609375, 1.98046875, 0.10040283203125, 10.5546875, 4.203125, 2.052734375, 0.92236328125, 0.00180816650390625, 0.1546630859375, 0.005451202392578125, 0.0005707740783691406, 0.0024204254150390625, 0.00855255126953125, 0.0005679130554199219, 2.423828125, 0.3720703125, 0.0006990432739257812, 0.6015625, 0.007312774658203125, 0.0007562637329101562, 0.014801025390625, 0.71826171875, 0.0185699462890625, 0.02874755859375, 0.06036376953125, 0.0004551410675048828, 0.09149169921875, 0.00033783912658691406, 0.00044727325439453125, 0.00830841064453125, 0.37939453125, 0.006877899169921875, 0.377197265625, 0.0222015380859375, 0.00030112266540527344, 0.16943359375, 0.004062652587890625, 0.00037980079650878906, 0.556640625, 0.0328369140625, 0.038299560546875, 4.3046875, 0.1312255859375, 0.166015625, 0.055389404296875, 0.0005955696105957031, 0.127197265625, 0.004547119140625, 7.402896881103516e-05, 0.0279083251953125, 2.22265625, 0.004772186279296875, 0.0635986328125, 0.06256103515625, 11.265625, 3.998046875, 5.640625, 6.4609375, 5.8515625, 0.73876953125, 0.54736328125, 0.0019283294677734375, 0.036865234375, 0.0008215904235839844, 0.00035381317138671875, 0.005275726318359375, 0.0064697265625, 0.01053619384765625, 0.0489501953125, 0.034210205078125, 0.57470703125, 0.1722412109375, 0.0005645751953125, 0.10504150390625, 0.0005421638488769531, 0.0002644062042236328, 0.0716552734375, 0.002750396728515625, 0.0019683837890625, 0.06671142578125, 3.06640625, 0.0006628036499023438, 0.028167724609375, 1.7470703125, 0.42919921875, 0.246337890625, 0.3359375, 0.0061492919921875, 3.375, 0.351318359375, 1.4052734375, 0.86669921875, 0.01082611083984375, 0.028350830078125, 0.036956787109375, 0.459228515625, 0.007274627685546875, 0.0014123916625976562, 0.00013136863708496094, 0.016571044921875, 0.01119232177734375, 0.1048583984375, 2.586841583251953e-05, 1.7451171875, 0.056793212890625, 0.0711669921875, 1.134765625, 0.06884765625, 0.09027099609375, 0.28857421875, 0.047119140625, 0.055908203125, 0.039093017578125, 1.0371208190917969e-05, 0.1534423828125, 0.036224365234375, 0.0008678436279296875, 3.0994415283203125e-06, 0.1171875, 0.056243896484375, 0.033935546875, 0.002658843994140625, 0.000186920166015625, 0.002490997314453125, 0.052490234375, 0.301025390625, 0.290283203125, 0.01348876953125, 0.347412109375, 1.42578125, 0.01995849609375, 0.4775390625, 0.0002117156982421875, 0.705078125, 1.52587890625e-05, 0.0018148422241210938, 0.2288818359375, 0.0004038810729980469, 0.0286407470703125, 0.005405426025390625, 0.0005440711975097656, 1.3349609375, 0.0001652240753173828, 0.7060546875, 0.70361328125, 0.08648681640625, 2.150390625, 0.129150390625, 0.0310516357421875, 0.107177734375, 0.486328125, 1.193359375, 0.0014324188232421875, 0.2196044921875, 0.07745361328125, 0.007381439208984375, 0.78857421875, 2.3671875, 0.09423828125, 0.10552978515625, 0.0081787109375, 0.748046875, 0.01052093505859375, 0.37255859375, 0.93896484375, 0.0003287792205810547, 8.0, 0.180419921875, 0.0002994537353515625, 0.22998046875, 0.012359619140625, 7.921875, 5.08203125, 4.75, 3.3671875, 5.7421875, 3.25390625, 7.3203125, 6.91796875, 0.1435546875, 4.16015625, 1.89453125, 2.958984375, 0.0019683837890625, 1.5, 8.25, 0.07464599609375, 6.46875, 5.5625, 1.8310546875, 3.25390625, 9.5078125, 7.75390625, 1.7861328125, 0.56103515625, 0.0010528564453125, 0.1407470703125, 0.3984375, 0.1502685546875, 0.0184326171875, 0.7939453125, 0.0183868408203125, 0.0775146484375, 0.000308990478515625, 0.876953125, 9.441375732421875e-05, 1.0263671875, 0.21728515625, 0.0987548828125, 1.5576171875, 2.872943878173828e-05, 0.056884765625, 1.9853515625, 4.8160552978515625e-05, 0.0010652542114257812, 4.13671875, 0.09234619140625, 0.004100799560546875, 0.240478515625, 3.0159950256347656e-05, 7.283687591552734e-05, 0.1566162109375, 0.01033782958984375, 0.0289459228515625, 0.006122589111328125, 7.1171875, 2.5987625122070312e-05, 0.00010657310485839844, 0.01294708251953125, 0.09930419921875, 0.0164794921875, 0.666015625, 1.2040138244628906e-05, 0.00016009807586669922, 0.01390838623046875, 0.218017578125, 1.712890625, 0.00010800361633300781, 0.0002684593200683594, 2.1796875, 0.00019693374633789062, 0.0012407302856445312, 1.078125, 1.0224609375, 1.8447265625, 4.75390625, 0.29638671875, 2.384765625, 5.22265625, 2.671875, 0.1409912109375, 6.64453125, 1.9765625, 6.671875, 0.015167236328125, 0.5595703125, 0.08050537109375, 0.03143310546875, 0.2125244140625, 9.942054748535156e-05, 0.0005502700805664062, 0.93994140625, 0.9892578125, 0.046905517578125, 2.4453125, 0.0043792724609375, 3.384765625, 0.062286376953125, 0.148681640625, 1.3642578125, 0.39990234375, 0.00018203258514404297, 0.00934600830078125, 7.1796875, 0.069091796875, 0.006931304931640625, 0.0295867919921875, 0.251708984375, 0.1280517578125, 0.2242431640625, 9.417533874511719e-06, 0.021270751953125, 3.0546875, 0.0143585205078125, 0.34765625, 0.0012006759643554688, 0.4853515625, 0.00030350685119628906, 0.0005931854248046875, 0.0005817413330078125, 1.7841796875, 0.006816864013671875, 0.03680419921875, 0.0015840530395507812, 0.0074462890625, 1.333984375, 0.07733154296875, 0.336181640625, 0.08172607421875, 0.53369140625, 1.4794921875, 0.00200653076171875, 0.162109375, 0.00331878662109375, 2.181529998779297e-05, 0.0037631988525390625, 0.97021484375, 0.0089111328125, 0.01849365234375, 0.1280517578125, 0.0011138916015625, 0.0244903564453125, 0.1348876953125, 0.00908660888671875, 0.07470703125, 0.020538330078125, 0.3505859375]",-2.650669112801552
76,1,test,2.568444405022252,0.9531499234865577,0.9531499234865577,7.589245332353887,2.8163695479292077,2.8163695479292077,13.04551511069567,8.016146349040866,8.016146349040866,38.54691753047364,23.686127347730924,23.686127347730924,3.3660443799579562,1.456845764771461,2.008369761163711,6.940297690634962,3.0038057005597136,4.140968579718992,28.963730648546974,22.216051504925918,25.076586955456836,59.71903226504531,45.80629176273385,51.704303000941934,2.93291994879477,1.2076548797152513,1.7039647678501002,7.332299871986924,3.019137199288128,4.25991191962525,18.782394133368037,13.168385200701938,15.364737296153491,46.95598533342009,32.92096300175484,38.411843240383725,0.6482412060301508,0.008241206030150772,-0.006758793969849242,0.5477386934673367,-0.002261306532663321,0.007738693467336688,0.46733668341708545,0.012336683417085492,-0.002663316582914521,0.3831417624521073,0.10650442129863713,0.10650442129863713,0.31285988483685223,0.4321608040201005,0.11887759600005032,0.18341289083145274,0.3282828282828283,0.3946488294314381,0.11251193460673026,0.1721794189753758,0.3120805369127517,27.0,4.0,7.0,38.0,7.0,6.0,43.0,5.0,6.0,0.00041543629367888545,0.0010307023841465389,0.0011284890161147104,-0.0763916245812224,-0.07718771546372416,-0.08310152281792682,"[7.91796875, 7.87109375, 5.07421875, 9.34375, 1.1484375, 7.32421875, 3.099609375, 1.046875, 8.1875, 3.970703125, 4.015625, 8.53125, 3.5, 3.4609375, 3.455078125, 12.7265625, 2.974609375, 3.1953125, 4.9140625, 2.494140625, 1.7734375, 3.75, 0.0172576904296875, 2.056640625, 5.47265625, 3.697265625, 4.9140625, 3.3828125, 1.4599609375, 7.34765625, 1.341796875, 0.1590576171875, 8.5, 5.81640625, 2.744140625, 11.0546875, 6.51171875, 4.37109375, 1.3828125, 2.21875, 3.85546875, 3.7890625, 0.09423828125, 0.27490234375, 10.5, 3.720703125, 3.716796875, 1.3828125, 4.87109375, 10.34375, 6.25390625, 10.96875, 7.2734375, 1.833984375, 4.94140625, 4.75390625, 5.69140625, 2.390625, 10.515625, 1.5576171875, 9.609375, 0.472412109375, 7.69140625, 2.806640625, 3.130859375, 8.296875, 4.67578125, 7.67578125, 4.921875, 4.21484375, 1.611328125, 0.050537109375, 1.0546875, 7.40625, 7.53125, 5.0390625, 4.69921875, 1.056640625, 0.460693359375, 0.421630859375, 2.193359375, 0.93994140625, 1.1669921875, 2.74609375, 2.240234375, 0.00899505615234375, 0.16552734375, 0.03338623046875, 6.109375, 0.06585693359375, 3.185546875, 2.955078125, 0.1923828125, 0.79931640625, 0.64697265625, 0.0355224609375, 0.018524169921875, 0.3134765625, 0.0972900390625, 1.326171875, 0.036590576171875, 0.28662109375, 6.68359375, 6.45703125, 6.515625, 1.87890625, 11.328125, 0.55810546875, 6.8359375, 0.796875, 9.1328125, 10.5625, 8.046875, 6.13671875, 5.609375, 8.265625, 3.654296875, 0.67822265625, 0.08612060546875, 0.2117919921875, 0.288330078125, 1.912109375, 5.44921875, 0.52001953125, 5.375, 0.01296234130859375, 3.865234375, 0.07818603515625, 1.439453125, 0.09429931640625, 0.006439208984375, 0.09649658203125, 1.5400390625, 0.004863739013671875, 0.006656646728515625, 0.08282470703125, 0.0701904296875, 0.1859130859375, 0.0084381103515625, 0.0243377685546875, 7.625, 0.8466796875, 8.7109375, 4.55078125, 1.982421875, 0.483154296875, 9.203125, 9.28125, 0.62109375, 9.203125, 4.26171875, 2.556640625, 7.8359375, 5.7109375, 7.5, 3.6171875, 2.46875, 7.35546875, 0.73388671875, 0.031707763671875, 0.0860595703125, 0.0088958740234375, 1.5810546875, 6.484375, 0.005687713623046875, 5.28125, 0.01308441162109375, 4.37890625, 0.043914794921875, 1.390625, 0.047698974609375, 0.003978729248046875, 0.166259765625, 1.1796875, 0.0023345947265625, 0.0022830963134765625, 0.0858154296875, 0.03271484375, 0.059600830078125, 0.00708770751953125, 0.024200439453125, 4.0, 6.90234375, 0.60302734375, 3.822265625, 1.2421875, 0.00560760498046875, 0.11846923828125, 3.53515625, 0.1224365234375, 0.0015039443969726562, 0.2344970703125, 8.6171875, 2.173828125, 0.68212890625, 5.4609375, 0.3388671875, 8.2109375, 3.1953125, 8.703125, 2.767578125, 0.61328125, 0.0187225341796875, 0.1766357421875, 0.006916046142578125, 1.783203125, 6.3515625, 0.0086212158203125, 4.15625, 0.011016845703125, 7.3046875, 0.034942626953125, 0.74072265625, 0.037353515625, 0.00485992431640625, 0.484619140625, 0.1533203125, 0.0014705657958984375, 0.0059661865234375, 0.07257080078125, 0.02606201171875, 0.052978515625, 0.006397247314453125, 0.0185394287109375, 8.421875, 10.8203125, 0.2269287109375, 2.552734375, 0.07879638671875, 0.00409698486328125, 0.1024169921875, 7.3515625, 0.0019330978393554688, 0.009368896484375, 1.5888671875, 10.9765625, 1.4013671875, 4.55859375, 4.72265625, 6.73046875, 5.578125, 4.8359375, 7.40234375, 2.462890625, 0.52978515625, 0.00894927978515625, 0.0287628173828125, 0.00301361083984375, 1.517578125, 4.69140625, 0.0253143310546875, 4.42578125, 0.00800323486328125, 3.388671875, 0.00897216796875, 0.71484375, 0.0220489501953125, 0.0011749267578125, 0.08050537109375, 0.04046630859375, 0.002193450927734375, 0.0011949539184570312, 0.050689697265625, 0.00948333740234375, 0.02874755859375, 0.004364013671875, 0.01061248779296875, 4.49609375, 0.18505859375, 0.1480712890625, 0.7353515625, 13.0078125, 1.859375, 0.193603515625, 2.234375, 0.1636962890625, 0.01107025146484375, 0.1431884765625, 2.5703125, 0.01026153564453125, 0.289306640625, 6.6484375, 0.06524658203125, 6.9140625, 0.290771484375, 3.326171875, 10.96875, 0.1668701171875, 4.25, 0.004909515380859375, 0.474853515625, 2.462890625, 5.31640625, 3.751953125, 8.25, 0.935546875, 0.005634307861328125, 0.0689697265625, 0.0011301040649414062, 1.2119140625, 2.888671875, 0.00655364990234375, 3.853515625, 0.00994873046875, 4.22265625, 0.0129547119140625, 0.7236328125, 0.0321044921875, 0.0037384033203125, 0.189453125, 0.437744140625, 0.0012216567993164062, 0.002376556396484375, 0.0224761962890625, 0.0089263916015625, 0.031982421875, 0.0018091201782226562, 0.01074981689453125, 4.83203125, 4.8515625, 5.25, 7.140625, 0.1973876953125, 5.49609375, 4.77734375, 1.599609375, 0.330810546875, 8.8984375, 0.39306640625, 0.051971435546875, 0.32470703125, 2.662109375, 0.345703125, 0.08636474609375, 0.11712646484375, 8.8125, 0.92138671875, 0.0908203125, 6.28515625, 0.0028629302978515625, 0.483154296875, 7.328125, 5.08984375, 6.77734375, 7.40234375, 7.12890625, 0.86865234375, 0.0277862548828125, 0.0261688232421875, 0.00045490264892578125, 1.158203125, 2.865234375, 0.00372314453125, 3.61328125, 0.0048828125, 4.3203125, 0.0098876953125, 0.357421875, 0.0279693603515625, 0.00160980224609375, 0.06134033203125, 0.1292724609375, 0.0012798309326171875, 0.0008616447448730469, 0.041717529296875, 0.00901031494140625, 0.0251312255859375, 0.0020084381103515625, 0.006778717041015625, 8.6484375, 2.0546875, 0.40966796875, 8.265625, 0.62548828125, 3.4609375, 0.2646484375, 0.0217742919921875, 0.06134033203125, 7.2890625, 0.06402587890625, 3.4921875, 0.039031982421875, 0.99267578125, 6.6328125, 5.6875, 9.4453125, 5.5859375, 0.54541015625, 0.01274871826171875, 0.0128173828125, 0.0009984970092773438, 0.433837890625, 4.46875, 0.0016326904296875, 4.0390625, 0.00661468505859375, 4.546875, 0.012969970703125, 0.333740234375, 0.0254058837890625, 0.002025604248046875, 0.248046875, 0.058074951171875, 0.000743865966796875, 0.001178741455078125, 0.0199737548828125, 0.00839996337890625, 0.040863037109375, 0.003757476806640625, 0.006256103515625, 8.7890625, 8.609375, 1.55859375, 9.5390625, 4.296875, 5.5390625, 3.328125, 0.263916015625, 8.7890625, 6.23828125, 0.58203125, 4.0859375, 0.0050506591796875, 0.452392578125, 5.4765625, 3.642578125, 4.29296875, 5.02734375, 0.2109375, 0.1500244140625, 0.0101470947265625, 0.023193359375, 0.000614166259765625, 0.607421875, 4.61328125, 0.0079345703125, 4.01171875, 0.004337310791015625, 6.1328125, 0.01003265380859375, 0.154052734375, 0.0243988037109375, 0.0004699230194091797, 0.38525390625, 0.136474609375, 0.0005860328674316406, 0.0013399124145507812, 0.044677734375, 0.00922393798828125, 0.0193023681640625, 0.0013551712036132812, 0.00572967529296875, 6.47265625, 0.75341796875, 0.046661376953125, 0.07220458984375, 7.8203125, 7.1171875, 0.2626953125, 4.48828125, 0.36962890625, 0.2724609375, 4.1171875, 0.52294921875, 0.053924560546875, 0.1297607421875, 6.6875, 0.11956787109375, 2.666015625, 0.0003228187561035156, 0.0020084381103515625, 1.53515625, 5.34765625, 11.90625, 0.6708984375, 0.007781982421875, 0.0247039794921875, 0.0008044242858886719, 0.47607421875, 4.28515625, 0.005283355712890625, 4.38671875, 0.0020465850830078125, 5.27734375, 0.01009368896484375, 0.330322265625, 0.0189666748046875, 0.0005779266357421875, 0.1881103515625, 0.048431396484375, 0.0010061264038085938, 0.00121307373046875, 0.023651123046875, 0.008697509765625, 0.00769805908203125, 0.001331329345703125, 0.00644683837890625, 4.21875, 7.21484375, 0.6728515625, 11.109375, 0.355224609375, 5.921875, 4.7578125, 1.14453125, 10.1796875, 0.65869140625, 7.42578125, 2.470703125, 5.953125, 1.1806640625, 7.9765625, 0.77490234375, 0.01276397705078125, 0.02545166015625, 0.001018524169921875, 0.162109375, 3.96875, 0.00925445556640625, 4.08984375, 0.0211639404296875, 6.51171875]",-1.235132779654872
115,1,test,0.8036765744378259,0.2989289170336942,0.43326470883855855,1.551606796891525,0.5771228802847043,0.8364763742894713,2.233738355371706,0.5771709101870859,0.7854073458148938,4.3125353219315015,1.1143068439450095,1.5163355693767313,0.8196755641668885,0.1916979261493249,0.34150822313678675,1.4132337313222216,0.3305136657746981,0.588807281270322,2.269763325507943,0.39594611741920827,0.6566479243162036,3.913385043979212,0.6826657196882899,1.1321515936486266,0.6564122729476878,0.21233235560676433,0.3374951447327085,1.2155782832364588,0.3932080659384525,0.6249910087642749,1.9278632648409033,0.368808188661486,0.5522259461788879,3.570117157112784,0.6829781271509003,1.0226406410720146,0.14572864321608037,0.0007286432160803491,-0.00927135678391966,0.1306532663316583,-0.004346733668341707,-0.004346733668341707,0.10552763819095479,-0.0044723618090452,-0.014472361809045209,0.15915915915915912,0.037719878799339024,0.04926904926904918,0.12349397590361444,0.1507537688442211,0.03546554829284265,0.043909027608828755,0.08080808080808077,0.14381270903010035,0.03696796779470801,0.04258912727259201,0.08724832214765099,15.0,1.0,0.0,18.0,1.0,1.0,21.0,1.0,0.0,0.001960259887278667,0.00014758783523300583,0.0003072181935926671,-0.038656819969410616,-0.052779544402641765,-0.055357905929577456,"[2.203125, 3.025390625, 2.875, 12.2890625, 7.53515625, 5.171875, 2.6875, 4.06640625, 1.3974609375, 0.052703857421875, 9.4140625, 7.56978988647461e-05, 0.83837890625, 0.0003085136413574219, 9.298324584960938e-06, 0.0003600120544433594, 5.1015625, 2.865234375, 7.40625, 7.984375, 7.484375, 1.0107421875, 3.50390625, 10.1796875, 4.1328125, 4.45703125, 0.5341796875, 0.08447265625, 3.607421875, 0.336181640625, 0.1373291015625, 0.003551483154296875, 2.986328125, 0.7958984375, 8.4609375, 9.578125, 5.38671875, 0.01021575927734375, 14.6953125, 3.455078125, 3.21875, 0.76611328125, 0.0272216796875, 1.4140625, 0.06976318359375, 0.56689453125, 0.07000732421875, 0.0192108154296875, 0.00045108795166015625, 0.0004215240478515625, 0.0019702911376953125, 0.00017440319061279297, 0.00806427001953125, 6.4373016357421875e-06, 0.004611968994140625, 0.00811767578125, 0.0004134178161621094, 0.02618408203125, 0.1353759765625, 0.337890625, 0.3251953125, 0.0007991790771484375, 0.005764007568359375, 0.021240234375, 0.00045180320739746094, 0.0002770423889160156, 0.0208282470703125, 0.0007734298706054688, 0.00024700164794921875, 0.0004749298095703125, 1.9788742065429688e-05, 0.0017652511596679688, 0.00012445449829101562, 0.00016987323760986328, 0.049224853515625, 0.006748199462890625, 0.3134765625, 5.805492401123047e-05, 0.0003840923309326172, 1.2040138244628906e-05, 0.0026073455810546875, 9.274482727050781e-05, 0.0013675689697265625, 0.0005197525024414062, 0.00015604496002197266, 1.2636184692382812e-05, 0.0034923553466796875, 0.004730224609375, 0.007152557373046875, 0.1292724609375, 9.775161743164062e-06, 0.000514984130859375, 0.1331787109375, 4.887580871582031e-06, 0.007732391357421875, 2.6226043701171875e-06, 0.0001266002655029297, 0.0025882720947265625, 0.00014662742614746094, 0.00021219253540039062, 3.6597251892089844e-05, 0.0013294219970703125, 0.01125335693359375, 0.0083465576171875, 7.724761962890625e-05, 0.00585174560546875, 0.0181884765625, 0.01505279541015625, 0.0005688667297363281, -0.0, 0.0014486312866210938, 0.0070648193359375, 3.5762786865234375e-07, 0.00041937828063964844, 0.00018584728240966797, 0.00025582313537597656, 0.0002148151397705078, 7.3909759521484375e-06, 0.0072021484375, 5.364418029785156e-06, 0.0009608268737792969, 0.00017523765563964844, 0.00010037422180175781, 6.020069122314453e-05, 0.0008349418640136719, 0.0036563873291015625, 0.001434326171875, 0.001277923583984375, -0.0, 0.0101776123046875, 1.6689300537109375e-06, 1.3709068298339844e-05, 3.5762786865234375e-07, 0.0004482269287109375, 0.00011718273162841797, 4.76837158203125e-07, 0.00176239013671875, 0.0005898475646972656, 0.0008263587951660156, 0.0018129348754882812, 0.0093231201171875, 0.007720947265625, 0.07489013671875, 7.855892181396484e-05, 0.0196685791015625, 0.0005750656127929688, 3.814697265625e-06, 0.0016880035400390625, 0.0013799667358398438, 0.0009717941284179688, 0.00018727779388427734, 0.0003101825714111328, 0.025634765625, 0.0037975311279296875, 0.053253173828125, 0.0188140869140625, 0.1279296875, 8.106231689453125e-06, 0.019805908203125, 0.0074920654296875, 0.00972747802734375, 8.797645568847656e-05, 0.0002617835998535156, 0.000446319580078125, 0.0002830028533935547, 0.0025272369384765625, 0.006755828857421875, 0.027618408203125, 0.0196380615234375, 0.00824737548828125, 0.0014858245849609375, 0.006603240966796875, 0.001827239990234375, 5.5909156799316406e-05, 0.0003578662872314453, 0.00875091552734375, 1.1920928955078125e-07, 0.00018346309661865234, 0.050994873046875, 0.0028514862060546875, 0.00018799304962158203, 0.0002684593200683594, 0.0001819133758544922, 0.00013959407806396484, 0.0004150867462158203, 0.0009694099426269531, 0.00130462646484375, 0.0183258056640625, 9.059906005859375e-06, 2.7298927307128906e-05, 0.0001519918441772461, 2.1696090698242188e-05, 0.0030574798583984375, 4.8279762268066406e-05, 5.14984130859375e-05, 0.0002129077911376953, 0.0013532638549804688, 1.6689300537109375e-06, 0.0010786056518554688, 0.053497314453125, 0.0007634162902832031, 0.00786590576171875, 3.0279159545898438e-05, 0.0005598068237304688, 0.0001856088638305664, 0.00047969818115234375, 8.344650268554688e-07, 7.033348083496094e-06, 0.0081634521484375, 0.025299072265625, 0.052001953125, 0.0001729726791381836, 2.1457672119140625e-06, 3.6954879760742188e-06, 0.0029354095458984375, 0.05810546875, 0.00041794776916503906, 4.9233436584472656e-05, 0.0101470947265625, 0.1693115234375, 0.00711822509765625, 4.2319297790527344e-05, 0.00051116943359375, 2.658367156982422e-05, 0.00402069091796875, 0.00010991096496582031, 4.172325134277344e-06, 0.0001347064971923828, 0.0027923583984375, 4.9591064453125e-05, 0.00015819072723388672, 5.5909156799316406e-05, 6.783008575439453e-05, 0.00035881996154785156, 0.0001354217529296875, 0.0006327629089355469, 0.007720947265625, 1.4781951904296875e-05, 2.2292137145996094e-05, 0.00021731853485107422, 3.6954879760742188e-06, 0.00055694580078125, 2.586841583251953e-05, 8.20159912109375e-05, 0.001308441162109375, 0.00716400146484375, 0.00016009807586669922, 0.0016651153564453125, 0.00995635986328125, 0.005390167236328125, 0.00034046173095703125, 2.288818359375e-05, 0.00743865966796875, 0.0011625289916992188, 0.00713348388671875, 2.86102294921875e-06, 0.0014066696166992188, 0.0001456737518310547, 0.002529144287109375, 0.00015652179718017578, 0.0003657341003417969, 0.00012791156768798828, 0.0006442070007324219, 0.0004379749298095703, 0.0011749267578125, 0.00022780895233154297, 0.0009369850158691406, 0.0004489421844482422, 0.00032973289489746094, 4.780292510986328e-05, 0.005199432373046875, 0.00012755393981933594, 0.007450103759765625, 0.052032470703125, 0.00659942626953125, 0.050445556640625, 0.0001399517059326172, 0.005222320556640625, 0.0086822509765625, 0.76025390625, 1.0517578125, 2.408203125, 0.335205078125, 1.41796875, 1.560546875, 0.02386474609375, 0.314697265625, 0.3828125, 0.32421875, 0.0273590087890625, 0.71240234375, 0.046142578125, 0.134765625, 0.923828125, 2.53125, 0.020294189453125, 0.1329345703125, 9.09375, 8.03125, 0.05621337890625, 0.0208892822265625, 0.00408935546875, 0.0223846435546875, 0.324462890625, 0.0125732421875, 0.0209503173828125, 0.322509765625, 8.6640625, 4.56640625, 4.3828125, 4.55859375, 0.6904296875, 0.0040130615234375, 0.0014715194702148438, 0.008453369140625, 0.3232421875, 0.007785797119140625, 0.0223541259765625, 4.47265625, 7.18359375, 3.85546875, 5.46875, 8.9765625, 6.76171875, 5.46875, 0.4228515625, 1.6279296875, 0.00640869140625, 0.00785064697265625, 0.0093536376953125, 1.3330078125, 1.5986328125, 1.4580078125]",-2.2915416071722814
57,1,test,0.5014477541317811,0.16249033947254155,0.24204374314476718,0.8658719940531336,0.28057924897293507,0.41794762624416193,1.6511099424193953,0.24762636630564439,0.35495258154497367,2.8510444935962815,0.4275873883300956,0.6129123065049837,0.1303167486909646,-0.07678577023920766,-0.0790310994131525,0.22663782381037323,-0.1335404699812307,-0.13744539028374353,1.1391891628594795,-0.09091951188252256,-0.09368461389746585,1.9811985441034428,-0.15812089023047404,-0.1629297632999407,0.48322868186074336,0.13307618551802808,0.23474884675767624,0.834412316933958,0.22978852964450203,0.405351206319941,1.6213006246657016,0.20201665696007565,0.33922565546666794,2.7995714274750774,0.3488310878903631,0.5857559283348857,0.045226130653266305,-0.004773869346733739,-0.004773869346733739,0.02010050251256279,-0.009899497487437237,-0.004899497487437232,0.01005025125628145,-0.004949748743718563,-0.004949748743718563,0.1317567567567568,0.02045827446333348,0.02613877922866692,0.1559322033898305,0.09045226130653261,0.03531441669500379,0.035360441607033444,0.045454545454545414,0.1317567567567568,0.008653889977667473,0.021644397206195043,0.1559322033898305,11.0,2.0,2.0,13.0,4.0,4.0,15.0,6.0,6.0,-0.00154010062581315,1.0445659328632319e-05,-0.0002674872081965606,-0.053509676390219196,-0.06102782269632501,-0.06542713777635156,"[2.1875, 2.275390625, 2.275390625, 0.2142333984375, 0.327880859375, 0.00911712646484375, 4.61328125, 1.5205078125, 5.4609375, 0.7607421875, 0.0843505859375, 0.0004124641418457031, 0.01383209228515625, 0.0430908203125, 0.01702880859375, 0.353271484375, 0.130126953125, 0.0007276535034179688, 0.00777435302734375, 0.0972900390625, 0.057861328125, 1.58203125, 6.318092346191406e-06, 0.014801025390625, 3.6954879760742188e-06, 0.0008387565612792969, 0.00022101402282714844, 0.0008831024169921875, 5.245208740234375e-06, 0.00017786026000976562, 0.0235443115234375, 0.009735107421875, 0.00560760498046875, 0.0234832763671875, 0.007106781005859375, 1.0609626770019531e-05, 0.0002067089080810547, 0.0027904510498046875, 0.00017178058624267578, 0.0149383544921875, 7.748603820800781e-06, 0.06842041015625, 0.0219268798828125, 0.00983428955078125, 0.0012187957763671875, 1.919269561767578e-05, 0.0186767578125, 0.0008664131164550781, 0.006725311279296875, 0.00014579296112060547, -0.0, 7.95125961303711e-05, 2.384185791015625e-07, 2.002716064453125e-05, 0.00774383544921875, 0.316162109375, 0.002994537353515625, 2.0265579223632812e-06, 0.0230712890625, 0.0003154277801513672, 0.0027332305908203125, 0.003322601318359375, 0.0026531219482421875, 0.0003895759582519531, 0.00836181640625, 5.543231964111328e-05, -0.0, 0.0004668235778808594, 0.00672149658203125, 0.021026611328125, 0.00052642822265625, 0.002895355224609375, 0.00014507770538330078, -0.0, 0.0015764236450195312, 5.960464477539062e-07, 8.893013000488281e-05, 0.00027680397033691406, 4.8279762268066406e-05, 3.5762786865234375e-07, 0.0030689239501953125, 1.3837890625, 4.565715789794922e-05, 0.0012769699096679688, 3.5762786865234375e-07, 0.062164306640625, 0.28369140625, 0.006801605224609375, 6.9141387939453125e-06, 0.0023746490478515625, 4.935264587402344e-05, 2.0265579223632812e-05, 0.0002727508544921875, 1.7762184143066406e-05, 2.09808349609375e-05, 3.814697265625e-06, 0.009857177734375, 2.384185791015625e-07, 0.00672149658203125, 0.0182952880859375, 0.0030651092529296875, -0.0, 0.0008254051208496094, 5.3763389587402344e-05, 0.005146026611328125, 9.5367431640625e-06, 2.5272369384765625e-05, 0.0001952648162841797, 3.7550926208496094e-05, 1.2636184692382812e-05, 6.151199340820312e-05, 0.0004954338073730469, 9.810924530029297e-05, 0.0001518726348876953, -0.0, 0.0001323223114013672, 8.988380432128906e-05, 0.00043320655822753906, 7.867813110351562e-06, 2.384185791015625e-07, 7.62939453125e-06, 0.1396484375, 0.0003924369812011719, 1.1920928955078125e-07, 9.02414321899414e-05, 8.177757263183594e-05, 2.6226043701171875e-06, 3.5762786865234375e-07, 0.056427001953125, -0.0, 0.314453125, 1.239776611328125e-05, 0.17578125, 8.344650268554688e-07, 0.00013387203216552734, 0.00014925003051757812, 0.0029296875, 0.0011548995971679688, 0.004222869873046875, 0.0185699462890625, 0.007366180419921875, 0.019805908203125, 0.04010009765625, 0.0018024444580078125, 0.00691986083984375, 0.0028553009033203125, -0.0, 4.887580871582031e-06, 0.0003857612609863281, 0.0006580352783203125, 0.1275634765625, 0.1785888671875, 0.0003368854522705078, 0.0252838134765625, 2.3126602172851562e-05, 0.0002570152282714844, 7.271766662597656e-06, 1.4185905456542969e-05, 5.960464477539062e-07, 0.00041103363037109375, 2.384185791015625e-07, 0.00014066696166992188, 1.0728836059570312e-05, 0.0012636184692382812, 0.00010645389556884766, 1.1920928955078125e-07, 1.1920928955078125e-07, 0.0003955364227294922, 0.002655029296875, 1.1920928955078125e-07, 0.0092010498046875, 0.01117706298828125, 2.1576881408691406e-05, 2.0623207092285156e-05, 0.0013818740844726562, 0.0003399848937988281, 0.019195556640625, 1.4424324035644531e-05, 1.71661376953125e-05, 0.00092315673828125, 0.0192718505859375, 0.01102447509765625, 0.0010738372802734375, 0.00025081634521484375, 0.006740570068359375, 0.00034332275390625, 0.006839752197265625, 1.1920928955078125e-07, 0.0043792724609375, 5.5909156799316406e-05, 0.041778564453125, 6.079673767089844e-06, 0.004985809326171875, 0.0019683837890625, 0.00116729736328125, 7.18832015991211e-05, 0.00010061264038085938, 0.0022449493408203125, 0.0011844635009765625, 0.0010175704956054688, 0.0570068359375, 1.3113021850585938e-06, 0.00021278858184814453, 0.00022161006927490234, 0.00722503662109375, 0.02008056640625, 0.0004107952117919922, 0.002521514892578125, 0.0021419525146484375, 0.01824951171875, 0.0027408599853515625, 0.00016820430755615234, 0.0003795623779296875, 0.010833740234375, 0.01024627685546875, 0.0017690658569335938, 0.012054443359375, 4.8995018005371094e-05, 0.0007257461547851562, 0.00266265869140625, 2.574920654296875e-05, 0.0083465576171875, 0.00785064697265625, 0.00013017654418945312, 0.01441192626953125, 0.006145477294921875, 0.00885772705078125, 0.056854248046875, 0.0012969970703125, 0.021728515625, 0.002887725830078125, 0.003932952880859375, 0.00865936279296875, 0.033294677734375, 2.2649765014648438e-06, 4.291534423828125e-06, -0.0, 3.337860107421875e-06, 0.006984710693359375, 0.0007338523864746094, 0.0206146240234375, 0.008087158203125, 7.963180541992188e-05, 0.0029850006103515625, 0.020721435546875, 0.0091552734375, 0.0034027099609375, -0.0, 0.00168609619140625, 0.0003304481506347656, 0.0011262893676757812, 2.126953125, 0.02203369140625, 0.31396484375, 0.005069732666015625, 0.147705078125, 0.288330078125, 2.01171875, 0.2244873046875, 3.427734375, 3.40625, 0.2100830078125, 6.9296875, 1.8662109375, 0.42529296875, 6.359375, 0.3828125, 9.609375, 3.986328125, 4.890625, 0.90185546875, 1.0234375, 0.011077880859375, 0.01953125, 4.59375, 0.83642578125, 5.35546875, 10.8515625, 4.06640625, 1.5888671875, 0.337646484375, 2.55078125, 1.013671875, 0.356689453125, 3.5859375, 2.8515625, 8.6875, 5.21484375, 0.84375, 1.9775390625, 0.83251953125, 0.1697998046875, 0.1734619140625, 6.0078125, 7.4765625, 4.33203125]",-3.4246355722079405
213,1,test,2.2676192755448192,1.0078481046177976,1.0824740865587876,5.866232473692032,2.607259227163433,2.800313397836864,9.656384236778706,6.131769376050803,6.385222513135069,24.98064617775361,15.862620777174904,16.51829302311029,1.9205650312816678,0.7302261687119591,1.0544206364468978,3.693394290926284,1.4042810936768442,2.027731993167111,6.824813613232751,3.536618348319319,4.447088026763938,13.124641563909135,6.801189131383305,8.552092359161419,2.278896672271167,0.9823705150719253,1.3696222022473978,5.102007475233957,2.199336974041624,3.066318363240443,9.765899475482538,6.1093272535178755,7.283378738858499,21.863954049587772,13.677598328771364,16.30607180341455,0.42211055276381915,-0.007889447236180902,0.012110552763819116,0.31155778894472363,-0.003442211055276312,0.01155778894472359,0.24120603015075381,-0.01379396984924619,-0.01379396984924619,0.35789473684210527,0.1055288062427362,0.11351546020476411,0.3924050632911392,0.31155778894472363,0.07596881651364595,0.12291004270098405,0.36868686868686873,0.3377926421404682,0.08069748354280548,0.14201956093913337,0.3926174496644296,24.0,7.0,7.0,29.0,5.0,5.0,36.0,7.0,7.0,-0.00010114445666511788,-0.0012556575933349008,5.3410551612398776e-05,-0.06514626549023728,-0.0518062591848194,-0.06557348185526823,"[1.2431640625, 2.35546875, 4.328125, 0.26416015625, 0.1302490234375, 0.005924224853515625, 4.8359375, 0.04302978515625, 0.400390625, 0.036895751953125, 0.9453125, 0.64697265625, 0.10675048828125, 0.07659912109375, 0.060272216796875, 0.0200347900390625, 0.468505859375, 0.0115966796875, 0.744140625, 0.34814453125, 0.0098724365234375, 0.00286865234375, 0.06280517578125, 0.00962066650390625, 0.16943359375, 0.4775390625, 0.25146484375, 0.01311492919921875, 0.06744384765625, 0.32568359375, 0.0251007080078125, 2.2530555725097656e-05, 0.0091094970703125, 0.08221435546875, 0.0224761962890625, 0.00021278858184814453, 0.011383056640625, 0.018707275390625, 0.0011873245239257812, 0.00789642333984375, 0.0020923614501953125, 0.00106048583984375, 0.0215911865234375, 0.052215576171875, 0.69775390625, 0.2421875, 0.05682373046875, 0.79345703125, 7.21875, 1.8544921875, 0.70166015625, 0.01593017578125, 0.1849365234375, 2.46875, 7.828125, 1.78125, 1.3876953125, 0.477294921875, 0.484130859375, 0.016326904296875, 0.7255859375, 7.28515625, 0.05145263671875, 0.298583984375, 0.17578125, 0.276123046875, 0.005115509033203125, 0.333984375, 10.5625, 0.4970703125, 0.1968994140625, 0.6259765625, 0.1422119140625, 0.69482421875, 0.01488494873046875, 0.35009765625, 1.0498046875, 8.578125, 1.1923828125, 0.007625579833984375, 4.125, 5.21875, 0.2626953125, 3.126953125, 1.47265625, 9.5625, 0.27392578125, 7.33203125, 3.216796875, 6.359375, 0.10870361328125, 0.01294708251953125, 2.14453125, 4.51953125, 5.80078125, 6.61328125, 8.6640625, 1.4580078125, 0.625, 6.6640625, 3.296875, 3.9765625, 1.7890625, 0.642578125, 3.169921875, 2.62109375, 0.07452392578125, 0.06170654296875, 0.98828125, 0.0574951171875, 0.053466796875, 0.41748046875, 1.544921875, 6.3359375, 2.83203125, 8.2734375, 1.15625, 0.11260986328125, 2.609375, 0.14306640625, 0.90478515625, 1.3984375, 0.2017822265625, 0.79345703125, 3.150390625, 2.3515625, 7.70703125, 0.88037109375, 0.323974609375, 0.003917694091796875, 0.33935546875, 2.693359375, 0.03338623046875, 7.91796875, 1.40625, 5.3984375, 0.36279296875, 0.63134765625, 0.0184326171875, 0.11981201171875, 0.12237548828125, 8.1953125, 1.39453125, 0.049652099609375, 1.419921875, 6.2734375, 1.326171875, 1.404296875, 0.197998046875, 2.912109375, 10.1953125, 5.5625, 0.44189453125, 2.716796875, 0.095458984375, 0.317138671875, 0.0029087066650390625, 0.34765625, 5.84765625, 7.67578125, 4.64453125, 0.126220703125, 0.86376953125, 6.40625, 0.00691986083984375, 0.66845703125, 0.007488250732421875, 0.38720703125, 4.7578125, 1.0693359375, 0.03680419921875, 0.74169921875, 0.53173828125, 1.3203125, 0.0006465911865234375, 1.091796875, 9.2109375, 6.48046875, 5.91015625, 3.546875, 4.07421875, 0.0709228515625, 0.8828125, 0.04180908203125, 4.12890625, 2.3125, 1.6962890625, 0.35009765625, 1.8974609375, 6.4921875, 1.1162109375, 0.88037109375, 0.0697021484375, 6.65234375, 0.6767578125, 0.04937744140625, 0.0139007568359375, 6.4296875, 7.0703125, 0.391845703125, 5.39453125, 0.0252838134765625, 0.440673828125, 0.051177978515625, 0.291748046875, 1.4208984375, 1.6953125, 0.1492919921875, 3.46484375, 0.5048828125, 0.129638671875, 0.08868408203125, 3.14453125, 3.234375, 0.2030029296875, 0.384521484375, 1.2373046875, 0.07916259765625, 0.2274169921875, 0.049468994140625, 0.64501953125, 0.5986328125, 13.0078125, 1.5234375, 0.1605224609375, 0.0164642333984375, 2.375, 1.2978515625, 0.06072998046875, 3.4140625, 0.2626953125, 0.69775390625, 0.002254486083984375, 4.90625, 0.145263671875, 4.078125, 1.75, 3.138671875, 3.294921875, 1.9072265625, 7.0625, 0.0272369384765625, 0.04827880859375, 10.6484375, 1.869140625, 3.85546875, 9.53125, 3.484375, 1.7861328125, 1.9716796875, 2.638671875, 0.006671905517578125, 0.08990478515625, 11.6875, 4.71484375, 6.91796875, 3.546875, 0.0170135498046875, 1.4423828125, 5.0703125, 2.93359375, 2.783203125, 0.5205078125, 10.7265625, 10.2578125, 6.015625, 3.283203125, 1.0576171875, 1.98046875, 3.357421875, 6.56640625, 6.27734375, 11.4921875, 0.4326171875, 2.029296875, 6.5625, 1.16796875, 7.9453125, 2.244140625, 0.802734375, 4.45703125, 1.123046875, 0.0005259513854980469, 0.007648468017578125, 9.4296875, 4.87109375, 4.51171875, 11.171875, 1.4677734375, 4.10546875, 0.0201873779296875, 2.333984375, 0.84033203125, 2.357421875, 8.8515625, 3.650390625, 9.0859375, 0.01503753662109375, 0.0312042236328125, 0.0804443359375, 0.130126953125, 1.0126953125, 4.78515625, 8.875, 0.1488037109375, 4.8046875, 4.5859375, 6.69921875, 4.80859375, 12.265625, 5.2421875, 3.26171875, 7.078125, 0.1053466796875, 2.494140625, 0.56298828125, 0.376953125, 1.634765625, 7.16796875, 4.109375, 4.73046875, 2.181640625, 5.50390625, 0.70361328125, 2.810546875, 0.599609375, 0.0010404586791992188, 0.00608062744140625, 5.671875, 0.92041015625, 0.445068359375, 0.246337890625, 0.1412353515625, 0.03582763671875, 0.03302001953125, 7.152557373046875e-05, 0.0011129379272460938, 3.60546875, 0.0204315185546875, 4.16796875, 0.72705078125, 0.001506805419921875, 0.218505859375, 0.054718017578125, 0.17333984375, 0.05987548828125, 0.08807373046875, 0.63525390625, 9.2265625, 3.404296875, 1.2919921875, 6.6640625, 0.1102294921875, 2.638671875, 5.56640625, 9.15625, 6.0859375, 3.728515625, 1.771484375, 3.966796875, 3.546875, 3.83984375, 2.798828125, 3.01171875, 4.49609375, 5.36328125, 4.43359375, 0.322509765625, 0.3798828125, 0.23681640625, 9.625, 1.912109375, 0.2822265625, 0.034454345703125, 0.11865234375, 0.178466796875, 0.52685546875, 0.026824951171875, 0.416015625, 0.04046630859375, 0.0089263916015625, 0.183349609375, 0.0222930908203125, 2.3984375, 3.248046875, 0.325927734375, 0.2802734375, 0.136474609375, 0.0002467632293701172, 0.0010614395141601562, 5.48046875, 2.90625, 1.3369140625, 3.169921875, 4.1484375, 0.387451171875, 3.91796875, 3.2890625, 0.17724609375, 0.2509765625, 0.1441650390625, 0.126708984375, 0.0001430511474609375, 0.002628326416015625, 0.255615234375, 0.08538818359375, 7.04296875, 1.1904296875, 0.006824493408203125, 7.0859375, 2.169921875, 0.2318115234375, 0.0001285076141357422, 0.0007719993591308594, 2.861328125, 0.063720703125, 5.9375, 0.61376953125, 0.447021484375, 0.0054473876953125, 2.291015625, 1.3232421875, 1.462890625, 2.087890625, 2.892578125, 0.1295166015625, 0.339599609375, 1.0107421875, 6.81640625, 4.28125, 1.236328125, 0.00040030479431152344, 0.01012420654296875, 8.765625, 1.6474609375, 2.220703125, 0.2578125, 3.486328125, 4.86328125, 0.0076904296875, 11.546875, 0.008148193359375, 0.82080078125, 0.429931640625, 7.98828125, 1.087890625, 6.9296875, 2.646484375, 0.11419677734375, 1.4189453125, 2.455078125, 2.755859375, 1.6796875, 5.22265625, 8.9296875, 1.107421875, 0.5048828125, 0.002002716064453125, 0.497802734375, 2.771484375, 0.70703125, 0.19873046875, 5.734375, 5.53515625, 0.396728515625, 3.626953125, 0.10968017578125, 0.94970703125, 2.85546875, 0.293212890625, 1.703125, 0.0197906494140625, 0.03118896484375, 0.00803375244140625, 1.107421875]",-1.747839785124126
267,1,test,1.4870597681731543,0.6628930227615102,0.70656162792104,5.0834241720529105,2.2660598366740987,2.4153383309073853,4.424068590020313,2.144088420358803,2.241509374673537,15.123411775814118,7.329437011439311,7.66246467086982,2.414292413984711,1.0192679512346274,1.4434065522886046,4.7807770573954675,2.018352378682431,2.8582307966110987,11.181855433108566,7.146782152694473,8.541573084431004,22.142287986353598,14.15204386672173,16.914006107784168,2.2004372527368092,0.9825721562290441,1.3706163755491674,4.8539057045664915,2.1674385799170097,3.023418475476105,9.028960574158214,5.648996445864469,6.736052582808073,19.916824795937238,12.46102157175986,14.858939520900162,0.5175879396984925,-0.007412060301507539,-0.007412060301507539,0.4170854271356784,-0.007914572864321623,-0.012914572864321627,0.3266331658291457,0.0066331658291457485,0.001633165829145744,0.2806652806652806,0.07713464722810515,0.08613937646195702,0.21250000000000002,0.37688442211055273,0.11873905870203139,0.16486438872157105,0.36363636363636365,0.34448160535117056,0.07903920134449272,0.14314678888843424,0.31879194630872487,21.0,0.0,1.0,29.0,-1.0,-1.0,37.0,-1.0,0.0,0.0026806613773364078,0.0006482676085029447,0.0010356269078431325,-0.0945873600278091,-0.08396017532636524,-0.10084954547265923,"[2.171875, 3.02734375, 5.875, 0.9052734375, 8.78125, 7.21875, 8.1875, 7.5859375, 6.75, 1.8212890625, 3.474609375, 0.08221435546875, 4.015625, 0.00904083251953125, 3.5234375, 0.8349609375, 0.20263671875, 0.1329345703125, 0.77587890625, 1.3759765625, 1.2998046875, 1.697265625, 8.9296875, 2.244140625, 0.1741943359375, 0.439697265625, 13.0703125, 0.30078125, 4.90234375, 5.3125, 0.18115234375, 4.7890625, 3.380859375, 1.23046875, 6.39453125, 0.035888671875, 6.21484375, 2.548828125, 0.031341552734375, 0.63916015625, 4.15625, 0.239990234375, 0.16259765625, 6.36328125, 1.3076171875, 7.625, 0.39990234375, 0.37158203125, 5.98046875, 2.28125, 0.407958984375, 6.9453125, 2.505859375, 8.828125, 7.5625, 0.2459716796875, 2.2265625, 0.91748046875, 0.024383544921875, 0.012176513671875, 0.0028743743896484375, 0.006748199462890625, 0.00023663043975830078, 0.0002503395080566406, 0.01184844970703125, 0.00012767314910888672, 0.0032215118408203125, 5.9485435485839844e-05, 9.179115295410156e-06, 0.004375457763671875, 1.0251998901367188e-05, 0.0015745162963867188, 0.11175537109375, 2.0384788513183594e-05, 0.03436279296875, 3.516674041748047e-05, 0.000293731689453125, 0.0009737014770507812, 0.014312744140625, 7.152557373046875e-06, 0.0034847259521484375, 0.01274871826171875, 0.0025959014892578125, 0.038055419921875, 4.887580871582031e-05, 0.003292083740234375, 0.00365447998046875, 0.00019228458404541016, 0.00020945072174072266, 0.377685546875, 2.4318695068359375e-05, 0.0007157325744628906, 0.00020837783813476562, 0.0013179779052734375, 0.00957489013671875, 0.05291748046875, 1.3330078125, 0.2491455078125, 1.205078125, 0.326904296875, 3.76171875, 2.51171875, 0.0098724365234375, 0.0102691650390625, 2.150390625, 3.330078125, 0.052001953125, 2.251953125, 0.004322052001953125, 0.0273590087890625, 0.08123779296875, 2.451171875, 12.4296875, 5.41796875, 4.48828125, 3.0625, 0.681640625, 1.53125, 5.37890625, 7.51171875, 0.2044677734375, 2.576171875, 5.640625, 1.435546875, 0.07452392578125, 8.1328125, 4.55859375, 1.7412109375, 6.47265625, 1.7578125, 10.65625, 3.283203125, 6.2265625, 2.837890625, 0.07196044921875, 0.97998046875, 1.0322265625, 4.1171875, 2.541015625, 6.453125, 2.814453125, 5.21484375, 3.021484375, 4.58203125, 2.203125, 11.1484375, 2.224609375, 3.095703125, 1.0595703125, 5.37109375, 2.4453125, 0.1009521484375, 0.060546875, 4.8515625, 4.7109375, 6.12890625, 1.158203125, 10.421875, 2.8671875, 6.44140625, 0.278076171875, 2.650390625, 4.95703125, 1.03125, 6.65625, 0.0748291015625, 0.1060791015625, 1.353515625, 0.03338623046875, 0.4453125, 0.26513671875, 4.73046875, 4.578125, 0.1597900390625, 5.80859375, 1.095703125, 3.71484375, 0.2127685546875, 1.8974609375, 0.0276947021484375, 6.29296875, 0.74267578125, 0.40625, 4.5078125, 0.00021350383758544922, 0.00597381591796875, 11.0, 2.201171875, 0.051727294921875, 0.86669921875, 0.3544921875, 4.9375, 0.55029296875, 0.3818359375, 0.206298828125, 4.85546875, 0.49853515625, 2.912109375, 0.00986480712890625, 12.65625, 1.736328125, 4.4296875, 0.003643035888671875, 4.57421875, 1.390625, 12.3046875, 3.5625, 0.1402587890625, 4.59765625, 1.375, 0.49658203125, 0.83935546875, 0.42822265625, 0.295166015625, 0.09332275390625, 5.56640625, 7.98046875, 1.5634765625, 0.361328125, 1.05078125, 1.412109375, 6.88671875, 3.708984375, 3.408203125, 3.716796875, 0.86962890625, 1.7578125, 1.818359375, 6.2265625, 4.27734375, 1.4873046875, 0.17333984375, 5.33203125, 0.266845703125, 1.177734375, 3.466796875, 1.791015625, 1.552734375, 1.490234375, 0.01074981689453125, 1.978515625, 0.72216796875, 0.97607421875, 0.334228515625, 0.72021484375, 0.270751953125, 5.01953125, 0.0419921875, 0.304443359375, 0.150146484375, 1.369140625, 0.33154296875, 2.650390625, 0.83642578125, 1.388671875, 0.16552734375, 2.220703125, 0.3916015625, 3.556640625, 0.037506103515625, 0.109619140625, 0.326904296875, 3.37109375, 5.52734375, 1.984375, 0.88720703125, 0.1634521484375, 1.4306640625, 2.578125, 0.09283447265625, 0.724609375, 1.4345703125, 1.392578125, 2.130859375, 0.2442626953125, 0.07244873046875, 0.021759033203125, 0.0263671875, 0.13916015625, 0.006252288818359375, 0.94482421875, 0.1807861328125, 4.09375, 0.0017042160034179688, 0.058685302734375, 0.241943359375, 0.058746337890625, 0.0020427703857421875, 1.333984375, 1.193359375, 0.04290771484375, 1.3740234375, 0.032257080078125, 8.0390625, 0.07464599609375, 0.02459716796875, 0.51904296875, 0.01007080078125, 0.1396484375, 0.091552734375, 1.1015625, 0.081787109375, 1.2763671875, 0.284912109375, 0.0760498046875, 0.0179443359375, 0.0816650390625, 0.0255279541015625, 0.08935546875, 0.015472412109375, 0.101318359375, 0.0159149169921875, 0.448486328125, 0.05047607421875, 0.0008611679077148438, 0.00872039794921875, 0.66015625, 0.0158843994140625, 4.12109375, 0.041351318359375, 1.8916015625, 4.863739013671875e-05, 0.290771484375, 0.1533203125, 0.01148223876953125, 0.0182647705078125, 2.384185791015625e-07, 0.0017843246459960938, 0.4912109375, 0.01511383056640625, 0.1947021484375, 0.01145172119140625, 0.71875, 0.0323486328125, 0.0009908676147460938, 0.036651611328125, 0.1514892578125, 0.058013916015625, 0.0003902912139892578, 0.023345947265625, 0.0021533966064453125, 1.201171875, 0.0009112358093261719, 0.01467132568359375, 0.0706787109375, 2.9325485229492188e-05, 0.003787994384765625, 0.07391357421875, 0.3271484375, 0.039215087890625, 0.6591796875, 0.017303466796875, 0.406005859375, 0.00982666015625, 0.0009331703186035156, 0.00035691261291503906, 0.01319122314453125, 0.019378662109375, 0.0753173828125, 2.086162567138672e-05, 0.0458984375, 0.00933837890625, 0.3671875, 2.5510787963867188e-05, 1.7958984375, 0.0026836395263671875, 0.0726318359375, 0.262939453125, 0.10418701171875, 0.469482421875, 0.005123138427734375, 0.0151824951171875, 0.01416778564453125, 0.154052734375, 0.004604339599609375, 0.03228759765625, 0.158935546875, 1.3701171875, 0.002635955810546875, 0.01438140869140625, 0.09796142578125, 0.0178375244140625, 0.08740234375, 0.1783447265625, 0.057098388671875, 0.09832763671875, 0.056732177734375, 0.147216796875, 0.036285400390625, 0.0223236083984375, 0.2000732421875, 0.331787109375, 0.0733642578125, 0.3173828125, 0.052276611328125, 0.2252197265625, 0.352294921875, 0.056549072265625, 0.1529541015625, 0.054534912109375, 0.0109710693359375, 0.164794921875, 0.055694580078125, 0.028961181640625, 0.043487548828125, 0.019683837890625, 0.060638427734375, 0.322509765625, 0.003025054931640625, 0.1497802734375, 0.0243682861328125, 0.38623046875, 0.0149688720703125, 0.01009368896484375, 0.0031490325927734375, 0.1385498046875, 0.0233154296875, 0.0889892578125, 0.08758544921875, 0.1519775390625, 0.00197601318359375, 0.01308441162109375, 0.09014892578125, 2.59765625, 0.038238525390625, 0.410400390625, 0.1968994140625, 0.06201171875, 0.0090789794921875, 0.1524658203125, 0.004055023193359375, 0.69873046875, 0.133544921875, 0.06640625, 0.423583984375, 0.033935546875, 0.053558349609375, 0.001323699951171875, 0.0035762786865234375, 2.1328125, 1.2451171875, 0.398193359375, 0.2125244140625, 3.6640625, 0.15380859375, 1.4111328125, 4.76171875, 0.050628662109375, 0.0010805130004882812, 0.0022258758544921875, 0.333740234375, 0.004215240478515625, 0.06060791015625, 0.0015354156494140625, 0.0010166168212890625, 0.07818603515625, 0.0001666545867919922, 0.01129913330078125, 0.060882568359375, 0.0008654594421386719, 0.06903076171875, 4.2319297790527344e-05, 0.0008797645568847656, 0.024627685546875, 0.0762939453125, 0.0004820823669433594, 0.0251312255859375, 0.027557373046875, 0.01178741455078125, 0.03009033203125, 0.0003540515899658203, 0.0080718994140625, 0.0022220611572265625, 0.0001583099365234375, 0.003292083740234375, 8.0078125, 9.28640365600586e-05, 0.00812530517578125, 0.0027923583984375, 0.0014619827270507812, 0.00966644287109375]",-1.5902369656830468
80,1,test,0.6099727634523736,0.11905836325489344,0.22554014264777517,1.2279714843185943,0.23968328392103555,0.4540479187514421,1.8403812724668285,0.2065717796171047,0.3716005431131677,3.704978087992431,0.4158616089660132,0.7480905670567717,0.8157245130395171,0.2280831917114663,0.3539504123951555,1.7173147642937203,0.48017514044519216,0.7451587629371695,2.260813067668383,0.46107466709034783,0.6739262816380998,4.759606458249228,0.9706835096638899,1.4187921718696836,0.5970803989614532,0.12720025111346717,0.22041598334629925,1.1862524482677879,0.25271573068900766,0.43791254969463433,1.8168066988305422,0.21700425686931912,0.35939155729700656,3.609549732775912,0.4311342851708324,0.7140229615172315,0.17085427135678388,0.0008542713567838423,0.0008542713567838423,0.14572864321608037,-0.004271356783919655,-0.004271356783919655,0.10050251256281406,-0.004497487437185921,0.0005025125628140836,0.15081967213114755,0.010066807974028036,0.021048679764735345,0.09868421052631582,0.1758793969849246,0.005453331822017349,0.032306775949866195,0.12121212121212122,0.1505016722408027,0.01193739845115327,0.02814349648996839,0.09731543624161076,13.0,-1.0,0.0,18.0,0.0,1.0,22.0,-1.0,0.0,0.0014047202752655542,0.0004343138705908899,0.00010792404801088951,-0.25323529920509813,-0.2451891888299671,-0.2450065068186853,"[9.5546875, 4.35546875, 2.82421875, 0.286376953125, 2.88671875, 2.86328125, 0.434814453125, 0.295654296875, 6.55859375, 2.146484375, 0.65771484375, 0.24169921875, 4.79296875, 6.73828125, 0.344482421875, 2.0546875, 0.59619140625, 0.0889892578125, 1.1337890625, 0.51708984375, 4.7109375, 0.50537109375, 0.09320068359375, 0.035186767578125, 0.70947265625, 0.01690673828125, 0.044921875, 3.232421875, 0.0321044921875, 0.036407470703125, 0.1329345703125, 2.96484375, 0.146728515625, 0.72607421875, 0.0031986236572265625, 2.87890625, 0.52294921875, 1.0078125, 12.7890625, 5.48046875, 1.8935546875, 2.419921875, 4.75, 3.8984375, 0.444580078125, 0.6552734375, 6.453125, 0.039642333984375, 0.01308441162109375, 0.0217132568359375, 1.189453125, 0.00328826904296875, 0.0246429443359375, 2.927734375, 0.01412200927734375, 0.0268096923828125, 0.2587890625, 1.0302734375, 0.1556396484375, 0.00299072265625, 4.017353057861328e-05, 0.0003495216369628906, 0.00848388671875, 0.0003936290740966797, 0.00140380859375, 0.0035114288330078125, 0.0653076171875, 0.0225677490234375, 0.011505126953125, 0.0280914306640625, 0.1278076171875, 0.16748046875, 3.576171875, 0.031768798828125, 0.1500244140625, 0.003643035888671875, 0.2000732421875, 0.00725555419921875, 0.01503753662109375, 0.0019969940185546875, 0.0237579345703125, 0.004241943359375, 0.005130767822265625, 0.00391387939453125, 9.775161743164062e-05, 0.0047454833984375, 0.0025310516357421875, 0.0013742446899414062, 0.025787353515625, 0.0193023681640625, 11.0703125, 0.1341552734375, 0.0003647804260253906, 0.0004119873046875, 6.449222564697266e-05, 0.0006766319274902344, 0.00738525390625, 0.0017900466918945312, 0.0008745193481445312, 0.0006403923034667969, 0.0004925727844238281, 0.0019588470458984375, 0.0794677734375, 0.1307373046875, 3.38671875, 0.0037403106689453125, 0.00016689300537109375, 0.00010573863983154297, 0.0172882080078125, 0.0321044921875, 9.679794311523438e-05, 0.001308441162109375, 5.9485435485839844e-05, 0.000911712646484375, 0.0072479248046875, 0.0002856254577636719, 0.0004076957702636719, 0.0001958608627319336, 0.00481414794921875, 0.000820159912109375, 0.0041351318359375, 0.00479888916015625, 0.0005483627319335938, 0.007110595703125, 0.149169921875, 0.0016756057739257812, -0.0, 0.0010833740234375, 7.07421875, 3.635883331298828e-05, 0.00774383544921875, 4.601478576660156e-05, 0.1346435546875, 0.0005407333374023438, 0.0014400482177734375, 0.0005941390991210938, 0.0003108978271484375, 0.040740966796875, 3.4809112548828125e-05, 0.0009794235229492188, 0.003337860107421875, 0.0006527900695800781, 0.0008730888366699219, 0.00980377197265625, 0.022552490234375, 0.011871337890625, 3.060546875, 0.00039577484130859375, 1.5497207641601562e-06, 1.8477439880371094e-05, 0.007076263427734375, 0.0004239082336425781, 0.0010633468627929688, 3.0994415283203125e-06, 0.002437591552734375, 0.01061248779296875, 1.0132789611816406e-05, 0.020965576171875, 0.004840850830078125, 0.0028438568115234375, 0.007564544677734375, 2.849609375, 0.0007834434509277344, 0.0002161264419555664, 0.0004684925079345703, 0.323486328125, 0.017608642578125, 0.053314208984375, 5.08203125, 0.0010538101196289062, 0.008758544921875, 0.00945281982421875, 0.02508544921875, 0.00876617431640625, 0.00027561187744140625, 0.0107879638671875, 0.03094482421875, 0.0162506103515625, 0.0003693103790283203, 0.0019407272338867188, 0.015045166015625, 0.016326904296875, 0.282958984375, 0.0134429931640625, 5.3828125, 0.0035800933837890625, 0.0213623046875, 0.0078887939453125, 0.161376953125, 0.033416748046875, 0.02398681640625, 0.000888824462890625, 0.0004525184631347656, 0.0015687942504882812, 0.1400146484375, 0.0694580078125, 0.033660888671875, 0.5205078125, 2.46484375, 0.003421783447265625, 0.0095062255859375, 0.0013589859008789062, 0.005611419677734375, 0.0009303092956542969, 0.0017004013061523438, 3.017578125, 0.001842498779296875, 0.01503753662109375, 0.031524658203125, 0.52880859375, 0.027923583984375, 0.000179290771484375, 0.0007557868957519531, 0.006076812744140625, -0.0, 3.0279159545898438e-05, 0.055419921875, 0.0001405477523803711, 6.92605972290039e-05, 0.0018663406372070312, 0.0005908012390136719, 0.0006432533264160156, 0.027679443359375, 0.0060882568359375, 0.03033447265625, 1.1826171875, 0.002655029296875, 0.0011930465698242188, 2.288818359375e-05, 0.0036411285400390625, 0.0506591796875, 0.0005726814270019531, 0.002925872802734375, 9.119510650634766e-05, 4.7087669372558594e-05, 0.0007691383361816406, 0.0172271728515625, 1.1086463928222656e-05, 0.004322052001953125, 0.69091796875, 0.00046133995056152344, 4.140625, 3.445148468017578e-05, 0.0014104843139648438, 6.628036499023438e-05, 0.0015249252319335938, 0.0003368854522705078, 0.018310546875, 7.152557373046875e-07, 0.00014793872833251953, 0.04559326171875, 0.00420379638671875, 0.1292724609375, 7.82012939453125e-05, 2.7418136596679688e-06, 2.7298927307128906e-05, 0.0071258544921875, 0.334228515625, 0.0007848739624023438, 2.4318695068359375e-05, 0.0234375, 0.170166015625, 1.4951171875, 0.0051727294921875, 0.007572174072265625, 0.002197265625, 0.03521728515625, 8.463859558105469e-06, 0.0037021636962890625, 0.00016808509826660156, 2.5272369384765625e-05, 0.0005254745483398438, 0.0001417398452758789, 0.0003800392150878906, 0.0005888938903808594, 0.00020062923431396484, 0.000522613525390625, 0.0006566047668457031, 0.0005550384521484375, 0.00232696533203125, 5.49609375, 0.002979278564453125, 0.0003304481506347656, 9.775161743164062e-06, 0.01242828369140625, 0.0006074905395507812, 9.655952453613281e-06, 0.0003693103790283203, 0.0004093647003173828, 0.00028514862060546875, 0.0005464553833007812, 0.0017538070678710938, 0.000499725341796875, 0.020355224609375, 0.00839996337890625, 0.008819580078125, 0.0006127357482910156, 0.0004203319549560547, 0.083251953125, 0.0005083084106445312, 8.90625, 0.02166748046875, 0.002452850341796875, 0.0094451904296875, 0.0003294944763183594]",-1.7715396400357855
34,1,test,0.6438396624273451,0.2359950944752544,0.35475013481331275,1.1463486672486876,0.42018638772423333,0.631628288813947,1.9037767235072718,0.40020328399949245,0.5685654620511247,3.3896512394153864,0.7125570666332428,1.0123238714568807,0.38449412075119405,-0.012805098916717494,0.05364214259835248,0.6516849504257527,-0.021703557485961866,0.09091888575991947,1.4688710620677767,-0.01892998072090779,0.07671735417507475,2.4896119696064014,-0.032084713086284466,0.13002941385605915,0.6606043355981099,0.2575383005952317,0.3801362316390579,1.1761979633820006,0.4585438034988272,0.6768279246256397,1.935961951669739,0.4395562481137729,0.6122126320432122,3.446956645655877,0.7826245393245226,1.0900371253452317,0.10552763819095479,0.0005276381909548045,0.0005276381909548045,0.06030150753768848,-0.00969849246231147,-0.0046984924623114654,0.04020100502512558,-0.00479899497487446,-0.00479899497487446,0.17182130584192434,0.041684319540554515,0.052094966047169455,0.16896551724137931,0.16080402010050254,0.02830402010050259,0.054314835408322826,0.101010101010101,0.16838487972508587,0.048521866026455696,0.04865853993033098,0.15172413793103445,12.0,3.0,3.0,15.0,6.0,6.0,19.0,10.0,10.0,-0.0011677497802691818,0.00019780478554904583,-0.00015380264395929447,-0.17881895189412056,-0.1946280345035878,-0.19249792092701812,"[7.31640625, 0.83447265625, 5.53515625, 3.025390625, 0.1915283203125, 0.33203125, 0.004520416259765625, 2.51953125, 3.384765625, 6.55859375, 3.740234375, 0.40087890625, 0.406982421875, 1.5986328125, 0.1363525390625, 0.77734375, 0.0487060546875, 0.74853515625, 0.03729248046875, 1.0078125, 0.1507568359375, 0.0010509490966796875, 0.00035071372985839844, 0.007503509521484375, 0.023101806640625, 0.0007786750793457031, 0.0011606216430664062, 0.0009331703186035156, 0.01126861572265625, 0.01264190673828125, 0.003833770751953125, 0.03411865234375, 0.33203125, 0.326904296875, 0.00704193115234375, 0.05535888671875, 0.0017576217651367188, 0.0010805130004882812, 0.00087738037109375, 0.0192413330078125, 6.00390625, 6.198883056640625e-06, 1.4375, 0.0504150390625, 0.0035533905029296875, 0.0219879150390625, 4.7087669372558594e-05, 0.31982421875, 0.00043654441833496094, 0.0853271484375, 0.693359375, 2.134765625, 0.57763671875, 0.1536865234375, 0.1531982421875, 0.03564453125, 2.20703125, 1.21875, 0.005329132080078125, 0.0278778076171875, 0.0909423828125, 0.00438690185546875, 0.00019919872283935547, 0.0053558349609375, 0.0005888938903808594, 0.018829345703125, 0.003734588623046875, 0.291259765625, 0.0316162109375, 0.012786865234375, 0.0253448486328125, 0.0206756591796875, 0.066650390625, 0.0028705596923828125, 0.0089111328125, 0.002643585205078125, 1.3173828125, 0.00296783447265625, 0.00795745849609375, 2.872943878173828e-05, 0.025909423828125, 0.0164947509765625, 0.11865234375, 0.0018472671508789062, 0.0184173583984375, 0.0248565673828125, 0.0064544677734375, -0.0, 0.0009450912475585938, 0.001194000244140625, 0.0058441162109375, 0.0167083740234375, 0.01129150390625, 0.0660400390625, 0.2122802734375, 0.0297088623046875, 0.07049560546875, 0.0003745555877685547, 4.8515625, 0.03826904296875, 0.00762939453125, 0.0042572021484375, 0.004848480224609375, 0.92919921875, 1.0703125, 0.00089263916015625, 0.00386810302734375, 0.0033969879150390625, 5.8531761169433594e-05, 0.040924072265625, 0.2130126953125, 0.0182952880859375, 0.050140380859375, 0.004146575927734375, 0.09185791015625, 0.00484466552734375, 0.0091705322265625, 0.00449371337890625, 0.36669921875, 0.7080078125, 2.21484375, 0.7705078125, 0.048492431640625, 0.1202392578125, 0.00010538101196289062, 0.055389404296875, 0.0060882568359375, 0.002574920654296875, 0.0009427070617675781, 0.0005307197570800781, 0.03863525390625, 0.02154541015625, 0.322265625, 1.31640625, 0.223388671875, 0.00595855712890625, 0.000812530517578125, 0.00287628173828125, 0.0260772705078125, 0.00014162063598632812, 0.00302886962890625, 0.001567840576171875, 0.0111846923828125, 0.08001708984375, 0.1513671875, 0.07275390625, 0.0278167724609375, 0.007320404052734375, 0.05987548828125, 0.31396484375, 2.4453125, 0.0010099411010742188, 0.0643310546875, 0.447998046875, 0.11602783203125, 0.52197265625, 2.7418136596679688e-06, 0.01534271240234375, 0.71875, 0.0014600753784179688, 0.1722412109375, 0.0018215179443359375, 0.134521484375, 0.00821685791015625, 0.0086669921875, 0.05426025390625, 0.00107574462890625, 0.0014133453369140625, 0.004741668701171875, 2.288818359375e-05, 0.004604339599609375, 0.0034885406494140625, 0.1463623046875, 0.0022945404052734375, 0.0001418590545654297, 0.0005087852478027344, 0.1380615234375, 7.426738739013672e-05, 0.052886962890625, 0.00893402099609375, 0.0001665353775024414, 0.0006656646728515625, 0.002658843994140625, 0.005237579345703125, 0.0006055831909179688, 0.00017023086547851562, 2.2649765014648438e-05, 2.7418136596679688e-06, 0.04974365234375, 0.186279296875, 0.701171875, 0.0013074874877929688, 7.033348083496094e-06, 0.0002586841583251953, 0.0277099609375, 0.44775390625, 0.010711669921875, 0.01531219482421875, 0.0018339157104492188, 4.76837158203125e-07, 0.0009469985961914062, 0.0731201171875, 1.5595703125, 6.651878356933594e-05, 0.130615234375, 0.002216339111328125, 0.00043463706970214844, 0.0032062530517578125, 0.00025391578674316406, 0.0005249977111816406, 0.05877685546875, 0.04901123046875, 0.00021779537200927734, 0.00014126300811767578, 4.1365623474121094e-05, 0.00017070770263671875, 0.00102996826171875, 0.0002455711364746094, 0.0009717941284179688, 2.1338462829589844e-05, 5.364418029785156e-06, 0.0035037994384765625, 0.0004086494445800781, 0.00025343894958496094, 0.00016999244689941406, 0.0179290771484375, 0.00010216236114501953, 0.002635955810546875, 8.344650268554688e-06, 0.0097503662109375, 0.002819061279296875, 0.01461029052734375, 0.0006060600280761719, 0.00269317626953125, 0.0008840560913085938, 5.841255187988281e-06, 0.0027751922607421875, 0.00254058837890625, 0.0003998279571533203, 0.0015268325805664062, 0.0003216266632080078, 0.000965118408203125, 0.0031909942626953125, 0.0059661865234375, 0.0021762847900390625, 0.0005965232849121094, 0.0228729248046875, 0.00010216236114501953, 0.0020236968994140625, 0.38671875, 1.8798828125, 0.0770263671875, 0.06927490234375, 4.875659942626953e-05, 0.0054779052734375, 0.0009503364562988281, 0.000518798828125, 0.05291748046875, 0.2154541015625, 0.0013742446899414062, 0.0002620220184326172, 0.106689453125, 0.127685546875, 0.346435546875, 3.083984375, 0.05535888671875, 0.82666015625, 4.98046875, 5.95703125, 0.5693359375, 3.884765625, 4.015625, 0.48388671875, 13.765625, 1.4150390625, 0.55078125, 8.5625, 1.6748046875, 0.8955078125, 10.1640625, 0.66943359375, 8.1171875, 0.37890625, 6.5234375, 8.0625, 2.689453125, 10.1484375, 5.8203125, 0.036865234375, 0.09466552734375, 0.5458984375]",-2.3815168687158432
77,1,test,2.1755553349602423,0.9788248234719275,1.1691043778595969,7.706628220452385,3.467362510264964,4.141403643604335,8.80707464084715,5.497795076284042,6.07120061066396,31.19794237181448,19.475240185480757,21.50645640048759,2.866724608531549,1.3667900281397394,1.8360557508329016,6.825534782217974,3.254261971761284,4.371561311506909,17.57934456432465,13.097948674739607,14.776404588480617,41.85558229601107,31.18559208271335,35.18191568685861,2.3887689328911312,1.0602024923343296,1.485796669083947,7.3879451532715406,3.2789767804154524,4.595247430156537,10.90006696605647,7.12444004559968,8.43314239032013,33.71154731770042,22.034350656493856,26.081883681402463,0.5879396984924623,0.0029396984924623393,0.0029396984924623393,0.4723618090452262,-0.0026381909547738003,-0.007638190954773805,0.371859296482412,-0.003140703517587995,-0.013140703517588004,0.3477218225419664,0.10939846924855323,0.1336455762076555,0.2860576923076923,0.38190954773869346,0.0987015276885681,0.17155896343151478,0.35858585858585856,0.34448160535117056,0.09573369216252281,0.1464838300452751,0.2986577181208053,21.0,0.0,0.0,30.0,2.0,2.0,41.0,4.0,1.0,0.0002702789611035764,0.001093338867155121,8.944509087560226e-05,-0.052981946025599136,-0.05924615810241285,-0.06062550945353529,"[5.05859375, 2.666015625, 6.96484375, 0.466552734375, 13.7578125, 1.2158203125, 5.13671875, 0.1903076171875, 0.009307861328125, 0.011474609375, 0.1343994140625, 0.354736328125, 3.1015625, 0.64111328125, 3.404296875, 1.3017578125, 0.0193939208984375, 10.1171875, 2.775390625, 10.421875, 6.921875, 4.21484375, 8.0, 2.798828125, 3.4453125, 0.50439453125, 2.83984375, 3.892578125, 2.3828125, 2.74609375, 0.423828125, 3.912109375, 0.08026123046875, 8.7109375, 0.85546875, 8.359375, 3.0390625, 7.0, 2.419921875, 2.458984375, 4.08203125, 1.9658203125, 0.04107666015625, 4.6015625, 3.88671875, 0.1397705078125, 1.669921875, 0.1466064453125, 0.417236328125, 0.0071563720703125, 1.044921875, 6.58984375, 0.98193359375, 2.0703125, 0.07611083984375, 0.0012865066528320312, 5.41796875, 2.701171875, 3.091796875, 2.3203125, 1.2529296875, 0.022552490234375, 0.87744140625, 0.07098388671875, 0.01373291015625, 0.014007568359375, 0.050567626953125, 0.1622314453125, 0.0014505386352539062, 0.1744384765625, 0.01265716552734375, 13.1484375, 2.48828125, 0.07275390625, 0.01093292236328125, 8.1328125, 5.02734375, 1.8837890625, 0.071533203125, 7.91796875, 0.9423828125, 0.0099945068359375, 0.5126953125, 8.4609375, 3.201171875, 1.4990234375, 0.2110595703125, 7.89453125, 1.708984375, 0.17724609375, 0.004119873046875, 0.2861328125, 2.583984375, 3.615234375, 3.404296875, 2.283203125, 1.0068359375, 0.88818359375, 4.23046875, 8.7421875, 1.095703125, 6.23046875, 6.13671875, 7.03125, 1.4794921875, 4.13671875, 1.9375, 9.7421875, 4.3046875, 11.1015625, 5.921875, 7.56640625, 0.8037109375, 7.90234375, 0.72216796875, 1.8779296875, 0.046783447265625, 0.481201171875, 0.2393798828125, 10.1328125, 1.7744140625, 3.412109375, 0.1329345703125, 7.265625, 12.359375, 1.244140625, 0.126220703125, 6.4453125, 5.69140625, 1.8515625, 3.634765625, 0.220947265625, 2.31640625, 4.34765625, 0.92822265625, 0.421875, 1.927734375, 0.75732421875, 2.64453125, 0.0181121826171875, 0.09625244140625, 0.1029052734375, 0.9326171875, 0.313720703125, 3.833984375, 4.05078125, 7.76171875, 4.421875, 9.7578125, 3.029296875, 6.74609375, 1.166015625, 7.92578125, 6.02734375, 5.58203125, 0.22705078125, 0.071044921875, 4.0859375, 0.183349609375, 0.051177978515625, 0.1495361328125, 7.5546875, 3.3046875, 0.08740234375, 5.42578125, 0.9990234375, 0.607421875, 0.2763671875, 5.6796875, 6.12890625, 3.662109375, 2.169921875, 6.66796875, 0.0657958984375, 0.467041015625, 0.04052734375, 3.6015625, 2.119140625, 4.234375, 0.1717529296875, 0.712890625, 0.03790283203125, 0.0254669189453125, 5.07421875, 0.01120758056640625, 0.06640625, 0.00406646728515625, 0.0192413330078125, 3.001953125, 0.3193359375, 0.0152130126953125, 2.0546875, 1.1533203125, 0.0572509765625, 0.195556640625, 0.036224365234375, 11.9296875, 0.1624755859375, 1.9052734375, 3.205078125, 0.224609375, 9.09375, 2.619140625, 5.96875, 1.130859375, 0.01331329345703125, 1.927734375, 0.0136566162109375, 0.0364990234375, 0.0139923095703125, 8.7734375, 0.1575927734375, 0.07611083984375, 4.296875, 3.376953125, 0.0305633544921875, 0.05804443359375, 0.0030765533447265625, 6.70703125, 0.2064208984375, 0.41357421875, 0.2266845703125, 1.5595703125, 0.021514892578125, 0.01190185546875, 0.0110321044921875, 3.79296875, 0.042877197265625, 0.7197265625, 0.038543701171875, 0.231689453125, 0.00971221923828125, 0.007007598876953125, 0.004657745361328125, 8.875, 0.85791015625, 0.4365234375, 0.035614013671875, 0.0302276611328125, 0.0237884521484375, 7.3046875, 0.0966796875, 0.24658203125, 0.038238525390625, 0.268310546875, 0.0255126953125, 0.00748443603515625, 0.01136016845703125, 3.5625, 0.11505126953125, 1.40625, 1.2470703125, 0.036712646484375, 0.1025390625, 0.01678466796875, 7.34375, 0.43701171875, 5.4921875, 0.00870513916015625, 0.0694580078125, 0.034423828125, 0.442138671875, 0.51025390625, 1.283203125, 1.03125, 1.318359375, 0.0104827880859375, 6.9921875, 0.5439453125, 0.480224609375, 0.286376953125, 0.003696441650390625, 0.0143280029296875, 0.0083160400390625, 0.0297393798828125, 0.457763671875, 0.28955078125, 2.2265625, 0.406982421875, 2.240234375, 4.015625, 0.31494140625, 0.751953125, 8.765625, 0.671875, 0.2127685546875, 0.297119140625, 0.07073974609375, 0.013519287109375, 2.025390625, 6.60546875, 2.29296875, 5.26953125, 2.845703125, 0.414794921875, 1.09375, 1.9091796875, 2.224609375, 0.1065673828125, 0.46435546875, 0.082275390625, 0.0032215118408203125, 0.0185699462890625, 0.034027099609375, 0.1307373046875, 0.00762939453125, 6.20703125, 0.75439453125, 1.2734375, 0.09954833984375, 9.828125, 0.354248046875, 0.03448486328125, 0.00644683837890625, 5.6328125, 7.87890625, 9.09375, 2.626953125, 6.15625, 0.70166015625, 3.361328125, 0.71044921875, 0.471435546875, 4.8671875, 5.76171875, 3.248046875, 3.326171875, 1.4443359375, 2.033203125, 1.4775390625, 3.48046875, 0.3388671875, 1.8291015625, 8.84375, 0.671875, 6.57421875, 3.111328125, 5.44140625, 2.349609375, 0.5029296875, 4.18359375, 2.154296875, 0.88037109375, 2.474609375, 6.6171875, 3.34765625, 2.2265625, 0.779296875, 4.8515625, 0.97900390625, 0.0030727386474609375, 0.448974609375, 7.01953125, 0.52880859375, 3.70703125, 0.96875, 4.046875, 0.0022640228271484375, 0.0272674560546875, 0.0102081298828125, 0.00687408447265625, 0.0080413818359375, 0.00666046142578125, 0.031829833984375, 0.00044536590576171875, 0.9482421875, 0.00420379638671875, 0.1090087890625, 0.005634307861328125, 2.609375, 0.070556640625, 0.003055572509765625, 0.00167083740234375, 0.259521484375, 1.203125, 1.029296875, 0.01000213623046875, 0.06878662109375, 0.046478271484375, 0.71337890625, 0.0760498046875, 0.128173828125, 1.6337890625, 0.0816650390625, 0.81396484375, 0.428955078125, 0.0016584396362304688, 0.51513671875, 0.1917724609375, 0.10968017578125, 0.0364990234375, 0.238037109375, 0.3603515625, 0.1304931640625, 0.08331298828125, 0.35693359375, 0.032470703125, 0.044891357421875, 0.1065673828125, 0.04632568359375, 0.00919342041015625, 0.0108642578125, 0.0218658447265625, 0.06072998046875, 0.2266845703125, 0.662109375, 0.096923828125, 2.212890625, 0.0270538330078125, 0.0001766681671142578, 0.01525115966796875, 0.064208984375, 0.1419677734375, 11.140625, 1.6328125, 0.09967041015625, 0.053619384765625]",-0.9517434969794549
192,1,test,1.264274589790195,0.4781572448408914,0.6724943227236114,2.418612258729069,0.914735598826053,1.2865108782538655,3.5405234724616297,1.34566548783061,1.733320615466059,6.773175338622249,2.5743165854150805,3.315917699152461,1.06643225859158,0.3582384291077255,0.535599972718498,1.8874907231709381,0.634050317004824,0.9479645534840673,2.9049967123776446,0.8746758730729414,1.2046498178110148,5.141587101553354,1.5480988903945865,2.132123571346929,1.153555387238595,0.444517276909959,0.621655183175205,2.2042459628762963,0.8493960705285839,1.187876146194659,3.1694414931436974,1.1374057690252743,1.46727779727361,6.056257630210887,2.1733868197935178,2.803715536191611,0.25125628140703515,-0.003743718592964851,-0.003743718592964851,0.19095477386934678,0.0009547738693468366,-0.004045226130653168,0.16582914572864327,0.010829145728643241,-0.004170854271356772,0.23778501628664495,0.05241916262810831,0.06443723730506312,0.1633986928104575,0.24120603015075381,0.04822357401040289,0.05923608023422622,0.10606060606060608,0.23745819397993306,0.047140998654390476,0.07505552434700757,0.1476510067114094,17.0,8.0,8.0,24.0,11.0,11.0,28.0,12.0,12.0,0.000900072232773944,0.0005841117537337412,-0.0004129512786617757,-0.1453919917225721,-0.14059174160108823,-0.13261415232333507,"[6.3671875, 4.171875, 4.55078125, 4.53515625, 4.69921875, 7.6484375, 8.640625, 5.95703125, 5.4765625, 4.5, 3.6171875, 1.6982421875, 5.265625, 1.41015625, 2.9609375, 4.44921875, 7.83984375, 2.771484375, 0.74951171875, 4.515625, 6.11328125, 0.1390380859375, 2.150390625, 0.408447265625, 0.56396484375, 1.2119140625, 0.3291015625, 1.2421875, 0.2015380859375, 4.44921875, 3.296875, 0.5126953125, 1.4951171875, 3.896484375, 1.0654296875, 2.728515625, 1.4013671875, 5.03515625, 9.1484375, 7.234375, 1.638671875, 0.301025390625, 2.94921875, 4.078125, 0.0039825439453125, 0.8505859375, 0.716796875, 0.05889892578125, 1.11328125, 0.03424072265625, 6.49609375, 5.1015625, 0.6123046875, 3.6171875, 0.990234375, 0.0020008087158203125, 0.54931640625, 0.00507354736328125, 1.5458984375, 0.042449951171875, 1.24609375, 0.599609375, 0.54296875, 2.794921875, 0.17138671875, 1.1455078125, 0.84423828125, 4.29296875, 0.053802490234375, 0.27001953125, 0.344482421875, 0.139892578125, 0.54443359375, 0.162109375, 3.263671875, 2.216796875, 0.2939453125, 0.1993408203125, 0.10101318359375, 0.02838134765625, 0.002285003662109375, 0.0089263916015625, 0.0027751922607421875, 0.003482818603515625, 0.0172882080078125, 0.00855255126953125, 0.0001647472381591797, 2.30078125, 1.357421875, 0.73779296875, 0.0003654956817626953, 0.0740966796875, 0.00278472900390625, 0.0015020370483398438, 0.01435089111328125, 0.00890350341796875, 0.00647735595703125, 0.358642578125, 0.00812530517578125, 0.00411224365234375, 0.02386474609375, 0.2376708984375, 0.3251953125, 0.325927734375, 0.045440673828125, 8.988380432128906e-05, 0.019378662109375, 0.0021953582763671875, 0.0009665489196777344, 0.0007109642028808594, 0.0233917236328125, 0.0191497802734375, 0.00079345703125, 0.1273193359375, 0.050262451171875, 0.044647216796875, 0.0013895034790039062, 0.005619049072265625, 0.06793212890625, 0.016326904296875, 0.31640625, 0.0423583984375, 0.0003762245178222656, 0.0222015380859375, 0.0083770751953125, 0.0021800994873046875, 0.0003674030303955078, 0.0004298686981201172, 0.0013761520385742188, 0.0006918907165527344, 0.0035305023193359375, 0.011260986328125, 0.033111572265625, 0.1334228515625, 0.173095703125, 0.0274200439453125, 0.91357421875, 0.306640625, 0.004909515380859375, 0.0009469985961914062, 0.0016317367553710938, 0.004909515380859375, 0.000362396240234375, 0.0007066726684570312, 7.450580596923828e-05, 0.03955078125, 0.002227783203125, 0.0031185150146484375, 0.00116729736328125, 2.14453125, 0.17724609375, 4.374980926513672e-05, 0.064453125, 0.0128326416015625, 0.00266265869140625, 0.0017185211181640625, 0.006160736083984375, 0.00038504600524902344, 0.0005879402160644531, 0.0009484291076660156, 0.0003457069396972656, 0.0017595291137695312, 1.3486328125, 0.1885986328125, 0.0021953582763671875, 0.013763427734375, 0.00019598007202148438, 0.0007762908935546875, 0.0189971923828125, 1.9073486328125e-06, 2.7179718017578125e-05, 0.0022678375244140625, 0.81201171875, 0.005542755126953125, 0.0038738250732421875, 0.12109375, 0.007781982421875, 0.7353515625, 0.078369140625, 0.0005402565002441406, 0.0038471221923828125, 0.013427734375, 0.006168365478515625, 0.0088958740234375, 0.0177764892578125, 0.041229248046875, 0.0494384765625, 0.023529052734375, 0.0037479400634765625, 0.294677734375, 0.0177459716796875, 0.0032634735107421875, 0.0037078857421875, 0.057891845703125, 0.00152587890625, 0.021240234375, 0.002658843994140625, 0.0023708343505859375, 0.0213623046875, 0.0008668899536132812, 0.0233154296875, 0.4072265625, 0.00016224384307861328, 0.0023899078369140625, 0.0020160675048828125, 0.0032901763916015625, 0.00360107421875, 0.12841796875, 0.3212890625, 0.05810546875, 0.0007729530334472656, 0.0038738250732421875, 0.1448974609375, 0.15673828125, 0.0743408203125, 0.154052734375, 2.15625, 0.0509033203125, 0.00110626220703125, 1.208984375, 0.0038661956787109375, 0.0108489990234375, 0.001499176025390625, 0.22998046875, 0.00066375732421875, 0.1290283203125, 0.0204925537109375, 0.0008344650268554688, 0.0009284019470214844, 0.00019431114196777344, 0.033538818359375, 0.026397705078125, 0.13525390625, 0.267578125, 0.1912841796875, 0.00403594970703125, 0.0010824203491210938, 0.0012989044189453125, 0.70703125, 0.06671142578125, 0.0005345344543457031, 0.919921875, 0.5185546875, 0.057861328125, 1.31640625, 0.2373046875, 0.3330078125, 9.359375, 8.546875, 0.056610107421875, 5.60546875, 2.1484375, 2.99609375, 2.525390625, 0.0452880859375, 0.066162109375, 0.22216796875, 0.0794677734375, 0.00839996337890625, 1.6689300537109375e-06, 0.007686614990234375, 0.4306640625, 1.423828125, 1.4892578125, 0.1392822265625, 3.814453125, 0.191162109375, 0.210693359375, 0.7265625, 0.1573486328125, 0.1912841796875, 0.138671875, 0.0007653236389160156, 0.7998046875, 0.806640625, 0.1263427734375, 0.339111328125, 0.06658935546875, 0.06890869140625, 12.6953125, 0.9365234375, 0.024871826171875, 14.34375, 1.6953125, 12.5234375, 8.8984375, 7.56640625, 3.6484375, 1.474609375, 0.214599609375, 0.05792236328125, 6.65234375, 0.1263427734375, 0.324951171875, 6.7734375, 0.91015625, 0.166259765625, 0.60498046875, 3.294921875, 1.134765625, 3.744140625, 0.64697265625, 3.771484375, 10.8671875, 4.0234375, 13.453125, 5.578125]",-3.1396241261827056
184,1,test,2.374357318878174,1.043660626663141,1.043660626663141,7.523565962228431,3.307021021836218,3.307021021836218,10.744105932679588,6.960427403783349,6.960427403783349,34.04457663005701,22.055330207168925,22.055330207168925,2.6456109387191695,1.1548959937267216,1.609439999346911,5.879135419375932,2.5664355416149367,3.5765333318820245,14.09205183385592,9.65178290135706,11.273647348855299,31.315670741902046,21.448406447460137,25.052549664122886,2.250413982365841,1.0093828956622684,1.4046219729835614,6.49157879528608,2.911681429795005,4.051794152837196,9.49166440480946,6.032486065418997,7.161842079629912,27.3798011677196,17.40140211178557,20.659159845086286,0.5577889447236181,-0.012211055276381999,0.007788944723618019,0.44221105527638194,0.007211055276381884,-0.007788944723618019,0.3316582914572864,-0.023341708542713557,-0.023341708542713557,0.35238095238095235,0.08747381650607455,0.08747381650607455,0.3435114503816794,0.37688442211055273,0.09868893338874818,0.15818659239435906,0.35858585858585856,0.3377926421404682,0.08570583078821448,0.13979486683457276,0.30536912751677847,22.0,0.0,0.0,30.0,0.0,0.0,36.0,-1.0,-2.0,0.0005148328179686252,0.00047652402261891,0.0001726356170898102,-0.023557947955725744,-0.021310962054069904,-0.0247287628868742,"[2.171875, 3.02734375, 2.875, 8.2734375, 5.953125, 6.96875, 4.19140625, 2.3359375, 2.82421875, 0.1494140625, 0.002681732177734375, 0.147705078125, 7.69921875, 6.734375, 1.7978515625, 0.037506103515625, 0.1695556640625, 0.05181884765625, 0.68603515625, 0.74951171875, 0.002391815185546875, 7.33203125, 8.2421875, 5.8125, 0.7587890625, 3.068359375, 0.040313720703125, 3.712890625, 0.0016412734985351562, 2.00390625, 0.039276123046875, 0.0158538818359375, 0.003841400146484375, 2.134765625, 2.1328125, 1.1748046875, 1.296875, 0.041412353515625, 1.3779296875, 8.8046875, 3.732421875, 0.169189453125, 5.7265625, 2.701171875, 1.5703125, 5.7734375, 0.5068359375, 5.77734375, 7.21875, 0.81982421875, 5.1484375, 0.65625, 0.383056640625, 4.2578125, 2.67578125, 4.59375, 2.361328125, 5.80859375, 1.404296875, 0.55712890625, 0.194580078125, 1.5693359375, 1.962890625, 1.55078125, 0.2181396484375, 0.031494140625, 0.1837158203125, 3.044921875, 0.32177734375, 0.149658203125, 2.583984375, 0.06390380859375, 5.578125, 6.203125, 2.6171875, 6.6875, 0.80322265625, 0.96728515625, 2.818359375, 0.347412109375, 0.0200347900390625, 3.0703125, 4.89453125, 6.7890625, 4.02734375, 4.953125, 3.966796875, 0.4638671875, 12.6640625, 1.826171875, 1.65234375, 1.376953125, 1.123046875, 0.70947265625, 0.5966796875, 8.453125, 0.95263671875, 6.19921875, 8.6953125, 4.11328125, 1.328125, 0.117919921875, 6.70703125, 0.560546875, 3.96875, 9.3515625, 0.7880859375, 9.1015625, 0.50244140625, 10.2421875, 0.007232666015625, 3.68359375, 1.791015625, 9.4453125, 0.44091796875, 13.328125, 3.07421875, 5.66796875, 1.2265625, 0.134765625, 0.70556640625, 0.0582275390625, 10.2421875, 4.09765625, 5.51953125, 2.33203125, 2.955078125, 0.45751953125, 0.697265625, 0.001556396484375, 0.469970703125, 0.6435546875, 0.059661865234375, 0.1416015625, 0.11383056640625, 2.11328125, 0.19384765625, 4.56640625, 4.66015625, 0.88623046875, 0.272216796875, 0.4873046875, 0.14794921875, 0.0002989768981933594, 0.108154296875, 2.216796875, 5.83203125, 0.12042236328125, 0.56201171875, 0.258544921875, 0.05316162109375, 0.14453125, 0.107177734375, 5.09765625, 3.970703125, 5.56640625, 2.13671875, 0.0518798828125, 0.72802734375, 0.2117919921875, 0.12164306640625, 0.04974365234375, 5.12890625, 7.45703125, 0.97119140625, 1.5283203125, 0.04010009765625, 0.010711669921875, 3.474609375, 3.951171875, 1.197265625, 3.6015625, 0.00783538818359375, 0.1044921875, 0.449462890625, 0.01029205322265625, 0.462646484375, 4.14453125, 0.0382080078125, 0.19482421875, 2.322265625, 0.2330322265625, 0.0595703125, 0.1484375, 9.703125, 0.0487060546875, 4.6875, 7.4453125, 3.525390625, 7.859375, 1.46484375, 0.5537109375, 0.2685546875, 0.053497314453125, 6.09375, 8.203125, 7.66015625, 0.317626953125, 1.017578125, 6.09765625, 4.70703125, 4.65234375, 0.1728515625, 0.15478515625, 1.7421875, 7.83984375, 5.84375, 0.5224609375, 0.05426025390625, 1.96875, 0.136474609375, 2.662109375, 9.0546875, 3.251953125, 0.130859375, 4.52734375, 1.0625, 4.25, 1.380859375, 0.177490234375, 0.322265625, 3.798828125, 0.144287109375, 6.8125, 2.12109375, 2.056640625, 0.049102783203125, 2.9296875, 0.0042266845703125, 0.0634765625, 0.92919921875, 2.26171875, 0.00772857666015625, 0.2119140625, 1.3134765625, 5.37890625, 0.1873779296875, 2.23046875, 5.33984375, 0.036224365234375, 0.9326171875, 0.277587890625, 0.0029315948486328125, 0.11236572265625, 0.84033203125, 1.0986328125, 2.552734375, 0.09942626953125, 0.91943359375, 7.296875, 0.034454345703125, 0.1898193359375, 0.3017578125, 0.12249755859375, 0.06536865234375, 0.25341796875, 5.2890625, 0.53564453125, 1.3974609375, 4.05078125, 0.053619384765625, 0.05853271484375, 0.034820556640625, 0.8935546875, 2.333984375, 0.06298828125, 0.0775146484375, 3.5, 0.06097412109375, 0.5048828125, 0.190673828125, 0.39013671875, 2.23828125, 1.3359375, 0.269287109375, 0.0283966064453125, 0.425048828125, 0.065185546875, 0.267578125, 0.048187255859375, 0.317626953125, 0.08282470703125, 0.022552490234375, 1.28125, 0.2073974609375, 1.01953125, 0.1495361328125, 0.330322265625, 0.1529541015625, 0.0111846923828125, 6.40625, 0.09832763671875, 0.040435791015625, 0.34814453125, 0.00316619873046875, 0.137939453125, 0.705078125, 0.07537841796875, 0.01294708251953125, 1.8671875, 0.79345703125, 0.043548583984375, 1.7314453125, 0.00652313232421875, 0.0858154296875, 1.3232421875, 0.056549072265625, 0.19677734375, 0.771484375, 0.241943359375, 0.0504150390625, 8.1640625, 2.62890625, 1.8017578125, 6.3046875, 1.2939453125, 4.81640625, 9.6484375, 5.625, 0.287841796875, 0.65283203125, 1.6484375, 10.171875, 0.09271240234375, 11.1875, 3.322265625, 5.18359375, 6.07421875, 8.3515625, 2.541015625, 4.2890625, 2.33203125, 1.478515625, 0.294677734375, 3.51953125, 0.921875, 0.07318115234375, 0.01047515869140625, 3.1015625, 6.69140625, 2.61328125, 2.30078125, 8.421875, 0.09490966796875, 1.4755859375, 0.0308074951171875, 1.7890625, 5.28515625, 3.3515625, 1.8369140625, 6.8984375, 1.1806640625, 0.0955810546875, 0.002277374267578125, 3.2421875, 4.0234375, 5.3515625, 1.76953125, 3.068359375, 3.701171875, 1.40234375, 8.8984375, 2.185546875, 0.058349609375, 7.6484375, 12.125, 1.0693359375, 4.71484375, 1.7802734375, 0.779296875, 0.020904541015625, 0.1495361328125, 7.26171875, 7.078125, 1.873046875, 9.90625, 1.05859375, 3.166015625, 1.986328125, 0.5361328125, 0.1322021484375, 2.861328125, 4.3125, 2.794921875, 2.671875, 0.5185546875, 8.828125, 0.052642822265625, 0.93408203125, 0.2127685546875, 0.72119140625, 0.35791015625, 1.853515625, 4.44921875, 0.20947265625, 2.470703125, 0.19921875, 6.921875, 5.47265625, 1.357421875, 0.12493896484375, 0.04296875, 10.6796875, 2.0390625, 4.875, 3.099609375, 10.125, 0.0214691162109375, 4.11328125, 2.3671875, 1.4765625, 0.1778564453125, 2.13671875, 0.56982421875, 0.779296875, 0.051849365234375, 9.625, 1.23046875, 0.20947265625, 0.142578125, 4.87109375, 2.896484375, 6.74609375, 0.6318359375, 3.931640625, 0.80859375, 4.19921875, 0.80615234375, 8.3125, 0.07611083984375, 0.89453125, 4.515625, 0.0180206298828125, 2.341796875, 2.349609375, 0.03173828125, 8.484375, 0.2393798828125, 0.1961669921875, 2.13671875, 0.049072265625, 0.060760498046875, 2.13671875, 0.162841796875, 0.1337890625, 0.8955078125, 0.13330078125, 0.0167388916015625, 3.298828125, 4.2890625, 0.05865478515625, 0.16748046875, 8.1640625, 1.1748046875, 1.333984375, 0.030242919921875, 2.125, 0.013153076171875, 3.00390625, 2.802734375, 8.1328125, 0.5712890625, 6.0703125, 3.87890625, 0.09149169921875, 2.84765625, 0.002254486083984375, 0.02862548828125, 0.8115234375, 6.51953125, 8.5390625, 0.09503173828125, 0.029022216796875, 0.21337890625, 0.7822265625, 2.80859375, 6.08984375, 3.443359375, 0.66552734375, 0.150390625, 0.004497528076171875, 3.580078125, 1.7294921875, 6.81640625, 3.11328125, 3.224609375, 0.64794921875, 8.3046875, 3.109375, 3.306640625, 0.71044921875, 0.78271484375, 2.791015625, 0.0169830322265625, 5.48828125, 6.2578125, 0.47607421875, 0.27392578125, 0.0015106201171875, 1.611328125, 1.2255859375, 0.455078125, 0.010101318359375, 0.00611114501953125, 0.56884765625, 0.1282958984375, 7.7734375, 1.7724609375, 1.392578125, 6.35546875, 0.337890625, 0.6435546875, 0.00531005859375, 0.0010738372802734375, 0.132080078125, 0.363525390625, 0.0753173828125, 0.057098388671875, 2.611328125, 1.609375, 1.71875, 0.348388671875, 0.77783203125, 5.0703125, 0.009185791015625]",-1.8115867614746093
218,1,test,1.8141285563320046,0.6730930065511029,0.9586298826328857,8.81148155932688,3.2693088889625006,4.656202287074017,6.135726906628045,3.0057189400516373,3.783179665079613,29.802102117907648,14.599206280250812,18.37544408752955,1.9249873251172167,0.6783469924779992,0.9798992618946204,8.74994238689644,3.0833954203545417,4.454087554066456,6.855061778244022,3.3764255357487203,4.282021819441893,31.15937171929101,15.34738879885782,19.463735542917696,1.8056982026321475,0.6739246749518226,0.9533267057113285,8.770534127070432,3.2733484211945676,4.6304439991693105,6.084217982887303,2.983066378851755,3.739016081368128,29.551915916881185,14.489179554422808,18.16093525235948,0.31658291457286436,-0.003417085427135591,-0.008417085427135595,0.27135678391959794,-0.0036432160804020786,0.00635678391959793,0.25125628140703515,0.0012562814070351536,-0.003743718592964851,0.2616033755274262,0.06832606460305646,0.10216281608686673,0.2033898305084746,0.27135678391959794,0.07385678391959793,0.1049674328380672,0.20707070707070707,0.2616033755274262,0.06622522426692201,0.11055442447847519,0.2033898305084746,18.0,2.0,3.0,28.0,9.0,9.0,31.0,7.0,6.0,0.0010682852790078977,0.00033031390089054255,0.00015189401329652474,-0.1606505984820661,-0.16207344231770993,-0.1650855347283029,"[11.3125, 4.84375, 8.9765625, 5.22265625, 7.0625, 3.05078125, 5.109375, 0.4990234375, 0.72802734375, 11.15625, 3.728515625, 9.390625, 6.359375, 5.19140625, 10.15625, 1.4892578125, 0.3447265625, 0.051300048828125, 0.122802734375, 12.71875, 10.21875, 8.3671875, 1.3125, 1.8349609375, 2.1875, 0.442138671875, 0.0036869049072265625, 0.027008056640625, 4.9765625, 8.4921875, 2.375, 0.8271484375, 14.15625, 10.515625, 4.59375, 2.95703125, 0.80615234375, 0.11822509765625, 0.0016641616821289062, 0.0141448974609375, 1.2275390625, 0.6884765625, 0.3876953125, 0.10369873046875, 0.560546875, 2.76171875, 0.2103271484375, 0.001529693603515625, 0.005123138427734375, 1.2333984375, 1.513671875, 0.021514892578125, 0.08428955078125, 5.203125, 7.73828125, 0.060699462890625, 5.3046875, 0.11859130859375, 0.1541748046875, 0.0011968612670898438, 0.0040435791015625, 0.8349609375, 0.1688232421875, 0.1419677734375, 0.0275726318359375, 0.311279296875, 0.103759765625, 0.049652099609375, 0.0009021759033203125, 0.001789093017578125, 0.81787109375, 0.7939453125, 0.0073699951171875, 0.08538818359375, 8.015625, 4.66015625, 0.0163726806640625, 3.396484375, 0.058319091796875, 0.04718017578125, 0.00018465518951416016, 0.00101470947265625, 11.890625, 0.26318359375, 4.71484375, 0.09881591796875, 0.0013055801391601562, 0.004619598388671875, 5.26953125, 0.0173797607421875, 1.0283203125, 0.012359619140625, 0.233642578125, 11.796875, 0.252197265625, 0.0098419189453125, 0.0009465217590332031, 0.00251007080078125, 3.451171875, 0.35107421875, 0.369384765625, 0.00931549072265625, 0.2071533203125, 0.10198974609375, 0.0174713134765625, 0.0004448890686035156, 0.0015001296997070312, 0.34814453125, 0.72119140625, 0.01387786865234375, 0.038299560546875, 4.5234375, 5.05859375, 8.0703125, 0.01085662841796875, 4.265625, 0.041015625, 0.017791748046875, 0.00019669532775878906, 0.00040531158447265625, 0.998046875, 0.037628173828125, 0.03302001953125, 0.003429412841796875, 0.075927734375, 0.166259765625, 0.0286407470703125, 0.0003147125244140625, 0.0005207061767578125, 0.201171875, 0.33984375, 0.0090179443359375, 0.06304931640625, 4.765625, 7.27734375, 6.25390625, 0.0975341796875, 8.3046875, 0.033477783203125, 0.0001671314239501953, 0.0008959770202636719, 1.5615234375, 0.036224365234375, 0.03594970703125, 0.0048370361328125, 0.0643310546875, 0.1627197265625, 0.01099395751953125, 0.0002830028533935547, 0.0007863044738769531, 0.1806640625, 0.3251953125, 0.020904541015625, 0.046539306640625, 5.6953125, 4.1328125, 6.234375, 0.017333984375, 7.05078125, 0.053558349609375, 0.00013446807861328125, 0.001007080078125, 9.4375, 0.2587890625, 0.055908203125, 0.025390625, 0.000759124755859375, 0.0015001296997070312, 1.734375, 0.01351165771484375, 0.042205810546875, 0.01186370849609375, 0.04302978515625, 9.3046875, 2.650390625, 0.06463623046875, 0.00815582275390625, 0.00011706352233886719, 0.00037980079650878906, 0.1695556640625, 0.04364013671875, 0.040283203125, 0.004123687744140625, 0.052825927734375, 0.0694580078125, 0.0157318115234375, 0.00013959407806396484, 0.0004820823669433594, 0.0933837890625, 0.325927734375, 0.019805908203125, 0.0079193115234375, 6.4296875, 9.015625, 0.08697509765625, 3.755859375, 0.0966796875, 0.01105499267578125, 3.8623809814453125e-05, 0.00034928321838378906, 0.982421875, 0.028106689453125, 0.01061248779296875, 0.0014657974243164062, 0.02099609375, 0.10662841796875, 0.01715087890625, 0.0001316070556640625, 0.000518798828125, 0.15625, 0.1337890625, 0.0078887939453125, 0.01715087890625, 6.48828125, 9.796875, 0.0294189453125, 4.39453125, 0.040435791015625, 0.00013339519500732422, 0.0003905296325683594, 1.8916015625, 0.0330810546875, 0.0294342041015625, 0.0018186569213867188, 0.0183258056640625, 0.0298614501953125, 0.01568603515625, 0.0001327991485595703, 0.0009140968322753906, 0.163330078125, 0.1334228515625, 0.00811004638671875, 0.0166778564453125, 7.1171875, 2.69921875, 5.36328125, 0.090576171875]",-0.42940410129128637
112,1,test,0.5596518106147891,0.18914531257203582,0.26059610622482354,1.5443023646287788,0.5219272910822341,0.7190885036429341,1.750063040824334,0.3015949656797876,0.4014782973532478,4.829121323176921,0.8322206947705415,1.107838609989789,0.6038932974015049,0.19046242588018375,0.29482000186396706,1.078380888216973,0.3401114747860424,0.5264642890427984,1.8292266783443938,0.317230316568879,0.46706447108861626,3.2664762113292745,0.5664827081587127,0.834043698372529,0.6223052787940239,0.18534052512087162,0.2923579031792933,1.414330179077327,0.4212284661837993,0.6644497799529394,1.863218332498863,0.31521681777142696,0.47232340095178404,4.234587119315598,0.7164018585714249,1.0734622748904186,0.12562814070351758,-0.009371859296482432,-0.014371859296482437,0.10050251256281406,-0.004497487437185921,-0.004497487437185921,0.08040201005025127,-0.004597989949748693,-0.009597989949748698,0.18579234972677594,0.043909675784074675,0.03916478374437127,0.1753424657534246,0.17085427135678388,0.027997128499640977,0.04564559022155845,0.1717171717171717,0.19732441471571904,0.05208234459885763,0.0638427684420817,0.1912751677852349,13.0,1.0,0.0,16.0,0.0,1.0,19.0,1.0,1.0,-0.0006759847488373757,0.00015056473067840632,-0.00021420097437977882,-0.09491726594722083,-0.11721495538035986,-0.10807262127593376,"[2.61328125, 1.55859375, 5.8515625, 0.86865234375, 1.5859375, 1.365234375, 2.833984375, 4.46875, 0.083251953125, 0.017974853515625, 0.10687255859375, 0.018218994140625, 0.07965087890625, 0.0009579658508300781, 0.2174072265625, 0.0013742446899414062, 0.01172637939453125, 0.1451416015625, 0.0006461143493652344, 0.0009136199951171875, 0.0009503364562988281, 0.0009646415710449219, 9.5367431640625e-07, 3.647804260253906e-05, 0.0196380615234375, 0.007701873779296875, 0.0016193389892578125, 2.6106834411621094e-05, 0.0219879150390625, 0.7001953125, 0.002689361572265625, 0.0183563232421875, 0.12890625, 2.6226043701171875e-06, 0.0005536079406738281, 0.0006680488586425781, 0.00010144710540771484, 2.9802322387695312e-05, 0.0019130706787109375, 0.0001798868179321289, 4.5299530029296875e-05, 0.002864837646484375, 0.0115509033203125, 1.6689300537109375e-06, 0.0053253173828125, 0.00029921531677246094, 0.0027179718017578125, 0.0193328857421875, 0.00778961181640625, 0.050140380859375, 0.6982421875, 2.6702880859375e-05, 0.0096588134765625, 5.137920379638672e-05, 0.0007925033569335938, 0.180908203125, 0.0009655952453613281, 0.140869140625, 0.0002715587615966797, 0.0635986328125, 7.927417755126953e-05, 0.0025730133056640625, 0.0001348257064819336, 6.103515625e-05, 2.0742416381835938e-05, 1.9669532775878906e-05, 4.7087669372558594e-05, 0.0003292560577392578, 0.000476837158203125, 0.0011644363403320312, 5.4001808166503906e-05, 0.00012409687042236328, 2.9802322387695312e-06, 0.001712799072265625, 0.00536346435546875, 0.0190887451171875, 0.00144195556640625, 0.000484466552734375, 0.00710296630859375, 2.086162567138672e-05, 4.661083221435547e-05, 6.246566772460938e-05, 6.866455078125e-05, 2.574920654296875e-05, 0.00024819374084472656, 0.0002130270004272461, 5.626678466796875e-05, 5.364418029785156e-05, 0.00029087066650390625, 0.003997802734375, 0.00740814208984375, 9.5367431640625e-07, 0.0001817941665649414, 4.589557647705078e-05, 1.0013580322265625e-05, 1.7881393432617188e-06, 4.374980926513672e-05, 8.940696716308594e-06, 0.0003426074981689453, 0.004669189453125, 0.0002472400665283203, 6.866455078125e-05, 4.744529724121094e-05, 0.003070831298828125, 4.5418739318847656e-05, 1.6927719116210938e-05, 0.12841796875, 0.01885986328125, 0.0031566619873046875, 5.245208740234375e-06, 0.00038909912109375, 0.00036334991455078125, 0.00027632713317871094, 0.0001672506332397461, 0.00015294551849365234, 0.00034332275390625, 1.9311904907226562e-05, 1.7404556274414062e-05, 0.00039267539978027344, 1.71661376953125e-05, 0.0035572052001953125, 0.050445556640625, 0.048858642578125, 0.0024852752685546875, 3.5762786865234375e-07, 0.0020313262939453125, 6.246566772460938e-05, 2.384185791015625e-06, 1.3232231140136719e-05, 7.009506225585938e-05, 0.00039887428283691406, 6.198883056640625e-06, 2.682209014892578e-05, 0.006870269775390625, 0.322998046875, 0.0009641647338867188, 1.3113021850585938e-06, 0.0024929046630859375, 0.0006303787231445312, 0.0002694129943847656, 0.00891876220703125, 0.0513916015625, 0.0062408447265625, 0.425048828125, 3.94921875, 0.67138671875, 0.301025390625, 0.44287109375, 0.220947265625, 6.3828125, 5.375, 1.4130859375, 11.53125, 5.80078125, 6.1015625, 0.92431640625, 0.427001953125, 0.017974853515625, 1.0361328125, 0.0286407470703125, 0.017608642578125, 0.131103515625, 0.85986328125, 3.26953125, 0.1939697265625, 2.857421875, 0.479248046875, 0.98974609375, 0.1986083984375, 0.2152099609375, 4.97265625, 0.64453125, 0.326904296875, 0.07574462890625, 0.177001953125, 0.01006317138671875, 3.625, 7.296875, 0.130859375, 0.25390625, 4.06640625, 0.240234375, 0.1427001953125, 0.294189453125, 0.65576171875, 0.02362060546875, 0.193359375, 3.23046875, 1.5439453125, 0.70263671875, 0.0867919921875, 0.0997314453125, 0.01165771484375, 1.0869140625, 3.51953125, 3.32421875, 0.0517578125, 0.291748046875, 5.0859375, 0.1578369140625, 0.3173828125, 0.1368408203125, 3.091796875, 0.359130859375, 7.90234375, 2.0234375, 0.7021484375, 0.131103515625, 0.1947021484375, 0.06689453125, 5.1328125, 6.42578125, 3.787109375, 0.4931640625, 2.1328125, 0.005764007568359375, 0.56494140625, 0.0899658203125, 1.3056640625, 2.626953125, 0.56396484375, 0.65576171875, 2.583984375, 0.061370849609375, 0.0574951171875, 0.0002872943878173828, 0.0108642578125, 0.005126953125, 0.60693359375, 0.2181396484375, 0.049957275390625, 0.0266876220703125, 0.7490234375, 0.21435546875, 0.0203094482421875, 0.4267578125, 0.0538330078125, 0.6982421875, 0.00019109249114990234, 2.1328125, 0.87109375, 0.35205078125, 0.00591278076171875, 1.576171875, 0.82958984375, 0.378662109375, 0.01045989990234375, 0.02301025390625, 0.00020885467529296875, 0.0091552734375, 0.006443023681640625, 0.0546875, 0.15966796875, 0.3203125, 0.00926971435546875, 0.057647705078125, 0.2337646484375, 0.0033893585205078125, 0.0003609657287597656, 0.000148773193359375, 1.3193359375, 0.7109375, 0.10443115234375, 0.0201416015625, 0.79052734375, 8.40625, 0.1402587890625, 0.002010345458984375, 0.0892333984375, 0.005771636962890625, 0.0009455680847167969, 3.921985626220703e-05, 0.0016345977783203125, 0.0008497238159179688, 0.208251953125, 0.0574951171875, 0.00691986083984375, 0.184814453125, 0.08880615234375, 0.1141357421875, 0.052642822265625, 0.0257415771484375, 0.00957489013671875, 0.319091796875, 8.881092071533203e-05, 0.319091796875, 0.1378173828125, 0.06585693359375, 0.0017986297607421875, 0.3193359375, 1.7705078125, 0.431884765625, 0.006256103515625, 0.0002903938293457031, 0.00010800361633300781, 0.0006008148193359375, 0.0008516311645507812, 0.029388427734375, 0.031036376953125, 0.316650390625, 0.005138397216796875, 0.040496826171875, 0.0228271484375, 0.0009751319885253906, 6.866455078125e-05, 2.9206275939941406e-05, 0.1300048828125, 0.13330078125, 0.0445556640625, 0.0030117034912109375, 1.3623046875, 5.640625, 1.2919921875, 0.051788330078125, 0.1177978515625, 0.294677734375, 0.016387939453125, 0.0016183853149414062, 0.0394287109375, 0.0030117034912109375, 0.00047135353088378906, 0.00016832351684570312, 0.0012044906616210938, 0.0002332925796508789, 0.202392578125, 0.00463104248046875, 0.0026836395263671875, 2.212890625, 0.01050567626953125, 0.0013637542724609375, 0.0035419464111328125, 0.0770263671875, 0.04278564453125, 0.00818634033203125, 0.0010652542114257812, 0.02374267578125, 0.00841522216796875, 0.128662109375, 3.6597251892089844e-05, 0.050048828125, 0.1329345703125, 0.0684814453125, 0.001987457275390625, 0.088623046875, 0.1376953125, 0.0250244140625, 0.01378631591796875, 0.087890625, 0.003696441650390625, 0.0002410411834716797, 7.724761962890625e-05, 0.0011472702026367188, 0.0003116130828857422, 0.074462890625, 0.0268096923828125, 0.0228424072265625, 0.00782012939453125, 0.187255859375, 0.007175445556640625, 0.0040283203125, 0.028839111328125, 0.0007166862487792969, 0.000720977783203125, 3.0279159545898438e-05, 0.01947021484375, 3.05078125]",-2.593922656090533
29,1,test,1.875451624146141,0.8043197258146224,0.8565089572533593,5.626354872438423,2.412959177443867,2.5695268717600777,6.523764744804974,3.6050834633482545,3.753500621872459,19.571294234414925,10.815250390044765,11.26050186561738,1.9220949585114293,0.7708281565864967,1.1300022162840757,3.922642772472305,1.5731186869112181,2.3061269720083177,6.83526307283584,3.673066823104709,4.627250677503037,13.949516475175184,7.496054741030019,9.443368729598035,1.9853042726931365,0.8712801633383371,1.2233916930294004,4.803155498451137,2.107935879044364,2.959818612167904,7.281262537792946,4.234668951993227,5.138892780321402,17.61595775272487,10.245166819338454,12.432805113680814,0.42713567839195976,0.012135678391959726,0.022135678391959734,0.3316582914572864,0.0016582914572864649,0.006658291457286469,0.27638190954773867,0.0013819095477386467,-0.008618090452261362,0.3132780082987552,0.08944381140756352,0.0992017619644443,0.2931392931392931,0.3316582914572864,0.09105678769788794,0.14968834154075883,0.28787878787878785,0.3177257525083612,0.09735847371036455,0.14197491824807196,0.2953020134228188,19.0,5.0,5.0,29.0,4.0,4.0,38.0,8.0,5.0,0.0005385056561472862,-1.7321119304761243e-05,-5.725203635512408e-06,-0.09723491019428465,-0.1062821756843011,-0.10842954043202546,"[4.48046875, 0.44384765625, 6.015625, 4.51953125, 1.0908203125, 0.2415771484375, 8.0859375, 6.19140625, 1.1123046875, 3.720703125, 1.916015625, 0.12744140625, 11.0078125, 9.046875, 0.50732421875, 0.11016845703125, 2.0625, 3.13671875, 6.41015625, 6.66015625, 2.333984375, 0.0618896484375, 0.48046875, 5.41796875, 8.3125, 2.9609375, 4.5546875, 7.5078125, 1.4111328125, 0.11505126953125, 1.501953125, 5.9296875, 2.04296875, 3.302734375, 0.1788330078125, 0.057525634765625, 0.08831787109375, 8.03125, 0.67626953125, 1.18359375, 2.255859375, 0.03466796875, 0.333984375, 4.51171875, 0.857421875, 3.3828125, 0.08966064453125, 0.7841796875, 0.1719970703125, 0.058502197265625, 0.331787109375, 6.68359375, 0.0308685302734375, 0.1541748046875, 4.52734375, 0.5126953125, 0.32470703125, 0.0254364013671875, 0.024017333984375, 0.357177734375, 3.3671875, 5.46484375, 0.032745361328125, 0.02728271484375, 1.376953125, 1.6884765625, 0.076171875, 0.041656494140625, 0.0251617431640625, 0.02215576171875, 0.72802734375, 6.54296875, 0.9072265625, 0.25537109375, 0.0009965896606445312, 0.1654052734375, 8.171875, 0.93994140625, 0.2064208984375, 3.166015625, 1.865234375, 0.000408172607421875, 0.87255859375, 0.077392578125, 0.01137542724609375, 0.0250244140625, 0.73046875, 5.8203125, 3.359375, 3.5859375, 0.019287109375, 4.85546875, 7.01953125, 0.35595703125, 0.767578125, 0.76416015625, 0.1771240234375, 0.046905517578125, 0.056488037109375, 0.333984375, 8.8359375, 0.134521484375, 4.90234375, 0.82373046875, 0.87744140625, 0.025115966796875, 0.056365966796875, 1.0859375, 0.03521728515625, 0.020050048828125, 0.01165008544921875, 0.05426025390625, 0.1492919921875, 5.1484375, 2.94921875, 0.03009033203125, 0.57080078125, 0.159912109375, 0.0263214111328125, 0.07012939453125, 0.0203094482421875, 0.365966796875, 4.93359375, 1.8876953125, 3.8828125, 5.01953125, 0.0188446044921875, 0.0121002197265625, 0.0219573974609375, 0.33935546875, 6.484375, 1.6162109375, 0.023773193359375, 10.046875, 3.376953125, 0.10650634765625, 0.37255859375, 0.07940673828125, 0.021209716796875, 0.1683349609375, 0.01305389404296875, 0.00777435302734375, 0.337646484375, 5.5546875, 3.95703125, 0.1905517578125, 5.8671875, 1.5869140625, 0.06805419921875, 8.265625, 0.73095703125, 0.057373046875, 5.390625, 0.2288818359375, 0.1728515625, 0.0093536376953125, 0.020538330078125, 0.352294921875, 5.04296875, 5.484375, 4.9296875, 0.473876953125, 0.3671875, 6.26953125, 2.669921875, 1.095703125, 0.775390625, 0.0274505615234375, 0.007381439208984375, 0.0217742919921875, 0.138916015625, 5.0, 3.0625, 0.032318115234375, 0.9951171875, 0.1712646484375, 0.10638427734375, 0.00714874267578125, 0.021575927734375, 1.3388671875, 0.143310546875, 0.341064453125, 0.79150390625, 0.045379638671875, 0.255126953125, 1.6875, 4.953125, 0.390625, 2.66796875, 0.41259765625, 0.002483367919921875, 0.0303192138671875, 0.72607421875, 3.3671875, 4.8984375, 0.6943359375, 0.022705078125, 0.02825927734375, 3.6328125, 1.6435546875, 1.5458984375, 0.082763671875, 0.033599853515625, 0.0511474609375, 3.3515625, 0.052001953125, 0.218994140625, 0.0155792236328125, 0.02398681640625, 0.05364990234375, 6.453125, 0.64599609375, 0.0238037109375, 0.0184173583984375, 0.0240936279296875, 0.053192138671875, 2.638671875, 0.101806640625, 0.0716552734375, 0.00252532958984375, 0.00920867919921875, 0.1368408203125, 3.171875, 0.092041015625, 0.0193328857421875, 0.00933837890625, 0.00928497314453125, 0.137939453125, 5.09375, 0.47265625, 0.89599609375, 0.344482421875, 0.0155792236328125, 0.009368896484375, 2.138671875, 0.00833892822265625, 0.008453369140625, 2.140625, 9.5703125, 3.50390625, 1.119140625, 11.1953125, 5.1953125, 1.70703125, 1.3642578125, 0.0225372314453125, 0.33203125, 1.712890625, 6.625, 7.515625, 0.94580078125, 0.54248046875, 1.796875, 0.0172576904296875, 0.0253143310546875, 0.0654296875, 10.0703125, 1.208984375, 12.4609375, 9.625, 0.837890625, 0.1435546875, 9.03125, 0.1260986328125, 0.01861572265625, 3.388671875, 1.7646484375, 6.26953125, 0.2025146484375, 0.352294921875, 0.05096435546875, 0.02093505859375, 0.023193359375, 0.11297607421875, 0.83154296875, 2.880859375, 0.0322265625, 0.1114501953125, 0.024688720703125, 0.031402587890625, 2.134765625, 0.0251922607421875, 0.04144287109375, 0.330322265625, 2.83203125, 8.484375, 8.25, 0.267822265625, 1.193359375, 0.244873046875, 7.45703125, 14.125, 4.4140625, 5.6875, 6.76953125, 5.98046875, 4.02734375, 0.034820556640625, 2.453125, 3.533203125, 9.625, 3.177734375, 2.568359375, 0.25439453125, 0.300537109375, 0.5751953125, 4.80859375, 1.34765625, 2.712890625, 1.4619140625, 0.70458984375, 0.018157958984375, 0.389892578125, 5.765625, 8.40625, 0.138671875, 0.8994140625, 0.59130859375, 3.212890625, 1.3486328125, 0.00598907470703125, 0.25244140625, 1.6220703125, 6.59765625, 7.296875, 2.587890625, 7.5, 5.90625, 0.2261962890625, 0.5546875, 0.88623046875, 0.88720703125, 0.1695556640625, 0.7412109375, 0.1873779296875, 0.70458984375, 2.18359375, 0.060333251953125, 0.0345458984375, 0.271484375, 1.265625, 0.07177734375, 1.7080078125, 0.043121337890625, 0.0017232894897460938, 0.007411956787109375, 2.916015625, 6.0390625, 6.13671875, 0.927734375, 2.140625, 1.7373046875, 0.3251953125, 0.1324462890625, 2.400390625, 1.828125, 2.708984375, 6.02734375, 2.244140625, 0.046478271484375, 0.640625, 0.08465576171875, 0.05474853515625, 0.05401611328125, 7.08203125, 0.003963470458984375, 2.263671875, 1.7861328125, 0.01097869873046875, 0.46240234375, 0.058380126953125, 0.009979248046875, 0.006168365478515625, 0.0830078125, 0.2296142578125, 0.304931640625, 0.0023021697998046875, 0.15771484375, 0.0064697265625, 0.00415802001953125, 0.007587432861328125, 0.01812744140625, 0.035858154296875, 0.1302490234375, 0.0010995864868164062, 0.020355224609375, 0.0011768341064453125, 0.0029850006103515625, 0.69970703125, 0.003513336181640625, 0.056732177734375, 0.052886962890625, 0.1729736328125, 3.22265625, 7.96875, 8.1875, 5.9296875, 2.658203125, 0.008392333984375, 0.07904052734375, 1.431640625, 0.042205810546875, 0.316162109375, 0.036865234375, 1.3408203125, 0.06640625, 0.1302490234375, 0.7041015625, 0.1185302734375, 2.54296875, 2.212890625, 8.859375, 7.89453125, 4.66015625, 0.37060546875, 0.708984375, 6.01953125, 0.3193359375, 0.32763671875, 0.07916259765625, 0.37353515625, 0.26318359375, 3.4921875, 0.68701171875, 3.212890625, 0.02899169921875, 0.1663818359375, 1.466796875, 1.318359375, 0.004634857177734375, 0.3359375, 3.142578125, 7.45703125, 4.2421875, 0.1346435546875, 0.485595703125, 3.1171875, 1.3232421875, 0.0032100677490234375, 0.2357177734375, 1.9853515625, 1.3408203125, 6.2734375, 0.68603515625, 6.515625, 7.75, 8.5859375, 0.505859375, 0.3203125, 0.346435546875, 2.3203125, 0.2138671875, 0.0279083251953125, 2.966796875, 0.31005859375, 0.323974609375, 0.1328125, 0.050567626953125, 0.08123779296875, 0.145263671875, 3.5078125, 0.08709716796875, 6.61328125, 1.271484375, 0.0249176025390625, 0.07000732421875, 0.378662109375, 0.0027008056640625, 0.0215606689453125, 0.51513671875, 0.033538818359375, 0.32373046875, 0.1396484375, 0.046661376953125, 0.029052734375, 0.04388427734375, 1.2802734375, 0.00469207763671875, 2.171875, 2.30078125, 0.0673828125, 0.09100341796875]",-1.667864740142189
163,1,test,2.6504302998487863,1.085145986752846,1.4274763675891138,6.591654576896657,2.6987721618593508,3.5501522648482506,14.160130436619054,9.376095530286342,10.762922387501412,35.216428293669466,23.318471351296555,26.767527755928835,2.4984463351455766,1.0376884677101117,1.4659276460027348,5.098870071725667,2.1177315667553303,2.9916890734749697,12.163581143891323,7.85435703213668,9.355451402928326,24.82363498753331,16.029300065585062,19.092757965159848,2.618876528979145,1.1114611708465136,1.5691942092181597,5.997427165601096,2.545330925602703,3.593574524927083,13.720300562961047,9.20525463947197,10.863557120005233,31.42053564036881,21.080735815584667,24.878375083981453,0.5678391959798995,0.002839195979899567,-0.0021608040201005485,0.4522613065326633,0.002261306532663321,0.017261306532663223,0.3417085427135679,0.0017085427135679065,0.006708542713567911,0.39267015706806285,0.09724532046675571,0.12776302119318506,0.38057742782152226,0.39698492462311563,0.10876437324466948,0.14990646051627088,0.33838383838383834,0.4180602006688964,0.11755936594435545,0.18001793148090972,0.38590604026845643,21.0,1.0,0.0,30.0,2.0,0.0,37.0,0.0,-1.0,9.741289350674451e-05,-0.0007849201679728181,6.407261218643515e-05,-0.028714869515638952,-0.021841922432626504,-0.02585132726559447,"[10.171875, 8.2734375, 9.3203125, 2.126953125, 7.37109375, 1.2802734375, 6.28125, 8.46875, 2.0546875, 5.09765625, 1.73828125, 0.57763671875, 1.552734375, 1.462890625, 0.2130126953125, 5.734375, 1.4853515625, 5.15625, 0.9072265625, 4.28125, 1.9658203125, 8.2578125, 2.34375, 4.49609375, 8.6640625, 4.06640625, 3.93359375, 2.517578125, 2.763671875, 3.525390625, 7.63671875, 1.818359375, 9.5, 2.21484375, 0.040496826171875, 3.3671875, 3.185546875, 5.07421875, 2.69140625, 5.44140625, 1.6416015625, 2.97265625, 0.010223388671875, 4.4296875, 1.4521484375, 4.25, 0.78564453125, 0.29541015625, 2.44140625, 0.40234375, 0.54296875, 0.017364501953125, 0.98193359375, 0.403564453125, 0.273193359375, 0.12274169921875, 0.003208160400390625, 0.056610107421875, 0.04400634765625, 3.5859375, 0.32373046875, 6.06640625, 0.1934814453125, 0.087890625, 0.01053619384765625, 0.0185546875, 0.01155853271484375, 1.75390625, 0.01009368896484375, 0.6220703125, 0.03741455078125, 0.1309814453125, 0.1290283203125, 0.0161590576171875, 3.220703125, 0.00150299072265625, 0.1275634765625, 0.1285400390625, 0.031524658203125, 1.263671875, 0.0006461143493652344, 0.1282958984375, 0.01904296875, 0.0211639404296875, 0.5625, 0.7099609375, 0.12939453125, 0.0198516845703125, 0.015655517578125, 3.82421875, 0.003017425537109375, 0.0103302001953125, 0.129150390625, 0.0198211669921875, 0.0186920166015625, 5.03515625, 0.35302734375, 0.317138671875, 0.05340576171875, 0.040069580078125, 2.87890625, 0.177978515625, 1.9189453125, 3.384765625, 0.0390625, 0.05157470703125, 0.1387939453125, 0.0235443115234375, 2.091796875, 0.044647216796875, 2.646484375, 1.4189453125, 0.0318603515625, 0.021484375, 3.05078125, 0.0098876953125, 0.802734375, 0.5126953125, 8.3671875, 8.0625, 7.86328125, 6.0, 0.5302734375, 4.046875, 0.703125, 1.427734375, 0.182373046875, 2.4453125, 0.130859375, 0.020843505859375, 10.2734375, 1.1630859375, 0.03741455078125, 3.55078125, 0.049530029296875, 0.0093994140625, 0.005878448486328125, 1.3212890625, 9.515625, 5.51953125, 4.7109375, 3.708984375, 2.37890625, 1.5400390625, 6.55859375, 2.455078125, 4.6328125, 5.66796875, 1.2021484375, 3.333984375, 0.44677734375, 0.027435302734375, 0.4931640625, 7.62890625, 1.1240234375, 12.390625, 5.1796875, 4.3125, 0.0364990234375, 4.90625, 6.15625, 7.00390625, 1.5556640625, 10.796875, 3.169921875, 3.267578125, 1.8017578125, 1.8212890625, 1.0302734375, 7.16796875, 5.40625, 0.5927734375, 1.1904296875, 1.11328125, 0.10333251953125, 0.062255859375, 0.270263671875, 5.1953125, 3.107421875, 0.09832763671875, 5.12109375, 1.28125, 4.49609375, 2.556640625, 6.29296875, 0.048797607421875, 0.169677734375, 0.2218017578125, 2.62890625, 5.63671875, 4.90234375, 2.5625, 6.8984375, 2.958984375, 0.2362060546875, 0.055816650390625, 1.3203125, 5.2578125, 1.853515625, 0.0164031982421875, 3.908203125, 7.06640625, 0.7568359375, 0.215576171875, 0.002593994140625, 0.00457763671875, 0.0123291015625, 4.5234375, 2.404296875, 3.83984375, 7.0, 3.89453125, 1.5498046875, 0.0797119140625, 0.42333984375, 4.30078125, 3.923828125, 0.01255035400390625, 4.08203125, 0.34375, 4.5390625, 3.05859375, 2.45703125, 0.27880859375, 2.447265625, 0.1732177734375, 0.0723876953125, 0.38720703125, 5.33984375, 3.20703125, 0.010833740234375, 4.7109375, 6.11328125, 2.03125, 0.16162109375, 2.169921875, 0.054351806640625, 0.09844970703125, 0.492919921875, 0.869140625, 11.453125, 2.099609375, 5.85546875, 0.1768798828125, 5.6640625, 5.6328125, 2.638671875, 7.60546875, 5.35546875, 1.7783203125, 5.63671875, 3.939453125, 4.515625, 1.111328125, 0.15673828125, 1.5732421875, 0.038116455078125, 6.421875, 0.1456298828125, 0.0171661376953125, 0.0030574798583984375, 6.015625, 8.1875, 0.9365234375, 4.50390625, 3.517578125, 0.1998291015625, 1.37109375, 0.310302734375, 0.49169921875, 5.08984375, 0.0007891654968261719, 7.82421875, 6.484375, 1.5078125, 4.20703125, 3.8359375, 0.358642578125, 1.6435546875, 5.65234375, 3.041015625, 7.51953125, 6.421875, 8.3828125, 1.5673828125, 0.2200927734375, 0.053436279296875, 7.58203125, 2.166015625, 1.5849609375, 7.234375, 0.484619140625, 5.46875, 8.4453125, 1.232421875, 2.779296875, 1.4697265625, 2.138671875, 0.3642578125, 0.2001953125, 0.1368408203125, 9.0625, 3.0078125, 6.55859375, 4.19921875, 0.7177734375, 0.00881195068359375, 0.06793212890625, 0.75, 8.734375, 0.133544921875, 2.458984375, 1.0986328125, 4.32421875, 0.9130859375, 0.01165771484375, 7.37109375, 3.982421875, 7.60546875, 0.00949859619140625, 1.078125, 3.5546875, 3.099609375, 2.740234375, 1.43359375, 6.8125, 6.12890625, 1.00390625, 0.2900390625, 1.904296875, 1.2080078125, 0.0022945404052734375, 0.5478515625, 0.0140228271484375, 0.016632080078125, 0.003509521484375, 8.359375, 0.94921875, 0.2281494140625, 2.51171875, 5.859375, 2.806640625, 7.55078125, 1.70703125, 0.87060546875, 3.421875, 0.0169219970703125, 1.0234375, 3.26171875, 0.0014448165893554688, 7.8671875, 4.828125, 1.65234375, 0.12115478515625, 2.62109375, 1.0068359375, 1.767578125, 3.896484375, 1.1552734375, 0.4287109375, 0.355224609375, 0.0214080810546875, 6.69921875, 2.59765625, 4.140625, 0.56494140625, 0.0133819580078125, 5.203125, 10.4765625, 7.359375, 3.78515625, 4.79296875, 2.40234375, 0.2176513671875, 1.3330078125, 3.392578125, 0.1324462890625, 0.0526123046875, 0.0223236083984375, 3.55078125, 7.77734375, 7.3359375]",-1.9254707316453543
159,1,test,0.5504797186170306,0.19653735172674525,0.29260669552200463,0.9970953393817912,0.355992184259765,0.5300045805681592,1.7340846910767023,0.3094116153026225,0.43991021315568335,3.1409835913842152,0.5604436805481465,0.7968184993008602,0.32683004566173457,-0.03884113607679146,-0.00036663398691794136,0.5402149515069993,-0.06420022492031652,-0.0006060065899470279,1.3865658042803255,-0.05491537510277933,-0.0005084553517582524,2.291844304595579,-0.09076921504591651,-0.0008404220690221287,0.5807716730164318,0.22467764458499556,0.32746682006885636,1.051963785086367,0.4069632807577277,0.5931474476718908,1.7874172003246127,0.35967541005111414,0.49914124862590237,3.2375858722860906,0.6514875351869236,0.9041049031714454,0.0653266331658291,-0.00967336683417086,-0.004673366834170856,0.055276381909547756,-0.004723618090452297,-0.00972361809045219,0.055276381909547756,0.00027638190954770714,0.00027638190954770714,0.14634146341463417,0.024602332979851593,0.03046660825820313,0.14335664335664333,0.10552763819095479,0.027833402601982304,0.027063531346213532,0.06565656565656564,0.14634146341463417,0.028080593849416746,0.03394285391289609,0.13636363636363635,13.0,4.0,4.0,16.0,7.0,7.0,17.0,8.0,7.0,-0.0011289151959111435,0.00033564265417114904,-4.384398139881763e-05,-0.07684698824639069,-0.07472459269836529,-0.08056457416599438,"[6.1875, 3.8046875, 0.73583984375, 0.125732421875, 3.2265625, 1.533203125, 6.48828125, 0.83154296875, 1.076171875, 0.0025920867919921875, 0.0081024169921875, 3.54296875, 3.419921875, 7.1171875, 3.345703125, 7.08984375, 0.1553955078125, 3.94140625, 0.08477783203125, 5.7578086853027344e-05, 0.0011644363403320312, 0.0006971359252929688, 0.01141357421875, 0.00017464160919189453, 0.0038166046142578125, 0.0010128021240234375, 0.0173492431640625, 0.03253173828125, 0.0186004638671875, 0.01239776611328125, 0.032867431640625, 0.398681640625, 0.39892578125, 0.0003154277801513672, 0.01678466796875, 0.0011377334594726562, 0.00568389892578125, 0.0004611015319824219, 0.0164642333984375, 0.0022716522216796875, 0.0012264251708984375, 0.0006866455078125, 1.5139579772949219e-05, 0.00452423095703125, 0.00012409687042236328, 0.0004775524139404297, 1.3271484375, 0.0004906654357910156, 0.057830810546875, 0.0004856586456298828, 0.0004892349243164062, 0.0003254413604736328, 0.0003528594970703125, 0.0016422271728515625, 0.00479888916015625, 0.0007634162902832031, 7.343292236328125e-05, 3.933906555175781e-05, 0.0016193389892578125, 0.05419921875, 0.05072021484375, 0.182373046875, 8.559226989746094e-05, 0.0023345947265625, 0.419189453125, 5.459785461425781e-05, 0.002361297607421875, 0.00014138221740722656, 0.0024814605712890625, 0.00252532958984375, 8.153915405273438e-05, 2.181529998779297e-05, 0.050048828125, 0.0009784698486328125, 0.031768798828125, 0.0012493133544921875, 0.002635955810546875, 0.00728607177734375, 0.0067291259765625, 0.0257110595703125, 0.003528594970703125, -0.0, 0.00843048095703125, 0.0015573501586914062, 4.971027374267578e-05, 0.0003609657287597656, 0.00034809112548828125, 0.0010557174682617188, 0.00024044513702392578, 5.2094459533691406e-05, 0.0191497802734375, 1.9073486328125e-05, 0.00103759765625, 0.0019426345825195312, 0.00046944618225097656, 0.00012123584747314453, 0.0010890960693359375, 0.127685546875, 0.049468994140625, 0.0018768310546875, 1.0848045349121094e-05, 0.0212249755859375, 4.0411949157714844e-05, 4.4465065002441406e-05, 3.5762786865234375e-07, 0.00034117698669433594, 0.0001455545425415039, 1.430511474609375e-06, 0.0035839080810546875, 0.0021209716796875, 0.0007791519165039062, 0.002288818359375, 0.12188720703125, 0.0014162063598632812, 0.0004405975341796875, 0.00214385986328125, 0.065673828125, 0.0085601806640625, 1.1444091796875e-05, 0.0008425712585449219, 0.00115966796875, 0.0006318092346191406, 0.0005745887756347656, 0.0016412734985351562, 0.018890380859375, 0.0133056640625, 0.31982421875, 0.050994873046875, 2.13671875, 0.04571533203125, 0.00011086463928222656, 0.0007138252258300781, 0.055908203125, 0.0104217529296875, 3.898143768310547e-05, 2.1338462829589844e-05, 0.0021076202392578125, 0.00682830810546875, 0.041046142578125, 0.007762908935546875, 0.051513671875, 6.604194641113281e-05, 0.0040283203125, 0.1348876953125, 0.01226806640625, 5.424022674560547e-05, 0.002445220947265625, 0.004444122314453125, 4.76837158203125e-07, 0.00011110305786132812, 0.019195556640625, 0.0004475116729736328, 6.23464584350586e-05, 0.00044608116149902344, 0.0003266334533691406, 0.0012836456298828125, 0.0040130615234375, 0.01910400390625, 0.050079345703125, 0.0015010833740234375, 3.409385681152344e-05, 9.179115295410156e-06, 0.002132415771484375, 0.0009751319885253906, 0.00756072998046875, 0.0025043487548828125, 3.981590270996094e-05, 0.00040602684020996094, 0.00939178466796875, 7.152557373046875e-07, 0.00036072731018066406, 0.022796630859375, 0.0186614990234375, 0.2115478515625, 8.428096771240234e-05, 0.00013494491577148438, 0.0006036758422851562, 0.00720977783203125, -0.0, 1.7523765563964844e-05, 0.020233154296875, 0.003971099853515625, 0.135986328125, 0.00022304058074951172, 1.1920928955078125e-06, 5.841255187988281e-06, 0.002960205078125, 0.439697265625, 0.01904296875, 0.0010395050048828125, 0.012298583984375, 0.1563720703125, 0.0269012451171875, 0.001537322998046875, 0.0496826171875, 1.9550323486328125e-05, 0.0024204254150390625, 0.00010561943054199219, 1.1324882507324219e-05, 0.0004227161407470703, 0.0012836456298828125, 1.9311904907226562e-05, 0.0001131296157836914, 2.7418136596679688e-05, 8.845329284667969e-05, 0.0026988983154296875, 0.00044727325439453125, 0.048919677734375, 0.0169677734375, 2.384185791015625e-06, 4.589557647705078e-05, 2.658367156982422e-05, 3.6954879760742188e-06, 0.0011234283447265625, 8.547306060791016e-05, 0.00025725364685058594, 0.0006384849548339844, 0.0071563720703125, 0.000148773193359375, 0.004032135009765625, 0.00417327880859375, 0.06500244140625, 0.0016574859619140625, 0.0026798248291015625, 0.004261016845703125, 0.00014889240264892578, 0.356689453125, 0.0009918212890625, 0.0093231201171875, 0.000133514404296875, 0.0010528564453125, 0.0005021095275878906, 0.00017380714416503906, 0.00021159648895263672, 0.0004169940948486328, 0.0005960464477539062, 0.0030155181884765625, 0.0001589059829711914, 0.001007080078125, 0.0002524852752685547, 0.0004315376281738281, 0.00046944618225097656, 0.3349609375, 0.0003437995910644531, 0.0286407470703125, 2.173828125, 0.3115234375, 0.0009775161743164062, 0.0030727386474609375, 0.0005574226379394531, 0.2100830078125, 0.1331787109375, 0.99169921875, 0.005718231201171875, 2.61328125, 0.28857421875, 0.052886962890625, 7.234375, 4.0234375, 8.3359375, 6.8671875, 1.9150390625, 1.3349609375, 0.5908203125, 9.28125, 2.16796875, 0.6962890625, 0.389404296875, 0.0014104843139648438, 1.7255859375, 3.142578125, 3.115234375, 0.10333251953125, 1.7392578125, 0.06597900390625, 1.6220703125, 9.375, 6.0625, 0.5810546875, 9.109375, 4.66796875, 0.036590576171875, 0.99853515625, 3.248046875, 0.016448974609375, 0.447998046875, 0.8408203125]",-2.2706188474382674
72,1,test,1.6016393391291301,0.5871349315308911,0.8086708882593807,3.2552237379056916,1.1933120770573789,1.643568940462309,4.961158783365475,2.203162566712458,2.7512119656239715,10.08322001375902,4.477779054507483,5.5916524274303425,1.276871715957795,0.44653194867622203,0.6839641389510298,2.2599499397483096,0.79032203305526,1.2105559981434155,3.5854059952211697,1.2913079278954056,1.776164711727631,6.345851318975522,2.285500757337001,3.143654357040055,1.2586352247059545,0.47055554201189986,0.6696102143169511,2.517270449411909,0.9411110840237997,1.3392204286339022,3.5206133609706916,1.321444094960452,1.7183829583748322,7.041226721941383,2.642888189920904,3.4367659167496645,0.24623115577889443,0.0012311557788944327,0.0012311557788944327,0.21105527638190957,-0.0089447236180904,-0.0089447236180904,0.1758793969849246,0.0008793969849245631,0.0008793969849245631,0.2746666666666666,0.06960674656014199,0.09187096774193548,0.22994652406417115,0.23115577889447236,0.07075477638820671,0.08257481061400496,0.13131313131313127,0.22073578595317722,0.04544363236386173,0.05944546337253209,0.15771812080536918,14.0,3.0,1.0,18.0,2.0,1.0,24.0,6.0,4.0,0.0011665535639195173,-0.0009082502006692624,0.0004404616225941051,-0.11345680192738294,-0.1078104885648612,-0.11793346951743722,"[1.248046875, 3.29296875, 3.30859375, 9.6015625, 8.0078125, 2.142578125, 0.31982421875, 0.5888671875, 4.57421875, 6.48046875, 4.41015625, 5.4453125, 8.1328125, 6.6875, 5.53125, 2.6171875, 3.6171875, 0.0101470947265625, 0.1246337890625, 14.1640625, 4.2265625, 8.7421875, 10.625, 0.68359375, 3.84765625, 3.3125, 10.9453125, 3.828125, 0.74169921875, 4.390625, 4.5859375, 2.2578125, 0.80078125, 0.318359375, 0.37451171875, 7.01953125, 2.37109375, 2.501953125, 5.1796875, 0.004795074462890625, 0.63671875, 0.0014791488647460938, 5.921875, 0.97412109375, 0.0192413330078125, 0.1602783203125, 1.060546875, 0.72265625, 1.341796875, 4.8828125, 16.828125, 6.50390625, 3.240234375, 7.24609375, 2.40234375, 3.927734375, 0.06927490234375, 3.26171875, 0.7841796875, 0.7099609375, 0.7509765625, 0.0650634765625, 0.85107421875, 2.744140625, 2.69921875, 0.012451171875, 0.0080108642578125, 0.0045013427734375, 0.0212249755859375, 0.0009636878967285156, 0.0010480880737304688, 0.003902435302734375, 0.0012369155883789062, 0.022613525390625, 0.007556915283203125, 0.0001876354217529297, 0.07855224609375, 0.0003948211669921875, 0.0175628662109375, 0.0032520294189453125, 0.059661865234375, 0.005706787109375, 0.1285400390625, 0.00563812255859375, 0.0008816719055175781, 0.00579833984375, 0.00830078125, 0.0013208389282226562, 0.56103515625, 0.0037250518798828125, 0.0276947021484375, 0.0184783935546875, 0.00018417835235595703, 0.0015888214111328125, 1.0048828125, 0.01165008544921875, 0.00011444091796875, 0.0008897781372070312, 0.0038471221923828125, 0.0004086494445800781, 0.0023212432861328125, 0.00017380714416503906, 0.01056671142578125, 0.1318359375, 0.0189208984375, 0.0003216266632080078, 0.000766754150390625, 0.0007104873657226562, 0.416015625, 0.69677734375, 0.0031185150146484375, 0.0096435546875, 0.00029921531677246094, 0.001674652099609375, 0.0240631103515625, 0.0015354156494140625, 0.002048492431640625, 0.00113677978515625, 0.0006794929504394531, 0.00043845176696777344, 0.001163482666015625, 0.02642822265625, 0.0007872581481933594, 0.05181884765625, 0.0260467529296875, 0.024078369140625, 0.0026149749755859375, 0.7041015625, 4.45703125, 0.058685302734375, 0.0167083740234375, 1.0849609375, 0.0295562744140625, 0.0748291015625, 0.0017442703247070312, 0.0012311935424804688, 0.00038814544677734375, 0.00010132789611816406, 0.0013790130615234375, 0.0006356239318847656, 0.00543212890625, 0.0016546249389648438, 0.00702667236328125, 0.006744384765625, 0.019561767578125, 0.051849365234375, 0.0002715587615966797, 0.0009918212890625, 1.4185905456542969e-05, 0.00036263465881347656, 0.00012862682342529297, 0.00091552734375, 0.0007419586181640625, 0.0005621910095214844, 0.0028228759765625, 0.0015411376953125, 0.00356292724609375, 0.006183624267578125, 0.0010023117065429688, 0.0013818740844726562, 0.0009927749633789062, 1.5616416931152344e-05, -0.0, 0.00031828880310058594, 0.003078460693359375, 0.0008544921875, 0.00024044513702392578, 0.0002371072769165039, 0.0011396408081054688, 0.0005955696105957031, 0.05291748046875, 0.0007929801940917969, 0.002651214599609375, 0.0181884765625, 0.020477294921875, 0.0100250244140625, 0.0017576217651367188, 0.07550048828125, 0.00022685527801513672, 0.0038356781005859375, 0.00695037841796875, 0.0015125274658203125, 0.0033855438232421875, 0.001644134521484375, 0.0105743408203125, 0.0110626220703125, 0.1478271484375, 0.022491455078125, 2.130859375, 4.3203125, 0.344482421875, 0.036865234375, 0.10809326171875, 0.00047850608825683594, 0.00012969970703125, 0.00537109375, 0.004161834716796875, 0.0002498626708984375, 0.0005850791931152344, 0.004283905029296875, 0.00046062469482421875, 0.05133056640625, 0.0016431808471679688, 0.055938720703125, 3.052734375, 0.008819580078125, 0.0006022453308105469, 0.0002567768096923828, 0.0036449432373046875, 0.0017271041870117188, 0.0225372314453125, 4.03125, 10.6953125, 0.055084228515625, 0.211669921875, 13.09375, 3.201171875, 6.8046875, 9.9609375, 0.6611328125, 2.330078125, 5.1640625, 0.327392578125, 0.1522216796875, 1.7587890625, 0.0027828216552734375, 0.0005383491516113281, 0.029327392578125, 0.11029052734375, 0.06072998046875, 0.0008573532104492188, 0.006378173828125, 3.528594970703125e-05, 0.00203704833984375, 2.2649765014648438e-06, -0.0, 3.8504600524902344e-05, 0.0004715919494628906, 0.0128936767578125, 0.1536865234375, 0.331298828125, 0.028472900390625, 0.1632080078125, 0.8515625, 6.8984375, 0.26904296875, 4.9140625, 0.60888671875, 0.062408447265625, 8.5546875, 4.21875, 3.21484375, 0.01399993896484375, 0.052276611328125, 0.0889892578125, 1.2509765625, 0.0010528564453125, 0.81640625, 0.12744140625, 1.80859375, 0.375732421875, 0.002532958984375, 0.69970703125, 0.064453125, 0.00037860870361328125, 4.30859375, 0.0079345703125, 1.8876953125, 0.019287109375, 3.390625, 0.00029087066650390625, 0.0031108856201171875, 0.318115234375, 0.022125244140625, 0.00029659271240234375, 1.1953125, 0.00069427490234375, 0.44873046875, 0.007236480712890625, 0.94384765625, 0.10137939453125, 0.0036792755126953125, 0.317626953125, 0.050628662109375, 0.0003540515899658203, 1.087890625, 0.019287109375, 6.984375, 0.0232391357421875, 0.009521484375, 0.0032291412353515625, 0.00424957275390625, 0.322998046875, 0.08697509765625, 0.00038743019104003906, 0.09283447265625, 0.00083160400390625, 4.87109375, 0.0193328857421875, 0.003528594970703125, 1.318359375, 2.7890625, 0.215087890625, 10.515625, 0.736328125, 0.626953125, 0.7158203125, 2.265625, 4.05078125, 9.3515625, 3.017578125, 5.765625, 10.75, 0.62939453125, 0.033935546875, 0.90966796875, 0.303955078125, 0.54052734375, 2.5390625, 6.09765625, 12.8046875, 6.61328125, 9.2421875, 3.873046875, 1.177734375, 0.1959228515625, 3.80078125, 6.796875, 8.421875, 5.171875, 0.51611328125, 8.9453125, 4.03515625, 8.0390625, 0.68359375, 3.974609375, 1.78515625, 2.203125, 3.73046875, 3.244140625, 8.8671875, 1.9033203125, 7.3984375, 3.556640625, 2.5078125, 0.13671875, 0.56298828125, 0.0109100341796875, 0.1041259765625, 0.53515625, 0.734375, 3.28515625, 0.0733642578125, 3.326171875, 0.1573486328125, 2.23828125, 0.038848876953125, 0.11224365234375, 10.0703125, 3.404296875, 0.357177734375, 0.91845703125, 3.115234375, 0.1683349609375, 0.170654296875, 0.0062255859375, 0.030181884765625, 0.134765625, 0.2978515625, 5.7578125, 3.525390625, 1.060546875, 1.3125, 0.005584716796875, 0.042327880859375]",-2.2115568431218464
224,1,test,0.7461579377108282,0.255172522190875,0.3657702728227372,1.444789892127973,0.4940920174906114,0.7082430760389307,2.108881975678303,0.4749564532006929,0.6460303999591215,4.083440258638242,0.9196609030128062,1.250912366799827,0.6316420858229824,0.12532939524108944,0.2468143979592679,1.044036505492533,0.20715602519188336,0.40795768257730225,1.8806963098014438,0.22153425180593245,0.4113351989272893,3.1085889418205683,0.3661723170345992,0.6798928907889081,0.7305320788386673,0.1768527481195331,0.29380586037004686,1.3959211697554152,0.33793518748955353,0.5614124720446755,2.0761850079419455,0.33654303266577745,0.528552702036039,3.967232499252125,0.6430758585970269,1.009973315992431,0.15577889447236182,-0.004221105527638214,-0.004221105527638214,0.10552763819095479,-0.0044723618090452,-0.0044723618090452,0.09045226130653261,-0.009547738693467367,-0.014547738693467371,0.20132013201320131,0.04481271850414037,0.05093593881890934,0.1920529801324503,0.19095477386934678,0.03556630269140193,0.03903490742527338,0.16161616161616166,0.20401337792642138,0.04708516423693887,0.0660823434436627,0.18791946308724827,15.0,4.0,5.0,17.0,2.0,2.0,21.0,4.0,5.0,-0.00045063378898640717,-6.537227173286703e-05,5.4337206823053855e-06,-0.14345162931501054,-0.14387499398257741,-0.15760872488580846,"[1.248046875, 3.29296875, 6.30859375, 4.984375, 5.6953125, 0.60595703125, 3.171875, 3.912109375, 3.880859375, 1.017578125, 0.059295654296875, 0.75927734375, 0.2437744140625, 0.458251953125, 0.02581787109375, 0.30615234375, 0.00301361083984375, 0.7763671875, 1.5439453125, 0.00014126300811767578, 0.00811004638671875, 0.0005135536193847656, 0.0165557861328125, 0.00045013427734375, 0.0028667449951171875, 0.0010442733764648438, 0.0026874542236328125, 9.059906005859375e-06, 1.3589859008789062e-05, 0.02294921875, 0.003875732421875, 0.001129150390625, 0.00041413307189941406, 0.00852203369140625, 0.133056640625, 0.0004038810729980469, 0.0002665519714355469, 0.001598358154296875, 3.075599670410156e-05, 0.000118255615234375, 0.0017194747924804688, 0.0004456043243408203, 0.0017042160034179688, 0.001285552978515625, 0.0013751983642578125, 0.0004291534423828125, 9.1552734375e-05, 0.0219573974609375, 0.00386810302734375, 5.8650970458984375e-05, 0.020721435546875, 0.00012958049774169922, 0.06671142578125, 0.037567138671875, 0.000476837158203125, 0.0003762245178222656, 1.811981201171875e-05, 6.377696990966797e-05, 0.00018131732940673828, 0.0032863616943359375, 1.633167266845703e-05, 0.0021381378173828125, 0.00580596923828125, 0.018402099609375, 1.6845703125, 0.002513885498046875, 3.689453125, 0.0185699462890625, 2.86102294921875e-06, 0.0014047622680664062, 0.00014638900756835938, 3.933906555175781e-06, 8.940696716308594e-06, 1.3113021850585938e-06, 2.3126602172851562e-05, 0.0007910728454589844, 0.00027441978454589844, 0.001010894775390625, 9.5367431640625e-06, 0.0009222030639648438, 6.318092346191406e-06, 0.0003161430358886719, 0.0030345916748046875, 0.025054931640625, 0.0083160400390625, 0.00025534629821777344, 0.43017578125, 0.0003266334533691406, 0.00013816356658935547, 1.8835067749023438e-05, 0.00018322467803955078, 0.00035691261291503906, 7.271766662597656e-06, 7.62939453125e-06, 0.0011157989501953125, 0.000934600830078125, 3.170967102050781e-05, 5.7220458984375e-05, 0.05279541015625, 0.0004115104675292969, 0.0001266002655029297, 0.051605224609375, 3.5643577575683594e-05, 0.00269317626953125, 1.430511474609375e-06, 1.3113021850585938e-06, 3.3736228942871094e-05, 4.76837158203125e-07, 0.0003409385681152344, 0.003154754638671875, 0.0004820823669433594, 0.00016379356384277344, 0.019134521484375, 0.00017690658569335938, 4.565715789794922e-05, 0.0003464221954345703, 0.001010894775390625, 0.0010538101196289062, 0.0011548995971679688, 0.0002086162567138672, 0.0004379749298095703, 0.00022101402282714844, 6.318092346191406e-06, 2.0265579223632812e-06, 0.00012612342834472656, 0.0008401870727539062, 7.832050323486328e-05, 0.00013887882232666016, 2.2292137145996094e-05, 3.910064697265625e-05, 0.0008740425109863281, 0.00687408447265625, 0.0006933212280273438, 0.0009393692016601562, 0.0007786750793457031, 0.00260162353515625, 0.0018310546875, 2.6226043701171875e-06, 2.6226043701171875e-06, 8.940696716308594e-06, 1.728534698486328e-05, 1.5497207641601562e-06, 0.002574920654296875, 3.516674041748047e-05, 0.0001380443572998047, 0.0003838539123535156, 0.0009303092956542969, 1.8596649169921875e-05, 0.0014734268188476562, 4.0531158447265625e-06, 1.2278556823730469e-05, 0.00016236305236816406, 0.0003046989440917969, 0.00020778179168701172, 0.004425048828125, 0.008209228515625, 0.335205078125, 0.00969696044921875, 0.7470703125, 0.45703125, 0.0008749961853027344, 1.9384765625, 0.0003783702850341797, 6.421875, 1.703125, 1.615234375, 0.0269317626953125, 7.3203125, 4.6015625, 0.69921875, 5.24609375, 3.08984375, 4.55859375, 6.5546875, 3.685546875, 0.1373291015625, 0.8916015625, 0.033447265625, 0.0626220703125, 0.07635498046875, 1.546875, 0.00047278404235839844, 0.56884765625, 0.049041748046875, 1.9189453125, 0.00017845630645751953, 0.01148223876953125, 0.0092315673828125, 1.3173828125, 2.787109375, 0.479248046875, 7.01171875, 0.11053466796875, 10.046875, 3.576171875, 3.001953125, 0.038421630859375, 0.0015964508056640625, 0.1632080078125, 0.70703125, 0.18017578125, 0.4296875, 1.1318359375, 0.15380859375, 0.283447265625, 0.0118408203125, 0.0007839202880859375, 8.118152618408203e-05, 0.00640106201171875, 1.759765625, 5.0234375, 4.73828125, 9.59375, 3.8203125, 4.9375, 5.078125, 4.2109375, 8.171875, 1.6640625, 0.1256103515625, 1.322265625, 0.0281829833984375, 0.04107666015625, 3.189453125, 6.45703125, 3.150390625, 0.18994140625, 0.70849609375, 0.01514434814453125, 0.0240936279296875, 0.2137451171875, 1.3203125, 4.75, 0.03839111328125, 0.69970703125, 0.0003426074981689453, 1.2705078125, 0.0297393798828125, 0.0003826618194580078, 0.04541015625, 0.007167816162109375, 0.1351318359375, 3.740234375, 0.0789794921875, 0.3359375, 0.316650390625, 0.041900634765625, 0.77490234375, 0.01519012451171875, 0.021331787109375, 0.005428314208984375, 0.1422119140625, 0.0217437744140625, 0.0186767578125, 0.0057830810546875, 0.00806427001953125, 0.0034332275390625, 0.007904052734375, 0.693359375, 0.06982421875, 0.000518798828125, 0.39404296875, 0.0017604827880859375, 0.0008182525634765625, 0.00156402587890625, 0.019683837890625, 0.1270751953125, 5.066394805908203e-05, 0.055328369140625, 0.0003790855407714844, 0.7685546875, 5.06640625, 0.56494140625, 0.1729736328125, 0.0282135009765625, 0.007602691650390625, 0.00872802734375, 0.0014982223510742188, 0.01467132568359375, 0.0198516845703125, 0.0210113525390625, 0.000667572021484375, 0.0001538991928100586, 5.9604644775390625e-06, 0.143798828125, 6.222724914550781e-05, 0.2119140625, 3.17578125, 0.0372314453125, 2.455078125, 0.0247344970703125, 0.00847625732421875, 0.0034275054931640625, 0.0005865097045898438, 0.00662994384765625, 0.08087158203125, 0.011474609375, 0.0004935264587402344, 5.519390106201172e-05, 1.1086463928222656e-05, 2.14453125, 0.8662109375, 0.09075927734375]",-2.9987773364133172
146,1,test,0.964392280944473,0.38423226144625455,0.5017263478593792,1.8622747494100167,0.7419657462410432,0.968850878625008,2.6231930075973566,0.8368687530057117,1.0348903531866898,5.065476152601792,1.6160224195972366,1.998408957877746,0.34720666384577153,0.009093673186789164,0.09766773273948437,0.5884858709250366,0.01541300540133761,0.1655385300669227,1.4151091470514094,0.012810205915799955,0.13167561808104633,2.398490079748152,0.021712213416610116,0.2231790136966887,0.7626336637547981,0.23514395760232953,0.383005273183764,1.4122845625088853,0.4354517733376473,0.7092690244143777,2.1439151433304455,0.4492423055351107,0.6821738516839437,3.9702132283897136,0.8319301954353899,1.2632849105258215,0.09045226130653261,0.00045226130653264196,-0.009547738693467367,0.045226130653266305,-0.01977386934673364,-0.014773869346733748,0.04020100502512558,-0.009798994974874464,-0.00479899497487446,0.21994884910485935,0.05392075204227953,0.07332128312245467,0.22564102564102562,0.12562814070351758,0.00783365448797868,0.012105603140913246,0.045454545454545414,0.18394648829431437,0.03870441817745296,0.053801883177517884,0.17114093959731547,12.0,3.0,3.0,13.0,4.0,4.0,16.0,5.0,5.0,0.0005086790394548111,-0.0013016880754662683,0.0001527480740928312,-0.11715356889431128,-0.131753123932826,-0.12822080606182196,"[4.48828125, 1.0673828125, 3.078125, 11.390625, 2.462890625, 5.80859375, 5.3203125, 5.6484375, 5.796875, 0.55908203125, 2.001953125, 0.32763671875, 0.37109375, 0.11737060546875, 0.7001953125, 0.00417327880859375, 3.287109375, 1.4384765625, 0.99267578125, 2.15234375, 0.0180511474609375, 0.45458984375, 0.300537109375, 0.2083740234375, 0.0009202957153320312, 0.08251953125, 1.3203125, 0.1650390625, 0.40576171875, 1.3291015625, 0.06378173828125, 0.254638671875, 0.36376953125, 0.01215362548828125, 0.006542205810546875, 0.11181640625, 0.0184783935546875, 0.00428009033203125, 0.01910400390625, 0.2310791015625, 0.1893310546875, 0.00042510032653808594, 0.0004673004150390625, 2.384185791015625e-07, 0.12939453125, 0.0008568763732910156, 0.0009179115295410156, 0.00324249267578125, 8.90493392944336e-05, 0.0028057098388671875, 0.0009675025939941406, 9.918212890625e-05, 0.3623046875, 2.6106834411621094e-05, 0.01165771484375, 0.0013456344604492188, 0.0010128021240234375, 0.00025582313537597656, 0.0010957717895507812, 0.005443572998046875, 0.0004336833953857422, 0.004848480224609375, 0.6982421875, 0.007434844970703125, 0.005527496337890625, 0.315185546875, 2.9802322387695312e-06, 1.4066696166992188e-05, 0.099609375, 8.33272933959961e-05, 0.00019800662994384766, 0.0008835792541503906, 0.0002237558364868164, 0.0018787384033203125, 0.00010287761688232422, 0.07049560546875, 0.003631591796875, 0.05010986328125, 1.9431114196777344e-05, 0.00351715087890625, 0.69580078125, 0.07470703125, 0.0012617111206054688, 0.03466796875, 0.00469970703125, 0.003215789794921875, 0.0036602020263671875, 0.00041675567626953125, 0.0025634765625, 0.0009365081787109375, 0.000431060791015625, 0.0103759765625, 9.202957153320312e-05, 0.00318145751953125, 0.00389862060546875, 0.007091522216796875, 0.018218994140625, 0.02764892578125, 0.00698089599609375, 0.347900390625, 0.06805419921875, 0.0035839080810546875, 0.0024204254150390625, 0.0018768310546875, 0.0002758502960205078, 0.000194549560546875, 0.0015344619750976562, 1.1324882507324219e-05, 0.0006046295166015625, 0.00010538101196289062, 0.0002142190933227539, 6.0558319091796875e-05, 0.0189208984375, 1.1205673217773438e-05, 1.4781951904296875e-05, 4.649162292480469e-06, 0.003467559814453125, 4.8160552978515625e-05, 0.0012140274047851562, 0.0013446807861328125, 0.0002416372299194336, 0.0014190673828125, 0.0015716552734375, 0.0005121231079101562, 0.0106964111328125, 0.000762939453125, 4.935264587402344e-05, 0.00016689300537109375, 0.0018339157104492188, 0.00043511390686035156, 0.0011472702026367188, 0.0005474090576171875, 1.0728836059570312e-05, 0.00039005279541015625, 0.0007739067077636719, 0.334228515625, 0.002948760986328125, 0.00012099742889404297, 0.048675537109375, 0.0106353759765625, 2.002716064453125e-05, 0.0004279613494873047, 0.00015342235565185547, 1.0848045349121094e-05, 0.00360870361328125, 0.00984954833984375, 0.00020647048950195312, 0.0035419464111328125, 0.0018978118896484375, 0.00420379638671875, 0.022430419921875, 0.05242919921875, 0.002986907958984375, 0.00949859619140625, 0.00046944618225097656, 0.0001302957534790039, 0.0003910064697265625, 0.00890350341796875, 3.647804260253906e-05, 0.0033016204833984375, 0.0010976791381835938, 0.0015954971313476562, 0.0189361572265625, 0.0003223419189453125, 0.0012502670288085938, 3.052734375, 0.00696563720703125, 0.0013685226440429688, 0.0028896331787109375, 0.00013911724090576172, 0.0041351318359375, 0.033660888671875, 0.13232421875, 0.003940582275390625, 0.0002548694610595703, 0.0006833076477050781, 0.13330078125, 0.038360595703125, 0.032989501953125, 0.0120391845703125, 0.0006313323974609375, 0.70166015625, 0.007648468017578125, 0.0196990966796875, 4.410743713378906e-06, 0.0268402099609375, 0.0079498291015625, 0.11407470703125, 0.0001010894775390625, 0.313720703125, 0.018707275390625, 8.487701416015625e-05, 4.649162292480469e-05, 8.034706115722656e-05, 0.004360198974609375, 0.0011396408081054688, 0.00382232666015625, 1.3330078125, 0.0364990234375, 0.0004987716674804688, 6.604194641113281e-05, 0.0017385482788085938, 2.244140625, 0.0195770263671875, 0.0221099853515625, 0.0211639404296875, 0.70458984375, 0.023712158203125, 0.425048828125, 5.765625, 0.1868896484375, 0.3232421875, 0.0016193389892578125, 0.7021484375, 0.160400390625, 0.002532958984375, 0.94482421875, 0.128173828125, 0.048431396484375, 4.7206878662109375e-05, 0.0007534027099609375, 0.1309814453125, 0.09222412109375, 0.0004525184631347656, 1.6875, 0.0003383159637451172, 0.0016384124755859375, 0.32275390625, 6.28515625, 0.0154876708984375, 0.1849365234375, 1.1171875, 0.151611328125, 0.0038299560546875, 1.3291015625, 3.716796875, 0.0003743171691894531, 2.37890625, 0.03448486328125, 0.05535888671875, 1.517578125, 0.115234375, 0.0189056396484375, 0.07366943359375, 0.0035533905029296875, 0.320068359375, 0.01027679443359375, 0.3271484375, 0.100830078125, 6.09375, 0.317138671875, 0.273681640625, 0.0027179718017578125, 0.7587890625, 2.203125, 0.01461029052734375, 0.1605224609375, 6.41015625, 0.0543212890625, 1.1474609375, 5.8828125, 11.4453125, 1.20703125, 10.171875, 8.40625, 0.85498046875, 4.92578125, 1.4794921875, 0.73974609375, 0.0035648345947265625, 0.0203094482421875, 0.333251953125, 0.529296875, 0.1204833984375, 0.533203125, 0.689453125, 0.01439666748046875, 0.0006403923034667969, 0.0595703125, 0.07275390625, 10.125, 1.458984375, 1.138671875, 0.0565185546875, 0.032379150390625, 3.05859375, 0.0618896484375, 3.775390625, 0.0672607421875, 4.3984375, 5.203125, 7.62109375, 8.96875, 5.17578125, 2.0546875, 4.64453125, 0.7666015625, 0.140380859375, 2.177734375, 0.403564453125, 0.0870361328125, 0.27685546875, 0.01061248779296875, 0.020050048828125, 0.06817626953125, 1.703125, 1.080078125, 3.26953125, 6.78125, 0.67578125, 5.94921875, 1.8818359375, 0.07586669921875, 0.00887298583984375, 0.001068115234375, 0.053863525390625, 0.02655029296875, 3.859375, 0.1407470703125, 7.35546875, 0.83349609375, 3.4921875, 0.8037109375, 0.345703125, 0.01904296875, 0.0009007453918457031, 0.291015625, 0.078369140625, 0.052001953125, 0.1826171875, 0.019744873046875, 0.025848388671875, 9.734375, 1.9150390625, 1.9873046875, 0.050689697265625, 0.9921875, 0.01898193359375, 0.056976318359375, 0.83447265625, 0.296142578125, 0.165771484375, 0.3251953125, 0.02001953125, 11.3671875, 3.259765625, 0.748046875, 0.67431640625, 1.9580078125, 1.1181640625, 3.275390625, 7.96484375, 3.921875, 2.1484375, 0.0200042724609375, 2.880859375, 0.037078857421875, 4.015625, 0.055908203125, 3.65625, 0.01238250732421875, 3.673828125, 1.1015625, 0.09527587890625, 0.3349609375, 0.03045654296875, 2.0546875, 0.435791015625, 4.4375, 5.03125, 4.15625, 2.734375, 1.5634765625, 0.76025390625, 11.4140625, 0.70556640625, 0.148681640625, 2.134765625, 0.00823211669921875, 0.322998046875, 0.3310546875, 0.049530029296875, 0.3349609375, 0.0076141357421875, 1.75390625, 0.042236328125, 0.11492919921875, 0.00531005859375, 0.0034313201904296875, 0.00376129150390625, 0.004688262939453125]",-3.193975829712265
90,1,test,0.7933275110581341,0.25447512422491636,0.32083569226932046,1.9422845960388802,0.6230253041368643,0.785494281073164,2.2107404641370874,0.4967017844494759,0.6067544038879511,5.412502515645972,1.216062989514234,1.4855021612429145,0.0985872583772669,-0.03484971336125681,-0.01491645466532189,0.18256899699493867,-0.06453650622454965,-0.027623064195040542,1.1036106994718244,-0.03913853889561847,-0.016585348748469064,2.0437235175404154,-0.07247877573262684,-0.03071360879346141,0.7068544901334323,0.20706803178364713,0.33855024042616677,1.4726135211113174,0.43139173288259824,0.7053130008878475,2.027603370923032,0.37923413329559397,0.5823216723019822,4.224173689422983,0.7900711110324874,1.2131701506291295,0.025125628140703515,-0.004874371859296511,-0.004874371859296511,0.02010050251256279,-0.009899497487437237,-0.004899497487437232,0.015075376884422065,-0.004924623115577953,-0.004924623115577953,0.19058823529411761,0.028426073131955443,0.04298315220516358,0.2193396226415094,0.04020100502512558,0.0026070200627195117,-0.014890814674373587,0.030303030303030276,0.1605351170568562,0.03365698683982776,0.05263745298566602,0.17449664429530198,11.0,2.0,0.0,12.0,1.0,1.0,12.0,1.0,1.0,0.00017830446636884532,-0.0010460620792461049,-3.933394681251762e-05,-0.1138769622010658,-0.12027734516376976,-0.12457597339914894,"[1.369140625, 2.291015625, 3.27734375, 6.5234375, 0.0085296630859375, 0.0494384765625, 0.0243682861328125, 0.00994110107421875, 0.00572967529296875, 0.05450439453125, 0.006378173828125, 0.0013704299926757812, 0.01160430908203125, 0.030975341796875, 0.00023126602172851562, 0.00038433074951171875, 0.36572265625, 8.0108642578125e-05, 0.021270751953125, 0.0010013580322265625, 0.00841522216796875, 0.0004379749298095703, 0.0004742145538330078, 0.00792694091796875, 0.0007691383361816406, 0.0069580078125, 0.002056121826171875, 0.039154052734375, 0.006168365478515625, 0.0025005340576171875, 0.0070953369140625, 0.00012373924255371094, 0.0022220611572265625, 0.0001533031463623047, 7.784366607666016e-05, 0.001434326171875, 8.90493392944336e-05, 7.987022399902344e-06, 0.00830841064453125, 0.002117156982421875, 0.007251739501953125, 2.6226043701171875e-06, 0.01178741455078125, 0.0001977682113647461, 0.00051116943359375, 0.0029544830322265625, 0.0006961822509765625, 0.0004165172576904297, 0.00021255016326904297, 0.006732940673828125, 0.00014781951904296875, 2.765655517578125e-05, 5.125999450683594e-06, 1.1920928955078125e-07, 0.0027637481689453125, 2.4557113647460938e-05, 7.033348083496094e-05, 0.00025582313537597656, 0.057647705078125, 1.2874603271484375e-05, 0.0001819133758544922, 9.775161743164062e-06, 0.0008306503295898438, 7.140636444091797e-05, 0.00682830810546875, 5.257129669189453e-05, 0.0002111196517944336, -0.0, 1.0132789611816406e-05, 0.0026073455810546875, 3.147125244140625e-05, 0.0141448974609375, -0.0, 0.00021076202392578125, 0.00013697147369384766, 1.2755393981933594e-05, 0.0003590583801269531, 0.0005559921264648438, 6.318092346191406e-06, 5.4836273193359375e-06, -0.0, 6.246566772460938e-05, 1.0728836059570312e-06, 2.014636993408203e-05, 5.0902366638183594e-05, 0.0027618408203125, 0.0004851818084716797, 4.76837158203125e-07, 0.002628326416015625, 0.0009222030639648438, 0.0072479248046875, 0.0001016855239868164, 8.225440979003906e-06, 0.0009303092956542969, 0.032073974609375, 0.0028438568115234375, 2.86102294921875e-06, 1.2516975402832031e-05, 0.00012445449829101562, 0.0001779794692993164, 0.0005731582641601562, 0.0005087852478027344, 0.0004115104675292969, 0.0073394775390625, 0.0012121200561523438, 0.701171875, 0.0004658699035644531, 3.67578125, 0.003787994384765625, 1.6689300537109375e-06, 0.0001823902130126953, 5.269050598144531e-05, 1.7881393432617188e-06, 1.5497207641601562e-06, 1.3113021850585938e-06, 1.3589859008789062e-05, 0.00010061264038085938, 0.00018405914306640625, 7.069110870361328e-05, 5.543231964111328e-05, 0.00012576580047607422, 9.5367431640625e-07, 0.00013267993927001953, 0.0074462890625, 0.0092315673828125, 0.032257080078125, 0.00010454654693603516, 0.122314453125, 0.00014293193817138672, 0.0003757476806640625, 6.568431854248047e-05, 0.000583648681640625, 0.0007491111755371094, 6.520748138427734e-05, 5.137920379638672e-05, 0.0002522468566894531, 0.0003693103790283203, 1.0371208190917969e-05, 0.0001437664031982422, 0.31591796875, 0.0003514289855957031, 0.001308441162109375, 3.170967102050781e-05, 0.0005559921264648438, 1.1682510375976562e-05, 1.1324882507324219e-05, 2.5391578674316406e-05, 2.5987625122070312e-05, 2.562999725341797e-05, 0.00046133995056152344, 0.00449371337890625, 0.0025882720947265625, 1.7762184143066406e-05, 0.0011081695556640625, 0.019134521484375, 0.00019788742065429688, 0.001979827880859375, 6.318092346191406e-05, 4.553794860839844e-05, 3.5762786865234375e-07, 0.0012483596801757812, 5.7697296142578125e-05, 2.5033950805664062e-05, 0.0004870891571044922, 0.000179290771484375, 0.0032405853271484375, 0.04864501953125, 3.4570693969726562e-06, 3.814697265625e-06, 0.007793426513671875, 0.003292083740234375, 0.0036640167236328125, 0.0002415180206298828, 6.4849853515625e-05, 0.0016498565673828125, 1.7404556274414062e-05, 0.020599365234375, 0.0018510818481445312, 0.0021228790283203125, 0.00250244140625, 0.0001819133758544922, 0.0007281303405761719, 0.048583984375, 4.9233436584472656e-05, -0.0, 1.7523765563964844e-05, 3.3855438232421875e-05, 0.0020885467529296875, 3.0994415283203125e-06, 9.5367431640625e-07, 0.00014209747314453125, 0.00014781951904296875, 0.002132415771484375, 0.0003380775451660156, 0.00485992431640625, 0.0003457069396972656, 0.020294189453125, 0.000354766845703125, 0.0023136138916015625, 0.0102386474609375, 0.1282958984375, 0.0098114013671875, 0.73486328125, 0.24658203125, 0.0006103515625, 6.21875, 0.0941162109375, 0.0005311965942382812, 1.44921875, 0.006061553955078125, 0.085205078125, 9.40625, 0.1884765625, 5.2734375, 2.171875, 0.0253448486328125, 0.0311279296875, 0.1588134765625, 0.5400390625, 0.00024509429931640625, 3.146484375, 0.0004119873046875, 2.830078125, 0.0016298294067382812, 0.0028095245361328125, 1.79296875, 0.00399017333984375, 5.30859375, 0.0280609130859375, 13.046875, 5.3828125, 3.03515625, 0.580078125, 0.003414154052734375, 0.316162109375, 0.0163421630859375, 0.00014722347259521484, 0.93994140625, 9.167194366455078e-05, 0.0005865097045898438, 0.004734039306640625, 0.00305938720703125, 0.0010919570922851562, 5.84765625, 0.26416015625, 7.125, 0.1343994140625, 6.3203125, 3.517578125, 3.689453125, 0.27685546875, 0.004119873046875, 0.3154296875, 0.00577545166015625, 0.0001024007797241211, 0.11041259765625, 3.159046173095703e-05, 0.0014314651489257812, 0.0025691986083984375, 0.0028533935546875, 0.00043272972106933594, 11.484375, 0.029144287109375, 8.0703125, 1.1982421875, 2.96484375, 0.68603515625, 0.00908660888671875, 0.131103515625, 0.007488250732421875, 0.00028705596923828125, 0.0203857421875, 3.337860107421875e-06, 0.000942230224609375, 0.0016641616821289062, 0.0027484893798828125, 0.0004277229309082031, 0.6611328125, 0.004756927490234375, 6.4921875, 4.7109375, 0.185546875, 0.0038013458251953125, 1.3173828125, 0.92919921875, 0.0333251953125, 0.01554107666015625, 9.671875, 0.79296875, 6.625, 7.62109375, 1.3369140625, 10.15625, 4.34765625, 4.6015625, 4.53515625, 1.1806640625, 4.41015625, 6.02734375, 4.046875, 3.806640625, 5.38671875, 0.432861328125, 0.416748046875, 0.315673828125, 0.6474609375, 0.0214996337890625, 0.43994140625, 2.271484375, 2.04296875, 0.018341064453125, 3.708984375, 0.76904296875, 0.9169921875, 0.2371826171875, 0.317626953125, 0.002410888671875, 3.826171875, 1.3095703125, 0.081787109375, 0.00011134147644042969, 0.0022983551025390625, 0.49951171875, 0.21240234375, 0.4912109375, 0.7744140625, 0.0293731689453125, 4.046875, 0.72998046875, 0.33447265625, 0.260498046875, 0.6845703125, 1.7265625, 2.06640625, 0.09234619140625, 0.0294342041015625, 5.5390625, 3.44921875, 0.70947265625, 0.003955841064453125, 1.4716796875, 1.1064453125, 2.765625, 0.0401611328125, 0.76025390625, 0.07781982421875, 0.055877685546875, 0.136474609375, 0.001750946044921875, 1.0830078125, 0.84033203125, 6.53515625, 0.004840850830078125, 0.00894927978515625, 3.53515625, 0.0102081298828125, 0.06353759765625, 0.332763671875, 0.002635955810546875, 1.5810546875, 0.0214691162109375, 0.0009341239929199219, 0.0031528472900390625, 0.3359375, 4.52734375, 0.0001895427703857422, 0.00103759765625, 1.1982421875, 0.002750396728515625, 0.748046875, 0.86669921875, 0.007259368896484375, 0.537109375, 0.006378173828125, 1.373046875, 7.3359375, 0.0037441253662109375, 0.0182342529296875, 2.138671875, 0.81787109375, 0.0283966064453125, 0.0311431884765625, 0.0107574462890625, 0.1947021484375, 0.33740234375, 4.859375, 0.0006799697875976562, 0.0004684925079345703, 0.0098876953125, 0.024871826171875, 0.006786346435546875, 0.0089263916015625, 0.0501708984375, 1.3134765625, 0.19580078125, 0.0005464553833007812, 0.52880859375, 0.0172271728515625, 0.01110076904296875, 0.14794921875, 0.008148193359375, 0.002933502197265625, 0.050445556640625, 1.3134765625, 0.054290771484375, 0.00015163421630859375, 5.01171875, 0.89599609375, 0.09576416015625, 0.0217437744140625, 0.050933837890625, 0.049896240234375, 6.937980651855469e-05, 0.025604248046875, 0.0006222724914550781, 2.865234375, 0.021453857421875, 0.00397491455078125, 0.0022487640380859375, 4.3984375, 0.0018520355224609375, 0.019195556640625, 0.94482421875, 1.0283203125, 8.9375]",-2.801647722019869
113,1,test,2.2924158107381265,1.0195567185226044,1.0195567185226044,7.710853181573698,3.4294180532123963,3.4294180532123963,9.898822500647109,6.3277745646383075,6.3277745646383075,33.29603932035845,21.28433262651067,21.28433262651067,2.7343683482414516,1.1697443455385999,1.65489583807557,5.309453103381459,2.2713482437642716,3.213389976845767,15.400012917862187,10.619135916785456,12.456886245724656,29.90293770458677,20.619681391816417,24.18812863247506,2.477954545547332,1.1013155847886198,1.5562500707894769,6.143688955902476,2.7305345077403795,3.8584712498912643,11.916864068783804,7.955299815364938,9.40329300960776,29.54594397219125,19.72388383974778,23.313949610597753,0.6231155778894473,-0.0018844221105527303,0.003115577889447274,0.4170854271356784,-0.007914572864321623,-0.05291457286432155,0.3316582914572864,-0.028341708542713562,-0.008341708542713544,0.3288201160541586,0.06391298017928082,0.06391298017928082,0.28682170542635654,0.3467336683417085,0.06603191395574359,0.11134134780748484,0.3232323232323232,0.3277591973244147,0.05897789515413088,0.11196386918203427,0.2986577181208053,23.0,-2.0,-2.0,36.0,-1.0,1.0,42.0,-3.0,-2.0,0.0006261319906631529,0.0006583428291901805,0.0005412298631502581,-0.02813661191043515,-0.027889171125043077,-0.024679452001539204,"[1.296875, 5.19140625, 8.28125, 10.6171875, 3.89453125, 0.5341796875, 8.671875, 7.734375, 8.0859375, 4.46484375, 1.134765625, 1.6982421875, 3.076171875, 5.76171875, 1.60546875, 2.583984375, 0.316162109375, 0.79345703125, 7.2578125, 1.15625, 0.2147216796875, 0.078369140625, 1.19140625, 8.078125, 0.75, 0.59228515625, 2.177734375, 4.53515625, 10.1015625, 8.578125, 1.6318359375, 0.5927734375, 7.8671875, 5.23046875, 0.60791015625, 4.703125, 2.21875, 0.047149658203125, 1.5048828125, 5.4375, 0.134033203125, 1.3017578125, 6.390625, 0.302490234375, 2.201171875, 2.23046875, 0.294189453125, 2.333984375, 4.3359375, 2.0625, 7.04296875, 6.63671875, 0.2017822265625, 4.37109375, 0.95361328125, 5.77734375, 0.68359375, 8.9765625, 0.1212158203125, 5.37890625, 0.962890625, 0.345703125, 11.0546875, 2.423828125, 7.23828125, 0.374755859375, 4.5703125, 2.759765625, 5.9453125, 6.57421875, 0.90283203125, 2.703125, 3.650390625, 9.25, 0.330078125, 4.80078125, 0.3515625, 5.05078125, 2.052734375, 0.77783203125, 10.03125, 2.01953125, 0.1859130859375, 0.02789306640625, 1.630859375, 1.798828125, 0.1842041015625, 3.630859375, 1.0986328125, 3.181640625, 0.049041748046875, 0.775390625, 0.2413330078125, 0.224609375, 5.56640625, 0.65771484375, 1.2353515625, 4.59765625, 0.0533447265625, 1.84375, 6.6875, 1.5322265625, 0.0183258056640625, 4.48828125, 5.734375, 5.375, 2.20703125, 0.098388671875, 1.8701171875, 0.57470703125, 3.82421875, 2.380859375, 7.0859375, 1.4755859375, 0.05841064453125, 0.050079345703125, 0.1019287109375, 4.6953125, 0.453125, 2.435546875, 2.400390625, 0.00386810302734375, 0.007289886474609375, 0.053680419921875, 5.640625, 0.86669921875, 10.265625, 0.98828125, 1.466796875, 2.8515625, 0.04852294921875, 0.8876953125, 0.14892578125, 0.406494140625, 2.111328125, 0.94287109375, 1.68359375, 4.8046875, 1.5146484375, 0.39599609375, 6.79296875, 3.10546875, 1.92578125, 0.1734619140625, 0.02972412109375, 0.84716796875, 5.83984375, 2.05859375, 3.029296875, 2.033203125, 0.0494384765625, 7.0859375, 1.2177734375, 1.6240234375, 2.228515625, 2.890625, 8.421875, 1.095703125, 0.78369140625, 1.599609375, 9.2890625, 0.73095703125, 7.1171875, 2.28125, 2.291015625, 0.76611328125, 0.291015625, 0.87939453125, 0.457763671875, 0.164794921875, 5.390625, 0.2890625, 0.0673828125, 0.267822265625, 1.275390625, 0.0369873046875, 2.58984375, 0.32373046875, 0.125732421875, 0.072265625, 0.0911865234375, 0.448974609375, 4.1328125, 0.6201171875, 0.028717041015625, 8.5, 1.1513671875, 6.6015625, 1.408203125, 2.88671875, 0.375244140625, 5.9296875, 1.7373046875, 1.61328125, 5.7734375, 0.33056640625, 3.796875, 7.7890625, 0.052459716796875, 3.49609375, 9.0703125, 5.3984375, 6.48046875, 5.234375, 5.21484375, 6.7109375, 2.302734375, 7.20703125, 2.078125, 0.73046875, 0.2371826171875, 7.61328125, 0.626953125, 4.48828125, 1.173828125, 8.2265625, 0.560546875, 2.671875, 0.98486328125, 1.2880859375, 0.271240234375, 0.166015625, 0.1903076171875, 0.48046875, 1.42578125, 0.81103515625, 0.1025390625, 0.07073974609375, 1.3427734375, 0.32421875, 2.205078125, 2.822265625, 1.5068359375, 0.007396697998046875, 0.00897216796875, 0.1470947265625, 1.8359375, 8.6875, 0.0194854736328125, 0.00730133056640625, 0.1343994140625, 0.007259368896484375, 0.0238494873046875, 0.0222930908203125, 2.1875, 7.3984375, 0.0206756591796875, 1.421875, 2.466796875, 0.050872802734375, 0.33544921875, 0.0565185546875, 0.1871337890625, 0.5654296875, 0.027069091796875, 0.035736083984375, 0.3759765625, 0.0250701904296875, 4.0390625, 0.0006856918334960938, 8.4921875, 0.054656982421875, 1.37890625, 0.240234375, 0.0044097900390625, 3.859375, 9.5859375, 0.56396484375, 0.95703125, 0.64111328125, 0.58251953125, 10.9921875, 3.06640625, 3.609375, 1.4140625, 2.771484375, 0.487548828125, 0.00902557373046875, 0.74462890625, 0.077392578125, 5.61328125, 4.5546875, 0.1416015625, 0.01024627685546875, 0.32958984375, 0.0098419189453125, 0.88427734375, 0.051544189453125, 3.357421875, 1.267578125, 0.0811767578125, 3.126953125, 0.11932373046875, 1.9404296875, 0.026458740234375, 0.334716796875, 0.05548095703125, 0.3056640625, 7.33984375, 0.33251953125, 8.0625, 3.125, 0.97021484375, 11.1015625, 1.7890625, 6.79296875, 0.74560546875, 0.00412750244140625, 2.9453125, 3.361328125, 8.1015625, 0.010345458984375, 0.0850830078125, 0.0207672119140625, 0.0457763671875, 0.0239105224609375, 1.4404296875, 0.390380859375, 4.6640625, 0.0020122528076171875, 0.006561279296875, 0.017120361328125, 0.011627197265625, 0.05511474609375, 3.01171875, 0.2015380859375, 9.2421875, 2.98828125, 0.77587890625, 9.3046875, 0.2183837890625, 0.259521484375, 5.30078125, 0.5087890625, 11.09375, 2.53515625, 3.97265625, 6.5859375, 0.5185546875, 4.4140625, 0.1412353515625, 0.05157470703125, 2.341796875, 0.12188720703125, 0.155517578125, 0.420654296875, 2.35546875, 0.022857666015625, 2.849609375, 6.1953125, 0.035614013671875, 0.026275634765625, 0.5625, 0.060791015625, 0.07470703125, 0.46484375, 3.048828125, 0.0272216796875, 0.019439697265625, 0.435546875, 0.01715087890625, 0.0498046875, 0.036834716796875, 3.216796875, 4.2265625, 0.0011425018310546875, 0.2318115234375, 0.73974609375, 0.0080413818359375, 0.137939453125, 0.067138671875, 0.07745361328125, 1.4453125, 0.054046630859375, 9.140625, 0.5068359375, 6.875, 0.256591796875, 7.9921875, 1.0048828125, 2.310546875, 0.96240234375, 4.21484375, 1.43359375, 0.1337890625, 1.423828125, 0.25390625, 0.002532958984375, 3.16015625, 8.65625, 2.13671875, 0.61328125, 0.042572021484375, 3.234375, 0.0655517578125, 8.2265625, 0.10919189453125, 0.036834716796875, 12.6171875, 1.359375, 0.5537109375, 0.9130859375, 0.1512451171875, 5.51171875, 6.0546875, 0.353271484375, 1.8623046875, 1.193359375, 5.0703125, 0.1260986328125, 0.05474853515625, 1.5859375, 0.330078125, 1.490234375, 5.4375, 0.64697265625, 0.0229339599609375, 5.32421875, 0.1943359375, 0.529296875, 2.091796875, 6.2265625, 2.107421875, 1.109375, 5.3125, 0.0687255859375, 0.039825439453125, 2.255859375, 11.0546875, 1.80859375, 0.6123046875, 0.1248779296875, 0.76318359375, 0.069091796875, 0.328125, 0.02593994140625, 5.22265625, 0.0875244140625, 0.033416748046875, 1.6748046875, 0.0031299591064453125, 0.4560546875, 6.08984375, 2.23046875, 1.412109375, 0.00678253173828125, 0.32666015625, 0.1387939453125, 6.234375, 1.05859375, 0.4287109375, 3.251953125, 6.3515625, 0.14404296875, 1.8681640625, 3.98828125, 4.03125, 1.4697265625, 6.0703125, 0.416259765625, 2.568359375, 7.953125, 4.46484375, 5.0859375, 4.203125, 1.4912109375, 0.06451416015625, 2.208984375, 6.59375, 0.0479736328125, 1.8876953125, 7.46484375, 3.982421875, 0.0899658203125, 0.006862640380859375, 10.8515625, 1.4453125, 2.255859375, 0.10943603515625, 0.331787109375, 0.056396484375, 1.595703125, 2.19921875, 0.1134033203125, 0.74951171875, 0.08306884765625, 0.036224365234375, 0.05694580078125, 0.06610107421875, 0.007274627685546875, 0.0271453857421875, 0.148681640625, 0.01678466796875, 0.04791259765625, 0.491943359375, 0.03179931640625, 0.0241851806640625, 0.1903076171875, 1.5048828125, 0.023284912109375, 6.375, 0.480224609375, 0.05035400390625, 0.02569580078125, 0.0005483627319335938, 0.98681640625, 0.040283203125, 0.1346435546875, 0.01348876953125, 2.130859375, 0.71240234375, 0.0234527587890625, 0.70556640625, 0.109619140625, 0.004558563232421875, 0.72021484375, 0.8408203125]",-2.171419428672274
150,1,test,3.2635208496680628,1.4517272153192446,1.989821768135063,6.034434778631512,2.6843257943638865,3.6792930807025694,26.141415296390505,20.019998120845514,22.567366458076766,48.336956585778665,37.018109732884156,41.72833797908533,3.3013737874153333,1.504984148799947,2.0278974920010047,6.104427003145332,2.782800878913109,3.7496972493603478,27.149911519254985,21.122066088146582,23.576658840719908,50.20172318654695,39.055895785629524,43.59457672435001,3.2635208496680628,1.4517272153192446,1.989821768135063,6.034434778631512,2.6843257943638865,3.6792930807025694,26.141415296390505,20.019998120845514,22.567366458076766,48.336956585778665,37.018109732884156,41.72833797908533,0.676923076923077,-0.003076923076922977,0.006923076923077032,0.5794871794871794,-0.005512820512820538,-0.005512820512820538,0.4769230769230769,0.0019230769230769162,-0.013076923076923097,0.4461538461538461,0.12134566201062358,0.18209933167343728,0.38144329896907214,0.441025641025641,0.10598727785428552,0.17697112654523217,0.3917525773195877,0.4461538461538461,0.12134566201062358,0.18209933167343728,0.38144329896907214,22.0,0.0,1.0,33.0,1.0,2.0,42.0,-1.0,3.0,0.0005892149199687745,0.00019325192412634134,8.1731266027874e-05,-0.01424455077749176,-0.014100296715236382,-0.014028836800857647,"[8.21875, 0.28369140625, 4.16015625, 0.5185546875, 3.59375, 6.890625, 7.47265625, 3.712890625, 0.68798828125, 3.791015625, 0.319091796875, 4.92578125, 2.1328125, 3.384765625, 10.5625, 5.67578125, 4.54296875, 7.23046875, 6.43359375, 7.34375, 2.80078125, 5.78125, 2.984375, 10.1640625, 1.796875, 0.66845703125, 0.1614990234375, 8.515625, 3.9609375, 6.28515625, 5.265625, 4.11328125, 6.72265625, 7.703125, 5.3515625, 5.66796875, 3.009765625, 4.984375, 3.693359375, 2.69140625, 2.623046875, 5.26171875, 0.4619140625, 0.47705078125, 3.1640625, 3.787109375, 8.890625, 0.050994873046875, 3.5625, 0.00780487060546875, 3.12890625, 0.2783203125, 1.9775390625, 0.45849609375, 0.117431640625, 0.71630859375, 0.044219970703125, 1.943359375, 0.406494140625, 0.5673828125, 7.84765625, 2.62109375, 3.00390625, 8.5625, 1.7744140625, 6.125, 2.880859375, 3.7890625, 4.921875, 2.958984375, 2.498046875, 2.931640625, 2.927734375, 3.21875, 6.1953125, 1.3525390625, 0.66015625, 6.1875, 4.89453125, 0.91162109375, 1.8349609375, 6.63671875, 2.626953125, 3.5625, 0.57421875, 2.197265625, 0.82373046875, 0.70556640625, 0.51513671875, 0.01971435546875, 3.611328125, 0.0003819465637207031, 3.96484375, 0.059539794921875, 0.2027587890625, 0.072998046875, 0.00534820556640625, 0.1287841796875, 0.00942230224609375, 2.306640625, 0.0601806640625, 0.12298583984375, 8.4140625, 0.98486328125, 8.21875, 1.2890625, 5.19921875, 5.19140625, 3.44140625, 7.33203125, 1.328125, 6.4453125, 3.66796875, 1.0166015625, 0.08050537109375, 1.041015625, 4.0859375, 6.328125, 0.353515625, 5.28125, 2.572265625, 2.6875, 6.8125, 4.21484375, 4.6953125, 4.359375, 0.007381439208984375, 3.365234375, 5.4375, 0.7763671875, 0.07208251953125, 0.80810546875, 9.5703125, 2.23828125, 0.037078857421875, 3.521484375, 6.734375, 2.40234375, 7.18359375, 8.90625, 6.65625, 5.9453125, 8.359375, 0.724609375, 5.22265625, 1.53125, 0.30322265625, 4.359375, 0.625, 0.5654296875, 0.303955078125, 1.4189453125, 4.4296875, 9.0, 9.984375, 5.33203125, 3.291015625, 4.4375, 2.548828125, 13.453125, 1.0908203125, 0.74365234375, 6.6640625, 5.015625, 9.140625, 0.89453125, 5.1484375, 1.6806640625, 0.46826171875, 5.86328125, 1.1328125, 1.4306640625, 4.02734375, 0.65234375, 0.2271728515625, 1.4033203125, 0.53369140625, 0.198486328125, 0.0078887939453125, 2.279296875, 0.0013113021850585938, 1.890625, 0.0523681640625, 0.08758544921875, 0.052734375, 0.006793975830078125, 0.10345458984375, 0.00856781005859375, 2.4140625, 0.052093505859375, 0.053314208984375, 6.01171875, 7.23046875, 2.99609375, 3.794921875]",-0.8623436560997595
1,1,test,1.9219795910280142,0.852430686931698,1.182105410743762,5.472755445639091,2.4272602610936485,3.365995067880543,6.8344745512223986,3.920409870418458,4.73880273014943,19.46087668822649,11.163200986954253,13.493539977374649,2.2759782033949043,0.9767542294585987,1.3982427098177208,5.172677734988419,2.21989597604227,3.17782434049482,9.737439551716017,6.0709892493766064,7.33199316629816,22.13054443571822,13.797702839492288,16.66362083249582,1.9278566175479952,0.8384560355449191,1.1739489599766841,5.073306888284198,2.2064632514339975,3.0893393683596955,6.87475920043525,3.9022674270545945,4.749470488534961,18.09147158009276,10.269124808038406,12.498606548776209,0.49246231155778897,-0.032537688442211055,-0.01753768844221104,0.39698492462311563,-0.008015075376884395,-0.008015075376884395,0.29648241206030146,-0.0035175879396985854,0.0064824120603014235,0.3522388059701492,0.10335654069444133,0.15561517141205583,0.281437125748503,0.3668341708542714,0.11871387010239165,0.16483083195610782,0.2777777777777778,0.35785953177257523,0.10744216950212448,0.15763706236211916,0.27181208053691275,21.0,8.0,8.0,32.0,11.0,11.0,37.0,9.0,9.0,0.0015016544653543701,-9.749641682565624e-05,0.0005574321399898182,-0.06469279503960923,-0.05449556726888183,-0.0621081302012243,"[8.8046875, 10.3046875, 2.478515625, 5.640625, 1.203125, 6.203125, 3.564453125, 0.22119140625, 3.216796875, 0.497802734375, 0.994140625, 7.140625, 8.6796875, 0.89794921875, 2.453125, 0.054962158203125, 8.109375, 0.323974609375, 2.5703125, 0.14208984375, 2.4140625, 2.6328125, 0.1978759765625, 0.1649169921875, 4.67578125, 0.421630859375, 2.439453125, 1.724609375, 3.853515625, 5.6953125, 0.218017578125, 1.7431640625, 2.27734375, 4.49609375, 0.9267578125, 3.751953125, 9.359375, 0.28271484375, 1.453125, 6.5390625, 3.30078125, 0.106201171875, 0.31640625, 0.39501953125, 0.00960540771484375, 0.382080078125, 6.18359375, 1.2080078125, 0.6982421875, 0.1256103515625, 2.70703125, 2.142578125, 4.98828125, 6.53515625, 0.7001953125, 0.18701171875, 4.34765625, 2.080078125, 0.0869140625, 1.1171875, 0.75537109375, 0.4345703125, 0.203125, 2.1328125, 0.405029296875, 5.6640625, 6.2109375, 0.454833984375, 0.7021484375, 0.10052490234375, 1.703125, 0.410400390625, 1.84375, 0.2080078125, 3.771484375, 2.716796875, 0.37646484375, 1.6826171875, 9.0234375, 0.95263671875, 0.09600830078125, 0.69970703125, 0.06988525390625, 1.109375, 0.019134521484375, 4.66796875, 0.038360595703125, 4.23828125, 3.564453125, 8.1328125, 1.56640625, 0.063232421875, 1.12890625, 0.55126953125, 0.1734619140625, 0.7880859375, 0.498779296875, 3.669921875, 2.21875, 0.2196044921875, 0.3173828125, 0.0762939453125, 1.0947265625, 11.015625, 5.98046875, 3.01953125, 0.172607421875, 0.81201171875, 11.546875, 1.2919921875, 9.1953125, 6.40625, 6.41015625, 5.609375, 2.111328125, 8.609375, 8.65625, 2.57421875, 8.6796875, 4.25390625, 1.24609375, 8.40625, 3.4375, 4.21875, 0.1368408203125, 0.13134765625, 0.19970703125, 2.244140625, 0.10760498046875, 1.2841796875, 0.1181640625, 4.07421875, 1.0458984375, 3.029296875, 0.300537109375, 1.1748046875, 0.1180419921875, 1.4267578125, 0.1324462890625, 2.1328125, 0.2186279296875, 0.76611328125, 0.1417236328125, 0.1527099609375, 0.95849609375, 0.07720947265625, 4.96875, 7.65625, 7.45703125, 3.859375, 4.26171875, 0.209228515625, 0.8740234375, 0.72314453125, 0.2281494140625, 3.3125, 0.17578125, 0.134033203125, 3.923828125, 3.283203125, 3.40234375, 4.21875, 2.40234375, 1.0029296875, 0.1370849609375, 3.263671875, 0.05322265625, 0.10723876953125, 1.03515625, 0.5009765625, 0.11492919921875, 0.6533203125, 0.06915283203125, 0.5888671875, 0.2388916015625, 0.22607421875, 2.34375, 5.96484375, 1.0146484375, 0.03192138671875, 0.0257720947265625, 0.6064453125, 0.047027587890625, 0.1375732421875, 2.0078125, 3.111328125, 0.955078125, 0.3203125, 0.035858154296875, 0.13525390625, 0.64599609375, 0.052276611328125, 0.028167724609375, 0.56982421875, 0.311767578125, 0.11907958984375, 0.469482421875, 0.0171661376953125, 0.137451171875, 0.17529296875, 0.07867431640625, 0.1785888671875, 5.2734375, 0.4951171875, 0.04534912109375, 0.0269317626953125, 0.39453125, 0.0202789306640625, 0.057586669921875, 2.4609375, 0.2108154296875, 0.55224609375, 2.23046875, 0.2763671875, 0.73974609375, 0.041290283203125, 0.0538330078125, 0.40087890625, 0.02081298828125, 0.0080718994140625, 0.1663818359375, 0.25341796875, 0.047088623046875, 0.552734375, 0.00742340087890625, 0.10455322265625, 0.06268310546875, 0.1871337890625, 0.06658935546875, 3.853515625, 0.31591796875, 0.0177764892578125, 0.0247039794921875, 0.148681640625, 0.0069580078125, 6.01953125, 0.03485107421875, 3.052734375, 0.0175018310546875, 3.330078125, 1.673828125, 0.057891845703125, 2.23046875, 0.4658203125, 0.83447265625, 1.7197265625, 1.4462890625, 4.34375, 0.5634765625, 0.054901123046875, 0.066162109375, 0.8271484375, 1.9365234375, 5.7265625, 0.246826171875, 2.021484375, 10.1796875, 2.291015625, 0.265869140625, 1.361328125, 0.01016998291015625, 2.662109375, 0.5185546875, 0.122314453125, 0.33447265625, 0.155517578125, 0.0115203857421875, 1.8623046875, 3.1015625, 0.8447265625, 0.77294921875, 0.521484375, 0.2425537109375, 0.0110931396484375, 1.53515625, 1.5400390625, 0.01111602783203125, 0.049560546875, 0.0277252197265625, 0.413818359375, 0.01534271240234375, 3.287109375, 0.187255859375, 4.05859375, 6.78125, 3.431640625, 3.505859375, 1.380859375, 3.140625, 1.708984375, 0.080810546875, 2.44921875, 0.048614501953125, 7.83984375, 0.603515625, 0.64111328125, 1.7607421875, 0.6669921875, 0.1412353515625, 0.032440185546875, 1.4892578125, 0.2113037109375, 3.6796875, 2.083984375, 2.255859375, 0.2041015625, 0.0635986328125, 0.0648193359375, 2.564453125, 7.96484375, 0.00269317626953125, 0.81884765625, 5.26953125, 0.5224609375, 0.1728515625, 8.5234375, 3.380859375, 0.2200927734375, 1.0654296875, 0.018768310546875, 2.208984375, 2.37890625, 5.72265625, 2.017578125, 0.001667022705078125, 0.11602783203125, 0.026092529296875, 0.378662109375, 6.15234375, 0.072265625, 0.001251220703125, 0.061553955078125, 2.505859375, 0.0120086669921875, 1.857421875]",-1.556391075475892
62,1,test,0.9252569512424306,0.3857242218059713,0.5303832941743476,4.46151297037446,1.8599304941876977,2.5574646513612382,2.5225163407998648,0.807311130799719,1.0383196794829535,12.163366465226744,3.892787918376726,5.006692153123282,1.3021346408518115,0.5127283965332247,0.7156137912879709,4.006568125697881,1.5776258354868449,2.201888588578371,3.677137664061606,1.4750491286299359,1.879414690219151,11.314269735574172,4.538612703476726,5.782814431443542,0.9816854008065419,0.38176377707345444,0.5341835915728563,4.268197394811051,1.6598425090150188,2.3225373546645924,2.66895070505054,0.8469747099331315,1.1045515727690645,11.604133500219739,3.682498738839702,4.8023981424741935,0.31155778894472363,0.006557788944723586,-0.003442211055276312,0.22613065326633164,-0.003869346733668344,-0.013869346733668353,0.1959798994974874,0.010979899497487344,0.005979899497487451,0.19658119658119655,0.04864378548589077,0.06852645562322979,0.13428571428571423,0.2864321608040201,0.09595597032782965,0.13451229435994672,0.19191919191919193,0.21404682274247488,0.05878805813479537,0.10281211751444375,0.12751677852348997,12.0,2.0,3.0,20.0,9.0,9.0,24.0,10.0,10.0,0.0010764521529625327,0.00040532612278348896,0.0005502389105463658,-0.1262373916506756,-0.11823440326807777,-0.12705174005480435,"[7.18359375, 3.826171875, 2.7890625, 7.05078125, 6.234375, 6.03515625, 3.81640625, 4.75, 1.53125, 3.013671875, 1.7705078125, 0.027252197265625, 0.181396484375, 2.427734375, 0.00836181640625, 0.18896484375, 0.0012664794921875, 0.01132965087890625, 3.10546875, 3.265625, 6.6171875, 4.09375, 5.55078125, 1.70703125, 1.7431640625, 3.291015625, 10.1484375, 1.548828125, 1.060546875, 0.250732421875, 0.02130126953125, 3.21484375, 3.255859375, 2.27734375, 3.310546875, 3.40625, 0.1544189453125, 0.00970458984375, 0.086669921875, 0.312744140625, 1.1005859375, 1.2998046875, 0.80810546875, 0.0004544258117675781, 0.55908203125, 4.1796875, 0.6728515625, 0.00433349609375, 0.01155853271484375, 3.099609375, 0.0037631988525390625, 0.0002579689025878906, 0.012969970703125, 0.002971649169921875, 0.189453125, 0.8115234375, 0.02288818359375, 3.099609375, 0.010223388671875, 1.7578125, 0.00409698486328125, 0.0027904510498046875, 0.0160980224609375, 0.0007100105285644531, 0.00409698486328125, 4.2890625, 0.028717041015625, 0.02337646484375, 5.0703125, 0.0240936279296875, 0.011810302734375, 1.521484375, 0.148193359375, 0.0765380859375, 5.171875, 0.609375, 7.03125, 3.5762786865234375e-07, 3.743171691894531e-05, 0.0025539398193359375, 0.0692138671875, 1.4326171875, 0.0290069580078125, 0.0014028549194335938, 0.0006113052368164062, 0.08563232421875, 0.0264892578125, 0.0018558502197265625, 0.002593994140625, 0.0093231201171875, 0.0003783702850341797, 0.00036406517028808594, 0.0008902549743652344, 0.0001138448715209961, 0.01288604736328125, 1.0244140625, 0.0002522468566894531, 0.00434112548828125, 0.0309600830078125, 0.018890380859375, 0.00521087646484375, 8.976459503173828e-05, 8.189678192138672e-05, 0.0074615478515625, 0.0001901388168334961, 4.5418739318847656e-05, 0.00977325439453125, 0.0048828125, 0.0293731689453125, 0.01381683349609375, 6.67572021484375e-06, 0.0003829002380371094, 0.33642578125, 0.36865234375, 7.01953125, 0.9697265625, 0.65478515625, 3.361328125, 0.438720703125, 0.473876953125, 2.2890625, 0.279541015625, 0.003971099853515625, 0.00919342041015625, 0.91650390625, 0.1588134765625, 0.77294921875, 0.088623046875, 0.75, 0.8974609375, 3.4140625, 9.0859375, 4.70703125, 8.609375, 5.54296875, 2.5546875, 6.82421875, 5.78125, 4.97265625, 5.73046875, 0.006298065185546875, 0.014801025390625, 0.048309326171875, 0.0089569091796875, 2.978515625, 0.485107421875, 1.591796875, 0.7685546875, 9.608268737792969e-05, 0.00553131103515625, 0.0020198822021484375, 0.05316162109375, 0.410888671875, 0.038238525390625, 0.00211334228515625, 0.0019330978393554688, 0.4140625, 0.1090087890625, 0.007213592529296875, 0.00014138221740722656, 0.0035552978515625, 0.0072479248046875, 0.00347900390625, 0.00508880615234375, 0.018524169921875, 0.006793975830078125, 0.1947021484375, 0.0010633468627929688, 0.0037841796875, 0.1531982421875, 0.0455322265625, 0.02703857421875, 0.0009307861328125, 0.0005307197570800781, 0.0097198486328125, 0.00020694732666015625, 0.00012362003326416016, 0.005397796630859375, 0.07415771484375, 0.031402587890625, 0.023956298828125, 2.4080276489257812e-05, 0.0014257431030273438, 0.78662109375, 0.0016727447509765625, 14.8203125, 3.33203125, 0.345947265625, 0.00021576881408691406, 1.8212890625, 0.7451171875, 0.8427734375, 0.0003921985626220703, 1.4765625, 0.20068359375, 0.07061767578125, 0.2286376953125, 7.152557373046875e-07, 0.0018796920776367188, 0.0006031990051269531, 0.007297515869140625, 0.1029052734375, 0.002521514892578125, 0.0007786750793457031, 0.0009546279907226562, 0.0655517578125, 0.0256500244140625, 0.0010251998901367188, 0.00042510032653808594, 0.003276824951171875, 0.0013942718505859375, 0.0004093647003173828, 0.0007014274597167969, 6.008148193359375e-05, 0.00441741943359375, 0.05316162109375, 0.0009627342224121094, 0.002010345458984375, 0.025177001953125, 0.006397247314453125, 0.002899169921875, 0.0014886856079101562, 0.000545501708984375, 0.00310516357421875, 5.5909156799316406e-05, 0.0003364086151123047, 0.0021114349365234375, 0.0228424072265625, 0.01324462890625, 0.0078125, 5.7220458984375e-06, 0.0009565353393554688, 0.184814453125, 0.00017642974853515625, 8.71875, 8.71875, 0.188720703125, 0.10772705078125, 0.0001043081283569336, 0.0259552001953125, 0.0254364013671875, 0.03179931640625, 0.0002129077911376953, 0.3359375, 0.347900390625, 0.019989013671875, 0.002750396728515625, 2.384185791015625e-07, 0.0006155967712402344, 0.0034732818603515625, 0.0028362274169921875, 0.02947998046875, 0.0009737014770507812, 0.0005345344543457031, 0.0019245147705078125, 0.00264739990234375, 0.016998291015625, 0.0014095306396484375, 7.033348083496094e-05, 0.0013418197631835938, 0.00036025047302246094, 0.0010576248168945312, 0.0011281967163085938, 6.723403930664062e-05, 0.0020885467529296875, 0.01100921630859375, 0.0001308917999267578, 0.0037899017333984375, 0.01080322265625, 0.0085906982421875, 0.005054473876953125, 0.0005021095275878906, 0.00017833709716796875, 0.004985809326171875, 2.6226043701171875e-06, 0.00012552738189697266, 0.0018720626831054688, 0.0102996826171875, 0.0110321044921875, 0.007762908935546875, 5.125999450683594e-06, 0.0027790069580078125, 0.0285186767578125, 0.00016701221466064453, 7.46484375, 2.1015625, 0.66552734375, 0.19140625, 0.0001119375228881836, 0.044342041015625, 0.0209808349609375, 0.01152801513671875, 7.581710815429688e-05, 0.314453125, 0.325439453125, 0.018341064453125, 0.00272369384765625, -0.0, 7.486343383789062e-05, 0.003307342529296875, 0.0021266937255859375, 0.01459503173828125, 0.00036215782165527344, 0.0004482269287109375, 0.0006256103515625, 0.00524139404296875, 0.009765625, 0.0019207000732421875, 2.6106834411621094e-05, 0.00323486328125, 0.0003597736358642578, 0.0011749267578125, 0.0004458427429199219, 6.413459777832031e-05, 0.0016508102416992188, 0.0226287841796875, 0.0001423358917236328, 0.0008225440979003906, 0.0244598388671875, 0.004596710205078125, 0.004192352294921875, 0.000522613525390625, 0.0001747608184814453, 0.00603485107421875, 2.6226043701171875e-06, 0.00012493133544921875, 0.0018777847290039062, 0.01192474365234375, 0.01177215576171875, 0.0073699951171875, 1.2874603271484375e-05, 0.0008955001831054688, 0.0758056640625, 6.020069122314453e-05, 6.078125, 8.4921875, 6.5234375, 0.2015380859375, 0.09942626953125, 4.088878631591797e-05, 0.07904052734375, 0.02325439453125, 6.0078125, 0.1513671875, 0.03814697265625, 0.7900390625, 0.919921875, 0.58251953125, 0.22314453125, 0.1678466796875, 0.72412109375]",-1.2316057845058603
134,1,test,4.484748243795011,2.087771748859017,2.8584784169842496,7.3937741316620444,3.4420020724432443,4.712626579352412,88.65462865034327,77.66473056541082,83.56975680440578,146.1603337208362,128.04185309432594,137.77716662347981,4.552516410099202,2.0905100264280034,2.8897926232563593,7.402465707478378,3.3992032950048845,4.69884979391278,94.87084213573702,83.14252267794274,89.59718652243193,154.26153192802767,135.19109378527273,145.6864821502958,4.496306831454054,2.0960952688430594,2.866495227016858,7.412830181586413,3.455724632416936,4.725843482379146,89.68529600162262,78.65978728229534,84.58238273986603,147.85954205672917,129.68235200594637,139.4466310035629,0.8341708542713568,0.004170854271356883,0.004170854271356883,0.6834170854271358,-0.011582914572864311,-0.0015829145728643024,0.5879396984924623,0.012939698492462348,0.007939698492462233,0.48559670781893005,0.1529478371823797,0.23115074338664554,0.4132231404958677,0.49246231155778897,0.16163524388861605,0.24037550020553522,0.40909090909090906,0.4814814814814815,0.1467792227545821,0.22019557176875926,0.4256198347107438,29.0,-1.0,2.0,42.0,2.0,3.0,48.0,-1.0,-1.0,0.00018263381466715825,-6.002824581291956e-05,1.8351070902340474e-05,-0.004671735939937527,-0.005318341891435985,-0.005677640511048132,"[11.3671875, 5.1171875, 4.4921875, 6.22265625, 8.171875, 8.2890625, 9.1015625, 2.080078125, 1.462890625, 5.21484375, 8.546875, 0.077880859375, 9.03125, 1.73046875, 4.6171875, 7.01171875, 3.931640625, 7.15234375, 2.435546875, 6.17578125, 5.3671875, 8.8828125, 6.62890625, 5.03125, 6.84765625, 5.9296875, 1.4365234375, 8.015625, 1.1767578125, 5.32421875, 9.515625, 5.5625, 5.08203125, 6.88671875, 4.62890625, 7.44921875, 0.556640625, 2.0859375, 11.609375, 8.84375, 3.921875, 10.2578125, 4.37109375, 5.671875, 5.328125, 5.03125, 1.1943359375, 2.017578125, 5.88671875, 6.27734375, 6.75390625, 1.951171875, 8.0859375, 3.62890625, 8.375, 2.68359375, 2.224609375, 0.7490234375, 2.16015625, 0.406494140625, 1.1435546875, 7.4765625, 8.7265625, 1.3056640625, 0.27197265625, 6.484375, 10.4375, 7.0390625, 2.982421875, 1.0205078125, 2.966796875, 1.453125, 5.41015625, 5.7265625, 7.72265625, 7.12109375, 5.00390625, 5.30078125, 5.8515625, 5.1015625, 1.1826171875, 0.818359375, 0.1837158203125, 5.65234375, 2.642578125, 0.755859375, 8.6328125, 0.8193359375, 0.09771728515625, 1.837890625, 1.712890625, 8.65625, 3.08203125, 0.014862060546875, 0.859375, 0.00244903564453125, 3.939453125, 0.638671875, 10.2734375, 0.052490234375, 0.66943359375, 8.7109375, 1.46484375, 11.296875, 7.8515625, 0.39013671875, 5.96875, 3.154296875, 9.28125, 6.52734375, 1.861328125, 8.21875, 1.509765625, 11.359375, 1.6474609375, 0.405029296875, 8.3984375, 1.6484375, 4.6328125, 0.006633758544921875, 2.103515625, 7.265625, 7.015625, 7.6875, 6.38671875, 2.8515625, 0.9423828125, 1.630859375, 1.5322265625, 9.53125, 5.55078125, 2.470703125, 1.1533203125, 1.201171875, 0.28271484375, 0.0989990234375, 0.07244873046875, 0.35546875, 0.474365234375, 0.01493072509765625, 0.062347412109375, 0.1641845703125, 0.8681640625, 0.017578125, 3.06640625, 4.515625, 1.51171875, 3.53515625, 0.005634307861328125, 14.2734375, 8.96875, 7.90234375, 5.8828125, 2.431640625, 2.51953125, 12.6796875, 10.7578125, 6.8984375, 1.568359375, 5.953125, 1.1591796875, 3.3515625, 8.3125, 3.3046875, 2.69921875, 5.41796875, 6.0078125, 1.9677734375, 4.34765625, 2.26171875, 5.73828125, 8.78125, 1.02734375, 3.34765625, 1.5146484375, 6.66796875, 1.24609375, 0.1329345703125, 0.020751953125, 13.5390625, 3.771484375, 8.4609375, 9.4296875, 2.3984375, 3.111328125, 7.01171875, 0.39453125, 2.005859375, 6.359375, 2.0546875, 7.71875, 11.5703125, 7.5625, 9.828125, 6.92578125, 5.71484375, 3.396484375, 8.8125, 3.904296875, 6.015625, 7.02734375, 4.67578125, 9.0703125, 1.998046875, 0.5302734375, 3.1953125, 7.19921875, 3.33203125, 8.2890625, 2.318359375, 6.0703125, 2.84375, 7.05859375, 4.61328125, 8.8984375, 3.52734375, 5.75390625, 0.50830078125, 1.3427734375, 0.043609619140625, 0.0439453125, 0.0304412841796875, 6.421875, 0.1617431640625, 3.708984375, 7.875, 3.8515625, 4.1171875, 10.5859375, 3.20703125, 8.890625, 1.3046875, 6.0390625, 1.7724609375, 0.49462890625, 4.46484375, 7.0859375, 0.87841796875, 3.81640625, 1.333984375, 6.3671875, 6.95703125, 1.1171875]",-1.3590608840126066
88,1,test,0.8116582078118306,0.34488861780558444,0.4749165864855208,1.3870108614505967,0.5893666253639734,0.8115663186777887,2.2516385774528196,0.656804682040832,0.8512613880634388,3.8477368095712743,1.1223877477912954,1.4546871821337244,0.22405310791341504,-0.07530238105734866,-0.04290648585628892,0.39655417329807974,-0.13327855054397997,-0.07594068293148482,1.2511374629640613,-0.09785162602426478,-0.054850212261690734,2.2144025893169226,-0.17318871862701757,-0.09708002170210772,0.8101778473552718,0.34425583097438134,0.4755241316451564,1.3844811315564771,0.5882852807790061,0.8126045287607103,2.248307806719211,0.6548250777663833,0.850851422484536,3.8420449861657406,1.1190048797273637,1.4539866080431945,0.055276381909547756,-0.014723618090452195,-0.004723618090452297,0.045226130653266305,0.00022613065326626547,0.00522613065326627,0.02010050251256279,-0.004899497487437232,-0.004899497487437232,0.16356877323420072,0.03926450607279075,0.05726469412418833,0.22388059701492535,0.1507537688442211,0.040478079621163454,0.05058682393604075,0.10606060606060608,0.16728624535315983,0.03741611548302992,0.06839872990198559,0.2276119402985075,14.0,5.0,5.0,16.0,7.0,7.0,16.0,7.0,7.0,-0.0014461138660120782,-0.0011316816755973654,-1.9351912527276024e-05,-0.09971309229890268,-0.09194892709257152,-0.09794521527850453,"[0.61083984375, 0.9052734375, 0.0310211181640625, 0.025146484375, 0.11737060546875, 1.0341796875, 0.359375, 0.4755859375, 0.00403594970703125, 0.75244140625, 0.0009860992431640625, 0.0021209716796875, 0.07611083984375, 0.01377105712890625, 1.65625, 4.8984375, 2.099609375, 3.734375, 0.50146484375, 0.260498046875, 1.326171875, 0.0031566619873046875, 4.9609375, 1.8125, 0.59375, 0.053466796875, 0.0019245147705078125, 0.0806884765625, 2.169921875, 0.01041412353515625, 0.0003657341003417969, 0.07159423828125, 0.01702880859375, 0.0006017684936523438, 0.332763671875, 0.00032210350036621094, 0.03680419921875, 0.35107421875, 0.01099395751953125, 0.031524658203125, 0.0025005340576171875, 0.0034542083740234375, 4.76837158203125e-06, 0.00028252601623535156, 0.0251312255859375, 0.011932373046875, 0.0301361083984375, 0.0009202957153320312, 0.022308349609375, 0.1407470703125, 0.0014104843139648438, 0.0002543926239013672, 0.1552734375, 0.0012760162353515625, 0.00011610984802246094, 0.00830078125, 0.005352020263671875, 0.0011272430419921875, 0.005306243896484375, 0.007419586181640625, 0.003528594970703125, 0.0011720657348632812, 0.0225372314453125, 0.02838134765625, 4.076957702636719e-05, 0.02349853515625, 0.002349853515625, 1.2278556823730469e-05, 0.00262451171875, 0.007171630859375, 2.682209014892578e-05, 7.998943328857422e-05, 0.0014219284057617188, 0.0002887248992919922, 0.0017423629760742188, 0.00019466876983642578, 0.040679931640625, 0.056396484375, 0.10833740234375, 0.00273895263671875, 0.00472259521484375, 0.1229248046875, 0.0039825439453125, 2.830078125, 0.0199432373046875, 2.384185791015625e-06, 0.0018320083618164062, 0.00013744831085205078, 0.0162811279296875, 2.586841583251953e-05, 0.0001977682113647461, 0.0002884864807128906, 0.000518798828125, 0.0035533905029296875, 0.00046944618225097656, 8.428096771240234e-05, 0.0025272369384765625, 4.0531158447265625e-06, 0.0047760009765625, 0.00555419921875, 0.005222320556640625, 0.0149383544921875, 0.1895751953125, 0.0187530517578125, 0.01241302490234375, 0.0006356239318847656, 1.0609626770019531e-05, 4.9591064453125e-05, 0.0001150369644165039, 0.0004134178161621094, 3.933906555175781e-06, 1.4424324035644531e-05, 0.00045108795166015625, 0.00014662742614746094, 0.00040340423583984375, 3.62396240234375e-05, 0.31689453125, 0.00046825408935546875, 0.00010514259338378906, 0.00035881996154785156, 0.001316070556640625, 4.696846008300781e-05, 9.620189666748047e-05, 8.690357208251953e-05, 2.3484230041503906e-05, 7.987022399902344e-06, 0.00038051605224609375, 0.004734039306640625, 0.0005855560302734375, 0.0002644062042236328, 0.0009226799011230469, 0.001277923583984375, 0.00012350082397460938, 0.00014960765838623047, 0.00262451171875, 0.0004360675811767578, 0.0012607574462890625, 0.135009765625, 0.00034546852111816406, 5.7816505432128906e-05, 0.0003871917724609375, 4.00543212890625e-05, 0.000408172607421875, 0.00024127960205078125, 0.002643585205078125, 0.00027680397033691406, 0.0002307891845703125, 0.00556182861328125, 0.01861572265625, 0.00469970703125, 0.0494384765625, 0.0006170272827148438, 0.0352783203125, 0.053131103515625, 0.0005807876586914062, 4.744529724121094e-05, 0.00039649009704589844, 0.00013899803161621094, 4.7326087951660156e-05, 0.00021088123321533203, 3.910064697265625e-05, 1.990795135498047e-05, 0.00014209747314453125, 0.006938934326171875, 0.00012159347534179688, 0.0003998279571533203, 1.4066696166992188e-05, 0.007099151611328125, 0.004604339599609375, 0.00016772747039794922, 0.002410888671875, 0.03375244140625, 5.671875, 0.5693359375, 0.04931640625, 0.1551513671875, 0.576171875, 2.958984375, 1.3671875, 0.0016088485717773438, 0.11590576171875, 0.0191802978515625, 0.002170562744140625, 0.00012862682342529297, 0.002780914306640625, 7.152557373046875e-07, 0.005046844482421875, 9.5367431640625e-07, 5.030632019042969e-05, 0.00019407272338867188, 3.1113624572753906e-05, 0.0001169443130493164, 0.00030303001403808594, 0.00672149658203125, 0.0023632049560546875, 0.712890625, 0.1383056640625, 0.338134765625, 0.006282806396484375, 8.273124694824219e-05, 5.602836608886719e-06, 0.01404571533203125, 0.0013914108276367188, 0.00064849853515625, 0.0006384849548339844, -0.0, 0.75537109375, 9.417533874511719e-06, 0.01012420654296875, 0.006488800048828125, 0.002658843994140625, 0.00914764404296875, 0.00254058837890625, 0.01464080810546875, 1.1920928955078125e-05, 8.809566497802734e-05, 0.0013456344604492188, 0.00836944580078125, 0.00860595703125, 8.344650268554688e-07, 0.269287109375, 0.037506103515625, 0.326904296875, 0.23193359375, 0.7001953125, 0.30419921875, 0.0484619140625, 0.0018177032470703125, 7.30078125, 0.7646484375, 11.6875, 4.1328125, 0.51708984375, 7.99609375, 3.5859375, 1.189453125, 6.30078125, 1.6240234375, 3.65625, 0.00030541419982910156, 4.875, 4.83203125, 4.171875, 7.27734375, 3.3515625, 7.23828125, 6.67578125, 9.59375, 0.4111328125, 9.1015625, 4.5703125, 6.140625, 4.2265625, 0.7861328125, 4.5546875, 5.19140625, 3.673828125, 8.0625, 3.85546875, 5.1015625, 3.32421875, 8.359375, 0.56982421875, 2.0503997802734375e-05, 0.0001245737075805664, 0.021820068359375, 4.046875, 0.000942230224609375, 0.0002727508544921875]",-3.547383959851744
8,1,test,0.3639832290948606,0.10620242573648075,0.17726062837565745,0.6731497068200132,0.19641051024758788,0.3278253789838966,1.4390500797832904,0.14499494478882835,0.233757188492709,2.6613757499606634,0.26815330150704986,0.4323099811280824,0.26944358384788936,-0.09084984276138897,-0.07542223082439925,0.4898974251779806,-0.16518153229343446,-0.13713132877163492,1.3092357680983624,-0.12451428516234686,-0.10256469595056728,2.3804286692697496,-0.22638960938608532,-0.1864812653646677,0.34615237019133804,0.08233878042180587,0.15650695265116651,0.6450044165055989,0.15342629892261966,0.291627862082919,1.413617992652775,0.11173250374677846,0.20479709768268917,2.634070793762935,0.20819721195051866,0.3816094987876193,0.0653266331658291,0.0003266331658291488,-0.00967336683417086,0.045226130653266305,-0.004773869346733739,0.00022613065326626547,0.03015075376884424,-0.0048492462311557905,-0.0048492462311557905,0.130718954248366,0.024683065178219166,0.029631997726626835,0.10163934426229504,0.10552763819095479,0.03535219959446356,0.04876636940965262,0.04040404040404044,0.1270903010033445,0.025253907013361165,0.030316107454957386,0.09731543624161076,11.0,2.0,2.0,13.0,4.0,4.0,15.0,5.0,5.0,0.00011719028920047731,0.00018134264228955653,-0.00010422378040509677,-0.06864799052699833,-0.07261654184386801,-0.07487574829247912,"[6.203125, 0.263671875, 1.529296875, 3.791015625, 0.452392578125, 0.33935546875, 0.003704071044921875, 4.2890625, 0.73095703125, 2.587890625, 1.68359375, 9.859375, 7.35546875, 2.861328125, 0.0064544677734375, 0.00197601318359375, 1.1103515625, 0.003398895263671875, 0.0335693359375, 1.16015625, 0.0265350341796875, 0.0009927749633789062, 0.0015239715576171875, 0.00017058849334716797, 0.0004029273986816406, 0.00019693374633789062, 0.02105712890625, 1.823902130126953e-05, 0.0209503173828125, 0.005069732666015625, 0.0017404556274414062, 0.032989501953125, 0.32666015625, 3.134765625, 0.0013914108276367188, 6.663799285888672e-05, 0.001598358154296875, 0.0002593994140625, 0.00341796875, 2.0265579223632812e-05, 0.0006918907165527344, 0.01094818115234375, 0.0014810562133789062, 0.00046825408935546875, 0.055694580078125, 4.8041343688964844e-05, 0.7060546875, 0.0003364086151123047, 0.0004620552062988281, 0.352294921875, 0.0005316734313964844, 1.3113021850585938e-05, 1.9550323486328125e-05, 0.0030460357666015625, 0.0032787322998046875, 0.0006365776062011719, 5.221366882324219e-05, 0.0007033348083496094, 0.004150390625, 0.0008168220520019531, 0.0001614093780517578, 0.0009646415710449219, 0.004772186279296875, 0.16259765625, 4.649162292480469e-05, 0.00027298927307128906, 0.0181427001953125, 0.00824737548828125, 0.0014514923095703125, 0.0173797607421875, 8.463859558105469e-06, 0.0006704330444335938, 0.0002570152282714844, 7.343292236328125e-05, 0.0072021484375, 7.510185241699219e-06, 0.0001277923583984375, 0.0009717941284179688, 0.0037899017333984375, 0.01009368896484375, 0.004108428955078125, 0.006244659423828125, 0.0010242462158203125, 0.0191802978515625, 1.3193359375, 6.282329559326172e-05, 5.8770179748535156e-05, 0.12286376953125, 0.0027980804443359375, -0.0, 0.00688934326171875, 0.0031986236572265625, 0.00397491455078125, 0.0021190643310546875, 0.00021183490753173828, 6.282329559326172e-05, 0.0014352798461914062, 3.314018249511719e-05, 0.0130767822265625, 0.00015866756439208984, 0.0034809112548828125, 0.0005407333374023438, 0.01245880126953125, 0.027435302734375, 0.0004162788391113281, -0.0, 0.005107879638671875, 0.0005598068237304688, 0.00020301342010498047, 3.2186508178710938e-06, 8.58306884765625e-06, 9.5367431640625e-07, 4.267692565917969e-05, 0.0005106925964355469, 8.344650268554688e-07, 0.00437164306640625, 0.00307464599609375, 0.023223876953125, 0.0274658203125, 0.03594970703125, 0.000507354736328125, 0.00014853477478027344, 0.0692138671875, 0.00021922588348388672, 0.00010669231414794922, 0.010009765625, 0.0005884170532226562, 1.704692840576172e-05, 0.0008139610290527344, 0.00295257568359375, 0.0042877197265625, 0.00021636486053466797, 0.0013885498046875, 0.0305023193359375, 0.003749847412109375, 0.0582275390625, 0.701171875, 0.135498046875, 6.318092346191406e-06, 3.0994415283203125e-06, 0.1324462890625, 0.033935546875, 0.00991058349609375, 4.363059997558594e-05, 0.000133514404296875, 0.0001035928726196289, 0.0032596588134765625, 0.0009512901306152344, 0.0204620361328125, 0.55224609375, 0.00043773651123046875, 0.0030155181884765625, 0.10052490234375, 0.00023448467254638672, 0.0003807544708251953, 0.005401611328125, 0.0014190673828125, 2.4557113647460938e-05, 0.0006961822509765625, 0.009124755859375, 2.384185791015625e-07, 0.00027751922607421875, 0.0206298828125, 0.005588531494140625, 0.0001914501190185547, 0.0007610321044921875, 0.0006756782531738281, 0.0006923675537109375, 0.0017309188842773438, 0.05120849609375, 0.01186370849609375, 0.16259765625, 2.6226043701171875e-06, 1.9431114196777344e-05, 3.409385681152344e-05, 0.00033211708068847656, 2.3126602172851562e-05, 0.0079193115234375, 0.00011491775512695312, 0.00010669231414794922, 0.000293731689453125, 0.0017032623291015625, 2.384185791015625e-06, 0.0011301040649414062, 0.062286376953125, 0.000385284423828125, 0.1995849609375, 1.5020370483398438e-05, 2.6226043701171875e-06, 0.0028285980224609375, 0.00012004375457763672, 0.00048828125, 2.384185791015625e-07, 4.851818084716797e-05, 0.075927734375, 0.0025844573974609375, 0.1348876953125, 0.0011310577392578125, 2.6226043701171875e-06, 4.172325134277344e-06, 0.002712249755859375, 0.0271759033203125, 0.00527191162109375, 5.066394805908203e-05, 0.0025501251220703125, 0.08416748046875, 0.20703125, 0.002590179443359375, 2.2649765014648438e-06, 0.0011806488037109375, 2.2172927856445312e-05, 0.00527191162109375, 1.823902130126953e-05, 3.2186508178710938e-06, 0.00013387203216552734, 0.0005884170532226562, 4.744529724121094e-05, 0.00016021728515625, 6.747245788574219e-05, 6.520748138427734e-05, 0.0005464553833007812, 0.0005011558532714844, 0.018585205078125, 0.0111846923828125, 0.00013363361358642578, -0.0, 7.402896881103516e-05, 0.0027408599853515625, 6.67572021484375e-06, 0.0004940032958984375, 7.05718994140625e-05, 7.343292236328125e-05, 0.0002334117889404297, 0.002788543701171875, 0.00018644332885742188, 0.00212860107421875, 0.0102386474609375, 0.0109100341796875, 0.00021708011627197266, 1.7881393432617188e-05, 3.0546875, 0.00042724609375, 5.960464477539062e-07, 0.00812530517578125, 0.0013675689697265625, 0.00041937828063964844, 0.00103759765625, 3.6716461181640625e-05, 0.0009832382202148438, 2.2649765014648438e-05, 0.00012409687042236328, 0.0004680156707763672, 0.00040841102600097656, 0.001194000244140625, 0.00019156932830810547, 0.00201416015625, 0.0008320808410644531, 0.0001285076141357422, 0.00701141357421875, 0.72021484375, 0.00016200542449951172, 7.867813110351562e-06, 0.00017940998077392578, 0.006866455078125, 0.011993408203125, 0.06402587890625, 0.0011625289916992188, 0.00836944580078125, 0.3740234375, 0.0013933181762695312, 0.426025390625, 1.4375, 0.0014820098876953125, 3.169921875, 8.1796875, 5.05078125, 1.3935546875, 0.0009965896606445312, 0.0006055831909179688, 0.151611328125, 0.1978759765625, 2.783203125, 1.232421875, 0.14501953125, 2.828125, 0.0160675048828125, 4.30078125, 5.59375, 1.3564453125, 0.047149658203125, 0.84326171875, 0.05377197265625, 0.07281494140625, 0.0073394775390625, 1.6103515625, 0.51025390625, 1.775390625, 0.30029296875, 0.1292724609375, 2.23828125, 0.2425537109375, 0.07513427734375, 0.00559234619140625, 4.08984375, 2.873046875, 0.05133056640625]",-2.7355629649816775
149,1,test,3.0692630155899185,1.3465685176858344,1.5635049771091916,8.90688090798643,3.907689031715754,4.537230129650203,21.526032477329903,15.92643622186208,17.018463230845853,62.46770209107502,46.217893349717414,49.38691290519974,3.73037570413917,1.6998353879682204,2.3378121360735395,7.207230729356261,3.284147982579378,4.516743835714896,41.69477011942995,34.07656863502897,37.66961452121218,80.55591508511222,65.8372539647647,72.77915815263323,3.580306528404006,1.629047659280627,2.2498071045145234,8.457416996229936,3.8481440770408515,5.31450497129415,35.884538791789765,28.846997441728135,32.10160658920565,84.76662706721991,68.14251364187749,75.83056674615509,0.6919191919191919,0.001919191919191987,-0.0030808080808081284,0.5757575757575757,-0.024242424242424288,-0.009242424242424274,0.48484848484848486,-0.00015151515151512474,-0.00015151515151512474,0.38600451467268626,0.11091995999399407,0.1308725498633021,0.3506787330316742,0.4242424242424242,0.10686207159758798,0.16920886719544437,0.3959390862944162,0.42140468227424754,0.12424274571331262,0.1878118012953821,0.3993288590604027,20.0,0.0,1.0,34.0,2.0,0.0,42.0,0.0,0.0,0.001346482892442797,0.00025330722084594497,0.0003491166778567978,-0.09120205025180628,-0.0862870589827116,-0.09164523685150971,"[6.86328125, 5.4375, 9.78125, 5.4296875, 5.71875, 0.0249176025390625, 2.552734375, 2.2421875, 8.65625, 0.51318359375, 1.458984375, 4.3203125, 1.8154296875, 1.6708984375, 1.171875, 12.5, 3.240234375, 1.251953125, 0.429931640625, 1.3359375, 0.0218658447265625, 0.0236053466796875, 0.1446533203125, 5.8359375, 1.818359375, 0.36181640625, 0.51220703125, 7.21875, 8.0234375, 6.6640625, 3.103515625, 3.90234375, 14.140625, 2.6796875, 10.2265625, 5.7890625, 6.06640625, 0.77685546875, 0.0016164779663085938, 1.474609375, 1.416015625, 1.6298828125, 2.701171875, 0.07647705078125, 4.75390625, 1.595703125, 4.296875, 0.054443359375, 2.275390625, 0.5751953125, 2.197265625, 8.421875, 2.240234375, 6.47265625, 2.49609375, 1.42578125, 12.6171875, 0.79150390625, 1.4716796875, 2.265625, 5.0625, 8.1640625, 1.62890625, 5.41796875, 4.4609375, 3.541015625, 5.671875, 3.57421875, 4.828125, 1.9384765625, 7.91015625, 6.64453125, 10.71875, 5.61328125, 4.02734375, 4.51171875, 1.8251953125, 10.15625, 1.7841796875, 4.4765625, 5.04296875, 5.7578125, 6.2734375, 6.26953125, 10.796875, 3.71875, 12.90625, 5.734375, 12.4609375, 5.87109375, 4.4453125, 2.005859375, 1.8916015625, 0.40576171875, 0.49267578125, 0.74609375, 5.62890625, 0.59619140625, 10.3984375, 14.9140625, 1.517578125, 4.41796875, 2.810546875, 0.59326171875, 0.349365234375, 0.404052734375, 7.26953125, 0.07135009765625, 1.142578125, 0.0841064453125, 0.00630950927734375, 0.04058837890625, 0.0684814453125, 0.37158203125, 0.162109375, 7.76171875, 3.90625, 0.10394287109375, 0.10467529296875, 0.07562255859375, 0.127197265625, 0.7626953125, 0.15625, 0.18115234375, 0.31396484375, 0.1156005859375, 0.062408447265625, 0.1732177734375, 0.1202392578125, 0.04718017578125, 0.03369140625, 0.496826171875, 0.11224365234375, 0.10699462890625, 0.09503173828125, 0.0172576904296875, 0.330322265625, 0.0694580078125, 3.0859375, 10.34375, 0.40673828125, 0.177978515625, 0.050628662109375, 14.296875, 5.51171875, 4.82421875, 7.77734375, 4.09765625, 3.794921875, 2.935546875, 3.63671875, 1.03125, 4.71484375, 3.763671875, 5.09375, 6.421875, 5.02734375, 2.509765625, 5.71875, 4.875, 6.69140625, 5.8515625, 2.912109375, 3.66015625, 0.176025390625, 8.6796875, 3.453125, 0.92333984375, 0.98583984375, 2.20703125, 2.4921875, 0.73779296875, 2.322265625, 2.673828125, 7.8046875, 5.6328125, 10.7265625, 7.2890625, 5.140625, 3.796875, 6.23828125, 3.81640625, 2.912109375, 3.013671875, 5.1953125, 0.7744140625, 8.9609375, 2.47265625, 9.6875, 12.6484375, 0.90478515625, 0.6572265625, 0.1181640625, 6.59765625, 0.200439453125, 7.17578125, 7.1015625, 1.033203125, 2.298828125, 0.91259765625, 1.7705078125, 1.978515625, 2.724609375, 0.122314453125, 0.08563232421875, 0.10552978515625, 0.2415771484375, 0.2154541015625, 0.306884765625, 0.065673828125, 0.302001953125, 0.07659912109375, 5.59375, 4.04296875, 1.6318359375, 8.6640625, 0.4345703125, 1.302734375, 0.294677734375, 0.047088623046875, 3.86328125, 0.0439453125, 1.365234375, 0.7724609375, 0.1475830078125, 0.36669921875, 0.297119140625, 0.63232421875, 0.8095703125, 5.91796875, 0.5576171875, 0.243408203125, 0.25390625, 4.38671875, 7.52734375, 4.7265625, 3.9375, 2.103515625, 9.1015625, 6.6875, 0.6728515625, 7.4453125, 0.73193359375, 0.541015625, 0.556640625, 0.1168212890625, 4.6640625, 7.75, 0.1434326171875, 2.611328125, 7.5546875, 10.9609375, 5.01953125, 11.3203125, 1.85546875, 5.89453125, 4.796875, 6.78125, 2.525390625, 9.828125, 10.296875, 3.734375, 10.4921875, 4.26953125, 3.068359375, 4.125, 1.4609375, 9.640625, 11.234375, 1.4052734375, 2.482421875, 5.7109375, 0.6787109375, 0.25732421875, 0.0167388916015625, 10.890625, 0.85791015625, 0.5986328125, 0.02545166015625, 0.00452423095703125, 0.01108551025390625, 0.09716796875, 0.2305908203125, 0.05499267578125, 2.658203125, 0.08856201171875, 1.013671875, 0.038421630859375, 0.267333984375, 12.09375, 7.4296875, 4.91796875, 2.689453125, 4.828125, 0.55078125, 7.41015625, 11.59375, 12.4375, 3.642578125, 4.3046875, 2.3515625, 2.5625, 7.703125, 10.90625, 2.009765625, 0.58447265625, 3.7734375, 7.8359375, 0.5546875, 9.21875, 6.03515625, 7.62109375, 7.2890625, 7.14453125, 8.03125, 4.1171875, 4.02734375, 0.80859375, 3.611328125, 8.7265625, 2.861328125, 5.53125, 8.0390625, 1.083984375, 0.03955078125, 4.7578125, 0.01513671875, 0.06768798828125, 0.004764556884765625, 0.00128936767578125, 0.0009889602661132812, 0.00882720947265625, 0.0102081298828125, 0.0298919677734375, 0.349365234375, 0.0616455078125, 0.560546875, 0.043365478515625, 0.06585693359375, 1.6142578125, 8.1015625, 6.6640625, 2.2421875, 8.875, 0.089111328125, 4.61328125, 0.391357421875, 3.244140625, 2.92578125, 0.1356201171875, 4.171875, 2.7734375, 0.0214691162109375, 0.2227783203125, 0.25634765625, 2.1875, 0.06707763671875, 0.67724609375, 4.171875, 0.0025959014892578125, 0.079345703125, 0.003849029541015625, 0.00038361549377441406, 0.0009756088256835938, 0.00995635986328125, 0.0149993896484375, 0.0178070068359375, 3.3515625, 0.0836181640625, 0.02001953125, 0.068603515625, 5.234375, 0.8984375, 0.1636962890625, 0.42041015625, 0.3828125, 0.343994140625, 0.1888427734375, 0.1898193359375, 2.34765625, 0.055816650390625, 0.072021484375, 0.5615234375, 0.007720947265625, 0.02972412109375, 0.228515625, 0.29052734375, 0.022369384765625, 0.205078125, 0.34326171875, 0.0206451416015625, 0.263427734375, 0.029541015625, 0.033294677734375, 0.007740020751953125, 0.02301025390625, 0.00556182861328125, 8.237361907958984e-05, 0.0014982223510742188, 0.007061004638671875, 0.003795623779296875, 0.00585174560546875, 0.0174407958984375, 0.0743408203125, 0.0077972412109375, 0.08807373046875, 0.01305389404296875, 3.544921875, 5.03515625, 0.0012006759643554688, 0.01184844970703125, 0.00042366981506347656, 7.534027099609375e-05, 0.00011777877807617188, 0.0013103485107421875, 0.0031871795654296875, 0.00469207763671875, 1.6298828125, 0.02740478515625, 0.006053924560546875, 0.026031494140625, 0.90185546875, 0.189697265625, 0.70166015625, 0.0443115234375, 0.279052734375, 0.0090484619140625, 1.5439453125, 1.39453125, 6.23046875, 7.41015625, 0.1761474609375, 0.1456298828125, 0.005645751953125, 10.4140625, 12.9140625, 6.5, 1.392578125, 5.19921875, 8.3828125, 6.08984375, 1.1630859375, 12.1953125]",-1.1365499154708725
178,1,test,2.016691806269627,0.8509638212593023,0.8509120681370717,7.467605166694053,3.1510327004601697,3.1508410638988664,7.513427899191929,4.305170302470772,4.3050042608266725,27.821461278891853,15.941608873641774,15.940994038278477,2.1108649807359705,0.8385419734630732,1.1886020307207832,5.783191728043755,2.297375269761844,3.256443919782967,8.25537894096609,4.686244876940362,5.740403722488332,22.617476550592027,12.839027060110583,15.727133486269404,2.0778201822453117,0.8527231130861368,1.2108654364604292,6.296424794682762,2.5840094335943538,3.669289201395239,7.987039634068786,4.5825430957003555,5.607386474512012,24.20315040626905,13.88649422939502,16.992080225793977,0.4824120603015075,0.007412060301507539,0.027412060301507557,0.33668341708542715,-0.0033165829145728187,-0.008316582914572823,0.2562814070351759,-0.00371859296482413,0.0012814070351758744,0.3176470588235294,0.07768623610070868,0.07717785061238569,0.3005893909626719,0.31658291457286436,0.053425019836022214,0.10790177934748868,0.29292929292929293,0.3277591973244147,0.07734183505396397,0.12419968675711768,0.31543624161073824,21.0,1.0,1.0,27.0,0.0,-1.0,32.0,-1.0,0.0,-0.00016456776667783126,3.71226702206821e-05,0.00014553442796150053,-0.1051918014387283,-0.10320209561061588,-0.10699284982939261,"[10.1953125, 2.298828125, 2.44140625, 0.215087890625, 1.3466796875, 0.0009427070617675781, 0.130859375, 0.02471923828125, 1.404296875, 2.98046875, 0.66455078125, 3.24609375, 0.0268707275390625, 0.0030727386474609375, 0.022247314453125, 0.042877197265625, 0.0765380859375, 4.421875, 0.054473876953125, 0.2357177734375, 0.403564453125, 9.1171875, 6.125, 2.216796875, 9.8828125, 0.76953125, 8.578125, 12.9609375, 4.64453125, 0.03265380859375, 0.0211334228515625, 0.88525390625, 0.0244598388671875, 6.78515625, 0.46875, 1.3994140625, 1.4638671875, 4.98828125, 0.19189453125, 5.35546875, 0.04632568359375, 1.984375, 4.0703125, 2.5, 1.2431640625, 2.5859375, 1.3173828125, 0.72119140625, 0.043121337890625, 0.744140625, 0.00760650634765625, 5.7265625, 4.375, 6.28125, 4.5390625, 8.015625, 11.15625, 7.77734375, 10.46875, 3.529296875, 1.9228515625, 6.578125, 0.07794189453125, 1.306640625, 0.259521484375, 0.038177490234375, 0.62353515625, 0.13818359375, 0.033905029296875, 1.9150390625, 0.71728515625, 0.406494140625, 0.030914306640625, 0.1556396484375, 0.16162109375, 1.8466796875, 1.6416015625, 7.0625, 8.5078125, 0.21484375, 0.01837158203125, 0.0850830078125, 0.0023860931396484375, 0.0082855224609375, 0.105224609375, 0.0264129638671875, 0.06500244140625, 0.2470703125, 0.018585205078125, 0.330322265625, 0.302001953125, 0.035858154296875, 0.01041412353515625, 0.005756378173828125, 0.2069091796875, 0.157958984375, 0.74169921875, 4.85546875, 4.1640625, 0.176513671875, 0.01439666748046875, 0.0101318359375, 0.0007696151733398438, 0.00457000732421875, 0.059967041015625, 0.00717926025390625, 0.0119476318359375, 0.026123046875, 0.0102081298828125, 0.32568359375, 0.19189453125, 0.017822265625, 0.0031795501708984375, 0.002777099609375, 0.08099365234375, 0.31884765625, 0.71826171875, 8.1796875, 5.44140625, 2.078125, 3.08984375, 2.2109375, 0.01180267333984375, 2.251953125, 0.8916015625, 8.6484375, 2.197265625, 1.05859375, 0.00975799560546875, 0.0218353271484375, 0.00046062469482421875, 2.3203125, 2.380859375, 4.6796875, 0.498291015625, 5.640625, 3.98046875, 1.8671875, 3.658203125, 1.4931640625, 7.09375, 0.6494140625, 0.755859375, 2.263671875, 3.234375, 8.6796875, 1.6162109375, 0.2476806640625, 0.490478515625, 1.3271484375, 0.040863037109375, 0.708984375, 0.0187225341796875, 0.34912109375, 2.1953125, 6.90234375, 0.98486328125, 6.3515625, 5.703125, 8.8359375, 0.01019287109375, 0.010101318359375, 0.002712249755859375, 6.15234375, 2.09375, 8.5703125, 0.93701171875, 1.1826171875, 7.42578125, 0.0703125, 0.1336669921875, 0.03985595703125, 4.7578125, 1.7421875, 2.173828125, 0.018768310546875, 0.2305908203125, 0.2318115234375, 0.5732421875, 0.0203094482421875, 0.139404296875, 0.0230255126953125, 0.09588623046875, 2.41015625, 0.55615234375, 7.34765625, 3.44140625, 1.283203125, 2.298828125, 0.2230224609375, 1.3193359375, 0.0011510848999023438, 0.13427734375, 0.00914764404296875, 0.09600830078125, 0.364990234375, 5.359375, 1.3154296875, 5.9921875, 0.501953125, 0.0006098747253417969, 0.02099609375, 0.0004067420959472656, 2.32421875, 0.0025196075439453125, 8.109375, 0.482666015625, 0.0870361328125, 3.70703125, 7.15234375, 6.06640625, 2.9296875, 0.1414794921875, 0.72509765625, 0.007297515869140625, 6.06640625, 0.10009765625, 1.8671875, 0.0242156982421875, 0.0382080078125, 2.568359375, 1.9736328125, 0.11669921875, 2.52734375, 0.71044921875, 0.007099151611328125, 0.1552734375, 0.0225982666015625, 0.64892578125, 0.004268646240234375, 0.07574462890625, 0.01806640625, 0.0625, 0.07611083984375, 0.0079803466796875, 7.546875, 3.193359375, 6.21484375, 0.63232421875, 0.04779052734375, 2.66015625, 7.39453125, 2.66015625, 2.119140625, 5.1953125, 0.92724609375, 0.8837890625, 8.0546875, 3.2421875, 2.078125, 5.8515625, 2.8515625, 0.685546875, 0.05657958984375, 0.7099609375, 0.0026340484619140625, 0.2099609375, 6.01171875, 3.4453125, 10.1484375, 2.623046875, 9.8515625, 0.2054443359375, 6.08203125, 0.90673828125, 0.43994140625, 0.01080322265625, 0.004802703857421875, 2.064453125, 0.51416015625, 6.39453125, 0.85498046875, 4.4453125, 0.249267578125, 0.1929931640625, 0.4765625, 2.486328125, 4.63671875, 0.03912353515625, 0.68798828125, 0.08795166015625, 1.3701171875, 0.045501708984375, 0.0189971923828125, 0.61181640625, 0.014404296875, 10.9921875, 0.70361328125, 0.060333251953125, 0.421875, 0.280029296875, 3.109375, 0.04266357421875, 5.07421875, 1.2509765625, 0.026947021484375, 0.1756591796875, 0.142578125, 1.3349609375, 0.0325927734375, 0.020355224609375, 0.01119232177734375, 0.005634307861328125, 11.34375, 0.2410888671875, 0.018035888671875, 0.2325439453125, 0.134521484375, 5.484375, 0.0748291015625, 8.484375, 0.2335205078125, 5.23046875, 0.071044921875, 1.177734375, 1.8515625, 0.81298828125, 10.25, 3.537109375, 0.1466064453125, 0.72265625, 0.0176544189453125, 0.00823211669921875, 0.01477813720703125, 0.005962371826171875, 4.60546875, 0.10186767578125, 0.007755279541015625, 0.039154052734375, 0.1495361328125, 4.484375, 0.1168212890625, 4.0234375, 0.10888671875, 1.8544921875, 0.50146484375, 0.056121826171875, 0.705078125, 0.0280303955078125, 0.018463134765625, 0.0196533203125, 7.00390625, 0.00574493408203125, 3.09765625, 0.061279296875, 12.796875, 2.05078125, 1.60546875, 0.71826171875, 0.03582763671875, 0.1304931640625, 0.007171630859375, 6.1015625, 0.11944580078125, 6.71875, 8.71875, 1.36328125, 1.6240234375, 9.2890625, 1.6806640625, 0.004974365234375, 0.0222320556640625, 0.002288818359375, 0.81787109375, 0.00804901123046875, 4.48828125, 0.1043701171875, 0.1251220703125, 0.04534912109375, 0.8046875, 0.0085601806640625, 0.52001953125, 0.0017070770263671875, 0.0701904296875, 0.041259765625, 0.01174163818359375, 0.032928466796875, 0.005847930908203125, 0.006587982177734375, 2.18359375, 2.30859375, 13.375, 4.75390625, 1.2958984375, 6.53515625, 1.001953125, 1.6494140625, 2.806640625, 0.08465576171875, 2.193359375, 0.0361328125, 1.5732421875, 2.365234375, 0.0289154052734375, 0.7421875, 0.0191192626953125, 0.19921875, 0.155517578125, 1.048828125, 2.712890625, 0.0289764404296875, 2.93359375, 11.75, 5.109375, 0.6240234375, 0.01302337646484375, 0.007190704345703125, 0.00844573974609375, 0.1611328125, 0.036895751953125, 0.057708740234375, 0.0146636962890625, 1.853515625, 0.0325927734375, 0.004730224609375, 0.2489013671875, 0.28173828125, 0.7119140625, 0.004810333251953125, 2.337890625, 0.0030307769775390625, 0.08489990234375, 0.0296478271484375, 0.012786865234375, 0.73388671875, 0.0179595947265625, 0.70263671875, 0.1275634765625, 0.00791168212890625, 1.3212890625, 0.0209503173828125, 0.00830841064453125, 0.7060546875, 0.018707275390625, 0.0758056640625, 0.3720703125, 7.71875, 0.3369140625, 0.0005321502685546875, 0.0140838623046875, 0.00015103816986083984, 0.81884765625, 0.0009303092956542969, 5.6171875, 0.4814453125, 0.07452392578125, 4.421875, 0.261962890625, 4.21484375, 1.439453125, 0.31982421875, 1.322265625, 0.00872802734375, 7.3671875, 0.037322998046875, 0.0209503173828125, 8.109375, 8.2578125, 8.5703125, 6.83984375, 1.927734375, 6.52734375, 0.7421875, 0.2119140625, 0.364990234375, 0.0013303756713867188, 4.24609375, 0.6591796875, 11.1796875, 0.89013671875, 1.41796875, 2.0703125, 0.71728515625, 0.0026607513427734375, 0.85400390625, 0.76513671875, 7.578125, 3.619140625, 0.048797607421875, 9.8203125, 6.51953125, 3.4375, 1.5478515625, 6.4921875, 4.55078125, 3.8203125, 3.197265625, 0.2391357421875, 0.01029205322265625, 0.018341064453125, 0.007251739501953125, 0.521484375, 0.033843994140625, 7.03515625, 0.8466796875, 0.00739288330078125, 4.4921875, 1.27734375, 6.18359375, 12.9921875, 3.966796875, 1.1044921875, 0.10113525390625, 1.4169921875, 0.006862640380859375, 1.3173828125, 0.134033203125, 0.00014269351959228516, 1.3203125, 0.025054931640625]",-2.355289337681789
233,1,test,3.3541327106298775,1.5786660219381243,1.7076472886157361,8.519855815771079,4.009980537008604,4.337606749157619,28.620770933058083,22.717735559618912,23.432059321213448,72.6998192149871,57.705478025769956,59.519936778483356,4.005488769492912,1.8489500183018466,2.557311751064625,7.629502418081737,3.521809558670184,4.8710700020278574,54.89865062824392,46.25747405337872,50.64330061285406,104.56885833951223,88.10947438738805,96.46342973876965,3.528094106693332,1.650463060156165,2.2623013199497946,7.840209125985181,3.667695689235922,5.027336266555098,34.05899291037553,27.520994621793907,30.513090143583877,75.68665091194562,61.15776582620868,67.80686698574195,0.7487437185929648,-0.0012562814070351536,-0.0012562814070351536,0.6783919597989949,0.013391959798994879,0.00339195979899487,0.5879396984924623,0.01793969849246224,0.01793969849246224,0.4514767932489452,0.15116067101501474,0.1670193152430801,0.41014799154334036,0.457286432160804,0.11643430183498948,0.21020796805395925,0.43939393939393945,0.4581939799331104,0.1426681034723425,0.22793814011108593,0.40268456375838924,28.0,10.0,10.0,39.0,11.0,10.0,47.0,9.0,9.0,0.00037463813870896467,0.0010370390992750383,0.0004126243043193271,-0.004374426144415189,-0.005228919590429371,-0.005167927231472191,"[3.232421875, 6.7421875, 1.794921875, 6.92578125, 9.0234375, 8.0, 10.0078125, 7.34375, 6.5, 2.58203125, 7.6328125, 0.88330078125, 3.7265625, 3.90234375, 0.25732421875, 6.1640625, 1.6318359375, 1.103515625, 2.697265625, 0.10247802734375, 1.0263671875, 5.484375, 0.634765625, 0.01259613037109375, 6.63671875, 11.6640625, 1.068359375, 10.796875, 8.2890625, 7.8984375, 1.166015625, 0.74609375, 3.01171875, 2.5, 5.1640625, 0.419189453125, 4.25, 4.8046875, 0.10186767578125, 8.0703125, 0.0017728805541992188, 5.31640625, 0.054290771484375, 5.4453125, 6.75390625, 2.30078125, 9.7109375, 7.3125, 3.798828125, 0.1260986328125, 3.38671875, 7.9453125, 6.1796875, 5.32421875, 0.005481719970703125, 1.7431640625, 0.031280517578125, 0.32373046875, 2.92578125, 3.693359375, 7.55078125, 2.412109375, 5.05859375, 0.88525390625, 0.3798828125, 4.328125, 8.9140625, 2.23046875, 5.61328125, 0.019805908203125, 12.3203125, 4.43359375, 6.5, 9.21875, 8.1953125, 1.5341796875, 5.52734375, 6.64453125, 6.1171875, 6.34765625, 0.008453369140625, 11.6015625, 3.162109375, 4.57421875, 5.0078125, 2.67578125, 8.296875, 9.171875, 0.004947662353515625, 0.442138671875, 7.1171875, 1.763671875, 3.798828125, 0.00315093994140625, 0.51025390625, 0.0166473388671875, 3.09375, 2.927734375, 6.10546875, 0.01271820068359375, 7.75, 3.166015625, 4.71875, 2.439453125, 0.197998046875, 5.65625, 0.0726318359375, 0.009735107421875, 2.337890625, 3.869140625, 3.44921875, 5.78125, 0.75927734375, 0.46240234375, 4.0546875, 0.03509521484375, 7.5859375, 6.09765625, 5.74609375, 4.76171875, 0.004230499267578125, 9.0, 7.2265625, 0.7431640625, 12.15625, 2.96484375, 6.96484375, 0.00733184814453125, 4.94140625, 0.034576416015625, 0.0079345703125, 0.49658203125, 0.143310546875, 3.3671875, 2.40234375, 1.333984375, 0.0051116943359375, 8.671875, 4.3515625, 3.14453125, 0.01318359375, 5.59375, 8.1484375, 0.369873046875, 2.3671875, 5.25, 5.90625, 4.88671875, 6.5390625, 5.734375, 3.447265625, 0.006473541259765625, 6.09375, 4.921875, 5.0625, 0.096923828125, 0.0272064208984375, 1.515625, 1.677734375, 4.359375, 3.9921875, 3.16796875, 8.3125, 6.2109375, 0.0679931640625, 0.3017578125, 4.02734375, 4.859375, 5.1328125, 7.640625, 9.2890625, 3.021484375, 4.50390625, 3.783203125, 12.09375, 0.9462890625, 9.3125, 2.83203125, 0.2509765625, 10.234375, 9.2109375, 4.765625, 3.505859375, 7.25, 2.798828125, 3.4140625, 0.269287109375, 4.03515625, 1.552734375, 2.865234375, 3.0703125, 0.421630859375, 1.2470703125, 5.27734375, 6.69921875, 0.22021484375, 4.28125, 0.09112548828125, 2.744140625, 0.0142059326171875, 0.7412109375, 0.006702423095703125, 1.79296875, 3.240234375, 9.1640625, 0.435791015625, 0.3984375, 0.4365234375, 1.8046875, 5.796875, 1.072265625, 0.170166015625, 3.955078125, 6.4453125, 7.1484375, 4.57421875, 4.30078125, 7.35546875, 3.857421875, 1.341796875, 4.31640625, 1.978515625, 7.09375, 0.3427734375, 3.453125, 0.287109375, 6.4453125, 4.09765625, 0.1341552734375, 9.59375, 4.13671875, 7.796875, 1.1240234375, 4.5, 12.2734375, 3.939453125, 2.556640625, 2.5, 1.6240234375, 0.40478515625, 5.37109375, 0.1390380859375, 4.890625, 4.28125, 5.4453125, 0.08197021484375, 1.212890625, 0.6865234375, 0.007762908935546875, 3.404296875, 0.12322998046875, 0.4931640625, 0.296630859375, 0.259521484375, 4.46484375, 0.0474853515625, 0.134765625, 1.7158203125, 0.089599609375, 6.19140625, 0.2147216796875, 1.4521484375, 0.02337646484375, 0.041839599609375, 10.0859375, 0.00215911865234375, 6.8515625, 7.75390625, 4.44140625, 9.671875, 0.2314453125, 3.94921875, 0.027496337890625, 1.798828125, 0.445556640625, 2.5, 0.0309295654296875, 1.0634765625, 6.2890625, 0.00399017333984375, 5.26171875, 3.572265625, 0.64013671875, 2.06640625, 2.388671875, 1.2197265625, 0.045257568359375, 0.1727294921875, 0.24072265625, 0.466064453125, 2.107421875, 0.0216064453125, 0.64404296875, 2.306640625, 0.006908416748046875, 2.6015625, 0.31787109375, 0.0291290283203125, 0.2388916015625, 9.0703125, 7.359375, 4.6484375, 0.1412353515625, 0.1378173828125, 0.76025390625, 0.8642578125, 0.004909515380859375, 0.03887939453125, 0.08935546875, 0.0170440673828125, 1.2099609375, 11.171875, 6.91015625, 9.2578125, 5.43359375, 0.0075836181640625, 3.732421875, 0.00897216796875, 0.0168609619140625, 0.55224609375, 0.435302734375, 0.008514404296875, 0.006748199462890625, 0.294677734375, 0.01250457763671875, 5.10546875, 6.0859375, 10.1015625, 2.83203125, 7.28515625, 4.32421875, 0.01116180419921875, 2.71484375, 0.006381988525390625, 0.019989013671875, 3.154296875, 0.0193328857421875, 8.765625, 2.455078125, 6.5078125, 5.50390625, 4.55078125, 0.09442138671875, 1.1298828125, 5.81640625, 6.09375, 5.1015625, 0.88330078125, 1.857421875, 0.06103515625, 0.923828125, 4.140625, 1.0126953125, 0.057373046875, 0.07476806640625, 0.2220458984375, 0.005428314208984375, 11.7578125, 10.8828125, 3.48046875, 6.2265625, 4.42578125, 3.615234375, 6.68359375, 1.166015625, 0.282958984375, 3.779296875, 0.0059356689453125, 0.01284027099609375, 1.51171875, 0.73681640625, 0.004543304443359375, 0.0163116455078125, 0.160400390625, 0.01082611083984375, 9.3671875, 0.434814453125, 7.234375, 0.01065826416015625, 1.5380859375, 0.0170135498046875, 0.04052734375, 0.8603515625, 0.01021575927734375, 6.01953125, 7.7421875, 10.5234375, 4.65234375, 5.04296875, 4.52734375, 1.5390625, 0.397705078125, 0.0083160400390625, 0.006725311279296875, 0.10797119140625, 0.00887298583984375, 4.65625, 9.6171875, 1.0078125, 6.06640625, 0.0025730133056640625, 1.3935546875, 0.0192108154296875, 5.05078125, 1.28515625, 0.340087890625, 0.228271484375, 0.00817108154296875, 8.6953125, 3.85546875, 7.515625, 5.71875, 1.822265625, 1.658203125, 3.94140625, 0.006160736083984375, 0.248046875, 7.2890625, 0.005645751953125, 8.0703125, 3.45703125, 10.8359375, 4.1640625, 4.32421875, 1.0341796875, 5.12890625, 0.1351318359375, 0.48388671875, 3.412109375, 0.0042877197265625, 11.1875, 4.19921875, 5.8515625, 4.79296875, 0.01025390625, 2.92578125, 0.00777435302734375, 0.00957489013671875, 2.513671875, 1.908203125, 4.8828125, 9.234375, 0.31201171875, 1.2568359375, 9.796875, 2.53515625, 8.9609375, 0.412841796875, 0.10870361328125, 5.48828125, 2.494140625, 7.4375, 2.923828125, 0.17333984375, 0.488037109375, 1.66015625, 3.873046875, 0.0029201507568359375, 0.83935546875, 1.9609375, 1.8310546875, 7.48046875, 2.021484375, 0.07965087890625, 0.182373046875, 7.76953125, 0.060089111328125, 2.53515625, 9.890625, 1.333984375, 6.3828125, 1.3251953125, 3.90625, 4.61328125]",-1.1062950504480034
260,1,test,1.2136436398824055,0.4142479385019565,0.5588779075217969,2.2702985502277837,0.7749115665509236,1.045463150389033,3.3657258306535267,1.1415293871957615,1.4410342590471388,6.296084140924011,2.135398256644808,2.6956660766254936,1.3982553356256917,0.4484714251396569,0.6985224582494092,2.613561375001293,0.8382643460554335,1.305649454671793,4.048131172062069,1.4629801971246676,2.0349163116595723,7.566600321611344,2.734542424532089,3.8035818909524717,1.2092208264264774,0.43311846664201203,0.628426814503168,2.1214400463622414,0.759856959021074,1.1025031833388914,3.3508727236336817,1.1778865036473833,1.5634155939166916,5.878724076550319,2.066467550258567,2.7428343752924413,0.35678391959798994,0.011783919597989967,-0.0032160804020100464,0.23115577889447236,-0.008844221105527628,-0.013844221105527632,0.14572864321608037,-0.004271356783919655,0.0007286432160803491,0.272,0.03764580559254327,0.052058651026392955,0.23796791443850263,0.3015075376884422,0.0659185652573645,0.07613191164503652,0.2525252525252525,0.3076923076923077,0.07897778348529605,0.11303157354325322,0.24496644295302017,14.0,4.0,4.0,18.0,4.0,5.0,21.0,6.0,6.0,0.00020360273958695282,0.0001837714227068101,0.0001475871971396378,-0.1396393325501757,-0.14937358392717748,-0.14898283363847398,"[1.2431640625, 2.35546875, 4.328125, 0.26416015625, 2.130859375, 0.0024700164794921875, 3.3125, 1.1923828125, 2.93359375, 3.412109375, 5.53125, 8.1875, 9.2890625, 1.404296875, 4.05859375, 1.1845703125, 0.277099609375, 0.5419921875, 0.1485595703125, 4.5703125, 7.06640625, 0.0015316009521484375, 0.71923828125, 0.417724609375, 0.0439453125, 0.1385498046875, 0.62548828125, 0.020416259765625, 3.744140625, 0.36474609375, 0.0007462501525878906, 0.0235748291015625, 0.061553955078125, 0.314453125, 0.25537109375, 0.020965576171875, 4.078125, 0.189697265625, 0.0070953369140625, 4.506111145019531e-05, 0.007781982421875, 0.021240234375, 15.0, 0.053131103515625, 0.325927734375, 0.0528564453125, 0.111328125, 0.0667724609375, 0.00809478759765625, 0.1795654296875, 2.201171875, 0.00029969215393066406, 1.66796875, 3.052734375, 0.1546630859375, 3.51171875, 1.6767578125, 0.07061767578125, 6.0078125, 0.07159423828125, 2.337890625, 0.73779296875, 2.873046875, 8.0078125, 0.8994140625, 0.487060546875, 5.734375, 0.95263671875, 1.7021484375, 0.6318359375, 1.0029296875, 4.100799560546875e-05, 3.16796875, 0.10894775390625, 0.00798797607421875, 0.79443359375, 5.0078125, 1.5361328125, 0.888671875, 0.853515625, 1.302734375, 0.87353515625, 1.3427734375, 1.4111328125, 1.5712890625, 0.006877899169921875, 0.91357421875, 2.724609375, 0.5830078125, 5.340576171875e-05, 0.199951171875, 0.1484375, 2.19921875, 0.1168212890625, 0.1282958984375, 0.1602783203125, 1.5400390625, 0.5478515625, 0.12939453125, 0.379150390625, 0.0019159317016601562, 2.150390625, 0.0261383056640625, 0.7197265625, 2.224609375, 0.0023365020751953125, 5.515625, 0.01244354248046875, 0.06591796875, 1.6689300537109375e-06, 1.26953125, 0.509765625, 2.896484375, 10.703125, 0.008544921875, 0.030517578125, 0.23681640625, 0.93408203125, 0.64208984375, 7.510185241699219e-06, 0.1622314453125, 2.673828125, 0.2374267578125, 0.048583984375, 0.011077880859375, 1.00390625, 0.9072265625, 0.376220703125, 0.5615234375, 2.162109375, 0.83837890625, 0.501953125, 0.78955078125, 0.0001304149627685547, 4.8515625, 0.036102294921875, 0.04327392578125, 0.0021572113037109375, 0.08038330078125, 0.012969970703125, 7.0625, 0.051055908203125, 0.038543701171875, 0.1815185546875, 0.130859375, 0.0003895759582519531, 0.031646728515625, 0.1851806640625, 0.1470947265625, 0.1170654296875, 0.0002510547637939453, 0.1375732421875, 0.0221099853515625, 0.088623046875, 0.008758544921875, 0.08502197265625, 0.0030269622802734375, 0.04669189453125, 0.0011653900146484375, 0.3369140625, 5.13671875, 7.7265625, 7.0625, 0.450927734375, 0.88818359375, 0.1529541015625, 2.2734375, 1.595703125, 0.266357421875, 2.32421875, 2.927734375, 2.650390625, 4.87890625, 2.314453125, 0.84521484375, 2.326171875, 0.06396484375, 1.3759765625, 0.001125335693359375, 4.1640625, 0.063720703125, 0.298828125, 0.044677734375, 0.76220703125, 0.3125, 0.015625, 0.0677490234375, 0.82275390625, 0.363525390625, 1.205078125, 0.330078125, 0.01904296875, 0.1671142578125, 0.010101318359375, 0.98779296875, 5.046875, 2.333984375, 0.00012350082397460938, 0.44140625, 0.44091796875, 2.62890625, 0.004169464111328125, 0.0014600753784179688, 0.78662109375, 3.609375, 0.88427734375, 0.720703125, 1.525390625, 3.427734375, 1.7841796875, 6.05078125, 4.4375, 2.9802322387695312e-06, 0.340576171875, 2.23046875, 0.27490234375, 2.517578125, 1.4833984375, 6.40625, 0.474853515625, 0.250732421875, 0.884765625, 0.00089263916015625, 0.2484130859375, 0.498779296875, 0.7021484375, 0.0933837890625, 5.030632019042969e-05, 0.059173583984375, 0.1766357421875, 0.189208984375, 0.2034912109375, 0.7001953125, 0.00795745849609375, 0.69873046875, 0.0005931854248046875, 0.08087158203125, 1.2060546875, 2.154296875, 0.0003669261932373047, 0.33251953125, 0.0249176025390625, 0.92529296875, 7.832050323486328e-05, 0.783203125, 0.32470703125, 6.03515625, 0.14501953125, 0.0002963542938232422, 2.2649765014648438e-06, 5.015625, 0.15869140625, 0.689453125, 0.10797119140625, 2.46875, 0.00409698486328125, 0.058563232421875, 0.1595458984375, 3.166015625, 3.630859375, 0.9189453125, 0.0029506683349609375, 1.7021484375, 2.056640625, 1.517578125, 0.00020444393157958984, 0.80029296875, 1.4404296875, 0.00037479400634765625, 1.7881393432617188e-06, 0.00043654441833496094, 0.419921875, 1.8583984375, 0.00537109375, 2.1696090698242188e-05, 0.01074981689453125, 0.352294921875, 0.154052734375, 0.000568389892578125, 0.1507568359375, 0.00975799560546875, 0.35498046875, 0.3369140625, 0.13134765625, 4.8041343688964844e-05, 0.00026869773864746094, 0.00045180320739746094, 0.0016937255859375, 0.0035839080810546875, 0.0003688335418701172, 0.0003025531768798828, 0.0003108978271484375, 0.0004711151123046875, 0.003429412841796875, 2.4557113647460938e-05, 0.00011408329010009766, 0.020416259765625, 0.0047149658203125, 0.009552001953125, 0.1285400390625, 1.430511474609375e-06, 0.01357269287109375, 0.035369873046875, 0.0001767873764038086, 0.1282958984375, 0.0013246536254882812, 0.0122222900390625, 0.0008826255798339844, 4.02734375, 0.4501953125, 0.0009112358093261719, 0.0008053779602050781, 0.0023345947265625, 0.00908660888671875, 0.002166748046875, 0.0309600830078125, 0.05487060546875, 0.008544921875, 0.005130767822265625, 0.320556640625, 0.0025959014892578125, 0.0189208984375, 0.00518035888671875, 0.368408203125, 0.004138946533203125, 0.0005946159362792969, 3.230571746826172e-05, 0.0009479522705078125, 0.0003032684326171875, 0.0106353759765625, 0.00033783912658691406, 0.0016412734985351562, 0.0731201171875, 0.00902557373046875, 0.05267333984375, 0.01305389404296875, 0.14794921875, 0.1343994140625, 1.3828125, 8.8046875, 1.3623046875, 8.6953125, 7.05078125, 7.91015625, 0.486083984375, 5.1171875, 1.98046875, 1.6640625, 0.2412109375, 7.2578125, 0.56005859375, 10.03125, 1.6220703125, 0.96484375, 0.990234375, 0.0256195068359375, 0.034332275390625, 0.07415771484375, 1.9619140625, 0.03619384765625, 0.6494140625, 0.01446533203125, 0.01285552978515625, 0.006351470947265625, 0.50341796875, 0.0738525390625, 0.13623046875, 0.0058135986328125, 3.96875, 0.035919189453125, 5.82421875, 0.0220947265625, 6.55078125, 1.107421875, 0.02471923828125]",-1.6249367300669353
176,1,test,1.7365250289440155,0.7111812891078022,0.8591189730843258,3.5964997044954257,1.4729204897635526,1.7793127546817555,5.677579678290007,2.8895260173106387,3.272925607122651,11.758778764989255,5.984468576136251,6.778523650770609,0.7848187008095746,0.3011743288685985,0.4485546776098723,1.2262792200149604,0.4705848888571852,0.7008666837654255,2.1920094951591467,0.5700347718083352,0.7923009636043874,3.4250148361861665,0.8906793309505234,1.237970255631855,1.1786527334647035,0.4461569134797325,0.6438077374610974,2.281263355092974,0.8635295099607725,1.2460794918601885,3.2499926456582573,1.169726541992567,1.542809044194511,6.290308346435336,2.2639868554694846,2.986082021021634,0.1306532663316583,-0.004346733668341707,-0.014346733668341716,0.11557788944723613,-0.009422110552763874,-0.009422110552763874,0.10050251256281406,-0.004497487437185921,-0.004497487437185921,0.286697247706422,0.08165715606839219,0.09901396324894396,0.29655172413793107,0.1507537688442211,0.022934219972040593,0.05058682393604075,0.09090909090909094,0.21070234113712372,0.04208798387502022,0.06609722434068321,0.18120805369127513,15.0,1.0,1.0,17.0,-2.0,0.0,21.0,0.0,0.0,9.681340242083976e-05,-0.0012746631560222336,-0.0004233416679579381,-0.047683975297318604,-0.054578446232754985,-0.05180549099301146,"[2.1875, 2.275390625, 10.3515625, 9.1953125, 1.501953125, 11.2734375, 4.01953125, 3.791015625, 4.21484375, 4.48046875, 2.009765625, 9.0546875, 6.6015625, 8.4765625, 12.71875, 0.876953125, 0.049652099609375, 6.66015625, 0.166748046875, 0.7080078125, 0.0009722709655761719, 2.88671875, 3.9921875, 5.8359375, 7.1484375, 4.5, 7.515625, 4.93359375, 0.1461181640625, 0.62646484375, 0.5390625, 0.0183258056640625, 0.028900146484375, 0.0002853870391845703, 0.73046875, 0.005405426025390625, 0.004547119140625, 0.004802703857421875, 0.006359100341796875, 0.0082550048828125, 0.0012159347534179688, 8.571147918701172e-05, 0.79345703125, 0.35693359375, 0.001102447509765625, 0.0201873779296875, 0.00037097930908203125, 0.002193450927734375, 0.007534027099609375, 0.0110321044921875, 0.0082550048828125, 0.0198516845703125, 0.0650634765625, 0.0006508827209472656, 9.310245513916016e-05, 0.076171875, 0.0037097930908203125, 0.04998779296875, 0.00707244873046875, 0.0003116130828857422, 0.0011615753173828125, 0.0012350082397460938, 0.0005197525024414062, 0.0002703666687011719, 0.05462646484375, 0.009307861328125, 0.00039267539978027344, 0.1275634765625, 0.02227783203125, 0.0018672943115234375, 0.0198974609375, 0.0181732177734375, 0.04986572265625, 0.0731201171875, 0.00016868114471435547, 0.0116424560546875, 0.00763702392578125, 0.009613037109375, 0.0010557174682617188, 0.005626678466796875, 0.01157379150390625, 2.0265579223632812e-05, 0.0019512176513671875, 0.0098876953125, 0.1534423828125, 0.06805419921875, 0.1380615234375, 0.0318603515625, 0.003528594970703125, 0.0030841827392578125, 0.002010345458984375, 0.0011157989501953125, 0.00023806095123291016, 0.0019969940185546875, 0.00011932849884033203, 0.0012083053588867188, 0.0004987716674804688, 0.0005183219909667969, 0.00019085407257080078, 0.1331787109375, 0.0038509368896484375, 0.000728607177734375, 0.0004284381866455078, 0.0032863616943359375, 0.00013077259063720703, 0.0006570816040039062, 0.0015306472778320312, 0.00048279762268066406, 0.00371551513671875, 0.0024166107177734375, 0.00203704833984375, 0.01226806640625, 0.0014715194702148438, 0.000286102294921875, 0.000194549560546875, -0.0, 0.0005817413330078125, 0.0031070709228515625, 0.0006575584411621094, 0.00037860870361328125, 0.0008487701416015625, 0.0004763603210449219, 0.00024271011352539062, 0.0537109375, 0.0004112720489501953, 0.0004181861877441406, 0.003658294677734375, 0.0006580352783203125, 0.004055023193359375, 0.0005407333374023438, 0.00022649765014648438, 1.7881393432617188e-06, 0.0009927749633789062, 0.0030879974365234375, 0.0052032470703125, 0.0019388198852539062, 0.12890625, 0.0167694091796875, 0.03466796875, 0.0010347366333007812, 0.00012814998626708984, 0.001796722412109375, 0.00771331787109375, 0.0005030632019042969, 0.0008664131164550781, 0.0035533905029296875, 0.00015723705291748047, 0.00024139881134033203, 0.0017995834350585938, 0.007282257080078125, 0.0374755859375, 9.810924530029297e-05, 0.0016431808471679688, 0.000858306884765625, 0.01409912109375, 0.0009131431579589844, 0.6962890625, 0.0584716796875, 0.002437591552734375, 0.0071258544921875, 0.022125244140625, 0.0282745361328125, 0.0201568603515625, 0.0023193359375, 0.00855255126953125, 0.1378173828125, 8.106231689453125e-05, 3.6716461181640625e-05, 8.702278137207031e-05, 0.0002601146697998047, 0.0010042190551757812, 0.78857421875, 0.0234832763671875, 0.00019299983978271484, 0.314208984375, 0.0019474029541015625, 0.002353668212890625, 1.1086463928222656e-05, 0.005397796630859375, 0.0012979507446289062, 0.1461181640625, 0.77099609375, 0.007244110107421875, 0.00554656982421875, 0.0007352828979492188, 0.00695037841796875, 0.0036487579345703125, 2.240234375, 0.0009317398071289062, 0.31689453125, 2.158203125, 0.17333984375, 0.75390625, 0.73974609375, 0.453857421875, 1.3330078125, 3.443359375, 0.0288848876953125, 0.058349609375, 0.018890380859375, 0.1507568359375, 0.033172607421875, 0.13818359375, 4.7109375, 0.1395263671875, 0.023834228515625, 0.355224609375, 0.01534271240234375, 0.054351806640625, 6.51953125, 0.0080718994140625, 0.028594970703125, 0.150390625, 0.0092620849609375, 0.02459716796875, 4.8203125, 0.0556640625, 0.024871826171875, 0.3369140625, 0.01031494140625, 0.0277862548828125, 3.087890625, 0.0216827392578125, 0.065185546875, 0.2010498046875, 0.009002685546875, 0.01171112060546875, 0.3427734375, 0.00823974609375, 0.01068878173828125, 2.201171875, 0.00716400146484375, 0.01198577880859375, 1.3369140625, 0.93994140625, 0.07293701171875, 1.3330078125, 7.82421875, 4.90234375, 1.7646484375, 1.6298828125, 9.390625, 5.8046875, 0.423828125, 0.0584716796875, 0.0379638671875, 0.0246734619140625, 1.3388671875, 0.60546875, 0.420654296875, 0.7041015625, 0.5927734375, 0.274658203125, 0.4775390625, 0.07916259765625, 5.7734375, 0.197021484375, 7.234375, 5.51953125, 0.147216796875, 0.0139312744140625, 0.005298614501953125, 0.016387939453125, 0.7138671875, 0.0121307373046875, 0.011016845703125, 0.30517578125, 0.0175628662109375, 0.027679443359375, 0.004833221435546875, 0.513671875, 0.01380157470703125, 9.734375, 6.87109375, 0.1710205078125, 0.003101348876953125, 0.0004131793975830078, 0.010101318359375, 1.3212890625, 4.71875, 0.10272216796875, 3.13671875, 9.21875, 1.5576171875, 3.02734375, 0.487060546875, 4.328125, 11.4765625, 8.5859375, 3.79296875, 3.150390625, 0.81396484375, 4.01953125, 3.806640625, 6.9921875, 6.39453125, 4.54296875, 8.703125, 1.1455078125, 0.80322265625, 0.1895751953125, 2.859375, 5.56640625, 1.548828125, 5.4921875, 0.487548828125, 8.015625, 0.0806884765625, 4.48046875, 1.4716796875, 2.3046875, 1.2734375, 0.50537109375, 4.94921875, 11.0546875, 0.1380615234375, 0.8642578125, 0.236328125, 2.23828125, 0.00818634033203125, 1.2490234375, 4.359375, 0.004787445068359375, 7.140636444091797e-05, 10.5859375, 7.7890625, 1.0615234375, 6.03125, 5.19140625, 4.98828125, 3.958984375, 1.029296875, 4.125, 4.87890625, 3.32421875, 10.0546875, 3.6015625, 6.6875, 8.6953125, 14.8984375, 3.892578125, 4.58203125, 2.72265625, 0.58154296875, 9.4921875, 0.05291748046875, 0.2646484375, 1.87890625, 4.46875, 8.5078125, 3.837890625, 0.201416015625, 0.85205078125, 6.40234375, 0.450927734375, 0.74853515625, 5.51171875, 0.1455078125, 4.79296875, 9.5625, 0.0129241943359375, 4.7109375, 0.00563812255859375, 0.0007023811340332031, 0.0104217529296875, 2.57421875, 0.0077056884765625, 0.021575927734375, 1.0634765625, 5.3203125, 1.04296875, 1.048828125, 2.5390625, 1.640625, 9.125, 6.28125, 2.517578125, 4.70703125, 5.7421875, 0.409423828125, 1.2548828125, 4.53125, 3.640625, 1.3740234375, 0.1962890625, 8.0546875, 7.73046875, 3.984375, 1.2880859375, 2.62109375, 1.8115234375, 1.001953125, 2.28125, 2.9609375, 0.05633544921875, 4.890625, 1.4072265625, 0.0265045166015625, 0.0469970703125, 1.5498046875, 2.658203125, 0.0019063949584960938, 0.60693359375, 0.018951416015625, 2.49609375, 0.01629638671875, 0.0153350830078125, 0.99462890625, 2.728515625, 0.2225341796875, 2.2734375, 0.13427734375, 2.490234375, 0.01123046875, 4.34765625, 0.57666015625, 3.796875, 0.043060302734375, 1.6865234375, 0.0057373046875, 0.0173797607421875, 0.482177734375, 1.64453125, 0.0186920166015625, 1.818359375, 0.0008249282836914062, 5.87890625, 0.2230224609375, 0.60595703125, 15.796875, 7.71484375, 4.7890625, 4.48046875, 0.232177734375, 11.015625, 2.35546875]",-2.3764205276966095
83,1,test,2.0418267941568047,0.8965656305711083,0.8965656305711083,4.495524229195025,1.9739835557209382,1.9739835557209382,7.7046711991050865,4.561409043836662,4.561409043836662,16.963503541377293,10.042930641580288,10.042930641580288,1.9037516099124698,0.7526827648192196,1.0588090199479443,2.9515528835852245,1.1669500229755343,1.641564372012317,6.7110244196041915,3.549454086269558,4.383180250486543,10.404689022642158,5.503029591115594,6.795628295327974,2.1986177063307237,0.9400586708705696,1.2932634655724184,3.790720183328834,1.6207908118458096,2.2297645958145145,9.012546898645425,5.49220176033349,6.539739161433674,15.538873963181768,9.469313379885328,11.275412347299438,0.39698492462311563,-0.0030150753768843908,-0.0030150753768843908,0.3015075376884422,0.0015075376884421399,0.0015075376884421399,0.24120603015075381,-0.008793969849246186,0.001206030150753823,0.3125,0.08180596285434993,0.08180596285434993,0.273972602739726,0.3015075376884422,0.0765075376884422,0.11681535798794307,0.202020202020202,0.34782608695652173,0.09949275362318843,0.15137769627949615,0.3120805369127517,20.0,10.0,9.0,30.0,11.0,11.0,37.0,14.0,12.0,-0.00020019290072049322,-0.00010156822151197037,0.00027997781359817114,-0.1127722052911837,-0.12207556967525068,-0.12733232079761692,"[7.31640625, 0.8203125, 5.5390625, 8.3671875, 5.26953125, 1.5185546875, 3.7109375, 1.0263671875, 0.07037353515625, 8.109375, 1.083984375, 11.1796875, 0.018157958984375, 3.892578125, 1.876953125, 9.7734375, 2.205078125, 4.19140625, 1.177734375, 5.1015625, 8.5703125, 7.96484375, 2.943359375, 1.056640625, 3.599609375, 7.87890625, 0.966796875, 0.314208984375, 4.39453125, 1.0576171875, 2.658203125, 6.046875, 2.03125, 0.841796875, 9.0, 0.52099609375, 4.1015625, 3.64453125, 3.142578125, 0.2230224609375, 0.31787109375, 0.0007948875427246094, 3.525390625, 9.7890625, 1.4287109375, 0.176025390625, 0.318115234375, 0.0963134765625, 1.8115234375, 2.880859375, 0.447265625, 0.01904296875, 0.00031828880310058594, 0.00016570091247558594, 0.35498046875, 0.242919921875, 7.58203125, 1.4404296875, 4.32421875, 0.26416015625, 0.2127685546875, 10.59375, 0.02081298828125, 0.1485595703125, 0.44482421875, 0.0421142578125, 0.01068878173828125, 0.097900390625, 0.80126953125, 1.107421875, 0.0003464221954345703, 0.1419677734375, 0.60888671875, 10.453125, 0.366455078125, 1.3828125, 1.291015625, 2.30078125, 1.5966796875, 9.5625, 0.255126953125, 0.07794189453125, 0.2279052734375, 2.890625, 2.345703125, 0.08642578125, 2.232421875, 0.74560546875, 0.058074951171875, 9.4453125, 0.66845703125, 0.017974853515625, 4.8203125, 5.03125, 0.53955078125, 8.875, 0.765625, 0.228271484375, 0.251708984375, 0.341796875, 1.693359375, 2.923828125, 0.623046875, 0.0579833984375, 1.5185546875, 0.12548828125, 0.051055908203125, 3.169921875, 4.89453125, 0.4580078125, 0.10455322265625, 0.276123046875, 0.1121826171875, 0.1912841796875, 0.97900390625, 0.62158203125, 0.1624755859375, 0.02978515625, 0.01125335693359375, 0.6533203125, 0.01009368896484375, 2.138671875, 0.326416015625, 2.302734375, 0.0126953125, 0.002017974853515625, 0.01023101806640625, 0.061431884765625, 0.314208984375, 0.00015342235565185547, 0.004108428955078125, 0.0011320114135742188, 0.314453125, 1.31640625, 0.50146484375, 0.056488037109375, 0.01849365234375, 0.107177734375, 0.423095703125, 5.02734375, 5.01953125, 0.00559234619140625, 0.0004930496215820312, 4.234375, 5.9765625, 6.282329559326172e-05, 0.1634521484375, 0.0025463104248046875, 0.4013671875, 0.0062408447265625, 0.00432586669921875, 4.291534423828125e-06, 0.00287628173828125, 5.41015625, 0.03497314453125, 0.015228271484375, 0.70263671875, 0.018218994140625, 1.79296875, 0.56884765625, 0.7705078125, 0.0178375244140625, 0.048004150390625, 0.175537109375, 3.076171875, 0.05303955078125, 0.1708984375, 0.5048828125, 0.12109375, 0.0026226043701171875, 1.6435546875, 0.0030040740966796875, 0.2196044921875, 0.0325927734375, 4.6328125, 10.4296875, 0.192626953125, 8.6875, 4.37109375, 0.9462890625, 3.34375, 0.853515625, 0.035186767578125, 0.0863037109375, 0.05535888671875, 0.1842041015625, 0.0003459453582763672, 0.0682373046875, 0.0003561973571777344, 0.0033130645751953125, 0.0017528533935546875, 0.1160888671875, 5.14453125, 6.01171875, 0.001323699951171875, 1.638671875, 0.134033203125, 0.0001627206802368164, 0.09423828125, 0.0009121894836425781, 0.01284027099609375, 0.0003254413604736328, 0.1976318359375, 2.32421875, 0.020751953125, 5.109375, 5.27734375, 0.18505859375, 0.05908203125, 0.7001953125, 0.00803375244140625, 7.963180541992188e-05, 0.0162353515625, 0.00036835670471191406, 0.0019006729125976562, 0.00014150142669677734, 0.082275390625, 0.0421142578125, 0.0013885498046875, 1.4619140625, 2.564453125, 5.37890625, 5.16796875, 4.0703125, 0.00811004638671875, 5.05859375, 0.0248565673828125, 0.548828125, 0.00984954833984375, 0.06060791015625, 8.2421875, 3.59375, 5.23828125, 6.0859375, 6.015625, 4.359375, 4.72265625, 1.4365234375, 7.9296875, 3.658203125, 1.7255859375, 3.578125, 3.525390625, 2.22265625, 1.4306640625, 0.1878662109375, 0.60595703125, 8.890625, 1.4697265625, 2.208984375, 2.8984375, 5.453125, 3.630859375, 3.900390625, 0.93017578125, 0.6552734375, 4.09375, 5.36328125, 4.23046875, 0.2861328125, 5.13671875, 0.128173828125, 0.267822265625, 8.1015625, 1.5751953125, 0.89453125, 3.283203125, 12.984375, 0.43115234375, 10.296875, 4.859375, 3.923828125, 0.6162109375, 11.8984375, 0.50341796875, 0.117919921875, 0.2113037109375, 4.3671875, 10.7265625, 3.53125, 2.333984375, 1.0673828125, 1.0498046875, 5.69140625, 0.669921875, 6.01171875, 8.3671875, 0.59521484375, 0.91943359375, 0.318115234375, 0.08282470703125, 7.21484375, 1.4052734375, 4.30859375, 2.509765625, 2.099609375, 2.880859375, 1.486328125, 0.295166015625, 1.599609375, 0.41259765625, 0.1607666015625, 0.33349609375, 0.5595703125, 1.25, 0.050201416015625, 0.048248291015625, 1.3388671875, 2.0859375, 1.7470703125, 0.1162109375, 0.12261962890625, 0.129150390625, 0.0672607421875, 2.40234375, 3.3203125, 2.619140625, 0.88330078125, 0.291259765625, 7.31640625, 3.244140625, 1.896484375, 9.46875, 6.49609375, 0.61328125, 3.3984375, 0.2469482421875, 1.4521484375, 3.68359375, 2.30859375, 0.0201263427734375, 0.089111328125, 0.259033203125, 0.0012083053588867188, 0.396728515625, 0.000736236572265625, 0.68359375, 0.002162933349609375, 0.74365234375, 0.0007791519165039062, 0.151611328125, 0.374267578125, 0.0020084381103515625, 7.48046875, 0.12200927734375, 1.04296875, 0.287841796875, 2.404296875, 0.1849365234375, 7.31640625, 0.4833984375, 1.69140625, 1.8759765625, 7.76953125, 9.984375, 3.26953125, 8.4609375, 1.7119140625, 9.2109375, 0.90185546875, 6.13671875, 6.921875, 7.765625, 1.740234375, 8.78125, 4.59375, 5.65234375, 10.5625, 0.75, 4.7421875, 0.00897216796875, 0.1297607421875, 0.0007581710815429688, 0.00901031494140625, 0.00015175342559814453, 0.00440216064453125, 3.9458274841308594e-05, 0.01187896728515625, 0.1593017578125, 0.0010890960693359375, 0.1070556640625, 0.038726806640625, 0.0005826950073242188, 0.0017604827880859375, 0.0016794204711914062, 0.005245208740234375, 0.01000213623046875, 0.004413604736328125, 0.167236328125, 0.00278472900390625, 0.0273590087890625, 0.06494140625, 0.165771484375, 0.26806640625, 0.00707244873046875, 0.4072265625, 0.006298065185546875, 0.04150390625, 0.1507568359375, 0.58154296875, 0.0091094970703125, 0.794921875, 0.06988525390625, 0.0139007568359375, 0.05633544921875, 0.14697265625, 0.0147247314453125, 0.1339111328125, 0.454833984375, 1.775390625, 0.1763916015625, 0.2452392578125, 0.068115234375, 0.0140533447265625, 0.0014066696166992188, 0.003040313720703125, 0.033294677734375, 1.8477439880371094e-05, 0.036956787109375, 6.949901580810547e-05, 0.0049285888671875, 0.00029468536376953125, 0.0085906982421875, 4.57763671875e-05, 0.00945281982421875, 10.0234375, 1.6806640625, 0.061004638671875, 7.76953125, 1.2353515625, 7.66015625, 2.337890625, 2.548828125, 0.1932373046875, 1.62109375, 0.04498291015625, 0.056396484375, 0.02728271484375, 8.6875, 4.01953125, 0.56103515625, 1.7881393432617188e-05, 0.019866943359375, 0.00016605854034423828, 0.0019931793212890625, 0.0001380443572998047, 0.022308349609375, 0.0014019012451171875, 0.00443267822265625, 0.124755859375, 0.0012254714965820312, 0.035614013671875, 0.07025146484375, 0.03192138671875, 0.1446533203125, 0.0021419525146484375, 0.00154876708984375, 0.0091705322265625, 0.0014324188232421875, 0.0158538818359375, 0.01309967041015625, 0.0037555694580078125, 0.6376953125, 0.059661865234375, 0.0003790855407714844, 0.054656982421875, 0.0170745849609375, 1.640625, 0.0836181640625, 0.40380859375, 2.384765625, 0.09442138671875, 10.65625, 5.13671875, 1.8447265625, 9.3125, 4.19140625, 6.58984375, 7.84765625, 14.28125, 9.703125, 4.2421875, 1.5224609375, 1.1015625, 0.3681640625, 0.437255859375, 3.462890625, 1.724609375, 0.11138916015625, 3.71875, 0.0230865478515625, 5.609375, 0.056427001953125, 1.1220703125, 0.428955078125, 0.1337890625, 0.70361328125, 1.4912109375, 0.033477783203125, 7.27734375, 11.4140625, 4.73828125, 4.0, 6.51953125, 1.888671875, 1.3466796875, 1.4716796875, 1.7353515625, 0.0244140625, 1.3154296875, 0.059326171875, 3.38671875]",-1.7970766329672188
53,1,test,2.1814617726486176,0.8906420510444784,0.8906420510444784,6.287021850386185,2.5668504055383,2.5668504055383,8.85924700316002,5.223481352937,5.223481352937,25.532548947309497,15.054190640767871,15.054190640767871,2.960643128534058,1.2516764628358847,1.776459857352057,5.3344921234847895,2.2552729060106036,3.2008285718055083,19.310386823602524,13.787135660686683,16.04237017576601,34.7934897722568,24.84168587511114,28.90517148786668,2.6140651655037668,1.1115515964377238,1.5730181484147803,5.809033701119482,2.470114658750498,3.495595885366179,13.654445762692097,9.161477487751847,10.822264958479497,30.343212805982436,20.35883886167077,24.04947768550999,0.6231155778894473,0.003115577889447274,-0.0018844221105527303,0.49246231155778897,0.012462311557788985,0.027462311557789,0.39698492462311563,0.006984924623115618,-0.0130150753768844,0.33984375,0.0749366141251222,0.0749366141251222,0.31115459882583174,0.39698492462311563,0.10876437324466948,0.15324535867987688,0.4040404040404041,0.3712374581939799,0.09077001245107508,0.1343075360582736,0.3489932885906041,21.0,1.0,1.0,33.0,1.0,2.0,42.0,2.0,2.0,0.0011050068718987988,0.0002184103761066736,0.0007034136320039297,-0.05239212317925723,-0.04606172056316371,-0.06220962495530813,"[3.8671875, 8.015625, 1.51953125, 0.394287109375, 4.2421875, 6.21875, 0.357421875, 5.29296875, 0.035308837890625, 6.02734375, 0.01300048828125, 5.12890625, 1.0615234375, 0.1002197265625, 1.5234375, 0.8857421875, 6.96875, 4.5859375, 4.328125, 2.296875, 0.00037479400634765625, 1.5205078125, 3.986328125, 0.054656982421875, 3.76953125, 0.6298828125, 0.037506103515625, 3.072265625, 1.90234375, 2.78515625, 4.66796875, 7.28125, 8.28125, 1.80859375, 5.38671875, 1.10546875, 0.018402099609375, 0.46826171875, 0.04095458984375, 0.38818359375, 4.875, 0.693359375, 8.3125, 6.9140625, 1.837890625, 7.6171875, 1.1826171875, 2.1640625, 0.00791168212890625, 1.9970703125, 3.232421875, 3.064453125, 0.034332275390625, 11.703125, 1.1884765625, 3.447265625, 3.4296875, 1.3662109375, 0.01514434814453125, 0.052886962890625, 5.28515625, 6.71875, 4.4921875, 0.441650390625, 0.7900390625, 0.4345703125, 0.00514984130859375, 0.3212890625, 4.2890625, 8.9375, 7.25, 0.436767578125, 0.3779296875, 0.2666015625, 0.01354217529296875, 1.322265625, 0.0748291015625, 0.306396484375, 3.078125, 0.66064453125, 1.3212890625, 0.00641632080078125, 4.31640625, 0.814453125, 2.21484375, 11.2265625, 1.4736328125, 1.3681640625, 4.5390625, 0.0673828125, 0.2193603515625, 0.00811767578125, 0.003383636474609375, 4.5234375, 0.80126953125, 0.429931640625, 1.8115234375, 11.7265625, 5.8984375, 0.0736083984375, 10.6796875, 0.8046875, 2.771484375, 2.68359375, 1.96875, 3.330078125, 5.921875, 0.197509765625, 0.052001953125, 0.0552978515625, 0.0013113021850585938, 0.412841796875, 0.002986907958984375, 1.298828125, 8.0703125, 6.58984375, 10.1953125, 4.359375, 0.1998291015625, 9.796875, 4.44921875, 1.32421875, 0.0013437271118164062, 5.12890625, 2.498046875, 8.140625, 5.7578125, 8.015625, 0.6123046875, 5.8125, 1.99609375, 0.01248931884765625, 0.0194854736328125, 0.0011644363403320312, 1.189453125, 6.89453125, 1.8232421875, 0.3896484375, 4.24609375, 0.2034912109375, 1.5322265625, 6.13671875, 1.8134765625, 9.296875, 6.26171875, 1.5205078125, 5.734375, 0.61962890625, 4.98046875, 6.41015625, 7.18359375, 1.9853515625, 1.927734375, 0.2269287109375, 0.5966796875, 0.63232421875, 12.453125, 2.37890625, 0.2919921875, 0.17333984375, 0.038665771484375, 4.515625, 2.294921875, 6.40625, 6.578125, 4.25, 6.37890625, 0.1588134765625, 2.81640625, 0.327392578125, 1.357421875, 0.0221710205078125, 0.3349609375, 0.000896453857421875, 3.80078125, 0.2197265625, 0.351318359375, 0.00931549072265625, 4.25, 3.07421875, 2.537109375, 7.42578125, 7.8984375, 6.3828125, 6.12890625, 3.884765625, 3.353515625, 9.3828125, 1.248046875, 1.537109375, 0.1988525390625, 0.0059356689453125, 0.69384765625, 4.01953125, 0.0029697418212890625, 1.6396484375, 6.34765625, 0.4287109375, 7.0703125, 4.5, 2.25, 5.47265625, 1.0400390625, 0.00585174560546875, 0.05780029296875, 0.0005340576171875, 5.8125, 0.034149169921875, 2.30078125, 9.265625, 4.76171875, 6.015625, 0.5634765625, 1.59765625, 5.75, 1.388671875, 0.5048828125, 3.20703125, 4.41015625, 3.701171875, 0.0171966552734375, 0.0040435791015625, 0.0027179718017578125, 2.68359375, 0.36083984375, 5.0390625, 0.151611328125, 2.955078125, 3.001953125, 1.3154296875, 1.724609375, 0.78515625, 4.0078125, 5.16015625, 0.6259765625, 0.302490234375, 0.0050048828125, 0.0038356781005859375, 0.5947265625, 2.544921875, 0.1395263671875, 0.0076904296875, 0.0018291473388671875, 0.0021190643310546875, 0.242431640625, 1.318359375, 0.00567626953125, 0.70703125, 0.321044921875, 0.3388671875, 0.177978515625, 0.0251312255859375, 0.00806427001953125, 0.0004925727844238281, 0.0097198486328125, 0.1400146484375, 0.0005373954772949219, 0.4951171875, 0.0255889892578125, 0.000507354736328125, 0.00048470497131347656, 1.169921875, 0.242919921875, 2.50390625, 3.861328125, 6.890625, 3.984375, 6.39453125, 1.8798828125, 1.8544921875, 8.0625, 9.4140625, 0.4130859375, 0.07684326171875, 0.0022411346435546875, 0.13134765625, 0.32177734375, 0.0010747909545898438, 0.2471923828125, 4.0078125, 2.732421875, 6.171875, 2.103515625, 1.080078125, 0.0066680908203125, 0.0226593017578125, 0.0004050731658935547, 2.10546875, 0.00835418701171875, 0.3369140625, 5.8984375, 1.4638671875, 1.7099609375, 2.638671875, 1.720703125, 4.875, 1.900390625, 1.3544921875, 0.9931640625, 0.003559112548828125, 0.004486083984375, 0.0010232925415039062, 1.03515625, 0.3525390625, 1.01171875, 0.044219970703125, 0.47607421875, 4.40234375, 0.393310546875, 0.1304931640625, 0.76025390625, 0.27490234375, 0.054412841796875, 0.0092315673828125, 0.001194000244140625, 0.1348876953125, 0.363525390625, 0.00571441650390625, 0.0005998611450195312, 0.0009570121765136719, 0.0004949569702148438, 0.1712646484375, 0.31396484375, 0.0017995834350585938, 0.7626953125, 0.13134765625, 0.2685546875, 0.06585693359375, 0.008636474609375, 0.001468658447265625, 0.0010442733764648438, 0.0037403106689453125, 0.053070068359375, 0.00034689903259277344, 0.06829833984375, 0.005901336669921875, 0.0003731250762939453, 0.00018537044525146484, 0.4423828125, 0.048614501953125, 1.302734375, 3.26171875, 6.1015625, 0.2744140625, 1.0107421875, 1.0576171875, 0.60693359375, 1.478515625, 0.105712890625, 0.132568359375, 0.037933349609375, 0.0008358955383300781, 0.129638671875, 0.317138671875, 0.003025054931640625, 0.498046875, 1.560546875, 4.32421875, 10.3203125, 1.27734375, 0.5341796875, 0.2059326171875, 0.0014858245849609375, 0.02105712890625, 0.0003631114959716797, 1.3447265625, 0.007663726806640625, 0.366455078125, 4.1328125, 0.368408203125, 0.83349609375, 0.102783203125, 0.10540771484375, 8.0546875, 0.24755859375, 0.496337890625, 0.45458984375, 0.0021762847900390625, 0.0019130706787109375, 0.0009374618530273438, 0.08892822265625, 0.1439208984375, 0.0601806640625, 0.0133514404296875, 0.11700439453125, 2.64453125, 0.01251220703125, 0.00981903076171875, 0.05120849609375, 0.0227203369140625, 0.0146026611328125, 0.005474090576171875, 0.0002484321594238281, 0.0212860107421875, 0.138671875, 0.001438140869140625, 0.0003178119659423828, 0.00014007091522216797, 0.000148773193359375, 0.05548095703125, 0.1270751953125, 0.0007181167602539062, 0.76220703125, 0.32275390625, 0.027618408203125, 0.1375732421875, 0.002105712890625, 0.0011844635009765625, 0.0010461807250976562, 0.003131866455078125, 0.052764892578125, 0.00018739700317382812, 6.0390625, 10.53125, 3.5, 0.7587890625, 6.08203125, 5.8828125, 0.994140625, 2.611328125, 0.69970703125, 5.63671875, 1.3310546875, 0.002330780029296875, 2.74609375, 5.94140625, 0.182861328125, 2.2578125, 10.5078125, 1.45703125, 5.8828125, 0.427001953125, 1.39453125, 2.76953125, 6.1796875, 5.9375, 1.0244140625, 8.859375, 0.59130859375, 1.7919921875, 0.005573272705078125, 3.41796875, 5.5234375, 7.09375, 4.9765625, 9.53125, 0.08575439453125, 2.15625, 4.46484375, 2.771484375, 11.4453125, 1.201171875, 5.41796875, 0.50341796875, 0.0015554428100585938, 0.39892578125, 0.022125244140625, 0.0013875961303710938, 1.6416015625, 0.7353515625, 6.859375, 0.00609588623046875, 3.734375, 0.6845703125, 4.18359375, 0.358642578125, 0.336181640625, 0.024566650390625, 0.0007162094116210938, 3.681640625, 9.578125, 1.4658203125, 1.513671875, 4.578125, 3.634765625, 4.09765625, 0.77783203125, 1.6669921875, 6.29296875, 7.1796875, 1.966796875, 0.293701171875, 0.00920867919921875, 1.462890625, 4.03515625, 0.02227783203125, 0.00013077259063720703, 0.0026912689208984375, 0.86767578125, 0.0074462890625, 1.544921875, 0.342529296875, 5.8671875, 0.051910400390625, 5.33203125, 0.031951904296875, 0.66015625, 6.28125, 0.442626953125, 1.0205078125, 0.93115234375, 1.193359375, 0.43603515625, 0.736328125, 2.96484375, 0.0093536376953125, 1.7021484375, 5.30859375, 2.59765625, 0.66748046875, 0.10321044921875, 2.7421875]",-1.6656825926620513
185,1,test,1.2231238267825961,0.49588056061929553,0.6885586182235269,4.8589850653007245,1.969936473693092,2.735369853216751,3.3977852651899565,1.328417224809352,1.6910792454496186,13.498051053494347,5.277273906776877,6.717986043566977,1.202561071769676,0.39514544775824667,0.6041542772964705,4.00853690589892,1.3171514925274885,2.013847590988235,3.3286308782312757,1.086524830554906,1.5094127762660727,11.095436260770919,3.6217494351830197,5.031375920886909,1.2256821096974673,0.4984388435341667,0.6906467634325238,4.8691481070173355,1.980099515409703,2.7436652245949573,3.406488889602144,1.3371208492215394,1.6989802943633645,13.53262709567975,5.31184994896228,6.749373772128434,0.24623115577889443,-0.02376884422110559,-0.008768844221105576,0.1959798994974874,0.0009798994974874464,-0.004020100502512558,0.14572864321608037,-0.004271356783919655,-0.00927135678391966,0.23183391003460208,0.055668106925793825,0.08453816780215095,0.17708333333333337,0.23115577889447236,0.0557171824032443,0.08257481061400496,0.14646464646464652,0.22491349480968859,0.048747691700880336,0.08222074452200157,0.17013888888888884,16.0,5.0,5.0,24.0,8.0,9.0,25.0,6.0,6.0,0.00036284283917027807,0.0010086999033229573,0.00012811080292216592,-0.2257522520447699,-0.24066183740542968,-0.23431862219658584,"[8.3671875, 7.234375, 0.2315673828125, 2.375, 1.47265625, 0.2685546875, 5.91796875, 1.1552734375, 4.15625, 6.8359375, 9.4140625, 0.68115234375, 0.020751953125, 0.916015625, 5.6640625, 0.73583984375, 7.234375, 2.20703125, 0.5439453125, 9.0703125, 2.765625, 0.1246337890625, 2.150390625, 3.5, 11.015625, 9.078125, 4.41796875, 5.8125, 5.28125, 3.556640625, 2.2265625, 9.2109375, 0.09283447265625, 4.60546875, 0.2296142578125, 4.16015625, 0.41455078125, 0.0309906005859375, 0.292236328125, 0.404052734375, 0.0005092620849609375, 0.007213592529296875, 0.052581787109375, 0.44677734375, 1.8193359375, 0.12091064453125, 11.7265625, 5.69140625, 11.0390625, 0.6943359375, 0.1195068359375, 0.0002849102020263672, 0.04132080078125, 0.0063323974609375, 0.0103302001953125, 2.15234375, 4.01953125, 0.11279296875, 2.63671875, 0.0209197998046875, 0.021209716796875, 1.322265625, 3.390625, 1.123046875, 0.27880859375, 0.1734619140625, 0.496337890625, 0.033294677734375, 0.173095703125, 0.77880859375, 0.320556640625, 1.671875, 4.796875, 0.90673828125, 0.05902099609375, 0.31982421875, 0.7353515625, 0.32373046875, 0.2005615234375, 0.279541015625, 0.0216217041015625, 5.7734375, 1.35546875, 3.80078125, 0.0689697265625, 0.01363372802734375, 0.00010406970977783203, 0.007465362548828125, 0.001628875732421875, 0.00131988525390625, 0.29248046875, 0.03369140625, 0.1285400390625, 0.078369140625, 0.006893157958984375, 0.00330352783203125, 0.0155029296875, 1.595703125, 0.053375244140625, 0.015960693359375, 0.0013246536254882812, 0.0253143310546875, 0.008636474609375, 0.004459381103515625, 0.058807373046875, 0.0143585205078125, 0.08050537109375, 0.935546875, 0.85693359375, 0.0098419189453125, 0.316162109375, 0.0247650146484375, 0.0260467529296875, 0.08343505859375, 0.03240966796875, 0.0079803466796875, 2.685546875, 0.019989013671875, 3.7578125, 0.096923828125, 0.00916290283203125, 1.5497207641601562e-05, 0.002613067626953125, 0.0005316734313964844, 0.00019061565399169922, 0.10205078125, 0.013336181640625, 0.051910400390625, 0.04583740234375, 0.017486572265625, 0.0013275146484375, 0.00696563720703125, 1.890625, 0.025543212890625, 0.0038471221923828125, 0.0003924369812011719, 0.00861358642578125, 0.00702667236328125, 0.0007157325744628906, 0.0122528076171875, 0.00360870361328125, 0.083740234375, 0.5009765625, 0.130126953125, 0.01036834716796875, 0.049163818359375, 0.0086822509765625, 0.02154541015625, 0.01395416259765625, 0.0064849853515625, 0.004360198974609375, 1.4970703125, 0.03753662109375, 3.62890625, 0.0285797119140625, 0.00555419921875, 1.3470649719238281e-05, 0.0017633438110351562, 0.0005369186401367188, 3.4928321838378906e-05, 0.03570556640625, 0.0238800048828125, 0.028106689453125, 0.061553955078125, 0.01172637939453125, 0.000995635986328125, 0.006374359130859375, 4.0546875, 0.05572509765625, 0.0030803680419921875, 0.00014603137969970703, 0.00823974609375, 0.0032329559326171875, 0.0013589859008789062, 0.01117706298828125, 0.00803375244140625, 0.07373046875, 0.49365234375, 0.1533203125, 0.006443023681640625, 0.018829345703125, 0.01114654541015625, 0.0221405029296875, 0.01190948486328125, 0.006290435791015625, 0.002643585205078125, 1.8193359375, 0.0316162109375, 2.859375, 0.048675537109375, 0.004428863525390625, 8.58306884765625e-06, 0.0012226104736328125, 0.0006346702575683594, 2.4437904357910156e-05, 0.032806396484375, 0.0248870849609375, 0.01419830322265625, 0.0191192626953125, 0.0120697021484375, 0.0009560585021972656, 0.004638671875, 0.10174560546875, 0.015655517578125, 0.0022602081298828125, 0.00014448165893554688, 0.019561767578125, 0.004119873046875, 0.003536224365234375, 0.004558563232421875, 0.005397796630859375, 0.07373046875, 2.865234375, 0.038787841796875, 0.00473785400390625, 0.0197296142578125, 0.0112457275390625, 0.008941650390625, 0.01263427734375, 0.005634307861328125, 0.005313873291015625, 2.611328125, 0.035888671875, 1.8544921875, 0.0716552734375, 0.005084991455078125, 1.2040138244628906e-05, 0.0009360313415527344, 0.0002956390380859375, 9.059906005859375e-06, 0.0189208984375, 0.00624847412109375, 0.0121917724609375, 0.01267242431640625, 0.00902557373046875, 0.002044677734375, 0.005229949951171875, 0.7392578125, 0.005451202392578125, 0.0014705657958984375, 0.00014317035675048828, 0.00823974609375, 0.0023670196533203125, 0.0023517608642578125, 0.004364013671875, 0.0035247802734375, 0.0902099609375, 1.2099609375, 0.04034423828125, 0.00665283203125, 0.019866943359375, 0.011199951171875, 0.0089263916015625, 0.0291290283203125, 0.0032482147216796875, 0.0017080307006835938, 12.734375, 6.015625, 4.125, 12.3203125, 4.29296875, 0.37841796875, 0.013427734375, 2.0265579223632812e-05, 0.0017290115356445312, 0.0006427764892578125, 9.465217590332031e-05, 3.11328125, 6.046875, 0.0092315673828125, 3.287109375, 0.03533935546875, 0.00328826904296875, 0.0161285400390625, 7.734375, 0.8037109375, 0.6796875, 4.02734375, 2.462890625, 1.0439453125, 12.5, 2.611328125, 10.3515625, 3.056640625, 0.04547119140625, 0.06072998046875, 0.042083740234375, 0.00896453857421875, 3.08984375]",-1.307823381621945
105,1,test,0.5407320221658587,0.17390003922488323,0.26881521919739276,1.0147070045581545,0.3263309378047191,0.504443374296342,1.7172634771236241,0.27410805310959074,0.40478567461208415,3.222519117565319,0.5143756058352813,0.7595978091486022,0.47262469488172676,0.044004728709391316,0.1088019415597814,0.8010588048842827,0.07458428594812094,0.18441007044030755,1.6041992058105703,0.06906168647139443,0.1653800401725385,2.7189817047636784,0.11705370588371933,0.28030515283481083,0.4551784681237262,0.13308187891110163,0.21530806852239134,0.8642629141589738,0.25268711185652204,0.4088127883336544,1.5764547048430695,0.19643664046479237,0.3053702982426927,2.9932684269172207,0.37298096290783356,0.579817021979796,0.11055276381909551,0.0005527638190955253,0.00555276381909553,0.085427135678392,-0.004572864321607972,-0.004572864321607972,0.055276381909547756,0.00027638190954770714,-0.004723618090452297,0.1452145214521452,0.02824582293484701,0.02885886832371487,0.11920529801324509,0.12060301507537685,0.010327325852319214,0.025444417412605613,0.07070707070707072,0.14046822742474918,0.010251199044114756,0.022559439883036214,0.10402684563758391,13.0,4.0,4.0,15.0,3.0,3.0,16.0,3.0,2.0,0.0008913016577893552,0.0004124536649965893,-3.3753287046801185e-05,-0.1830146886844748,-0.1738764030665343,-0.17673885297025205,"[1.369140625, 2.291015625, 6.27734375, 6.59765625, 2.390625, 7.78515625, 2.34375, 3.34375, 10.5078125, 11.2109375, 1.25390625, 0.3291015625, 0.405029296875, 0.359619140625, 2.458984375, 0.287841796875, 0.343994140625, 0.00989532470703125, 3.37109375, 5.83203125, 8.4375, 3.716796875, 0.41748046875, 0.28173828125, 0.0121307373046875, 0.2249755859375, 0.47900390625, 0.0225067138671875, 0.8505859375, 0.0095672607421875, 2.029296875, 0.1688232421875, 0.0027866363525390625, 0.0002951622009277344, 0.003391265869140625, 0.01264190673828125, 7.653236389160156e-05, 0.0016021728515625, 0.0009860992431640625, 0.037841796875, 0.010162353515625, 0.00197601318359375, 0.0308990478515625, 0.1414794921875, 0.71875, 8.106231689453125e-06, 0.00855255126953125, 0.0018558502197265625, 0.0020008087158203125, 0.00019025802612304688, 0.007781982421875, 0.01036834716796875, 0.0013551712036132812, 0.0005035400390625, 0.00365447998046875, 8.58306884765625e-06, 0.129638671875, 0.0003364086151123047, 0.0010433197021484375, 0.049102783203125, 2.6226043701171875e-06, 0.00234222412109375, 0.0011396408081054688, 0.00046563148498535156, 0.0007457733154296875, 6.330013275146484e-05, 0.0016193389892578125, 0.0019550323486328125, 0.0003008842468261719, 0.00012695789337158203, 6.890296936035156e-05, 0.004650115966796875, 0.0230712890625, 1.1920928955078125e-06, 0.00965118408203125, 0.0002751350402832031, 0.0011386871337890625, 0.007114410400390625, 1.2636184692382812e-05, 0.0025691986083984375, 0.0004734992980957031, 0.00096893310546875, 0.00803375244140625, 7.784366607666016e-05, 0.00013637542724609375, 0.0003914833068847656, 0.006076812744140625, 0.0229339599609375, 0.00351715087890625, 0.0097503662109375, 0.0186767578125, 0.0068511962890625, 0.0068206787109375, -0.0, 0.035888671875, 0.00687408447265625, -0.0, 0.00263214111328125, 0.0018634796142578125, 0.0027790069580078125, 0.0026035308837890625, 0.0001361370086669922, 1.9788742065429688e-05, 0.0014219284057617188, 6.854534149169922e-05, 0.018707275390625, 1.7642974853515625e-05, 0.00270843505859375, 0.0020294189453125, 0.1287841796875, 0.0079193115234375, -0.0, 0.0001283884048461914, 0.00015234947204589844, 0.000499725341796875, 8.463859558105469e-06, 0.0005488395690917969, 9.5367431640625e-07, 2.5272369384765625e-05, 8.034706115722656e-05, 5.960464477539062e-07, 0.004085540771484375, 0.00145721435546875, 0.0031566619873046875, 0.00389862060546875, 0.00849151611328125, 0.0004124641418457031, 0.0029277801513671875, 0.00010180473327636719, 0.0198974609375, 0.0006155967712402344, 1.1563301086425781e-05, 0.0014505386352539062, 0.004276275634765625, 0.0004177093505859375, 0.00024318695068359375, 0.00035071372985839844, 0.01424407958984375, 0.003986358642578125, 0.051422119140625, 3.048828125, 2.384185791015625e-06, 0.0002073049545288086, 0.0008106231689453125, 0.001064300537109375, 0.0016317367553710938, 0.00011837482452392578, 0.0001035928726196289, 0.00518035888671875, 0.0016565322875976562, 0.0025730133056640625, 0.01331329345703125, 0.0111846923828125, 0.01837158203125, 0.0032100677490234375, 0.0011806488037109375, 0.06829833984375, 0.00556182861328125, 1.5854835510253906e-05, 0.002162933349609375, 0.004177093505859375, 1.1920928955078125e-07, 0.0001214742660522461, 0.049530029296875, 0.0002123117446899414, 8.106231689453125e-05, 0.00257110595703125, 0.0002206563949584961, 0.0004146099090576172, 0.0013637542724609375, 0.6943359375, 2.130859375, 7.152557373046875e-07, 7.295608520507812e-05, 5.221366882324219e-05, 0.0008993148803710938, 0.00015044212341308594, 0.0186614990234375, 4.57763671875e-05, 7.56978988647461e-05, 0.0003197193145751953, 0.00444793701171875, 5.245208740234375e-06, 0.006320953369140625, 1.318359375, 0.00691986083984375, 0.0007123947143554688, 4.0531158447265625e-06, 0.0001270771026611328, 0.001087188720703125, 0.007114410400390625, 3.5762786865234375e-07, 4.661083221435547e-05, 0.00814056396484375, 0.0020580291748046875, 0.1356201171875, 9.965896606445312e-05, 1.1920928955078125e-06, 9.298324584960938e-06, 0.00270843505859375, 1.3681640625, 0.0028171539306640625, 0.0328369140625, 4.935264587402344e-05, 0.0014944076538085938, 0.9345703125, 3.0517578125e-05, 0.1348876953125, 0.77001953125, 0.2427978515625, 0.0002472400665283203, 8.821487426757812e-05, 0.1273193359375, 0.34716796875, 0.0231170654296875, 4.02734375, 0.0017538070678710938, 0.018218994140625, 0.007419586181640625, 0.0218048095703125, 5.614757537841797e-05, 0.0007123947143554688, 0.0011186599731445312, 0.032257080078125, 0.13134765625, 0.00036787986755371094, 5.0078125, 4.01953125, 0.316162109375, 1.704692840576172e-05, 1.2705078125, 0.001445770263671875, 0.00321197509765625, 0.0008115768432617188, 0.0002837181091308594, 0.0004062652587890625, 0.0090789794921875, 0.01055145263671875, 0.0001270771026611328, 0.0012722015380859375, 0.00142669677734375, 2.300739288330078e-05, 0.0005102157592773438, 0.006771087646484375, 0.001369476318359375, 0.0010747909545898438, 0.314208984375, 1.3113021850585938e-06, 0.004421234130859375, 0.0005679130554199219, 0.0012445449829101562, 0.0051422119140625, 0.0005559921264648438, 0.0004608631134033203, 5.5909156799316406e-05, 0.0004544258117675781, 0.0013399124145507812, 0.005462646484375, 0.0025882720947265625, 0.0003407001495361328, 0.0016803741455078125, 0.0269012451171875, 0.06396484375, 0.0202484130859375, 0.005672454833984375, 0.324951171875, 0.08782958984375, 0.1976318359375, 0.64990234375, 2.41015625, 2.177734375, 0.1268310546875, 0.016754150390625, 1.013671875, 0.031646728515625, 0.49169921875, 0.2349853515625, 5.51171875, 2.8046875, 0.35693359375, 1.2314453125, 0.78564453125, 0.00542449951171875, 0.0026683807373046875, 0.0020160675048828125, 0.0002789497375488281, 0.0002359151840209961, 0.0016088485717773438, 7.665157318115234e-05, 0.0003218650817871094, 7.975101470947266e-05, 0.00159454345703125, 5.173683166503906e-05, 0.00016951560974121094, 0.0001876354217529297, 0.00933837890625, 0.05072021484375, 4.3046875, 1.4501953125, 13.3203125, 8.6796875, 2.8125, 0.74853515625]",-2.3995546141866804
145,1,test,2.6751152609560953,1.1645513054993457,1.170087186751232,7.978413936184846,3.4732231918401535,3.489733714872095,14.514022643311241,9.984738254475197,10.009742560715988,43.28743595373528,29.779043916855848,29.85361816353891,2.4831193895196195,0.9560056217260167,1.3735320893177323,7.6403673523680595,2.941555759156974,4.226252582516099,11.978572031162043,7.373705122551174,8.945465657451033,36.85714471126782,22.68832345400361,27.524509715233943,2.725613707284066,1.136283029887002,1.610619707009374,7.714001058351131,3.2158953676047224,4.558357661347285,15.265779772864795,10.365311936358072,12.216229890198607,43.20503709301357,29.335788499126625,34.57423553829795,0.4623115577889447,0.0023115577889447625,-0.002688442211055242,0.3668341708542714,-0.00816582914572861,-0.0031658291457286047,0.29648241206030146,0.0064824120603014235,-0.0035175879396985854,0.3673870333988212,0.09260783810932172,0.0936822435649991,0.36220472440944884,0.33668341708542715,0.07603178801274546,0.12967173094185458,0.2777777777777778,0.3745819397993311,0.09077559589282025,0.15767426460467038,0.3489932885906041,23.0,0.0,0.0,31.0,-1.0,-1.0,36.0,-2.0,0.0,0.0005560250838685257,-0.0002089704481658849,-1.2112832737660922e-05,-0.04397245256586846,-0.0443040613597967,-0.04135476363779489,"[7.171875, 4.96875, 0.255859375, 12.5390625, 1.6748046875, 5.95703125, 11.0703125, 2.8984375, 6.296875, 1.033203125, 6.3984375, 5.125, 9.234375, 3.361328125, 1.796875, 6.609375, 4.828125, 2.513671875, 1.5458984375, 2.41015625, 10.21875, 10.609375, 9.8203125, 0.96630859375, 0.4462890625, 0.7568359375, 0.273681640625, 0.017364501953125, 0.72509765625, 8.1796875, 3.01171875, 5.125, 1.9453125, 6.7421875, 0.2073974609375, 4.078125, 0.1064453125, 4.64453125, 2.583984375, 0.043975830078125, 0.0186309814453125, 9.2890625, 0.16015625, 0.1175537109375, 0.669921875, 0.360107421875, 0.0298004150390625, 0.04107666015625, 0.010009765625, 0.048858642578125, 0.02471923828125, 2.525390625, 0.0107879638671875, 0.0153656005859375, 1.3583984375, 0.056060791015625, 0.325927734375, 12.0234375, 0.407958984375, 0.4677734375, 0.052825927734375, 0.047027587890625, 0.00762939453125, 0.0239105224609375, 0.02264404296875, 2.576171875, 0.007781982421875, 0.006473541259765625, 0.14404296875, 4.04296875, 0.73193359375, 1.1845703125, 0.4033203125, 0.060455322265625, 0.1416015625, 8.7109375, 2.849609375, 0.1419677734375, 1.66015625, 0.01338958740234375, 0.00115203857421875, 0.0010814666748046875, 0.00496673583984375, 0.01380157470703125, 1.6259765625, 0.0015954971313476562, 0.003330230712890625, 0.0643310546875, 0.432373046875, 0.05859375, 7.98828125, 1.36328125, 3.0234375, 0.056304931640625, 0.1881103515625, 0.00896453857421875, 0.329833984375, 7.58203125, 4.5078125, 0.242919921875, 0.62646484375, 0.002780914306640625, 0.00312042236328125, 0.002063751220703125, 0.007152557373046875, 0.0037136077880859375, 0.49609375, 0.0012960433959960938, 0.0029964447021484375, 0.025970458984375, 12.28125, 1.353515625, 3.552734375, 0.0056610107421875, 0.250732421875, 0.022918701171875, 0.1456298828125, 11.8359375, 5.9375, 10.2578125, 0.09344482421875, 0.2061767578125, 0.00518798828125, 0.001171112060546875, 0.002605438232421875, 0.020233154296875, 0.0037384033203125, 0.141357421875, 0.0011730194091796875, 0.0072784423828125, 0.0643310546875, 3.501953125, 0.08038330078125, 0.438720703125, 0.0016765594482421875, 0.82861328125, 6.4296875, 10.0078125, 6.21484375, 7.72265625, 1.861328125, 2.0234375, 0.2578125, 0.201171875, 0.01175689697265625, 0.01548004150390625, 1.2646484375, 5.19140625, 0.1417236328125, 8.6640625, 0.1673583984375, 4.76171875, 0.556640625, 10.3203125, 2.40625, 0.10821533203125, 1.0361328125, 0.059722900390625, 2.1640625, 0.0472412109375, 0.22607421875, 2.609375, 7.71484375, 1.7080078125, 4.76171875, 1.134765625, 8.296875, 2.376953125, 1.3466796875, 7.5859375, 3.009765625, 6.421875, 3.501953125, 1.2490234375, 0.119384765625, 2.365234375, 0.042327880859375, 0.3212890625, 0.1544189453125, 0.0572509765625, 0.01062774658203125, 0.0052032470703125, 8.859375, 2.5859375, 7.734375, 7.35546875, 0.01055908203125, 11.0546875, 3.46484375, 10.03125, 0.0169677734375, 0.0228271484375, 0.42529296875, 3.865234375, 4.66796875, 0.232666015625, 0.131591796875, 7.30859375, 1.103515625, 9.609375, 2.421875, 6.82421875, 2.146484375, 5.62109375, 7.640625, 4.3515625, 4.63671875, 0.1397705078125, 0.16015625, 2.130859375, 0.0036983489990234375, 0.04998779296875, 0.779296875, 7.3828125, 2.759765625, 0.201904296875, 6.4765625, 1.4228515625, 0.38916015625, 5.34765625, 0.02313232421875, 1.5283203125, 0.90966796875, 5.703125, 0.2919921875, 6.0625, 4.3125, 1.89453125, 1.8095703125, 0.046539306640625, 10.5, 0.0104217529296875, 2.388671875, 2.404296875, 3.1953125, 5.66015625, 5.90625, 7.2578125, 5.2265625, 1.0673828125, 0.4775390625, 1.1259765625, 0.74853515625, 0.18603515625, 0.036834716796875, 0.002437591552734375, 0.004337310791015625, 4.0703125, 0.1273193359375, 3.734375, 1.0703125, 0.004199981689453125, 4.6484375, 14.296875, 2.4921875, 2.65625, 2.201171875, 5.140625, 3.296875, 0.00385284423828125, 3.5078125, 4.90625, 2.568359375, 2.58203125, 4.0390625, 8.375, 0.0771484375, 4.58203125, 2.6875, 6.9296875, 5.35546875, 4.14453125, 0.417724609375, 5.6171875, 6.79296875, 1.58203125, 2.466796875, 2.537109375, 0.005329132080078125, 1.1767578125, 5.2109375, 1.802734375, 1.0224609375, 1.072265625, 4.75390625, 3.388671875, 4.76953125, 4.91015625, 4.421875, 12.5625, 7.84765625, 1.9658203125, 1.0205078125, 2.533203125, 4.0234375, 2.015625, 0.0074920654296875, 0.003948211669921875, 1.8515625, 4.953125, 6.859375, 5.625, 2.29296875, 3.908203125, 4.50390625, 0.350830078125, 0.146728515625, 3.05859375, 0.005718231201171875, 0.0701904296875, 0.3447265625, 7.171875, 3.70703125, 0.66357421875, 9.9375, 0.01346588134765625, 0.5986328125, 0.2364501953125, 1.1123046875, 0.43896484375, 0.2061767578125, 0.00977325439453125, 0.50537109375, 6.07421875, 0.73974609375, 4.484375, 3.84375, 1.7841796875, 0.07684326171875, 3.3984375, 10.078125, 1.1982421875, 0.509765625, 2.7734375, 0.90625, 0.053863525390625, 5.24609375, 3.62109375, 9.0234375, 0.061920166015625, 7.63671875, 1.5283203125, 5.24609375, 3.67578125, 1.330078125, 4.54296875, 0.14892578125, 10.5625, 0.4208984375, 9.1015625, 0.50341796875, 3.79296875, 5.20703125, 8.8203125, 0.88623046875, 0.23828125, 0.0129852294921875, 0.1490478515625, 0.00698089599609375, 4.953125, 7.78515625, 2.357421875, 0.386474609375, 0.004138946533203125, 3.146484375, 0.1796875, 5.00390625, 0.3076171875, 2.30078125, 6.1484375, 0.2449951171875, 3.29296875, 0.285888671875, 0.7197265625, 4.453125, 0.89111328125, 15.7890625, 0.014190673828125, 0.03704833984375, 3.228515625, 5.76953125, 0.14501953125, 5.75390625, 0.0496826171875, 0.0958251953125, 0.0195770263671875, 0.01316070556640625, 2.095703125, 3.22265625, 0.430908203125, 6.32421875, 11.8125, 0.138427734375, 1.0302734375, 7.69921875, 0.384765625, 0.15234375, 0.0004038810729980469, 9.1640625, 0.2431640625, 4.2578125, 0.3828125, 5.9375, 1.8505859375, 3.814453125, 0.46337890625, 3.01171875, 0.400146484375, 0.373779296875, 0.082275390625, 7.593631744384766e-05, 1.94140625, 13.5859375, 5.32421875, 2.826171875, 1.3837890625, 0.01153564453125, 1.9833984375, 0.23193359375, 3.1640625, 7.76171875, 4.109375, 8.7421875, 4.56640625, 3.900390625, 3.451171875, 9.9453125, 0.36083984375, 5.4375, 8.4921875, 2.5703125, 0.1722412109375, 2.2890625, 5.12890625, 0.1937255859375, 5.68359375, 0.55859375, 1.2607421875, 0.1439208984375, 0.1619873046875, 0.03289794921875, 0.00017642974853515625, 2.86328125, 2.083984375, 0.00435638427734375, 1.2001953125, 0.031494140625, 2.435546875, 0.157470703125, 0.485107421875, 2.91015625, 3.212890625, 11.4453125, 0.0080413818359375, 0.433837890625, 10.9609375, 1.6689453125, 3.626953125, 0.041595458984375, 2.46484375, 7.41796875, 4.0, 3.45703125, 0.01302337646484375, 0.04974365234375, 0.00708770751953125, 0.00971221923828125, 0.015716552734375, 0.00024175643920898438, 4.15625, 0.079345703125, 0.194580078125, 5.02734375, 0.1676025390625, 0.281494140625, 0.1917724609375, 1.8715858459472656e-05, 0.005218505859375, 0.677734375, 0.00010073184967041016, 0.01561737060546875, 2.404296875, 0.0003116130828857422, 7.37109375, 0.5859375, 8.7734375, 0.0509033203125, 0.0199432373046875, 0.1895751953125, 2.5703125, 3.208984375, 4.46875, 1.6279296875, 6.7578125, 0.2052001953125, 0.25, 4.124641418457031e-05, 2.76171875, 8.0703125, 0.9130859375, 3.94921875, 0.463134765625, 0.7041015625, 1.6787109375, 0.2066650390625, 0.0068511962890625, 0.33447265625, 0.8837890625, 2.12890625]",-1.4561117554928793
136,1,test,0.15532719227750946,-0.06558331503864559,-0.0448093033235514,0.30375095378712963,-0.12825181607557357,-0.08762708205494496,1.1680400722812752,-0.07917173695608648,-0.05352941336103223,2.2841672524611605,-0.15482473004745767,-0.10467974168379612,0.19385713608420674,-0.09535358587822729,-0.09652400314405363,0.3877142721684135,-0.19070717175645457,-0.19304800628810725,1.2139228447964223,-0.12145024652476977,-0.12301410525227552,2.4278456895928446,-0.24290049304953953,-0.24602821050455104,0.15532719227750946,-0.06558331503864559,-0.0448093033235514,0.30375095378712963,-0.12825181607557357,-0.08762708205494496,1.1680400722812752,-0.07917173695608648,-0.05352941336103223,2.2841672524611605,-0.15482473004745767,-0.10467974168379612,0.05025125628140703,0.0002512562814069863,-0.004748743718593018,0.03015075376884424,-0.0148492462311558,-0.009849246231155795,0.02010050251256279,-0.004899497487437232,-0.004899497487437232,0.09505703422053235,0.02484830556778095,0.026789019049862306,0.026717557251908386,0.12060301507537685,0.020352388508960817,0.033791662821620605,0.03535353535353536,0.09505703422053235,0.02484830556778095,0.026789019049862306,0.026717557251908386,11.0,2.0,2.0,14.0,3.0,3.0,14.0,3.0,3.0,0.00018338886094665074,4.619103096908928e-05,0.00014811810071834142,-0.08693441880236286,-0.08008047870786383,-0.08548025989164021,"[5.1953125, 5.921875, 3.2578125, 7.05859375, 0.342041015625, 0.1275634765625, 2.68359375, 0.53173828125, 2.51953125, 0.3173828125, 5.710124969482422e-05, 0.00043010711669921875, 0.0350341796875, 0.030059814453125, 0.5341796875, 0.042877197265625, 0.9208984375, 0.0019683837890625, 0.0023593902587890625, 0.0017137527465820312, 0.1356201171875, 0.0003609657287597656, 0.00396728515625, 0.00022804737091064453, 0.004436492919921875, 0.00020182132720947266, 0.0204315185546875, 0.007785797119140625, 0.06317138671875, 0.0212860107421875, 0.0004818439483642578, 0.003345489501953125, 0.0004329681396484375, 0.0025177001953125, 0.000675201416015625, 0.0005846023559570312, 0.003559112548828125, 0.002674102783203125, 0.007503509521484375, 0.0018100738525390625, 0.3193359375, 2.12890625, 0.00020110607147216797, 0.021636962890625, 0.00019085407257080078, 0.003299713134765625, 0.02593994140625, 0.305419921875, 0.003871917724609375, 0.250732421875, 0.018524169921875, 0.0003921985626220703, 0.0012464523315429688, 0.0011653900146484375, 4.8279762268066406e-05, 9.775161743164062e-06, 0.0003390312194824219, 0.00022923946380615234, 0.0027313232421875, 0.00041985511779785156, 0.314697265625, 0.0002703666687011719, 0.396728515625, 0.0006914138793945312, 0.0003509521484375, 0.0003218650817871094, 1.2636184692382812e-05, 4.172325134277344e-06, 0.00920867919921875, 0.00015175342559814453, 0.00010478496551513672, 1.0013580322265625e-05, 0.0010976791381835938, 0.0011930465698242188, 0.0020999908447265625, 0.0248870849609375, 0.00679779052734375, 0.00041794776916503906, 1.633167266845703e-05, 7.37905502319336e-05, 0.006809234619140625, 0.0010528564453125, 0.00760650634765625, 0.00128936767578125, 0.0017633438110351562, 0.050689697265625, 0.00018656253814697266, 1.5380859375, 0.01097869873046875, 0.0002849102020263672, 0.0163421630859375, 3.993511199951172e-05, 1.0728836059570312e-05, 4.4345855712890625e-05, 0.0004792213439941406, 0.0025730133056640625, 0.0002313852310180664, 0.0183868408203125, 0.1273193359375, 7.271766662597656e-06, 0.050933837890625, 0.05078125, 0.0004940032958984375, 0.0025730133056640625, 1.6808509826660156e-05, -0.0, 0.00014698505401611328, 0.000453948974609375, 0.0009126663208007812, 0.00033855438232421875, 0.0182342529296875, 0.049468994140625, 6.198883056640625e-06, 0.033111572265625, 0.0008902549743652344, 0.040252685546875, 0.0113983154296875, 0.1649169921875, 0.0009398460388183594, 0.002834320068359375, 0.0038127899169921875, 0.0028057098388671875, 0.1629638671875, 0.10992431640625, 0.0272216796875, 0.0980224609375, 0.0105438232421875, 0.005706787109375, 0.1995849609375, 0.003314971923828125, 0.234375, 0.058837890625, 1.9669532775878906e-05, 0.0167999267578125, 0.006313323974609375, 0.0033206939697265625, 0.006320953369140625, 2.396106719970703e-05, 3.2067298889160156e-05, 6.020069122314453e-05, 0.00026869773864746094, 0.0001837015151977539, 0.0028209686279296875, 2.130859375, 0.049591064453125, 1.5139579772949219e-05, 0.150634765625, 0.00010704994201660156, 0.0131072998046875, 0.0006265640258789062, 0.02386474609375, 0.0009784698486328125, 0.0018520355224609375, 0.0018520355224609375, 0.009918212890625, 0.0030384063720703125, 0.01165771484375, 0.006404876708984375, 0.0263824462890625, 0.0006442070007324219, 0.0002639293670654297, 0.0010118484497070312, 0.01186370849609375, 0.050811767578125, 0.0004024505615234375, 5.5909156799316406e-05, 0.0007901191711425781, 1.728534698486328e-05, 0.740234375, 0.0012340545654296875, 0.0013780593872070312, 0.0001277923583984375, 1.2516975402832031e-05, 0.0001283884048461914, 3.4809112548828125e-05, 8.96453857421875e-05, 6.198883056640625e-06, 0.0025730133056640625, 1.0728836059570312e-06, 1.2993812561035156e-05, 9.810924530029297e-05, 0.0035533905029296875, 0.0069427490234375, 0.0004067420959472656, 0.018463134765625, 0.0007009506225585938, 2.300739288330078e-05, 8.344650268554688e-07, 7.796287536621094e-05, 1.3113021850585938e-06, 0.0005936622619628906, 6.794929504394531e-06, 1.5139579772949219e-05, 0.0005106925964355469, 0.0033168792724609375, 0.00030231475830078125, 2.205371856689453e-05, 0.1297607421875, 0.048828125, 1.3113021850585938e-06, 0.04150390625, 2.9802322387695312e-06, 0.0004820823669433594, 0.005504608154296875, 4.57763671875e-05, 0.003021240234375, 1.3589859008789062e-05, 0.052398681640625, 0.0004010200500488281, 5.364418029785156e-05, 0.0027599334716796875, 0.0250091552734375, 0.32763671875, 0.0098114013671875, 0.0001392364501953125, 0.023193359375, 6.556510925292969e-05, 0.0004329681396484375, 9.5367431640625e-07, 3.4928321838378906e-05, 1.633167266845703e-05, 0.007701873779296875, 0.00522613525390625, 0.0001964569091796875, 3.5762786865234375e-07, 8.285045623779297e-05, 3.5762786865234375e-07, 0.0004143714904785156, 6.4373016357421875e-06, 0.00018739700317382812, 0.00250244140625, 0.0003452301025390625, 0.0007610321044921875, 1.1920928955078125e-07, 2.8967857360839844e-05, 3.933906555175781e-06, 6.985664367675781e-05, 0.0006451606750488281, 0.0002796649932861328, 0.0002110004425048828, 2.9325485229492188e-05, 0.00826263427734375, 2.86102294921875e-06, 6.794929504394531e-05, 0.0025196075439453125, 0.004940032958984375, 0.018890380859375, 6.29425048828125e-05, 1.6689300537109375e-06, 0.007904052734375, 0.0005440711975097656, 0.00775146484375, 2.7418136596679688e-06, 0.0067138671875, 0.0005192756652832031, 0.0006794929504394531, -0.0, 1.7881393432617188e-06, 1.5020370483398438e-05, 1.811981201171875e-05, 1.7762184143066406e-05, 0.004886627197265625, 0.003780364990234375]",-2.4185196247390923
251,1,test,0.8149011879233841,0.2941585486478998,0.44044024137037446,2.0092601809103288,0.7252916886509286,1.085970976813977,2.2589524495388127,0.5756751960998325,0.8047451417012843,5.569783520618599,1.41941288809348,1.9842189371718688,0.6260059622663948,0.18048108777997351,0.2872658795319796,1.4390941661296432,0.41489905236775515,0.6603813322574242,1.8701262879819662,0.30881681566934427,0.4669477005121865,4.299140891912566,0.7099237141824011,1.0734429896831879,0.8524214886502678,0.24267181146504357,0.4103894259478979,1.9671265122698487,0.560011872611639,0.9470525214182259,2.3453191451487196,0.5053483906779312,0.7894535202578732,5.412274950343199,1.1661885938721488,1.8218158159797073,0.14070351758793975,-0.01929648241206028,-0.024296482412060283,0.10552763819095479,0.005527638190954809,-0.0044723618090452,0.0653266331658291,-0.014673366834170865,-0.00967336683417086,0.20496894409937894,0.04372863402185956,0.06344001847954428,0.19937694704049846,0.19095477386934678,0.04057883401972273,0.042373805588879376,0.1515151515151515,0.2240802675585284,0.05880480846003089,0.08281219191892886,0.22483221476510062,14.0,1.0,3.0,17.0,2.0,3.0,17.0,1.0,0.0,-0.00048561051505348807,9.172002649229909e-05,8.309862571499314e-06,-0.25079322982593855,-0.25712674905455746,-0.26086124147131207,"[3.529296875, 1.9189453125, 0.751953125, 7.58203125, 0.353515625, 0.07403564453125, 0.447021484375, 0.26171875, 0.1544189453125, 0.82763671875, 0.00981903076171875, 0.99609375, 0.00030159950256347656, 0.050018310546875, 0.00557708740234375, 0.3291015625, 0.2286376953125, 0.0024013519287109375, 0.443359375, 0.005779266357421875, 0.0299072265625, 0.00251007080078125, 0.0004012584686279297, 0.007171630859375, 0.0017108917236328125, 0.3740234375, 0.1378173828125, 3.22265625, 0.2005615234375, 0.049102783203125, 1.3154296875, 0.1453857421875, 0.025604248046875, 0.09112548828125, 1.15234375, 0.00592803955078125, 0.05029296875, 3.064453125, 0.0111236572265625, 1.430511474609375e-06, 0.04376220703125, 0.0004544258117675781, 0.019256591796875, 0.006439208984375, 0.44873046875, 0.149169921875, 0.943359375, 0.01367950439453125, 0.0469970703125, 3.072265625, 2.263671875, 0.210205078125, 0.79541015625, 0.0031147003173828125, 9.0, 0.0010213851928710938, 3.658203125, 0.008392333984375, 0.01287078857421875, 0.73828125, 3.224609375, 0.0013475418090820312, 0.05230712890625, 0.00644683837890625, 0.71240234375, 0.09442138671875, 8.4140625, 5.84765625, 1.560546875, 7.62109375, 5.03515625, 0.021575927734375, 0.212646484375, 0.0038242340087890625, 0.0011587142944335938, 0.0023593902587890625, 0.1812744140625, 0.001346588134765625, 0.1707763671875, 0.0015316009521484375, 0.5107421875, 0.0116424560546875, 0.0018434524536132812, 0.0286865234375, 0.15869140625, 0.007167816162109375, 0.1512451171875, 0.00023829936981201172, 0.177490234375, 0.00020694732666015625, 0.0029926300048828125, 0.020538330078125, 0.2113037109375, 0.00681304931640625, 3.251953125, 1.4609375, 0.0005273818969726562, 0.186279296875, 0.0020294189453125, 0.00028634071350097656, 2.451171875, 0.06414794921875, 0.07952880859375, 4.9296875, 0.07733154296875, 0.01050567626953125, 1.8603515625, 0.41796875, 0.004489898681640625, 0.0836181640625, 0.004974365234375, 4.9233436584472656e-05, 0.006282806396484375, 1.6220703125, 0.039947509765625, 0.09210205078125, 0.041351318359375, 0.044708251953125, 6.515625, 0.4208984375, 0.0239105224609375, 0.391357421875, 0.00113677978515625, 0.0009632110595703125, 0.007213592529296875, 0.0018215179443359375, 0.0340576171875, 0.0184478759765625, 0.03759765625, 0.46142578125, 0.0081634521484375, 0.1591796875, 0.0008502006530761719, 0.0006232261657714844, 0.164306640625, 0.052398681640625, 0.0019016265869140625, 0.04205322265625, 0.0007190704345703125, 1.37109375, 0.059356689453125, 1.853515625, 0.91162109375, 0.0301055908203125, 0.332275390625, 0.003719329833984375, 1.5029296875, 0.2171630859375, 0.120361328125, 0.1834716796875, 0.037689208984375, 0.060089111328125, 0.01258087158203125, 0.7021484375, 0.05352783203125, 3.2186508178710938e-06, 2.1219253540039062e-05, 0.143310546875, 0.037689208984375, 0.267822265625, 2.1457672119140625e-05, 1.68359375, 0.2138671875, 0.042572021484375, 1.8046875, 0.023468017578125, 0.0011644363403320312, 0.200927734375, 0.35888671875, 0.052734375, 0.055419921875, 2.849102020263672e-05, 0.1591796875, 0.82666015625, 1.6689300537109375e-06, 2.384185791015625e-07, 0.1514892578125, 0.190185546875, 0.017120361328125, 0.0027599334716796875, 0.0002512931823730469, 0.0007672309875488281, 0.1982421875, 0.424072265625, 0.04345703125, 0.0011892318725585938, 0.152587890625, 2.14453125, 0.01357269287109375, 0.003665924072265625, 0.07080078125, 2.9802322387695312e-05, 0.00406646728515625, 0.05889892578125, 0.001300811767578125, 0.07183837890625, 0.002109527587890625, 0.00015676021575927734, 0.004856109619140625, 0.888671875, 0.450927734375, 0.482421875, 0.1424560546875, 2.56640625, 0.052001953125, 0.034454345703125, 0.053680419921875, 0.237548828125, 1.431640625, 0.004390716552734375, 0.392333984375, 0.293701171875, 0.0201568603515625, 0.4287109375, 0.0059814453125, 0.146728515625, 0.2445068359375, 0.00372314453125, 0.058868408203125, 0.01023101806640625, 0.09405517578125, 0.70068359375, 3.150390625, 0.0006909370422363281, 9.357929229736328e-05, 0.09197998046875, 0.0567626953125, 3.470703125, 9.734375, 5.44140625, 6.02734375, 0.88671875, 6.85546875, 3.748046875, 2.142578125, 0.01558685302734375, 0.7373046875, 2.03125, 6.515625, 0.0277099609375, 1.810546875, 3.14453125, 5.60546875, 0.126953125, 5.82421875, 6.13671875, 2.23828125, 5.85546875, 7.2265625, 9.2578125, 1.7509765625, 0.05841064453125, 4.0546875, 0.283935546875, 0.6064453125, 0.0088653564453125, 0.0116424560546875, 0.057586669921875, 0.0025482177734375, 0.06964111328125, 0.0006570816040039062, 0.70166015625, 0.00150299072265625, 1.0751953125, 0.6923828125, 0.07012939453125, 0.167724609375, 0.0194091796875, 0.76513671875, 0.0022830963134765625, 5.12109375, 0.469482421875, 0.0032291412353515625, 1.75, 0.0005679130554199219, 0.07366943359375, 0.0303802490234375, 0.0219268798828125, 0.00962066650390625, 2.482421875, 0.0207977294921875, 4.374980926513672e-05, 0.0144500732421875, 0.0810546875, 0.0223541259765625, 0.02862548828125, 0.0004944801330566406, 0.13232421875, 0.2330322265625, 0.34375, 0.0210723876953125, 0.337646484375, 4.0625, 0.07470703125, 0.058685302734375, 0.1136474609375, 0.01328277587890625, 0.0108795166015625, 0.220703125, 1.0371208190917969e-05, 0.1788330078125, 0.002948760986328125, 0.0286865234375, 0.349365234375, 0.0235137939453125, 0.0191650390625, 0.005954742431640625, 0.1739501953125, 0.00574493408203125, 0.0004992485046386719, 0.02777099609375, 1.947265625, 2.2292137145996094e-05, 0.00293731689453125, 0.08355712890625, 0.0004677772521972656, 0.022613525390625, 0.0005507469177246094, 0.0202789306640625, 0.0130767822265625, 0.00872802734375, 0.71484375]",-2.8310314864845747
188,1,test,1.9191936232102937,0.8319552950343463,0.8840956003643441,4.8741425351372545,2.1129023365951656,2.2453221596554775,6.8154604237436445,3.8493889883744323,4.000078229869828,17.3091058380791,9.776226002220781,10.158928837764645,1.16762395360362,0.4468344436965165,0.6576670562039596,1.9959383822284102,0.7638195618743873,1.1242171900922386,3.214346122366575,1.1582902758901548,1.5491267042546184,5.4946087561821795,1.979983377590008,2.648079836332681,1.5955072489869235,0.6886976407790044,0.9728153520677749,3.323973435389424,1.434786751622926,2.026698650141198,4.930829596188718,2.454420394996038,3.066890770442547,10.272561658726497,5.113375822908413,6.389355771755307,0.24120603015075381,0.001206030150753823,0.006206030150753827,0.18592964824120606,-0.004070351758793889,-0.004070351758793889,0.1507537688442211,-0.0042462311557789345,-0.009246231155778939,0.28601252609603345,0.07641919971438593,0.08366648504031493,0.33054393305439334,0.2211055276381909,0.050679462475283654,0.08921905017575349,0.20707070707070707,0.2876254180602007,0.09396932457105212,0.13968326010691923,0.30201342281879195,15.0,0.0,0.0,21.0,2.0,0.0,23.0,-1.0,-2.0,0.00012391730550385233,-0.0010563695745859788,-0.0008535655829309316,-0.04911013195711078,-0.0436008446354359,-0.05331735257702608,"[7.2109375, 6.16796875, 8.8203125, 2.896484375, 0.97216796875, 3.25, 0.732421875, 0.051666259765625, 1.22265625, 0.015472412109375, 0.0880126953125, 0.70263671875, 0.00836181640625, 0.023101806640625, 0.007541656494140625, 0.00811767578125, 1.9311904907226562e-05, 0.00048160552978515625, 0.0955810546875, 0.22509765625, 0.0390625, 0.0237884521484375, 0.0112152099609375, 0.0233612060546875, 0.0008521080017089844, 0.131591796875, 9.834766387939453e-05, 0.0004487037658691406, 0.0072174072265625, 0.004093170166015625, 0.0007519721984863281, 0.0019741058349609375, 0.00620269775390625, 0.0008325576782226562, 0.0002340078353881836, 0.009490966796875, 0.00542449951171875, 3.337860107421875e-06, 0.0233001708984375, 9.262561798095703e-05, 0.50341796875, 7.11679458618164e-05, 5.125999450683594e-06, 5.412101745605469e-05, 0.0005555152893066406, 0.00032067298889160156, 0.0017709732055664062, 1.3232231140136719e-05, 0.00518035888671875, 0.0164794921875, 0.0025730133056640625, 0.0137176513671875, 0.0024166107177734375, 0.30322265625, 0.01873779296875, 2.6226043701171875e-06, 0.0015821456909179688, 6.759166717529297e-05, 0.0003733634948730469, 3.4689903259277344e-05, 2.5033950805664062e-06, 8.869171142578125e-05, 0.00018894672393798828, 0.00035190582275390625, 0.0008215904235839844, 0.0001895427703857422, 0.0009179115295410156, 2.384185791015625e-07, 0.002887725830078125, 0.0033245086669921875, 0.0009202957153320312, 0.003887176513671875, 0.0270538330078125, 0.005260467529296875, 5.173683166503906e-05, 1.919269561767578e-05, 6.651878356933594e-05, 3.0994415283203125e-05, 5.125999450683594e-06, 2.7060508728027344e-05, 0.0014314651489257812, 6.020069122314453e-05, 0.00017642974853515625, 0.0006418228149414062, 0.0198211669921875, 0.0025386810302734375, 0.0014944076538085938, 2.3365020751953125e-05, 2.8133392333984375e-05, 3.3855438232421875e-05, 1.430511474609375e-06, 2.658367156982422e-05, 5.0067901611328125e-06, 0.0003383159637451172, 0.0024166107177734375, 0.0005893707275390625, 0.00010013580322265625, 0.0009174346923828125, 0.0011882781982421875, 1.6689300537109375e-05, 0.0009965896606445312, 0.0010852813720703125, 4.208087921142578e-05, 0.002910614013671875, 2.562999725341797e-05, 0.0003559589385986328, 5.2094459533691406e-05, 6.854534149169922e-05, 0.00016129016876220703, 0.00011682510375976562, 0.001163482666015625, 6.568431854248047e-05, 7.271766662597656e-05, 0.0028057098388671875, 0.002712249755859375, 0.0005364418029785156, 0.018463134765625, 0.00033783912658691406, 0.0031642913818359375, 0.006862640380859375, 0.0002048015594482422, 2.4199485778808594e-05, 2.6702880859375e-05, 2.5033950805664062e-05, 0.0004165172576904297, 4.8160552978515625e-05, 9.5367431640625e-06, 0.00020956993103027344, 0.00257110595703125, 9.5367431640625e-07, 0.0002110004425048828, 0.0005464553833007812, 0.0006165504455566406, 9.906291961669922e-05, 0.0007066726684570312, 0.014556884765625, 0.81640625, 1.42578125, 7.85546875, 8.2265625, 4.921875, 5.4296875, 4.73046875, 0.833984375, 0.07843017578125, 1.376953125, 1.7421875, 1.5673828125, 3.7734375, 0.5625, 0.046478271484375, 12.1875, 4.60546875, 1.720703125, 2.712890625, 5.78125, 12.4296875, 8.1875, 5.69921875, 8.8359375, 4.890625, 0.86767578125, 1.38671875, 4.09375, 5.0703125, 0.12152099609375, 3.337890625, 5.8203125, 5.0390625, 4.42578125, 0.0061492919921875, 0.1689453125, 2.6875, 1.4033203125, 0.396728515625, 0.2259521484375, 1.74609375, 0.14111328125, 8.1328125, 5.1640625, 9.2890625, 5.10546875, 5.2109375, 0.2578125, 0.87890625, 0.363037109375, 0.237060546875, 0.1148681640625, 2.91796875, 0.10504150390625, 0.1976318359375, 0.030670166015625, 0.169677734375, 0.1346435546875, 2.662109375, 0.9765625, 8.9921875, 0.004955291748046875, 1.3232421875, 0.07257080078125, 0.2205810546875, 0.9150390625, 4.296875, 2.912109375, 2.546875, 1.3505859375, 1.79296875, 8.7421875, 0.368408203125, 3.66015625, 1.9306640625, 1.8681640625, 12.0859375, 7.59765625, 1.8056640625, 0.1661376953125, 2.4921875, 1.525390625, 0.13330078125, 0.31103515625, 9.59375, 3.556640625, 2.32421875, 1.9091796875, 0.51123046875, 0.0006051063537597656, 0.0013284683227539062, 0.004749298095703125, 0.0019273757934570312, 0.005382537841796875, 10.359375, 3.0078125, 3.775390625, 0.45947265625, 6.5, 6.31640625, 3.986328125, 6.5546875, 0.53564453125, 1.498046875, 4.8671875, 0.6494140625, 5.0546875, 1.529296875, 2.865234375, 3.58984375, 3.015625, 0.359375, 6.07421875, 0.830078125, 5.83203125, 0.1253662109375, 0.0199737548828125, 0.32763671875, 1.88671875, 0.53271484375, 4.4296875, 0.22607421875, 0.52880859375, 8.5234375, 0.020538330078125, 0.05755615234375, 0.1806640625, 7.43359375, 8.1796875, 8.7109375, 0.228515625, 0.09503173828125, 0.1409912109375, 0.5419921875, 2.193359375, 0.2274169921875, 0.0003097057342529297, 0.00016796588897705078, 0.00786590576171875, 0.0008692741394042969, 0.00966644287109375, 0.454345703125, 2.22265625, 5.37109375, 0.020294189453125, 0.54248046875, 0.8642578125, 0.25537109375, 0.2325439453125, 3.111328125, 2.052734375, 0.11846923828125, 0.1363525390625, 6.14453125, 0.309326171875, 0.5146484375, 2.21875, 0.04840087890625, 0.042816162109375, 0.6298828125, 4.06640625, 0.7685546875, 11.1484375, 0.1378173828125, 0.157470703125, 0.058685302734375, 0.138671875, 0.1749267578125, 2.93359375, 0.039306640625, 9.4375, 4.12890625, 0.84765625, 4.12890625, 3.138671875, 0.041046142578125, 7.64453125, 5.25390625, 1.54296875, 0.7724609375, 0.27685546875, 3.380859375, 0.258056640625, 0.006435394287109375, 0.09246826171875, 0.43017578125, 0.0758056640625, 0.1737060546875, 0.3115234375, 0.06060791015625, 1.82421875, 0.2109375, 0.23974609375, 0.061676025390625, 0.0236663818359375, 6.234375, 7.15625, 0.994140625, 0.140625, 0.2257080078125, 10.2578125, 0.002288818359375, 0.1192626953125, 0.39111328125, 0.07623291015625, 3.068359375, 0.36376953125, 1.078125, 9.453125, 1.673828125, 4.1640625, 3.634765625, 1.744140625, 0.1634521484375, 6.953125, 8.2421875, 13.7421875, 0.9677734375, 0.247802734375, 0.1495361328125, 0.1533203125, 2.296875, 3.220703125, 0.15380859375, 0.305908203125, 0.0192108154296875, 0.10833740234375, 0.396728515625, 0.61669921875, 0.034912109375, 4.0546875, 1.40234375, 0.326904296875, 0.0654296875, 0.2161865234375, 17.0, 4.65234375, 0.78173828125, 0.1995849609375, 0.0352783203125, 2.171875, 0.07562255859375, 2.193359375, 0.0304412841796875, 0.112060546875, 1.224609375, 0.10546875, 0.07586669921875, 0.2041015625, 6.015625, 0.39404296875, 0.102783203125, 0.1561279296875, 0.7197265625, 6.16796875, 0.484130859375, 12.2109375, 0.76416015625, 4.7890625, 1.4365234375, 0.2509765625, 0.05242919921875, 10.15625, 7.41015625, 7.6875, 13.2421875, 9.4609375, 13.3046875, 0.377197265625, 1.8251953125, 0.046661376953125, 0.271240234375, 1.455078125, 1.603515625, 0.0577392578125, 8.8515625, 0.9697265625, 0.0186309814453125, 0.10498046875, 7.24609375, 0.428955078125, 4.2578125, 1.68359375, 0.179443359375, 0.07598876953125, 7.32421875, 10.3046875, 10.828125, 7.43359375, 0.77392578125, 0.460693359375, 0.00733184814453125, 0.464599609375, 0.33056640625, 2.810546875, 0.03228759765625, 0.450927734375, 0.66455078125, 2.4609375, 6.32421875, 2.26171875, 0.1312255859375, 0.0665283203125, 5.9375, 7.56640625, 3.935546875, 1.2939453125, 0.6669921875, 0.150390625, 2.17578125, 0.1875, 0.580078125, 0.055084228515625, 0.01318359375, 0.08990478515625, 6.76953125, 1.4287109375, 0.127197265625, 0.03643798828125, 6.3671875, 7.296875, 4.51171875, 1.353515625, 0.283447265625, 0.342041015625, 1.7880859375, 0.039093017578125, 0.260498046875, 0.030731201171875, 0.023834228515625, 0.06884765625, 6.98046875, 1.787109375, 0.263427734375, 0.017913818359375, 0.01580810546875, 4.44140625, 6.74609375, 5.12890625, 4.0234375, 6.54296875, 6.1171875, 3.263671875]",-1.79821789488663
219,1,test,1.5566465081554828,0.6525482455572305,0.8009804207056622,4.812533097732599,2.01742014847846,2.4763135143953674,4.742889305648099,2.273185411360812,2.613860134872837,14.663131059446412,7.027786958787243,8.081017974225183,1.527769388265945,0.5306510371111874,0.7964720262360941,3.2855255661633227,1.1411850260455645,1.712843067174396,4.6078869435187455,1.8974269734145146,2.5301124579657595,9.909434287137087,4.080488114869924,5.441102060141418,1.6328223792206882,0.6538486623749927,0.9312753581557601,3.9824936078553375,1.5947528350609583,2.271403312575025,5.118300135910582,2.456576977838791,3.101429699607802,12.48365886807459,5.991651165460465,7.564462681970248,0.31155778894472363,-0.003442211055276312,-0.01344221105527632,0.22613065326633164,0.0011306532663316604,-0.013869346733668353,0.16582914572864327,-0.004170854271356772,-0.02417085427135668,0.27722772277227725,0.08686925552876679,0.09736457516719421,0.2655086848635235,0.26633165829145733,0.07334920215110641,0.09938675011115683,0.25757575757575757,0.2775919732441472,0.06891083801877151,0.09850409782701708,0.2818791946308725,17.0,8.0,8.0,22.0,12.0,12.0,25.0,11.0,13.0,0.0004070032442048757,0.00014853763878606722,0.00012463188493466704,-0.20038783396251603,-0.20672279593052423,-0.2012510845689368,"[2.48828125, 0.08355712890625, 1.2724609375, 0.82958984375, 0.0858154296875, 9.046875, 9.5859375, 6.5703125, 4.45703125, 0.340087890625, 0.0166015625, 0.042755126953125, 0.2142333984375, 0.265625, 3.4765625, 0.0220489501953125, 0.09112548828125, 1.8115234375, 4.4140625, 0.00418853759765625, 0.22802734375, 5.0078125, 2.3125, 0.358642578125, 1.5087890625, 0.466552734375, 0.7783203125, 0.57080078125, 2.41015625, 2.779296875, 0.051605224609375, 0.05181884765625, 0.2861328125, 0.081787109375, 1.11328125, 0.0872802734375, 0.457763671875, 0.341064453125, 0.0275726318359375, 0.04559326171875, 0.11773681640625, 0.87353515625, 0.64697265625, 0.50341796875, 0.7060546875, 0.002872467041015625, 0.1341552734375, 4.23046875, 0.0018625259399414062, 1.0322265625, 0.0004432201385498047, 0.9345703125, 0.0321044921875, 0.018646240234375, 0.05291748046875, 0.00885009765625, 0.323974609375, 5.765625, 0.11041259765625, 0.5439453125, 10.828125, 0.380126953125, 0.57080078125, 7.16796875, 11.1875, 1.9169921875, 0.00756072998046875, 0.328857421875, 0.71044921875, 0.0194549560546875, 0.00885009765625, 2.900390625, 0.01256561279296875, 0.07904052734375, 1.2783203125, 1.373046875, 0.82958984375, 5.52734375, 0.32666015625, 0.0092926025390625, 0.322265625, 0.0933837890625, 0.007694244384765625, 0.0050506591796875, 1.494140625, 0.014892578125, 13.0703125, 2.173828125, 0.73095703125, 0.0046539306640625, 0.69970703125, 0.074462890625, 0.2008056640625, 0.0038471221923828125, 0.0214996337890625, 8.40625, 1.630859375, 0.002048492431640625, 0.05377197265625, 0.1563720703125, 0.59814453125, 2.625, 0.342041015625, 2.146484375, 0.64111328125, 7.21484375, 0.2197265625, 1.6689453125, 2.412109375, 0.04022216796875, 0.05084228515625, 0.034210205078125, 0.134765625, 0.007083892822265625, 2.662109375, 0.00710296630859375, 0.004802703857421875, 0.003742218017578125, 0.0167236328125, 0.0003209114074707031, 0.0025806427001953125, 4.546875, 0.08441162109375, 1.8857421875, 8.4296875, 6.6640625, 8.6796875, 6.140625, 1.849609375, 10.34375, 0.044769287109375, 8.4140625, 0.347900390625, 0.08697509765625, 0.001720428466796875, 0.03814697265625, 0.01019287109375, 0.00022673606872558594, 0.0002574920654296875, 0.00804901123046875, 0.00016319751739501953, 0.9580078125, 0.07244873046875, 0.5693359375, 0.001758575439453125, 0.0220947265625, 10.34375, 3.13671875, 5.9723854064941406e-05, 0.0003838539123535156, 0.009735107421875, 8.749961853027344e-05, 1.375, 0.4375, 5.4453125, 6.74609375, 0.006649017333984375, 8.09375, 1.8349609375, 1.6640625, 0.7646484375, 0.07037353515625, 0.15380859375, 0.0147552490234375, 3.19921875, 1.6640625, 3.412109375, 0.396484375, 3.330078125, 3.40234375, 0.290283203125, 0.2254638671875, 0.0048065185546875, 0.366943359375, 0.08392333984375, 0.1761474609375, 0.0304718017578125, 0.051849365234375, 0.004241943359375, 0.0018024444580078125, 0.005664825439453125, 2.53125, 0.8095703125, 0.25341796875, 0.6513671875, 0.0269622802734375, 0.1668701171875, 5.15234375, 0.15185546875, 0.1243896484375, 0.0193939208984375, 7.987022399902344e-06, 0.7421875, 0.0771484375, 0.0001252889633178711, 0.058197021484375, 0.01334381103515625, 0.10174560546875, 1.318359375, 0.0028133392333984375, 1.8828125, 0.2041015625, 1.4140625, 1.720703125, 4.3515625, 0.0015783309936523438, 1.39453125, 0.32177734375, 0.04132080078125, 0.08013916015625, 0.009552001953125, 3.83984375, 0.77392578125, 0.2425537109375, 0.051483154296875, 2.671875, 5.78125, 4.34765625, 1.7900390625, 7.296875, 5.078125, 2.02734375, 0.75439453125, 1.4228515625, 2.44921875, 0.2025146484375, 0.11334228515625, 4.265625, 0.289306640625, 6.515625, 0.54638671875, 0.93408203125, 1.6591796875, 2.2421875, 3.162109375, 0.231689453125, 4.5078125, 3.529296875, 3.80078125, 4.22265625, 1.4033203125, 1.3759765625, 8.859375, 0.2193603515625, 13.0078125, 0.0706787109375, 5.09765625, 4.28515625, 2.5234375, 2.33984375, 0.31982421875, 0.7685546875, 0.0261077880859375, 0.31982421875, 0.021270751953125, 0.228271484375, 0.00112152099609375, 0.008270263671875, 0.0008563995361328125, 0.00563812255859375, 0.0004088878631591797, 0.0033512115478515625, 10.6015625, 0.1932373046875, 0.55078125, 10.875, 2.998046875, 5.92578125, 3.658203125, 0.5595703125, 0.73681640625, 0.272216796875, 0.000301361083984375, 0.0016317367553710938, 0.0086517333984375, 5.257129669189453e-05, 7.545948028564453e-05, 0.00017118453979492188, 0.00019109249114990234, 0.390380859375, 0.0016021728515625, 0.1904296875, 0.0004763603210449219, 0.006114959716796875, 3.193359375, 0.324462890625, 8.594989776611328e-05, 6.270408630371094e-05, 0.00325775146484375, 4.0650367736816406e-05, 0.341064453125, 0.001422882080078125, 0.322998046875, 0.0008487701416015625, 0.0027942657470703125, 8.375, 7.42578125, 1.27734375, 2.14453125, 3.759765625, 0.548828125, 0.51025390625, 0.1683349609375, 5.10546875, 0.0087432861328125, 0.00018727779388427734, 0.0041656494140625, 0.0072021484375, 1.375, 1.5625, 0.309326171875, 0.3916015625, 0.003643035888671875, 0.1005859375, 0.0372314453125, 0.280517578125, 0.01020050048828125, 0.039154052734375, 0.011444091796875, 0.005092620849609375, 0.298095703125, 6.37890625, 6.66015625, 0.69287109375, 0.287841796875, 4.2421875, 0.2491455078125, 2.37890625, 0.0295562744140625, 0.008514404296875, 0.0011072158813476562, 4.0234375, 0.31787109375, 7.01171875, 0.0291900634765625, 0.04248046875, 0.002132415771484375, 0.0018939971923828125, 0.62060546875, 0.408935546875, 0.1485595703125, 0.231201171875, 0.03173828125, 9.1640625, 0.76904296875, 12.109375, 6.51953125, 9.3828125, 4.66015625, 4.08203125, 0.72802734375, 0.346923828125, 0.073486328125, 0.005344390869140625, 0.0235443115234375, 7.5234375, 5.08203125, 2.876953125, 0.5380859375, 0.251220703125, 0.41357421875, 0.063232421875, 0.437744140625, 0.03424072265625, 0.006130218505859375, 0.0009379386901855469, 2.71875, 0.343505859375, 1.1083984375, 0.454345703125, 0.0157318115234375, 0.042816162109375, 0.634765625, 0.0128631591796875, 0.002185821533203125, 0.00445556640625, 1.5497207641601562e-05, 0.13232421875, 0.002063751220703125, 0.0004839897155761719, 0.0033702850341796875, 0.01983642578125, 0.002605438232421875, 0.318115234375, 0.0033969879150390625, 0.84375, 0.72119140625, 0.367919921875, 4.328125, 6.1484375, 0.322265625, 0.489501953125, 2.013671875, 0.01983642578125, 0.0250396728515625, 0.6533203125, 0.0095977783203125, 0.0006999969482421875, 0.0006923675537109375, 2.12890625, 0.05487060546875, 0.0009050369262695312, 0.3193359375, 0.01385498046875]",-2.276672917427403
187,1,test,1.041580164528276,0.3451710754914895,0.36019829686688853,2.3624931913618625,0.7829107575920602,0.8169952278935335,2.833691176745819,0.8271567081668314,0.857083921224034,6.427326805437107,1.8761418062511312,1.9440221667763318,0.2527557928957532,0.027754667787125126,0.05719704968954431,0.4513496301709878,0.04956190676272343,0.10213758873132911,1.2875688049886789,0.0352446797969288,0.07157858200009759,2.299230008908355,0.06293692820880148,0.1278188964287459,0.6097239834010402,0.130300868828219,0.21197134408456197,1.3159510433115975,0.2812248967515518,0.45749210953502584,1.8399234792666601,0.2247810979851399,0.35144768529085435,3.971057868920849,0.48513906039958243,0.7585201840809805,0.055276381909547756,-0.004723618090452297,-0.004723618090452297,0.04020100502512558,-0.009798994974874464,-0.00479899497487446,0.03015075376884424,-0.0048492462311557905,-0.009849246231155795,0.23694779116465858,0.051391121154628516,0.05317457513337809,0.2676056338028169,0.085427135678392,0.005226634425259169,0.00863247791545374,0.0757575757575758,0.137123745819398,0.003567819275157591,0.013653223016283467,0.15100671140939592,12.0,1.0,1.0,14.0,2.0,2.0,16.0,3.0,3.0,-0.0016194263294083086,-0.0007314768098210392,-0.0012868283000095095,-0.16467820358341978,-0.17200055711483264,-0.1672908472159973,"[1.369140625, 2.291015625, 4.27734375, 0.402099609375, 0.020477294921875, 0.114013671875, 0.00624847412109375, 0.0098876953125, 0.003322601318359375, 0.001163482666015625, 0.0203094482421875, 0.026336669921875, 0.002346038818359375, 0.0027141571044921875, 1.373046875, 0.0256195068359375, 0.069091796875, 1.3470649719238281e-05, 0.0027141571044921875, 0.0002429485321044922, 0.0011510848999023438, 0.0007967948913574219, 0.05230712890625, 0.0028133392333984375, 0.0019130706787109375, 0.00047326087951660156, 0.00012481212615966797, 0.00033092498779296875, 8.702278137207031e-06, 0.057220458984375, -0.0, 0.0208587646484375, 1.52587890625e-05, 6.759166717529297e-05, 0.004177093505859375, 4.9233436584472656e-05, 0.000396728515625, 0.0007624626159667969, 0.0027256011962890625, 0.00012600421905517578, 0.04901123046875, 0.0001239776611328125, 0.012603759765625, 0.00350189208984375, 6.890296936035156e-05, 1.5020370483398438e-05, 3.933906555175781e-06, 0.00012135505676269531, 6.377696990966797e-05, 0.048614501953125, 0.00019943714141845703, 0.0023860931396484375, 0.0027065277099609375, 0.0014286041259765625, 0.002948760986328125, 9.310245513916016e-05, 0.0013027191162109375, 1.1920928955078125e-07, 4.8041343688964844e-05, 0.0003590583801269531, 2.384185791015625e-06, 8.249282836914062e-05, 6.794929504394531e-06, 0.0007734298706054688, 1.1920928955078125e-07, 0.006809234619140625, 0.0026721954345703125, 8.344650268554688e-07, 8.344650268554688e-07, -0.0, 1.609325408935547e-05, 5.7220458984375e-06, 7.748603820800781e-06, 5.745887756347656e-05, 0.00019633769989013672, 0.0182647705078125, 0.0028972625732421875, 3.6954879760742188e-06, 0.00047898292541503906, 9.775161743164062e-06, 1.1920928955078125e-06, 0.0001475811004638672, 0.0022830963134765625, 0.00040459632873535156, 8.344650268554688e-07, 1.430511474609375e-05, 0.00011789798736572266, 3.8623809814453125e-05, 0.0011663436889648438, 3.2186508178710938e-06, 1.3232231140136719e-05, 0.0211639404296875, 0.00013267993927001953, 0.0274658203125, 0.0009207725524902344, 3.107421875, 0.007495880126953125, 2.384185791015625e-06, 0.0001456737518310547, 1.990795135498047e-05, 2.384185791015625e-07, 3.814697265625e-06, 2.7418136596679688e-06, 3.337860107421875e-06, 7.414817810058594e-05, 0.0002617835998535156, 0.00010716915130615234, 6.687641143798828e-05, 0.00012493133544921875, 1.1920928955078125e-07, 0.0003364086151123047, 0.00603485107421875, 0.0012502670288085938, 0.011871337890625, 1.7404556274414062e-05, 0.024383544921875, 1.919269561767578e-05, 2.5272369384765625e-05, 7.56978988647461e-05, 5.316734313964844e-05, 1.0251998901367188e-05, 2.014636993408203e-05, 0.00023221969604492188, 5.0067901611328125e-05, 6.556510925292969e-06, 0.0002187490463256836, 0.00844573974609375, 0.0025348663330078125, 3.5762786865234375e-07, 0.0004906654357910156, 6.031990051269531e-05, 4.0531158447265625e-06, 4.76837158203125e-07, 1.4424324035644531e-05, 1.1920928955078125e-06, 5.137920379638672e-05, 0.0016794204711914062, 0.0021991729736328125, 6.449222564697266e-05, 0.0002396106719970703, 0.0005545616149902344, 0.00012350082397460938, 0.0001251697540283203, 0.00691986083984375, -0.0, 0.00296783447265625, 1.4901161193847656e-05, 0.0001323223114013672, 0.0001367330551147461, 6.80685043334961e-05, 0.0001628398895263672, 0.00023794174194335938, 0.0009889602661132812, 4.029273986816406e-05, 8.022785186767578e-05, 0.0011644363403320312, 0.0026493072509765625, 0.0007624626159667969, 0.002590179443359375, 0.001007080078125, 0.0015630722045898438, 0.00040340423583984375, 6.890296936035156e-05, 9.775161743164062e-06, 3.4570693969726562e-06, 6.246566772460938e-05, 1.2516975402832031e-05, 3.8504600524902344e-05, 7.271766662597656e-06, 4.982948303222656e-05, 0.000919342041015625, 2.2649765014648438e-06, 0.00010037422180175781, 0.0019521713256835938, 0.00020551681518554688, 1.71661376953125e-05, 0.00030803680419921875, 0.0183868408203125, 0.0095977783203125, 0.004673004150390625, 0.75048828125, 0.08282470703125, 3.501953125, 0.002704620361328125, 6.06640625, 6.41015625, 0.444580078125, 8.5625, 0.3095703125, 7.84765625, 1.7314453125, 0.016937255859375, 0.015838623046875, 0.09088134765625, 0.4892578125, 0.0008225440979003906, 0.06549072265625, 0.00457000732421875, 0.005245208740234375, 8.4375, 1.3994140625, 7.23046875, 0.55859375, 0.004772186279296875, 0.316650390625, 0.019439697265625, 0.00021755695343017578, 0.017852783203125, 0.004962921142578125, 0.001064300537109375, 1.13671875, 0.006542205810546875, 1.203125, 0.032989501953125, 7.89453125, 0.00907135009765625, 6.89453125, 9.734375, 0.36962890625, 0.0036296844482421875, 0.129638671875, 4.0390625, 0.0014171600341796875, 3.767578125, 0.00048232078552246094, 0.0010967254638671875, 0.000823974609375, 0.0002865791320800781, 0.0184783935546875, 0.156982421875, 0.005153656005859375, 0.316162109375, 0.0296783447265625, 0.00017881393432617188, 0.0814208984375, 0.00015974044799804688, 0.0012559890747070312, 0.00012695789337158203, 6.222724914550781e-05, 0.0207366943359375, 0.08197021484375, 0.0027370452880859375, 0.0087890625, 0.32275390625, 12.0078125, 0.154296875, 3.6484375, 0.0218048095703125, 9.9765625, 3.32421875, 0.3984375, 0.004505157470703125, 0.319580078125, 0.08917236328125, 0.00807952880859375, 0.05999755859375, 0.00307464599609375, 6.375, 0.8193359375, 0.50390625, 0.00399017333984375, 0.32421875, 0.0310211181640625, 0.00714111328125, 9.0546875, 0.03326416015625, 2.337890625, 1.4638671875, 6.87109375, 3.728515625, 0.425048828125, 0.002361297607421875, 2.12890625, 0.94580078125, 0.84375, 0.003681182861328125, 3.05078125, 0.01027679443359375, 1.08203125, 0.022064208984375, 2.70703125, 0.004352569580078125, 0.003269195556640625, 0.319091796875, 0.00933074951171875, 0.0009198188781738281, 0.5390625, 0.0010509490966796875, 0.06842041015625, 0.0027637481689453125, 2.04296875, 0.03125, 0.0038471221923828125, 0.316162109375, 0.0185394287109375, 0.0004775524139404297, 0.43798828125, 0.0019521713256835938, 0.0631103515625, 0.0011234283447265625, 1.3203125, 0.0968017578125, 0.003238677978515625, 0.1285400390625, 0.0169677734375, 0.0003876686096191406, 4.26171875, 0.0010013580322265625, 3.38671875, 0.1292724609375, 0.004108428955078125, 0.003566741943359375, 0.1298828125, 0.0321044921875, 0.0004608631134033203, 0.90673828125, 0.0001850128173828125, 2.021484375, 3.11328125, 0.0224456787109375, 0.0034923553466796875, 0.1298828125, 0.052398681640625, 0.00027871131896972656, 3.453125, 0.000335693359375, 2.615234375, 0.327880859375, 0.00319671630859375, 0.003238677978515625, 0.1279296875, 0.042694091796875, 0.00036072731018066406, 0.468994140625, 2.2530555725097656e-05, 1.943359375, 0.00226593017578125, 0.145751953125, 0.9814453125, 0.23876953125, 0.003398895263671875, 0.128173828125, 0.0460205078125, 0.00036025047302246094, 1.404296875, 0.0073699951171875, 2.21875, 0.00307464599609375, 0.0034847259521484375, 0.315673828125, 0.04608154296875, 0.0006227493286132812, 0.0435791015625, 0.0009741783142089844, 3.642578125, 0.0026531219482421875, 1.353515625, 0.02825927734375, 0.003627777099609375, 0.316162109375, 0.050048828125, 0.0002982616424560547, 0.0206756591796875, 0.0011043548583984375, 0.057464599609375, 0.0004649162292480469, 0.08697509765625, 0.031341552734375, 0.00827789306640625, 1.3154296875, 1.9091796875, 3.130859375, 0.2110595703125, 9.1328125, 2.095703125, 0.7138671875, 0.424560546875, 0.282470703125, 2.244140625, 1.263671875, 3.830078125, 1.736328125, 0.017364501953125, 0.1090087890625, 0.0036869049072265625, 0.0242767333984375, 0.00441741943359375, 0.0584716796875, 0.012939453125, 0.06524658203125, 0.050079345703125, 0.01153564453125, 0.162353515625, 0.70703125, 0.044158935546875, 0.042083740234375, 2.19140625, 0.450927734375, 2.73046875, 7.82421875, 0.2259521484375, 7.7109375, 0.5400390625, 5.609375, 0.414306640625, 0.77783203125, 4.44140625, 4.109375, 8.40625, 2.345703125, 1.9873046875, 0.021820068359375, 0.0787353515625, 3.126953125, 2.39453125, 2.23828125, 0.33544921875, 0.311279296875, 0.7470703125, 2.8515625, 1.1123046875, 7.97265625, 10.7109375, 4.453125, 7.625, 4.234375, 2.9765625, 0.47705078125, 2.369140625, 0.98291015625, 1.3720703125, 7.07421875, 3.0625, 0.517578125, 3.423828125, 2.7890625, 1.375, 0.034271240234375, 0.1768798828125, 1.5029296875, 1.4970703125, 0.171142578125, 1.775390625, 0.338623046875, 10.25, 9.34375, 10.4453125, 6.15234375, 4.16015625, 3.880859375, 3.7109375, 1.9248046875, 0.2001953125, 1.5595703125, 4.8828125, 1.9140625, 0.7158203125, 0.038848876953125, 0.0389404296875, 0.0784912109375, 0.371337890625, 8.21875, 1.265625, 7.99609375, 5.3046875, 2.345703125, 0.08551025390625, 3.162109375, 2.13671875, 0.0027637481689453125, 1.5166015625, 0.83544921875, 2.681640625, 4.0859375, 8.5546875, 2.208984375, 0.06341552734375, 5.6171875, 0.09991455078125, 6.10546875, 4.8359375, 0.7216796875, 0.0034637451171875, 0.80810546875, 0.258056640625, 0.1265869140625, 0.442626953125, 5.22265625, 1.5751953125, 0.12213134765625, 3.181640625, 0.033050537109375, 0.61279296875, 1.6162109375, 0.326171875, 0.0034160614013671875, 0.382080078125, 0.1055908203125]",-2.6009872316356644
177,1,test,2.8492985184987387,1.2801915985824355,1.46245088659307,9.04953261861219,4.065960640568157,4.644826407418835,17.275659033868074,12.473301645562447,13.273445338394914,54.868466368130285,39.61590874752579,42.15721019447962,2.966825269574496,1.2731538330376164,1.7956298059099525,6.820287976033325,2.92679042077613,4.127884611287247,19.43013613065429,13.990721575510154,16.204289413752676,44.66697961069952,32.16257833450611,37.251240031615346,2.9152218809095913,1.3139268336176622,1.8195511602830234,7.808630038150691,3.519446875761595,4.873797750758098,18.45290629618533,13.493455305285654,15.46171803379322,49.427427579067846,36.143183853443716,41.41531616194612,0.5125628140703518,-0.0024371859296482556,-0.012437185929648265,0.4120603015075377,-0.012939698492462348,-0.007939698492462344,0.3467336683417085,0.0017336683417085164,0.0017336683417085164,0.3422222222222222,0.11025773831545194,0.12228087324861514,0.3095768374164811,0.3467336683417085,0.10613216458231,0.14139143127993892,0.28787878787878785,0.3411371237458194,0.10574480321159574,0.1487010837013255,0.2986577181208053,27.0,0.0,2.0,35.0,-1.0,3.0,43.0,1.0,2.0,0.00078989986565389,0.0005043934687658376,-0.00015697997572654266,-0.05485917611815161,-0.048876866884114634,-0.05185181206223355,"[11.5, 8.2421875, 11.421875, 0.5986328125, 5.42578125, 12.578125, 6.359375, 6.40234375, 3.501953125, 1.2763671875, 9.09375, 0.32666015625, 0.0019407272338867188, 2.78515625, 2.087890625, 1.646484375, 0.2303466796875, 9.703125, 8.515625, 0.6240234375, 2.263671875, 0.0823974609375, 1.505859375, 2.810546875, 0.728515625, 9.6171875, 9.0546875, 1.9599609375, 10.046875, 9.1953125, 0.4892578125, 8.3515625, 1.755859375, 3.634765625, 5.0703125, 0.362060546875, 5.6171875, 5.5625, 2.154296875, 1.0546875, 0.296630859375, 0.01165008544921875, 0.541015625, 3.318359375, 0.215087890625, 7.203125, 3.10546875, 8.2265625, 6.53125, 1.2158203125, 0.1434326171875, 0.9140625, 8.96875, 6.1640625, 1.9755859375, 1.205078125, 0.7890625, 10.359375, 3.216796875, 10.375, 7.70703125, 2.904296875, 5.10546875, 6.734375, 10.71875, 5.59765625, 1.7177734375, 7.9453125, 0.56298828125, 9.015625, 8.4375, 1.0498046875, 3.20703125, 1.1630859375, 0.73046875, 0.77880859375, 0.032928466796875, 0.1302490234375, 1.87890625, 0.18603515625, 6.66015625, 0.0286407470703125, 0.393310546875, 11.953125, 0.84033203125, 0.164794921875, 7.078125, 3.94921875, 0.023345947265625, 0.038116455078125, 11.3203125, 1.390625, 3.8359375, 1.046875, 0.84521484375, 0.1837158203125, 0.0087432861328125, 0.0143890380859375, 0.045257568359375, 8.1953125, 0.07830810546875, 0.0014162063598632812, 0.1278076171875, 1.4072265625, 0.005859375, 0.092529296875, 0.70703125, 4.82421875, 0.051239013671875, 0.04046630859375, 12.5625, 1.9951171875, 6.87109375, 4.05078125, 10.984375, 0.97607421875, 5.79296875, 4.34765625, 0.27099609375, 10.671875, 0.9716796875, 0.0479736328125, 0.70361328125, 0.0097503662109375, 0.187744140625, 0.72265625, 0.033355712890625, 0.442138671875, 0.3876953125, 0.64208984375, 4.54296875, 0.004550933837890625, 0.07794189453125, 0.94921875, 0.0013933181762695312, 0.0009784698486328125, 0.0035343170166015625, 0.7822265625, 0.0014200210571289062, 0.033721923828125, 1.32421875, 0.8603515625, 0.03912353515625, 0.0087738037109375, 2.828125, 0.006832122802734375, 0.42724609375, 0.0791015625, 0.91357421875, 0.0277252197265625, 6.63671875, 5.80859375, 5.546875, 5.5625, 8.5078125, 2.41796875, 1.1875, 0.02557373046875, 0.334716796875, 0.0007605552673339844, 0.1370849609375, 0.72607421875, 0.10699462890625, 0.159423828125, 8.90625, 2.853515625, 8.859375, 0.953125, 5.73828125, 0.04156494140625, 0.396484375, 2.5703125, 0.22021484375, 12.046875, 2.55859375, 0.260986328125, 0.406494140625, 0.007904052734375, 0.1112060546875, 2.064453125, 4.2578125, 5.734375, 0.059173583984375, 1.0517578125, 0.12841796875, 0.02496337890625, 5.04296875, 0.11688232421875, 0.357421875, 0.00684356689453125, 0.0272216796875, 0.0343017578125, 6.98828125, 0.1495361328125, 0.362548828125, 1.7021484375, 0.025543212890625, 0.0018310546875, 4.37109375, 7.921875, 1.1767578125, 10.7421875, 0.00836944580078125, 0.006771087646484375, 0.83251953125, 4.2578125, 2.072265625, 0.10247802734375, 0.451904296875, 5.99609375, 0.048065185546875, 0.1546630859375, 1.9013671875, 0.1968994140625, 0.06427001953125, 0.0240936279296875, 6.34765625, 0.00850677490234375, 0.0010251998901367188, 2.798828125, 0.0797119140625, 1.330078125, 1.7265625, 0.0394287109375, 0.0246124267578125, 7.4765625, 0.07855224609375, 7.1875, 8.796875, 2.359375, 6.484375, 4.48828125, 6.328125, 0.305908203125, 0.438720703125, 0.0205535888671875, 0.0418701171875, 0.163818359375, 0.0176544189453125, 1.0400390625, 0.1934814453125, 0.2132568359375, 0.16064453125, 7.0078125, 4.42578125, 0.25830078125, 0.067626953125, 0.7177734375, 12.5703125, 2.283203125, 3.72265625, 4.80859375, 1.7412109375, 0.0711669921875, 1.587890625, 9.2421875, 0.158447265625, 8.953125, 0.751953125, 9.9375, 1.3271484375, 3.984375, 0.74267578125, 11.5546875, 3.326171875, 1.521484375, 10.3515625, 1.306640625, 1.7880859375, 9.5703125, 1.1904296875, 0.0745849609375, 0.7265625, 0.0016183853149414062, 0.073486328125, 1.3759765625, 6.0859375, 6.4140625, 6.58203125, 1.484375, 4.8984375, 1.23828125, 5.16796875, 1.478515625, 7.14453125, 1.359375, 0.4609375, 0.247314453125, 1.1328125, 6.5390625, 0.8525390625, 1.6767578125, 0.107666015625, 0.107177734375, 6.8984375, 3.01171875, 1.099609375, 0.0242767333984375, 0.04296875, 1.689453125, 0.71630859375, 5.22265625, 8.359375, 0.242919921875, 3.138671875, 6.78515625, 3.994140625, 10.1484375, 3.240234375, 5.03515625, 7.20703125, 5.0703125, 3.380859375, 6.31640625, 3.95703125, 1.5859375, 12.2734375, 0.093017578125, 0.360595703125, 0.388916015625, 1.234375, 0.0302886962890625, 0.81201171875, 0.030059814453125, 2.110004425048828e-05, 9.9453125, 1.3544921875, 0.548828125, 0.080810546875, 1.0673828125, 5.01953125, 5.8203125, 8.0703125, 2.826171875, 8.4765625, 0.63720703125, 4.31640625, 0.57763671875, 6.01171875, 0.9169921875, 0.294677734375, 0.0997314453125, 0.8935546875, 1.11328125, 0.1378173828125, 1.5263671875, 0.055572509765625, 0.10528564453125, 0.955078125, 10.3359375, 3.546875, 0.054718017578125, 0.5341796875, 0.0968017578125, 0.364013671875, 11.0390625, 0.189453125, 0.302001953125, 3.107421875, 0.0758056640625, 0.1468505859375, 1.50390625, 0.94287109375, 0.08807373046875, 1.5205078125, 7.67578125, 13.2578125, 0.35107421875, 6.703125, 0.22509765625, 0.53076171875, 0.24169921875, 0.08831787109375, 0.0278778076171875, 0.72705078125, 0.498291015625, 0.472900390625, 0.22607421875, 0.099365234375, 1.0556640625, 0.1524658203125, 0.031829833984375, 0.0284881591796875, 7.390625, 7.21484375, 0.40576171875, 7.765625, 0.010986328125, 0.2939453125, 0.1697998046875, 0.25732421875, 0.0118255615234375, 1.234375, 0.033050537109375, 0.00014150142669677734, 1.5224609375, 0.0063629150390625, 0.165771484375, 0.0260467529296875, 0.08642578125, 0.453125, 0.1339111328125, 0.007213592529296875, 0.024261474609375, 8.375, 1.4345703125, 5.2734375, 0.08123779296875, 0.70947265625, 0.08489990234375, 0.111083984375, 2.6328125, 0.49951171875, 9.9375, 1.716796875, 2.619140625, 0.0013942718505859375, 0.0897216796875, 0.8359375, 10.6171875, 2.19140625, 3.115234375, 0.0032253265380859375, 0.0810546875, 1.3984375, 0.0007472038269042969, 0.06634521484375, 1.37109375, 9.03125, 0.11505126953125, 6.0390625, 8.90625, 12.4140625, 9.7578125, 1.578125, 9.875, 0.26513671875, 8.953125, 6.6171875, 5.0234375, 2.318359375, 4.6171875, 11.6953125, 0.3349609375, 0.0032558441162109375, 1.1787109375, 8.7578125, 6.5, 0.026824951171875, 3.369140625]",-1.3034944121042886
168,1,test,1.5325542295639438,0.5927155355648103,0.8499892989650705,5.491652655937465,2.1238973357739033,3.0457949879581694,4.629987783602776,2.070419272335299,2.6510406934821313,16.59078955790995,7.419002392534823,9.49956248497764,2.051301874108051,0.7887518881889686,1.172997700675126,4.715636492202416,1.8132227314688931,2.696546438333623,7.778020521303896,4.2435977871381,5.371205817952039,17.880506945526196,9.755397211811724,12.34759958149894,1.6616062693947913,0.6347982958621705,0.9328592590307271,5.1752111932191935,1.9771321923207186,2.9054679005227855,5.2677655029057675,2.475626489583229,3.1952833214862513,16.40689463925859,7.710545004014433,9.951976178379054,0.4371859296482412,-0.012814070351758744,-0.00781407035175874,0.31658291457286436,-0.018417085427135604,0.0015829145728644134,0.24623115577889443,0.006231155778894437,0.0012311557788944327,0.29154518950437314,0.06883776592358715,0.10581693925999391,0.216374269005848,0.3065326633165829,0.05590609690054282,0.10452932441841933,0.26262626262626265,0.2818791946308725,0.04904837386035321,0.08991490891658682,0.22558922558922556,19.0,3.0,3.0,25.0,2.0,6.0,32.0,7.0,8.0,0.0015809855170474305,0.0002524394523996134,0.0008685964147788088,-0.15584492602134148,-0.1553044881171992,-0.17359350601703127,"[14.21875, 3.880859375, 1.8359375, 0.21142578125, 0.99267578125, 0.0301971435546875, 0.3583984375, 0.1787109375, 5.88671875, 6.859375, 0.966796875, 1.654296875, 10.734375, 4.00390625, 4.42578125, 0.6591796875, 10.9453125, 1.650390625, 0.09100341796875, 0.0523681640625, 0.035430908203125, 0.142333984375, 3.369140625, 0.0177764892578125, 8.1015625, 5.828125, 0.5224609375, 9.40625, 1.5849609375, 3.0546875, 0.057891845703125, 0.1329345703125, 1.4765625, 0.0033359527587890625, 0.0015401840209960938, 0.00170135498046875, 9.65625, 7.60546875, 6.796875, 0.1478271484375, 5.6953125, 1.5087890625, 0.0518798828125, 0.712890625, 0.05328369140625, 0.2073974609375, 2.28125, 1.7138671875, 0.03033447265625, 0.0024509429931640625, 3.494140625, 9.3125, 6.8125, 2.591796875, 1.2705078125, 1.4560546875, 2.9140625, 4.9375, 0.7392578125, 3.537109375, 5.203125, 1.8837890625, 1.4150390625, 12.4140625, 2.556640625, 0.001445770263671875, 0.250244140625, 6.1796875, 3.7109375, 0.023223876953125, 1.6953125, 0.260986328125, 1.9462890625, 3.236328125, 0.490478515625, 3.42578125, 9.7734375, 0.173828125, 10.421875, 0.031982421875, 1.4833984375, 0.135009765625, 3.052734375, 0.0384521484375, 0.16748046875, 3.833984375, 6.61328125, 1.3837890625, 0.0496826171875, 0.01123809814453125, 0.003223419189453125, 3.505859375, 3.966796875, 3.865234375, 0.0625, 11.9140625, 6.34765625, 0.2396240234375, 1.3173828125, 0.0034198760986328125, 0.07147216796875, 0.2215576171875, 2.30859375, 0.7607421875, 0.56640625, 0.4130859375, 0.75732421875, 9.6328125, 0.00251007080078125, 0.375244140625, 0.91455078125, 0.705078125, 0.27099609375, 0.578125, 0.0158233642578125, 0.0037975311279296875, 1.15625, 0.3486328125, 0.07281494140625, 0.82568359375, 0.9169921875, 0.001430511474609375, 0.66845703125, 0.93896484375, 2.595703125, 0.1585693359375, 2.30078125, 6.796875, 0.3447265625, 1.7978515625, 0.46142578125, 1.693359375, 1.2470703125, 1.7197265625, 0.61181640625, 1.3212890625, 0.0246429443359375, 0.0518798828125, 0.0189208984375, 0.00800323486328125, 0.00130462646484375, 0.0384521484375, 0.05718994140625, 0.63623046875, 2.11328125, 0.25146484375, 0.1922607421875, 0.040283203125, 8.34375, 0.271728515625, 4.42578125, 2.841796875, 0.1646728515625, 0.041961669921875, 0.03143310546875, 0.00405120849609375, 0.00881195068359375, 0.00118255615234375, 2.466796875, 5.79296875, 6.74609375, 0.25146484375, 0.0012798309326171875, 1.822265625, 2.50390625, 0.01476287841796875, 0.60205078125, 0.004638671875, 4.19921875, 0.794921875, 2.5703125, 3.873046875, 1.5947265625, 1.32421875, 2.912109375, 2.640625, 0.517578125, 0.092041015625, 0.0210723876953125, 0.00743865966796875, 0.0003190040588378906, 0.0169830322265625, 0.0008382797241210938, 0.000896453857421875, 0.22021484375, 1.01171875, 0.057769775390625, 0.2113037109375, 0.0083465576171875, 0.0002658367156982422, 0.003902435302734375, 0.69970703125, 0.00014472007751464844, 2.2265625, 0.16796875, 5.64453125, 1.3759765625, 0.103515625, 0.05828857421875, 0.0017938613891601562, 0.002712249755859375, 0.036163330078125, 0.09033203125, 0.081298828125, 0.07928466796875, 0.03204345703125, 0.06884765625, 0.0036144256591796875, 4.38671875, 1.140625, 0.72412109375, 1.5263671875, 2.8515625, 0.724609375, 0.35009765625, 2.412109375, 0.02655029296875, 0.005222320556640625, 0.0026798248291015625, 2.060546875, 0.3427734375, 0.0428466796875, 2.220703125, 0.218505859375, 1.1767578125, 0.67919921875, 0.1470947265625, 0.1129150390625, 0.1624755859375, 2.283203125, 0.2332763671875, 0.0275726318359375, 0.0015211105346679688, 0.0013370513916015625, 0.05255126953125, 0.0906982421875, 0.043701171875, 0.0265655517578125, 0.004852294921875, 0.0282440185546875, 0.0013875961303710938, 11.7734375, 0.48779296875, 1.884765625, 4.4921875, 1.4052734375, 2.369140625, 0.734375, 1.857421875, 0.2139892578125, 1.0087890625, 0.0276641845703125, 0.01407623291015625, 0.00940704345703125, 0.006824493408203125, 8.65625, 4.5703125, 0.6376953125, 4.2890625, 1.470703125, 2.8359375, 0.0009102821350097656, 0.0055084228515625, 0.015472412109375, 0.501953125, 0.7822265625, 0.1463623046875, 0.0004639625549316406, 1.6064453125, 0.8232421875, 0.0276031494140625, 0.0706787109375, 0.02850341796875, 1.6650390625, 0.08563232421875, 0.399169921875, 0.5009765625, 0.026336669921875, 2.955078125, 0.82470703125, 0.1302490234375, 1.0400390625, 0.00037479400634765625, 0.060638427734375, 0.0146331787109375, 0.0189971923828125, 0.0013217926025390625, 0.0214385986328125, 0.0014429092407226562, 0.00013875961303710938, 0.08184814453125, 0.282958984375, 0.1312255859375, 0.0849609375, 0.0029659271240234375, 1.7642974853515625e-05, 0.00037860870361328125, 0.31787109375, 8.225440979003906e-06, 0.75244140625, 6.03515625, 0.0025177001953125, 0.4453125, 0.136474609375, 0.00962066650390625, 0.00043129920959472656, 0.0027599334716796875, 0.055389404296875, 0.10516357421875, 0.079833984375, 0.0263671875, 0.017181396484375, 0.058868408203125, 0.0011692047119140625, 3.28515625, 2.787109375, 0.3408203125, 3.736328125, 0.0091094970703125, 11.1015625, 0.07403564453125, 0.0135040283203125, 0.0248870849609375, 0.1466064453125, 0.2034912109375, 0.0057525634765625, 0.00399017333984375, 0.00255584716796875, 1.5693359375, 0.0273895263671875, 0.1505126953125, 0.2208251953125, 0.00670623779296875, 0.158935546875, 0.0194549560546875, 0.0084991455078125, 0.07373046875, 0.0246734619140625, 2.068359375, 0.0002397298812866211, 0.259033203125, 0.0051422119140625, 0.0010786056518554688]",-2.0722986852462366
50,1,test,1.960725307996784,0.8368779419529617,0.9630792275629859,5.240271805300928,2.236655928195713,2.573943887951075,7.104478131677826,4.027809599943964,4.392587394992201,18.987563578115143,10.764800656993097,11.739712740187493,2.394628433725942,0.9961758153588494,1.4347487418345821,4.475940997618583,1.8620108698296254,2.681773349223518,10.964123403643622,6.915193526383594,8.35274111958342,20.493688604941347,12.925595376417931,15.612600223520412,2.159502999040993,0.9128891701558555,1.2942470397338663,4.763609556708072,2.0137261106379163,2.8549567052952933,8.666829165482774,5.188285118685206,6.291215096787376,19.118005512094356,11.444746585335015,13.87768036056039,0.5728643216080402,-0.0021356783919597166,0.007864321608040292,0.4120603015075377,-0.007939698492462344,-0.0029396984924623393,0.3065326633165829,-0.013467336683417042,-0.008467336683417037,0.3504464285714286,0.07954341853798375,0.10606715193408744,0.2684563758389261,0.33668341708542715,0.04094406871449985,0.10796889287841549,0.2828282828282829,0.34782608695652173,0.08906147927705599,0.12758137060502006,0.28523489932885904,13.0,1.0,0.0,27.0,6.0,5.0,32.0,4.0,3.0,0.0006649412812629512,0.0005995422990676625,0.00035171064363893477,-0.0565147031317359,-0.05525759497871352,-0.06281128370302191,"[1.2431640625, 4.35546875, 7.19140625, 3.09375, 6.6640625, 4.98046875, 15.3046875, 3.40625, 3.732421875, 2.01953125, 6.70703125, 2.06640625, 0.34375, 10.1953125, 1.4873046875, 3.3828125, 2.3203125, 2.150390625, 5.64453125, 6.1484375, 1.0048828125, 0.76904296875, 2.556640625, 2.326171875, 1.9111328125, 0.5751953125, 0.06646728515625, 2.267578125, 7.9921875, 0.78564453125, 0.685546875, 5.6015625, 2.44921875, 0.062042236328125, 2.2109375, 8.9296875, 0.12164306640625, 9.4296875, 3.783203125, 1.6220703125, 0.2042236328125, 0.17138671875, 0.38623046875, 2.326171875, 1.193359375, 3.654296875, 3.255859375, 0.0145263671875, 0.57275390625, 2.4140625, 7.234375, 0.35595703125, 0.62841796875, 0.36962890625, 0.006839752197265625, 1.990234375, 5.26171875, 2.39453125, 0.12286376953125, 0.5517578125, 1.6083984375, 0.1488037109375, 0.055328369140625, 14.609375, 0.11370849609375, 0.04437255859375, 3.41015625, 2.9921875, 0.41015625, 3.20703125, 8.8671875, 1.361328125, 0.1898193359375, 6.390625, 0.6630859375, 0.39208984375, 0.05377197265625, 0.521484375, 0.054168701171875, 2.40234375, 0.7470703125, 2.35546875, 3.01953125, 0.007778167724609375, 0.03765869140625, 2.3671875, 3.810546875, 0.0302734375, 0.1707763671875, 0.05914306640625, 2.138671875, 0.01241302490234375, 0.9609375, 0.01157379150390625, 1.5615234375, 2.1484375, 0.067626953125, 6.30078125, 5.12109375, 3.421875, 0.031005859375, 0.060943603515625, 1.8740234375, 0.0291595458984375, 0.018310546875, 0.411376953125, 0.5126953125, 0.7568359375, 4.2421875, 0.0010814666748046875, 0.003040313720703125, 1.912109375, 0.01000213623046875, 0.8125, 0.006443023681640625, 1.421875, 2.224609375, 7.171875, 0.3359375, 1.2138671875, 0.1116943359375, 0.0089569091796875, 0.07183837890625, 1.4267578125, 11.8828125, 4.3828125, 0.93212890625, 0.876953125, 0.379638671875, 0.00959014892578125, 1.9150390625, 0.272216796875, 3.017578125, 1.6513671875, 0.0194244384765625, 0.065673828125, 3.568359375, 0.08001708984375, 1.150390625, 1.798828125, 0.1556396484375, 0.71533203125, 4.74609375, 5.578125, 10.390625, 4.359375, 0.056793212890625, 0.03765869140625, 11.2109375, 4.47265625, 7.375, 7.47265625, 1.892578125, 0.22802734375, 0.1470947265625, 4.55078125, 6.5390625, 1.744140625, 3.396484375, 1.5166015625, 4.9375, 2.275390625, 5.61328125, 3.8359375, 1.546875, 4.3046875, 4.5234375, 1.5634765625, 0.01071929931640625, 1.3818359375, 4.23828125, 3.865234375, 4.62890625, 2.955078125, 3.810546875, 5.28125, 0.7236328125, 0.446533203125, 0.1370849609375, 0.92822265625, 0.1622314453125, 0.2406005859375, 2.236328125, 0.2144775390625, 1.5390625, 2.39453125, 0.9580078125, 0.8125, 4.58984375, 1.892578125, 0.69873046875, 0.28759765625, 0.76025390625, 0.0831298828125, 4.765625, 0.133544921875, 2.2109375, 0.233154296875, 1.1787109375, 0.315185546875, 1.4541015625, 5.796875, 11.5, 1.0341796875, 0.031463623046875, 1.32421875, 0.0055694580078125, 0.16748046875, 7.31640625, 5.1796875, 0.457275390625, 0.40869140625, 0.43603515625, 6.13671875, 0.5185546875, 5.09375, 1.5849609375, 1.18359375, 0.2374267578125, 0.01287078857421875, 0.054656982421875, 5.8046875, 4.18359375, 0.9169921875, 4.703125, 0.1572265625, 0.06390380859375, 0.1920166015625, 1.3955078125, 4.62109375, 0.220458984375, 6.16015625, 0.86474609375, 0.00467681884765625, 0.07281494140625, 0.869140625, 0.08538818359375, 2.326171875, 2.2890625, 0.51806640625, 0.86865234375, 0.179443359375, 0.138671875, 1.1064453125, 2.685546875, 3.76953125, 0.034881591796875, 0.028350830078125, 0.9130859375, 3.3671875, 6.99609375, 0.61962890625, 1.916015625, 0.9755859375, 0.050689697265625, 0.08807373046875, 0.06390380859375, 0.302734375, 0.6826171875, 0.01102447509765625, 0.036956787109375, 0.6708984375, 1.11328125, 0.3349609375, 2.107421875, 0.259521484375, 0.65283203125, 0.058380126953125, 1.00390625, 1.1748046875, 0.1805419921875, 0.19921875, 0.047882080078125, 2.34375, 4.23828125, 0.1329345703125, 0.0443115234375, 2.169921875, 3.8515625, 0.100341796875, 2.580078125, 0.0140838623046875, 0.81640625, 1.5966796875, 0.032867431640625, 1.677734375, 0.00408935546875, 0.08984375, 0.0357666015625, 0.06854248046875, 0.00986480712890625, 0.0214691162109375, 0.056427001953125, 0.546875, 2.0703125, 9.875, 9.1484375, 5.5234375, 7.36328125, 0.0567626953125, 5.1953125, 9.7890625, 2.162109375, 0.148681640625, 3.1640625, 0.00940704345703125, 0.315185546875, 1.7646484375, 6.546875, 1.109375, 3.4921875, 1.583984375, 1.4580078125, 0.79150390625, 1.3955078125, 2.95703125, 0.78125, 1.9091796875, 0.392822265625, 0.0204315185546875, 4.30078125, 4.1953125, 0.04193115234375, 2.02734375, 3.8203125, 0.0215301513671875, 0.00385284423828125, 0.06866455078125, 0.0858154296875, 0.205810546875, 6.01953125, 0.024383544921875, 0.56201171875, 0.049468994140625, 0.2296142578125, 1.2822265625, 0.340087890625, 4.7578125, 0.11358642578125, 5.7578125, 1.2509765625, 5.03125, 0.21728515625, 4.08984375, 0.90576171875, 3.5546875, 0.432373046875, 0.0418701171875, 3.326171875, 0.85498046875, 3.544921875, 1.2841796875, 2.53515625, 2.671875, 0.0869140625, 0.0252532958984375, 0.045135498046875, 1.7919921875, 2.255859375, 0.103515625, 3.166015625, 1.962890625, 2.33203125, 1.2412109375, 0.98486328125, 0.0005908012390136719, 2.177734375, 0.484130859375, 1.0126953125, 0.1610107421875, 0.00029921531677246094, 2.2265625, 0.0012311935424804688, 0.01812744140625, 0.00333404541015625, 0.01568603515625, 0.0119476318359375, 0.0535888671875, 0.004764556884765625, 0.33251953125, 0.0599365234375, 0.270751953125, 0.257080078125, 0.00445556640625, 0.6328125, 0.5029296875, 0.1463623046875, 0.037933349609375, 0.19775390625, 0.0006532669067382812, 6.24609375, 0.0521240234375, 5.31640625, 1.1708984375, 1.63671875, 0.218994140625, 0.028778076171875, 0.35888671875, 0.23291015625, 0.0014276504516601562, 0.0948486328125, 0.6376953125, 0.1092529296875, 0.079345703125, 6.2109375, 0.40966796875, 1.2275390625, 3.021484375, 0.060333251953125, 10.0234375, 4.05078125, 2.287109375, 7.55859375, 0.1068115234375, 0.0256195068359375, 1.02734375, 2.232421875, 0.10491943359375, 1.6142578125, 0.404541015625, 4.32421875, 0.7294921875, 0.041107177734375, 1.0537109375, 4.17578125, 0.03155517578125, 0.0287628173828125, 0.029510498046875, 0.019378662109375, 0.0257720947265625, 0.292236328125, 3.865234375, 0.047393798828125, 0.0193939208984375, 0.02471923828125, 0.0030364990234375, 0.02032470703125, 0.11907958984375, 0.024810791015625, 5.5390625, 0.036102294921875, 0.13720703125, 3.51171875, 2.630859375, 9.6171875, 1.015625, 0.888671875, 1.349609375]",-1.6597511763019221
21,1,test,1.7841056558996373,0.715420936667791,0.8288936907964506,3.7326450128038497,1.496779286853351,1.734183113463542,5.954252415094555,3.0427049370609267,3.3550309463145496,12.457283854621787,6.365843508874012,7.01928133468574,0.848075911627343,0.2927720488094401,0.4593417574355855,1.3148463746160355,0.45391015319293027,0.7121577634660239,2.3351494926678833,0.5926791163704273,0.8600371458995633,3.6203868103378034,0.9188823509619026,1.333390923875292,1.1857970804976137,0.4382502631078491,0.6602584892287422,2.061356552725503,0.7618420271467843,1.1477749318569415,3.273294861415953,1.1614818674716592,1.581925301432094,5.690204439321919,2.019087664965268,2.749974797256954,0.15577889447236182,0.0007788944723617908,0.0007788944723617908,0.12060301507537685,-0.0043969849246231485,-0.0043969849246231485,0.11055276381909551,-0.004447236180904479,-0.004447236180904479,0.28918322295805743,0.08080395063170687,0.09954490428748064,0.28761061946902655,0.17085427135678388,0.03300965982796178,0.05900118287598255,0.09090909090909094,0.21476510067114096,0.045585871190403915,0.07748831495685526,0.18518518518518523,16.0,0.0,0.0,19.0,0.0,0.0,20.0,0.0,0.0,-0.0007363223170403904,-0.000479625125504502,-0.0009741080534947649,-0.08959335181698336,-0.10474530431524531,-0.09521090418095657,"[5.1875, 10.78125, 10.3828125, 5.7578125, 8.734375, 5.734375, 4.578125, 8.140625, 8.4453125, 4.94140625, 3.318359375, 8.5625, 2.021484375, 6.203125, 3.435546875, 0.94091796875, 3.91796875, 4.0625, 0.1434326171875, 0.328857421875, 0.0017404556274414062, 2.658203125, 6.8359375, 8.109375, 8.0, 0.040740966796875, 0.640625, 1.07421875, 0.0269927978515625, 0.03765869140625, 3.552436828613281e-05, 0.330322265625, 0.01386260986328125, 0.0097808837890625, 0.004940032958984375, 0.00704193115234375, 0.060211181640625, 0.0035228729248046875, 3.4332275390625e-05, 1.443359375, 0.0005469322204589844, 0.00981903076171875, 0.0298309326171875, 0.147705078125, 0.055694580078125, 0.055938720703125, 0.0019683837890625, 0.0125732421875, 0.015899658203125, 0.005550384521484375, 0.22216796875, 0.0136566162109375, 0.05059814453125, 0.64404296875, 0.0088348388671875, 0.009033203125, 0.00287628173828125, 0.00043129920959472656, 0.0253448486328125, 0.0010328292846679688, 0.0026073455810546875, 0.0002627372741699219, 0.0628662109375, 0.032470703125, 0.076904296875, 0.416748046875, 0.78125, 0.002750396728515625, 0.019805908203125, 0.0050506591796875, 0.026702880859375, 0.01873779296875, 0.0017843246459960938, 0.004817962646484375, 0.0005440711975097656, 0.0016202926635742188, 0.002948760986328125, 0.00229644775390625, 0.04974365234375, 0.0007433891296386719, 0.00624847412109375, 0.02020263671875, 0.1876220703125, 0.02667236328125, 0.1466064453125, 0.0367431640625, 0.014892578125, 0.013824462890625, 0.0031604766845703125, 0.00493621826171875, 0.0017061233520507812, 0.002044677734375, 0.0019683837890625, 0.006832122802734375, 0.0019016265869140625, 0.00167083740234375, 0.007049560546875, 0.06170654296875, 0.0015897750854492188, 0.0005846023559570312, 0.0006656646728515625, 0.005886077880859375, 0.0003566741943359375, 0.0006260871887207031, 0.00267791748046875, 0.0008873939514160156, 0.008819580078125, 0.006195068359375, 0.03076171875, 0.0240020751953125, 0.0037441253662109375, 0.0003848075866699219, 3.409385681152344e-05, -0.0, 0.0005626678466796875, 0.0014657974243164062, 0.001094818115234375, 0.0011682510375976562, 0.00428009033203125, 0.007965087890625, 0.00032830238342285156, 0.0311279296875, 0.0008840560913085938, 0.0009984970092773438, 0.0190277099609375, 0.00012862682342529297, 0.0019073486328125, 0.0011243820190429688, 0.00017964839935302734, 1.1444091796875e-05, 0.0029964447021484375, 0.00396728515625, 0.005840301513671875, 0.0132293701171875, 0.05511474609375, 0.0268402099609375, 0.08697509765625, 0.0030384063720703125, 0.00045990943908691406, 0.02789306640625, 0.01230621337890625, 0.0020122528076171875, 0.0013189315795898438, 0.00505828857421875, 0.0008287429809570312, 0.0008473396301269531, 0.0016965866088867188, 0.007633209228515625, 0.05517578125, 0.0005846023559570312, 0.004344940185546875, 0.0010576248168945312, 0.0389404296875, 0.002532958984375, 0.69873046875, 0.0599365234375, 0.0025234222412109375, 0.004642486572265625, 0.054046630859375, 0.012939453125, 0.02978515625, 0.0196380615234375, 0.0106048583984375, 0.057403564453125, 0.0010051727294921875, 0.00019633769989013672, 0.00017881393432617188, 0.0008511543273925781, 0.0010461807250976562, 0.79736328125, 0.01078033447265625, 0.00039649009704589844, 0.69580078125, 0.00045561790466308594, 0.00797271728515625, 0.001613616943359375, 0.007709503173828125, 0.0016536712646484375, 0.3251953125, 0.333740234375, 0.007415771484375, 0.01338958740234375, 0.0015497207641601562, 0.003757476806640625, 0.00643157958984375, 0.103515625, 0.0198822021484375, 0.09454345703125, 6.3984375, 0.1510009765625, 0.90234375, 0.638671875, 1.6083984375, 1.8046875, 4.99609375, 4.5078125, 1.34375, 1.6865234375, 0.460693359375, 0.2115478515625, 0.0242767333984375, 0.019775390625, 0.0279693603515625, 0.005413055419921875, 0.0001819133758544922, 0.00337982177734375, 0.0008130073547363281, 0.0084991455078125, 0.023681640625, 0.1353759765625, 0.2445068359375, 0.26513671875, 1.326171875, 4.5625, 7.8046875, 0.70166015625, 0.0305633544921875, 0.01483154296875, 0.05804443359375, 0.1318359375, 0.031982421875, 0.131103515625, 7.359375, 0.39990234375, 0.006717681884765625, 0.0017528533935546875, 0.0279388427734375, 0.321044921875, 0.017822265625, 0.1314697265625, 7.03125, 0.32421875, 0.01262664794921875, 0.0011243820190429688, 0.025909423828125, 0.322998046875, 0.01641845703125, 0.0206298828125, 9.171875, 0.6318359375, 0.01232147216796875, 0.0028591156005859375, 0.028900146484375, 2.134765625, 2.830078125, 10.0234375, 4.29296875, 4.05078125, 0.0465087890625, 2.572265625, 7.15234375, 5.67578125, 0.86328125, 0.02435302734375, 0.0124053955078125, 0.5126953125, 0.00144195556640625, 0.059844970703125, 0.494873046875, 0.63916015625, 0.00637054443359375, 1.9951171875, 0.52001953125, 0.51171875, 4.39453125, 3.728515625, 1.2763671875, 0.358642578125, 0.11968994140625, 0.59912109375, 9.0, 2.5546875, 0.167724609375, 0.1627197265625, 0.27392578125, 8.203125, 3.439453125, 0.223876953125, 0.85400390625, 0.1834716796875, 0.1622314453125, 0.305908203125, 7.30078125, 1.9345703125, 3.13671875, 6.72265625, 1.16796875, 3.41015625, 4.76171875, 2.80859375, 2.244140625, 4.90234375, 2.923828125, 10.0234375, 5.671875, 0.65625, 0.114013671875, 0.157958984375, 0.136962890625, 4.19921875, 6.33203125, 5.4453125, 0.8369140625, 2.87109375, 0.0026264190673828125, 0.474609375, 0.34326171875, 0.0220794677734375, 0.81298828125, 0.156982421875, 0.1939697265625, 0.93603515625, 1.802734375, 0.5166015625, 6.8515625, 0.337646484375, 0.46435546875, 0.001598358154296875, 0.0782470703125, 0.06671142578125, 0.005825042724609375, 0.77294921875, 0.1402587890625, 0.056976318359375, 0.99609375, 0.2196044921875, 14.3203125, 4.1796875, 1.2119140625, 0.261962890625, 0.0009965896606445312, 0.031402587890625, 0.0303955078125, 0.0180206298828125, 0.156005859375, 0.058868408203125, 0.10296630859375, 0.451416015625, 13.1015625, 4.64453125, 2.1796875, 0.018707275390625, 3.494140625, 6.1796875, 9.9609375, 4.39453125, 1.79296875, 0.2039794921875, 0.08270263671875, 1.3251953125, 0.183837890625, 9.6640625, 5.171875, 5.23828125, 0.462890625, 2.46484375, 3.841796875, 4.30859375, 11.9921875, 1.169921875, 0.1488037109375, 0.049407958984375, 4.171875, 4.89453125, 0.1856689453125, 0.006622314453125, 5.7265625, 1.7265625, 0.336181640625, 0.1204833984375, 1.0615234375, 0.04510498046875, 6.6953125, 0.3603515625, 3.076171875, 0.00679779052734375, 2.0234375, 4.16796875, 5.97265625, 1.4091796875, 5.35546875, 1.6923828125, 6.01953125, 8.125, 0.92578125, 2.154296875, 0.013031005859375, 2.51953125, 7.421875, 2.177734375, 4.890625, 9.7265625, 1.2783203125, 1.009765625, 0.2052001953125, 0.0821533203125, 3.50390625, 0.50048828125, 2.6875, 0.041656494140625, 5.10546875, 5.734375, 1.66015625, 0.0909423828125, 2.162109375, 0.006710052490234375, 5.46484375, 3.40625, 6.7421875, 9.8671875, 2.6875, 11.59375, 11.390625, 4.234375, 2.744140625, 0.0654296875, 10.1328125, 10.8515625, 1.9892578125, 0.56396484375, 0.0228424072265625, 5.50390625, 2.146484375, 0.369384765625, 0.0210113525390625, 3.626953125, 1.3095703125, 0.47607421875, 0.00485992431640625, 8.703125, 7.95703125, 0.94677734375, 0.82861328125, 0.0015926361083984375, 8.3671875, 7.078125, 2.48828125, 0.483642578125, 0.0027370452880859375, 8.7578125, 2.5390625, 0.322998046875, 0.002277374267578125, 7.2890625, 9.21875, 6.3671875, 2.1640625, 7.125, 0.397216796875, 11.6015625, 0.88037109375, 6.85546875, 0.86474609375]",-2.029382589110739
110,1,test,1.4803637858526206,0.6133525467978629,0.8638962142513796,3.388156552127477,1.4037998430232779,1.9772272509274536,4.394544063125595,2.014756465383278,2.5421709672308275,10.057935355745201,4.611238389081446,5.818349044718444,1.4914330956923902,0.6112232213026271,0.8701784557404583,2.444972288020312,1.0020052808239788,1.4265220585909153,4.443458860027912,2.03205311440556,2.582197069091213,7.284358786931003,3.331234613779607,4.233109949329858,1.4666811554726948,0.633700153719055,0.8756945808881242,3.1884372945058583,1.3776090298240327,1.9036838714959223,4.334824632163478,2.0346593049391544,2.529055569417851,9.42353180905104,4.423172402041641,5.497946890038807,0.29648241206030146,-0.00851758793969859,-0.0035175879396985854,0.24120603015075381,0.001206030150753823,0.001206030150753823,0.20603015075376885,-0.003969849246231116,0.001030150753768888,0.25,0.07896764252696453,0.11652977412731003,0.2538699690402477,0.26633165829145733,0.08337426480774801,0.11608124092918692,0.25757575757575757,0.25083612040133785,0.08055231405743135,0.11401743297085953,0.24832214765100669,19.0,0.0,0.0,24.0,1.0,0.0,26.0,0.0,0.0,-0.0014035153848397683,0.0003548203341013181,-0.00041097567415426117,-0.08880130103658379,-0.09091227359848597,-0.09581682249394952,"[7.1953125, 5.1875, 5.34375, 7.6328125, 5.8984375, 3.986328125, 1.5078125, 0.7255859375, 0.98779296875, 1.2060546875, 0.74462890625, 0.01708984375, 1.03515625, 0.00362396240234375, 0.0235443115234375, 0.216796875, 0.0068359375, 0.01407623291015625, 0.002719879150390625, 0.005306243896484375, 1.823902130126953e-05, 0.0001035928726196289, 0.0357666015625, 0.0247802734375, 0.016754150390625, 0.009765625, 0.0110321044921875, 0.022125244140625, 0.0010356903076171875, 0.005695343017578125, 0.0005283355712890625, 0.0003502368927001953, 0.00557708740234375, 0.0028514862060546875, 0.0008387565612792969, 0.0018587112426757812, 0.006580352783203125, 0.0011138916015625, 0.00013875961303710938, 0.0085296630859375, 0.0070037841796875, 6.4849853515625e-05, 0.0229034423828125, 0.00021374225616455078, 0.037200927734375, 0.00017821788787841797, 6.198883056640625e-06, 3.314018249511719e-05, 0.00022983551025390625, 0.0004737377166748047, 0.0016269683837890625, 1.33514404296875e-05, 0.00644683837890625, 0.026214599609375, 0.0023784637451171875, 0.005603790283203125, 0.0046539306640625, 2.783203125, 3.05078125, 0.0004031658172607422, 0.13134765625, 0.0009441375732421875, 1.4543533325195312e-05, 6.532669067382812e-05, 7.033348083496094e-06, 0.0001615285873413086, 0.0001461505889892578, 0.0003604888916015625, 0.0012102127075195312, 6.365776062011719e-05, 0.0009226799011230469, 7.152557373046875e-07, 0.0008592605590820312, 0.0031223297119140625, 0.0023345947265625, 0.00962066650390625, 0.01611328125, 0.0252532958984375, 0.00014281272888183594, 1.919269561767578e-05, 4.029273986816406e-05, 5.3048133850097656e-05, 1.5854835510253906e-05, 4.553794860839844e-05, 0.0005125999450683594, 0.00014066696166992188, 2.7418136596679688e-05, 0.000270843505859375, 0.019683837890625, 0.002536773681640625, 0.001262664794921875, 2.110004425048828e-05, 1.9669532775878906e-05, 3.3855438232421875e-05, 4.291534423828125e-06, 2.765655517578125e-05, 8.702278137207031e-06, 0.00033926963806152344, 0.002468109130859375, 0.00043773651123046875, 6.0558319091796875e-05, 0.0009160041809082031, 0.001194000244140625, 4.5418739318847656e-05, 0.0010004043579101562, 0.00102996826171875, 4.9233436584472656e-05, 0.007080078125, 2.9087066650390625e-05, 0.000362396240234375, 5.0187110900878906e-05, 0.0001068115234375, 0.0004093647003173828, 0.00011849403381347656, 0.00045561790466308594, 3.0279159545898438e-05, 6.4849853515625e-05, 0.0027446746826171875, 0.007068634033203125, 0.00392913818359375, 0.00682830810546875, 0.0002796649932861328, 0.01055908203125, 0.0009684562683105469, 0.0002052783966064453, 6.949901580810547e-05, 2.7060508728027344e-05, 1.430511474609375e-05, 0.00042366981506347656, 2.086162567138672e-05, 7.271766662597656e-06, 0.00021076202392578125, 0.002559661865234375, 1.0728836059570312e-06, 4.9948692321777344e-05, 0.0005178451538085938, 0.0004067420959472656, 5.221366882324219e-05, 0.001251220703125, 0.010040283203125, 0.81884765625, 2.2890625, 3.849609375, 5.1796875, 4.0234375, 9.234375, 4.1875, 5.93359375, 11.21875, 1.3046875, 0.376953125, 8.1328125, 6.60546875, 1.060546875, 0.1905517578125, 0.1932373046875, 5.9765625, 4.3515625, 2.755859375, 9.3515625, 3.41796875, 0.447509765625, 3.017578125, 4.06640625, 1.296875, 7.03515625, 1.3251953125, 0.35595703125, 2.22265625, 12.390625, 10.546875, 1.0615234375, 0.47119140625, 7.33984375, 5.953125, 8.390625, 0.64599609375, 4.74609375, 0.0168609619140625, 0.33203125, 5.53125, 7.35546875, 5.8359375, 1.7919921875, 3.82421875, 1.9755859375, 6.22265625, 2.251953125, 1.12109375, 1.435546875, 7.46484375, 3.35546875, 3.435546875, 11.546875, 8.40625, 1.9375, 6.44921875, 2.068359375, 5.2734375, 5.70703125, 5.5234375, 5.6328125, 2.763671875, 0.3369140625, 3.611328125, 0.6982421875, 0.00453948974609375, 0.005413055419921875, 6.15625, 5.03125, 0.51953125, 6.01953125, 4.796875, 0.86474609375, 0.47998046875, 3.98828125, 0.007114410400390625, 0.0504150390625, 0.263671875, 0.1502685546875, 0.01459503173828125, 0.1273193359375, 0.0574951171875, 0.03582763671875, 0.0767822265625, 0.121337890625, 0.014404296875, 0.155029296875, 0.385009765625, 0.0014324188232421875, 0.09307861328125, 0.07379150390625, 0.01285552978515625, 0.0261383056640625, 10.1875, 3.93359375, 10.2109375, 2.1328125, 6.80078125, 1.2666015625, 6.21484375, 5.03125, 6.1328125, 1.361328125, 0.045928955078125, 0.505859375, 0.0694580078125, 0.00115203857421875, 0.001483917236328125, 6.90234375, 0.05810546875, 3.0234375, 0.1226806640625, 0.332763671875, 0.0296783447265625, 0.0966796875, 0.0038700103759765625, 0.00676727294921875, 0.041015625, 0.09130859375, 0.00934600830078125, 0.0244140625, 0.01284027099609375, 0.017791748046875, 0.05047607421875, 0.1614990234375, 0.005035400390625, 0.06390380859375, 0.1131591796875, 0.0002205371856689453, 0.046356201171875, 0.0161285400390625, 0.003162384033203125, 0.01435089111328125, 0.62109375, 0.06170654296875, 0.052642822265625, 0.07647705078125, 0.0007739067077636719, 0.0252532958984375, 0.278564453125, 0.49755859375, 0.042694091796875, 0.07037353515625, 0.0196380615234375, 0.22021484375, 0.024810791015625, 0.0009794235229492188, 0.0009512901306152344, 0.6435546875, 0.0011587142944335938, 15.1171875, 1.6201171875, 3.83203125, 0.00394439697265625, 0.002620697021484375, 0.05303955078125, 0.015625, 0.0034942626953125, 0.0110015869140625, 0.0096893310546875, 0.00498199462890625, 0.01428985595703125, 0.035614013671875, 0.0036830902099609375, 0.00986480712890625, 0.1002197265625, 0.00019860267639160156, 0.02117919921875, 0.0196685791015625, 0.0021991729736328125, 0.00498199462890625, 0.15283203125, 0.025177001953125, 13.015625, 1.2431640625, 7.09375, 1.6083984375, 3.865234375, 2.640625, 5.25390625, 0.90625, 3.693359375, 0.1392822265625]",-2.037981808553507
207,1,test,1.1534637005002666,0.3870163632292495,0.5928054564001562,2.0375052227814927,0.6836347438064114,1.0471454047360425,3.1691509107123492,1.0170439644764029,1.417325661218146,5.5980621926451715,1.796530214622551,2.5035971533926373,1.0626223189147872,0.2976109805517707,0.4863657499933589,1.8164484084013457,0.5087367188919156,0.8313944444330922,2.893949907335238,0.7449311664635414,1.1145848898300574,4.946922918521775,1.2733866093393869,1.9052733159488162,1.1812749265140519,0.42401810074907786,0.6239790803970979,2.086631622017522,0.7489954772355971,1.1022112223072824,3.258525936863077,1.1261073426836763,1.5125811293213167,5.755936326429669,1.9891823133536475,2.671858637195319,0.21105527638190957,0.001055276381909609,0.006055276381909613,0.1507537688442211,-0.0042462311557789345,-0.0042462311557789345,0.11557788944723613,-0.009422110552763874,-0.004422110552763869,0.2406639004149378,0.0543284966882297,0.08342252110459292,0.20833333333333337,0.21105527638190957,0.04313547688316266,0.05913540993783617,0.15656565656565657,0.2406639004149378,0.05846928343771207,0.0820432107597654,0.20833333333333337,16.0,3.0,4.0,20.0,3.0,3.0,26.0,5.0,6.0,0.00040124684524618794,-0.00023294391235665731,-0.0004619053982538364,-0.054665495501935,-0.04939432060221716,-0.046034626393973266,"[11.21875, 2.75390625, 7.78515625, 5.00390625, 0.347900390625, 1.5078125, 5.0859375, 4.95703125, 1.1865234375, 0.206787109375, 6.78515625, 1.0234375, 1.8154296875, 0.99609375, 0.318115234375, 11.7421875, 11.453125, 2.568359375, 0.69384765625, 3.720703125, 0.0109100341796875, 0.0004570484161376953, 0.223388671875, 0.12054443359375, 0.316162109375, 0.0005393028259277344, 3.435546875, 0.58056640625, 1.375, 8.3203125, 7.87890625, 3.001953125, 0.00017976760864257812, 0.03192138671875, 0.41064453125, 0.003448486328125, 0.09698486328125, 0.00878143310546875, 0.07391357421875, 0.356201171875, 0.005626678466796875, 0.01157379150390625, 0.0003848075866699219, 0.0096435546875, 9.655952453613281e-06, 9.5367431640625e-05, 0.265625, 0.021636962890625, 0.023773193359375, 0.037506103515625, 0.028228759765625, 0.178466796875, 2.7179718017578125e-05, 0.005153656005859375, 2.7418136596679688e-05, 0.00046062469482421875, 0.0081024169921875, 0.0009698867797851562, 0.0009307861328125, 0.00038909912109375, 0.007720947265625, 0.0004620552062988281, 0.0003743171691894531, 0.00916290283203125, 0.0159454345703125, 0.0003962516784667969, 0.05426025390625, 2.384185791015625e-06, 0.0012731552124023438, 0.00015366077423095703, 0.00040149688720703125, 0.00020873546600341797, 0.0001233816146850586, 0.0002963542938232422, 0.00799560546875, 0.0001468658447265625, 0.0068817138671875, 0.026641845703125, 5.614757537841797e-05, 0.826171875, 2.0623207092285156e-05, 1.33984375, 0.00823974609375, 0.0002052783966064453, 0.001434326171875, 5.7220458984375e-05, 2.586841583251953e-05, 2.9325485229492188e-05, 1.2516975402832031e-05, 9.763240814208984e-05, 0.00041174888610839844, 0.0007200241088867188, 0.000514984130859375, 6.663799285888672e-05, 0.0009250640869140625, 7.987022399902344e-06, 0.002315521240234375, 0.0091400146484375, 0.00024890899658203125, 0.1322021484375, 3.7550926208496094e-05, 0.010406494140625, 2.086162567138672e-05, 0.00012576580047607422, 0.00025463104248046875, 5.53131103515625e-05, 1.1205673217773438e-05, 1.239776611328125e-05, 0.0011339187622070312, 0.0001392364501953125, 9.965896606445312e-05, 0.00014710426330566406, 0.003681182861328125, 0.007610321044921875, 9.5367431640625e-07, 4.8279762268066406e-05, 8.976459503173828e-05, 4.267692565917969e-05, 7.510185241699219e-06, 5.245208740234375e-05, 1.3470649719238281e-05, 0.0003535747528076172, 0.002346038818359375, 0.00023567676544189453, 0.00015676021575927734, 0.002498626708984375, 0.00043845176696777344, 4.5418739318847656e-05, 4.947185516357422e-05, 0.0010528564453125, -0.0, 0.0030059814453125, 4.482269287109375e-05, 0.0001347064971923828, 0.0003612041473388672, 0.00010752677917480469, 0.0004413127899169922, 0.00017333030700683594, 0.00017750263214111328, 0.00028705596923828125, 9.334087371826172e-05, 0.0012493133544921875, 0.0010089874267578125, 0.0009088516235351562, 0.0183563232421875, 0.0001418590545654297, 0.00336456298828125, 0.0002465248107910156, 0.00010907649993896484, 6.985664367675781e-05, 2.086162567138672e-05, 4.208087921142578e-05, 0.00014162063598632812, 8.380413055419922e-05, 7.3909759521484375e-06, 0.00027823448181152344, 0.000972747802734375, 2.6226043701171875e-06, 0.00011479854583740234, 0.0007805824279785156, 0.0004737377166748047, 9.739398956298828e-05, 0.00046443939208984375, 0.0110931396484375, 0.3203125, 0.39697265625, 0.007518768310546875, 0.345703125, 0.8447265625, 0.323486328125, 0.025146484375, 0.73681640625, 1.6181640625, 12.859375, 1.724609375, 9.3046875, 6.87109375, 0.0157623291015625, 0.1334228515625, 0.1695556640625, 0.016815185546875, 7.6875, 0.037872314453125, 3.81640625, 1.0751953125, 0.0092315673828125, 1.3203125, 2.98046875, 2.30078125, 0.09307861328125, 8.0390625, 3.3125, 5.640625, 6.37109375, 4.4375, 8.140625, 1.1669921875, 0.06951904296875, 1.884765625, 1.9541015625, 0.65869140625, 1.8408203125, 3.484375, 0.01114654541015625, 0.10992431640625, 4.2578125, 1.3525390625, 0.003093719482421875, 1.7762184143066406e-05, 0.034454345703125, 0.03955078125, 3.14453125, 4.02734375, 2.46484375, 0.73095703125, 0.25830078125, 2.806640625, 0.51904296875, 0.01194000244140625, 0.0011501312255859375, 0.20751953125, 1.7001953125, 4.65234375, 1.927734375, 0.1446533203125, 0.133056640625, 0.0236053466796875, 8.59375, 1.36328125, 9.4140625, 6.69921875, 3.34765625, 0.3740234375, 1.6572265625, 2.623046875, 0.93212890625, 0.0222625732421875, 0.319580078125, 0.001255035400390625, 1.330078125, 0.1627197265625]",-3.1684361903993916
16,1,test,3.06894280104687,1.3786279208001686,1.8812016210391387,5.138694922683131,2.3084002394793517,3.1499189933678595,21.51914063216994,16.097953170919517,18.239475970060468,36.03204943061013,26.954712286190816,30.54051790335706,2.9498554294432826,1.0850321095851045,1.6019427333945906,4.796512893403712,1.7642798529839099,2.604784932348928,19.103191769518304,12.648396418437109,15.253809461128327,31.062100438241146,20.566498241361153,24.802942213216795,3.059236389419343,1.3689215091726414,1.869901666870585,5.1224423264695975,2.2921476432658183,3.1309981398763282,21.311277430197205,15.890089968946782,18.026382316561694,35.683999418004625,26.60666227358531,30.183709925405626,0.5376884422110553,-0.0023115577889447625,-0.0023115577889447625,0.457286432160804,0.007286432160804046,-0.0027135678391959628,0.3668341708542714,-0.013165829145728614,-0.00816582914572861,0.4006968641114983,0.11547947280715043,0.1712646509017648,0.4125874125874126,0.3668341708542714,0.07109482248334409,0.10806956317480565,0.36363636363636365,0.39372822299651566,0.1085108316921678,0.15966101558052492,0.4055944055944056,19.0,0.0,0.0,26.0,0.0,0.0,31.0,-1.0,0.0,-0.0007471523440043562,9.126676135716663e-05,3.629961040701893e-05,-0.017054821892409144,-0.018644561378417635,-0.019241798508466523,"[1.369140625, 2.291015625, 2.27734375, 4.21484375, 0.2198486328125, 0.056304931640625, 10.9453125, 1.8505859375, 10.6875, 7.41015625, 4.9609375, 5.3359375, 2.59765625, 1.56640625, 11.28125, 0.381103515625, 0.352783203125, 5.36328125, 0.82421875, 17.375, 1.1181640625, 10.375, 1.4150390625, 7.41796875, 1.1630859375, 0.060272216796875, 0.1409912109375, 5.87890625, 12.3671875, 1.3251953125, 10.0390625, 7.66796875, 5.39453125, 4.1875, 4.42578125, 0.81884765625, 0.2489013671875, 0.1348876953125, 1.4404296875, 0.0736083984375, 4.1953125, 2.15625, 0.1590576171875, 0.02557373046875, 0.0079345703125, 0.00676727294921875, 0.09228515625, 0.1297607421875, 0.205810546875, 0.85009765625, 0.035003662109375, 0.06671142578125, 0.213134765625, 6.0234375, 2.0265579223632812e-06, 0.260498046875, 0.61767578125, 2.123046875, 0.4326171875, 0.71826171875, 0.0016613006591796875, 0.0005550384521484375, 0.11212158203125, 0.2298583984375, 0.5673828125, 3.427734375, 0.477783203125, 4.7206878662109375e-05, 16.015625, 5.9921875, 3.3984375, 4.0390625, 0.073486328125, 0.365478515625, 0.007671356201171875, 0.1319580078125, 10.3203125, 0.953125, 6.18359375, 3.736328125, 0.04229736328125, 3.2186508178710938e-06, 10.375, 14.2421875, 4.23046875, 3.771484375, 13.0, 6.89453125, 0.05548095703125, 0.2396240234375, 0.0002410411834716797, 0.58837890625, 5.66796875, 5.11328125, 0.00557708740234375, 4.38690185546875e-05, 1.330078125, 0.131591796875, 1.3603515625, 12.7109375, 2.26171875, 2.357421875, 7.30859375, 0.57763671875, 1.6328125, 0.1844482421875, 0.70361328125, 0.060333251953125, 0.021270751953125, 3.0625, 0.0004439353942871094, 0.004711151123046875, 12.0, 1.759765625, 3.341796875, 0.057037353515625, 0.0008893013000488281, 0.0006999969482421875, 0.8681640625, 0.2113037109375, 8.0, 1.3251953125, 0.5595703125, 0.04913330078125, 7.927417755126953e-05, 0.0006566047668457031, 2.1328125, 3.84765625, 3.53125, 4.07421875, 3.126953125, 6.23046875, 6.40625, 0.00047016143798828125, 5.125999450683594e-05, 0.87939453125, 0.2274169921875, 2.212890625, 11.359375, 2.14453125, 7.890625, 0.0001285076141357422, 0.505859375, 0.00019621849060058594, 6.97265625, 3.05859375, 0.00046181678771972656, 0.051971435546875, 7.76953125, 2.37890625, 2.6484375, 4.53125, 2.78515625, 6.73828125, 1.1181640625, 3.87109375, 4.5078125, 0.0377197265625, 0.019561767578125, 0.3154296875, 0.8447265625, 4.25390625, 1.8671875, 1.3671875, 3.05078125, 0.00017821788787841797, 0.10406494140625, 8.2265625, 4.4375, 0.0728759765625, 0.65576171875, 0.7744140625, 7.94140625, 13.609375, 2.16796875, 0.272216796875, 3.171875, 2.23046875, 4.203125, 1.2159347534179688e-05, 3.060546875, 0.0293426513671875, 0.69775390625, 0.01324462890625, 0.021026611328125, 0.33837890625, 3.0859375, 0.322021484375, 0.049774169921875, 0.1494140625, 6.2265625, 6.42578125, 7.421875, 2.845703125, 9.2109375, 6.0859375, 2.125, 4.375, 3.8046875, 4.58203125, 3.689453125, 0.283935546875, 4.20703125, 4.94140625, 0.99169921875, 0.5068359375, 0.0005245208740234375, 9.109375, 0.06500244140625, 7.9375, 2.626953125, 4.78125, 0.0019388198852539062, 6.56640625, 0.1563720703125, 3.509765625, 0.99169921875, 4.84765625, 5.94921875, 0.5546875, 4.39453125, 4.55078125, 0.26513671875, 0.0007166862487792969, 7.5703125, 4.46484375, 3.5859375, 6.046875, 0.0654296875, 2.828125, 0.082275390625, 2.560546875, 8.4453125, 4.60546875, 3.751953125, 2.0078125, 3.302734375, 0.0017795562744140625, 4.06640625, 3.376953125, 1.490234375, 0.70068359375, 0.1820068359375, 0.134521484375, 5.19140625, 0.50537109375, 2.6953125, 11.3125, 3.55859375, 0.22265625, 13.1484375, 2.302734375, 1.4345703125, 5.9375, 0.494384765625, 0.00966644287109375, 2.962890625, 6.2734375, 5.80078125, 1.1025390625, 3.287109375, 0.97998046875, 0.8779296875, 6.9765625, 6.73828125, 3.203125, 5.78125, 1.099609375, 0.01421356201171875, 1.6630859375, 5.58203125, 8.3359375, 3.435546875, 0.4677734375, 1.326171875, 0.1890869140625, 0.1341552734375, 7.47265625, 4.0234375, 0.493896484375, 0.0211944580078125, 2.48046875, 7.875, 4.84765625, 9.0546875, 7.125, 5.1328125]",-1.1898991903776905
190,1,test,1.287484385417058,0.5175325502110305,0.733459274213752,2.6069559605339188,1.0479230519800993,1.4851411390912,3.6236593499957137,1.4639971184023173,1.8834157364636601,7.337347503718029,2.9643668360195994,3.8136244104792127,0.6962962102650398,0.1914049228509862,0.30137955583586684,1.3137664344623392,0.36114136386978524,0.5686406713884279,2.0063079862154725,0.3495025911443008,0.5220475069867949,3.7854867664442873,0.6594388512156617,0.9849952962014994,1.253328631155467,0.4660949525096659,0.6764716187313586,2.4415492814716893,0.9079771802136352,1.317801854671478,3.501980379370872,1.3046708326865128,1.7215466328784552,6.822039700073128,2.5415665571815182,3.3536622718411464,0.1306532663316583,-0.009346733668341711,0.0006532663316582976,0.10050251256281406,-0.009497487437185925,-0.004497487437185921,0.09547738693467334,-0.009522613065326646,-0.009522613065326646,0.2584615384615384,0.07873803615739094,0.09981261318006451,0.26543209876543206,0.1507537688442211,0.022934219972040593,0.033892333118010765,0.11616161616161613,0.254180602006689,0.09391349015360051,0.10290140289656668,0.25838926174496646,14.0,4.0,4.0,17.0,4.0,3.0,21.0,4.0,4.0,-0.0019750612470224756,4.8820309210929095e-05,-0.000742369681961805,-0.08204038980932227,-0.08151063703551253,-0.09050430778184504,"[5.203125, 4.98828125, 4.92578125, 4.28125, 0.083984375, 6.75390625, 0.70458984375, 0.0005979537963867188, 0.073974609375, 0.1309814453125, 1.544921875, 0.380615234375, 0.491943359375, 1.623046875, 0.0207061767578125, 0.04449462890625, 0.84228515625, 0.01213836669921875, 0.035980224609375, 0.0015153884887695312, 0.0718994140625, 2.968311309814453e-05, 0.0005517005920410156, 0.436279296875, 0.1925048828125, 0.027435302734375, 0.01910400390625, 0.0093994140625, 0.055938720703125, 0.0017690658569335938, 0.00629425048828125, 0.00038313865661621094, 0.0010595321655273438, 0.00250244140625, 0.01181793212890625, 0.0011119842529296875, 0.0025653839111328125, 0.0233612060546875, 0.001720428466796875, 0.0003859996795654297, 0.01103973388671875, 0.01099395751953125, 3.2901763916015625e-05, 0.054229736328125, 0.004638671875, 0.00862884521484375, 0.0004858970642089844, 0.00012576580047607422, 9.465217590332031e-05, 0.00010228157043457031, 0.00080108642578125, 0.0039215087890625, 2.7179718017578125e-05, 0.0094451904296875, 0.0246734619140625, 0.0052032470703125, 0.0258026123046875, 0.01320648193359375, 0.7451171875, 0.04888916015625, 2.4199485778808594e-05, 0.0017137527465820312, 0.00016236305236816406, 2.2649765014648438e-05, 6.878376007080078e-05, 2.3603439331054688e-05, 6.508827209472656e-05, 8.90493392944336e-05, 0.0002980232238769531, 0.003082275390625, 6.914138793945312e-05, 0.0009183883666992188, 3.6954879760742188e-06, 0.005229949951171875, 0.0096282958984375, 0.004650115966796875, 0.0024623870849609375, 0.007656097412109375, 0.004367828369140625, 6.902217864990234e-05, 2.014636993408203e-05, 0.00010001659393310547, 6.42538070678711e-05, 1.3113021850585938e-06, 7.545948028564453e-05, 0.0012407302856445312, 0.00016129016876220703, 0.00022208690643310547, 0.00022602081298828125, 0.0195465087890625, 0.00690460205078125, 5.733966827392578e-05, 0.0024929046630859375, 6.365776062011719e-05, 1.990795135498047e-05, 5.4836273193359375e-06, 2.5153160095214844e-05, 9.655952453613281e-06, 0.0003387928009033203, 0.0050506591796875, 0.0008668899536132812, 0.00021386146545410156, 0.048675537109375, 0.0011997222900390625, 0.0001233816146850586, 0.0026416778564453125, 0.0005936622619628906, 4.0531158447265625e-05, 0.1446533203125, 5.030632019042969e-05, 5.0067901611328125e-05, 4.8041343688964844e-05, 0.00015175342559814453, 5.53131103515625e-05, 0.0001703500747680664, 0.0003635883331298828, 7.450580596923828e-05, 2.8133392333984375e-05, 0.0011205673217773438, 0.0026111602783203125, 0.0005135536193847656, 0.007022857666015625, 0.0089569091796875, 0.022216796875, 0.0029125213623046875, 0.000244140625, 2.300739288330078e-05, 0.00018930435180664062, 6.794929504394531e-06, 0.0011463165283203125, 4.506111145019531e-05, 5.125999450683594e-06, 8.809566497802734e-05, 0.002536773681640625, 3.933906555175781e-06, 0.004070281982421875, 0.0010509490966796875, 0.0003790855407714844, 3.8743019104003906e-05, 0.0005259513854980469, 0.01116180419921875, 4.21875, 0.642578125, 0.0005736351013183594, 1.4990234375, 0.0032196044921875, 8.0859375, 6.359375, 0.4677734375, 5.5859375, 3.53125, 0.8212890625, 0.02996826171875, 0.061981201171875, 0.0404052734375, 1.16015625, 0.0008549690246582031, 0.038818359375, 0.00475311279296875, 0.52490234375, 0.2034912109375, 0.0202484130859375, 6.61328125, 12.140625, 0.06915283203125, 8.3515625, 0.061492919921875, 6.3828125, 4.12109375, 4.69921875, 0.290283203125, 0.004878997802734375, 0.130615234375, 0.1051025390625, 9.644031524658203e-05, 0.00435638427734375, 0.00048804283142089844, 0.044891357421875, 0.00475311279296875, 0.0029144287109375, 1.22265625, 0.0290069580078125, 0.002269744873046875, 1.486328125, 0.00217437744140625, 7.0703125, 7.07421875, 3.16796875, 8.1796875, 0.7255859375, 0.55078125, 0.0099334716796875, 0.316162109375, 0.09295654296875, 7.319450378417969e-05, 0.005023956298828125, 0.0005774497985839844, 0.103515625, 0.0017156600952148438, 0.0008921623229980469, 7.296875, 0.047271728515625, 8.6171875, 0.04803466796875, 2.724609375, 4.5859375, 0.255615234375, 0.010406494140625, 2.130859375, 1.619140625, 0.0121307373046875, 0.08880615234375, 8.890625, 1.0830078125, 11.25, 6.30078125, 4.08203125, 2.81640625, 3.951171875, 5.50390625, 0.287353515625, 0.14501953125, 0.315673828125, 0.4208984375, 0.0256805419921875, 0.1636962890625, 4.1484375, 6.55078125, 6.0703125, 1.3505859375, 0.33740234375, 4.046875, 1.314453125, 0.00311279296875, 3.09765625, 0.343017578125, 0.00669097900390625, 0.035064697265625, 1.349609375, 3.880859375, 0.62744140625, 2.8515625, 0.1455078125, 6.02734375, 0.027618408203125, 8.109375, 5.64453125, 4.6796875, 1.0068359375, 0.0248565673828125, 0.384521484375, 3.150390625, 2.958984375, 4.17578125, 2.587890625, 3.248046875, 0.318115234375, 0.1484375, 0.1722412109375, 0.0030651092529296875, 0.454833984375, 0.70849609375, 2.255859375, 0.51123046875, 0.1734619140625, 0.09771728515625, 0.0021381378173828125, 3.634765625, 0.59765625, 9.96875, 2.36328125, 1.056640625, 5.21875, 10.890625, 5.73046875, 5.67578125, 0.65478515625, 5.08203125, 6.42578125, 5.4140625, 1.6484375, 0.01258087158203125, 0.313720703125, 0.0018339157104492188, 0.059539794921875, 1.4609375, 1.6953125, 3.400390625, 0.66259765625, 1.4091796875, 4.06640625, 0.481689453125, 0.1361083984375, 0.005229949951171875, 0.045867919921875, 0.005878448486328125, 0.0005059242248535156, 0.0009698867797851562, 0.249267578125, 0.1553955078125, 5.56640625, 0.59326171875, 3.572265625, 1.9365234375, 3.19921875, 0.53466796875, 4.609375, 0.93212890625, 2.275390625, 0.0004324913024902344, 0.04901123046875, 0.0037364959716796875, 0.005584716796875, 5.3046875, 0.06622314453125, 3.3515625, 5.078125, 0.76953125, 0.04412841796875, 0.051544189453125, 2.6171875, 0.79052734375, 0.58056640625, 1.318359375, 0.26025390625]",-2.5926225405472976
208,1,test,0.9010965318957787,0.30160277629035226,0.35960902840121023,2.667484435479557,0.892824112594619,1.0645379847373575,2.4623016236514133,0.6411050272398562,0.7437402958450972,7.2890650713389515,1.897840709776263,2.2016682929983995,0.697230917125491,0.18309334550861311,0.28931248480539135,1.4085473073242243,0.36988554648204675,0.5844696662735179,2.008184172759985,0.3359884420766863,0.5044996686485335,4.056937722747445,0.6787645294478515,1.0191912497950173,0.9929149334247296,0.2787976330934355,0.4182387345502443,2.32714437521421,0.6534319525627397,0.9802470341021352,2.699090686274032,0.6567076107840211,0.9225355030712972,6.325993795954762,1.5391584627750499,2.1621925853233535,0.15577889447236182,0.0007788944723617908,-0.014221105527638223,0.11557788944723613,0.0005778894472361351,-0.004422110552763869,0.09045226130653261,-0.0045477386934673625,-0.0045477386934673625,0.21748878923766812,0.03383817333621231,0.05033336401772681,0.20674157303370788,0.18090452261306533,0.05559123940504529,0.07239033229587,0.16161616161616166,0.22073578595317722,0.05546032685467972,0.06278250452937295,0.21812080536912748,17.0,8.0,8.0,19.0,9.0,9.0,23.0,11.0,12.0,7.2097271811878185e-06,-0.0003209628217888613,0.00027959211537917323,-0.22299494174747103,-0.24402291608622173,-0.24337624046270623,"[1.248046875, 3.29296875, 4.30859375, 5.2578125, 6.17578125, 1.18359375, 0.84912109375, 1.6025390625, 1.32421875, 0.00262451171875, 0.02642822265625, 0.111328125, 0.1307373046875, 0.1376953125, 0.0194549560546875, 2.490234375, 0.0538330078125, 0.01490020751953125, 0.434814453125, 0.0010957717895507812, 0.01503753662109375, 0.0012998580932617188, 0.003833770751953125, 1.1205673217773438e-05, 8.45193862915039e-05, 0.039459228515625, 0.01055145263671875, 0.0085601806640625, 0.0012235641479492188, 0.0242919921875, 0.1376953125, 8.702278137207031e-06, 0.0005006790161132812, 3.3020973205566406e-05, 0.0002655982971191406, 0.0021820068359375, 0.0019178390502929688, 0.00142669677734375, 0.0023784637451171875, 0.01219940185546875, 0.0011081695556640625, 0.00019943714141845703, 0.0087890625, 0.004863739013671875, 3.254413604736328e-05, 0.0197296142578125, 1.2278556823730469e-05, 0.0011444091796875, 0.00011670589447021484, 0.0009813308715820312, 9.512901306152344e-05, 0.0003123283386230469, 0.0004115104675292969, 0.003971099853515625, 6.747245788574219e-05, 0.0027942657470703125, 0.00893402099609375, 0.00042819976806640625, 0.045623779296875, 0.0010623931884765625, 1.3203125, 3.325939178466797e-05, 0.0019207000732421875, 0.00015223026275634766, 2.682209014892578e-05, 2.5391578674316406e-05, 2.193450927734375e-05, 0.00012159347534179688, 0.0019683837890625, 0.0013256072998046875, 0.0011968612670898438, 5.507469177246094e-05, 0.0009212493896484375, 2.276897430419922e-05, 0.0027332305908203125, 0.0209197998046875, 0.007659912109375, 0.0035305023193359375, 0.0005168914794921875, 0.00688934326171875, 5.9485435485839844e-05, 0.0001266002655029297, 0.00037670135498046875, 5.7578086853027344e-05, 3.933906555175781e-06, 1.704692840576172e-05, 0.0005826950073242188, 0.00018012523651123047, 8.64267349243164e-05, 0.0005927085876464844, 0.008270263671875, 0.0011005401611328125, 2.2649765014648438e-06, 0.00090789794921875, 4.5299530029296875e-05, 2.1219253540039062e-05, 2.9802322387695312e-06, 3.2901763916015625e-05, 9.5367431640625e-06, 0.002490997314453125, 0.00247955322265625, 0.00045371055603027344, 8.177757263183594e-05, 0.0025119781494140625, 0.0012054443359375, 4.5418739318847656e-05, 0.00013685226440429688, 0.00046324729919433594, 1.1920928955078125e-07, 0.0015363693237304688, 5.0902366638183594e-05, 0.00013887882232666016, 0.0001430511474609375, 6.92605972290039e-05, 0.00016200542449951172, 9.143352508544922e-05, 0.0004029273986816406, 0.00010383129119873047, 3.409385681152344e-05, 0.0012531280517578125, 0.0025959014892578125, 0.0008935928344726562, 0.00687408447265625, 7.0, 0.00373077392578125, 2.16015625, 0.88818359375, 6.520748138427734e-05, 2.95703125, 0.0118408203125, 10.5, 6.12890625, 1.09375, 5.87109375, 3.63671875, 0.005519866943359375, 0.015625, 0.07061767578125, 0.485595703125, 0.0003676414489746094, 0.250244140625, 0.0005698204040527344, 1.3642578125, 0.0012569427490234375, 0.005985260009765625, 6.05078125, 6.7734375, 5.93359375, 5.1875, 0.14892578125, 4.73046875, 6.1875, 0.404296875, 0.0030422210693359375, 0.317138671875, 0.0869140625, 0.00012183189392089844, 0.031890869140625, 7.581710815429688e-05, 0.26171875, 0.0005283355712890625, 0.0017881393432617188, 0.186767578125, 0.03192138671875, 0.0030059814453125, 0.00839996337890625, 0.0029506683349609375, 7.359375, 8.1640625, 1.111328125, 2.3671875, 3.53125, 1.1494140625, 0.00492095947265625, 0.13037109375, 0.0255126953125, 3.8743019104003906e-05, 0.03314208984375, 0.00010335445404052734, 0.2491455078125, 0.0003483295440673828, 0.003002166748046875, 0.07855224609375, 0.012359619140625, 0.00234222412109375, 0.005340576171875, 0.003345489501953125, 1.98046875, 0.1973876953125, 0.01001739501953125, 0.007457733154296875, 0.147216796875, 2.892578125, 0.03875732421875, 0.008941650390625, 0.317626953125, 0.06317138671875, 3.8623809814453125e-05, 0.0135040283203125, 4.673004150390625e-05, 0.037200927734375, 0.0002474784851074219, 0.00208282470703125, 10.03125, 0.037841796875, 4.58984375, 1.0458984375, 0.53955078125, 0.0088043212890625, 0.1292724609375, 0.08746337890625, 7.355213165283203e-05, 0.01029205322265625, 3.5762786865234375e-05, 0.036590576171875, 0.0002524852752685547, 0.0008945465087890625, 0.94873046875, 0.0008435249328613281, 2.0, 2.70703125, 3.744140625, 0.177978515625, 6.00390625, 0.0020084381103515625, 0.53564453125, 0.0222625732421875, 0.007213592529296875, 4.921875, 0.277099609375, 7.0078125, 6.3203125, 11.9375, 2.650390625, 2.244140625, 0.37255859375, 3.443359375, 3.291015625, 4.49609375, 3.07421875, 3.51171875, 3.62890625, 8.640625, 8.171875, 8.3359375, 0.96435546875, 0.08526611328125, 1.318359375, 0.0017633438110351562, 0.152587890625, 0.331787109375, 2.572265625, 0.061370849609375, 0.004119873046875, 0.0455322265625, 0.140625, 1.208984375, 2.1015625, 0.04864501953125, 0.003086090087890625, 0.0074615478515625, 0.0166473388671875, 0.040069580078125, 0.476806640625, 0.3359375, 2.248046875, 0.54248046875, 3.220703125, 3.689453125, 0.0694580078125, 4.375, 0.03778076171875, 0.155517578125, 0.70166015625, 0.08465576171875, 0.0157928466796875, 0.473388671875, 2.46875, 0.2073974609375, 0.61767578125, 0.36767578125, 0.11004638671875, 0.149658203125, 0.160400390625, 0.70458984375, 0.061370849609375, 0.0130615234375, 0.285888671875, 0.9814453125, 0.1622314453125, 6.14453125, 0.068115234375, 2.177734375, 0.6982421875, 0.059722900390625, 0.01372528076171875, 4.34375, 0.050994873046875, 0.00042319297790527344, 0.0025348663330078125, 0.06890869140625, 6.4765625, 0.294677734375, 0.0029582977294921875, 0.00711822509765625, 0.04095458984375, 0.396484375, 0.70458984375, 0.00426483154296875, 1.3291015625, 0.72900390625, 0.0030498504638671875, 0.0003724098205566406, 0.00072479248046875, 0.00890350341796875, 0.1329345703125, 1.373046875, 0.004230499267578125, 0.11724853515625, 0.00534820556640625, 1.3232421875, 0.1893310546875, 0.01580810546875, 0.1925048828125, 0.17724609375, 0.01763916015625, 0.5654296875, 2.138671875, 1.0048828125, 0.026885986328125, 6.078125, 0.01140594482421875, 0.7685546875, 0.034088134765625, 0.0134735107421875, 0.0087432861328125, 0.346435546875, 0.054107666015625, 0.252685546875, 0.002010345458984375, 0.143798828125, 0.8115234375, 0.0006232261657714844, 0.0089569091796875, 0.007770538330078125, 0.1278076171875, 0.0186309814453125, 0.0003407001495361328, 0.65625, 0.004932403564453125, 5.03125, 0.00823974609375, 0.0026760101318359375, 0.00577545166015625, 3.068359375, 0.0202484130859375, 0.0188446044921875, 0.315185546875, 0.037322998046875, 0.000637054443359375, 0.81884765625, 0.01059722900390625, 0.11663818359375, 0.00469970703125, 0.0018100738525390625, 0.015960693359375, 0.0194549560546875, 0.6943359375, 0.00015211105346679688, 0.0252685546875, 0.000904083251953125, 0.9833984375, 0.06744384765625, 0.06231689453125, 0.0015287399291992188, 11.1875, 0.01898193359375, 0.0287322998046875, 6.69921875, 3.671875, 0.1202392578125, 0.00176239013671875, 0.0187530517578125, 0.11004638671875, 1.9443359375, 2.603515625, 0.0065155029296875, 0.000545501708984375, 0.00861358642578125, 0.08282470703125, 0.2381591796875, 0.026123046875, 0.01247406005859375, 0.0027141571044921875, 3.20703125, 0.153564453125, 4.6484375, 0.005504608154296875, 0.0009613037109375, 0.007465362548828125, 0.026763916015625, 0.8017578125, 0.84423828125, 0.0775146484375, 0.2027587890625, 0.002635955810546875, 0.00269317626953125, 1.041015625, 0.00724029541015625, 0.00027489662170410156, 0.0030670166015625, 0.010101318359375, 1.4013671875, 2.666015625, 7.56640625, 1.4365234375, 0.01294708251953125, 0.00730133056640625, 1.4296875, 2.84765625, 0.008880615234375, 1.4287109375, 0.167236328125, 0.03912353515625, 0.47265625, 0.892578125, 0.1365966796875, 0.0297393798828125, 0.97119140625, 0.008392333984375, 0.12890625, 0.00036835670471191406, 0.4140625, 0.05047607421875, 0.42236328125, 0.434326171875, 0.015899658203125, 0.00023996829986572266, 0.007495880126953125, 0.0028705596923828125, 0.05853271484375, 5.245208740234375e-05, 0.0001773834228515625, 0.00021004676818847656, 3.056640625, 0.35009765625]",-1.9629073648174782
197,1,test,1.2985102447771257,0.5084724218937245,0.6569297055286862,5.906638064656925,2.312929431297064,2.988229026368292,3.6638343834877762,1.4603546168496457,1.7643536716671446,16.66597835415781,6.642832586401438,8.025657555266402,1.8695477432941072,0.7488146456129805,1.036181047347145,5.752454594751099,2.3040450634245557,3.1882493764527533,6.485362687175805,3.418260822596403,4.184310028432781,19.954962114387094,10.517725607988933,12.874800087485482,1.383245331786548,0.5307327178277212,0.7568493355782299,5.928194279085206,2.274568790690234,3.243640009620985,3.987822456943747,1.642289584126404,2.1169666139674277,17.090667672616057,7.038383931970301,9.072714059860404,0.4371859296482412,-0.002814070351758735,-0.00781407035175874,0.3316582914572864,0.026658291457286376,0.006658291457286469,0.22613065326633164,-0.013869346733668353,-0.018869346733668357,0.26881720430107525,0.060763513025907434,0.07917888563049846,0.19946091644204855,0.3417085427135679,0.1161446329391318,0.1463830001426163,0.24242424242424243,0.28093645484949836,0.07893311595133479,0.09962388532780764,0.19463087248322153,21.0,5.0,4.0,28.0,6.0,3.0,36.0,9.0,5.0,0.0014068393745237026,0.0006673322091071508,0.0005867525963355927,-0.16263303836579102,-0.17108794822389584,-0.17810607671356582,"[6.23828125, 3.833984375, 1.728515625, 1.5732421875, 3.51171875, 1.861328125, 6.21875, 2.650390625, 9.90625, 0.80810546875, 4.35546875, 0.697265625, 0.042144775390625, 3.103515625, 0.54345703125, 0.87353515625, 0.03790283203125, 1.1298828125, 0.2020263671875, 5.82421875, 0.69970703125, 7.6796875, 0.23046875, 4.57421875, 1.1826171875, 0.369384765625, 0.01464080810546875, 0.280517578125, 7.12890625, 3.830078125, 4.6796875, 8.59375, 1.8818359375, 3.265625, 0.0838623046875, 0.412109375, 0.06304931640625, 0.216552734375, 5.19140625, 0.0164794921875, 0.5908203125, 3.421875, 5.828125, 1.0478515625, 2.65625, 0.0389404296875, 0.1551513671875, 2.681640625, 0.1827392578125, 0.83251953125, 2.888671875, 8.4453125, 7.1171875, 2.720703125, 1.013671875, 1.69140625, 7.42578125, 7.7265625, 2.93359375, 2.134765625, 0.3955078125, 0.09869384765625, 0.08935546875, 1.5380859375, 4.875, 5.43359375, 7.578125, 6.3046875, 1.740234375, 0.08740234375, 3.333984375, 6.6796875, 9.9140625, 5.7265625, 4.23046875, 3.32421875, 0.452392578125, 0.033447265625, 0.94921875, 0.99609375, 0.456787109375, 0.099853515625, 0.71728515625, 0.033966064453125, 3.099609375, 0.0147705078125, 3.515625, 10.296875, 0.368896484375, 3.0859375, 2.783203125, 2.427734375, 0.56201171875, 0.2734375, 0.7412109375, 3.869140625, 0.197509765625, 0.2022705078125, 0.0254669189453125, 2.71484375, 0.77978515625, 0.1190185546875, 1.5302734375, 2.607421875, 0.8388671875, 0.186279296875, 0.005279541015625, 0.81005859375, 2.197265625, 4.73046875, 3.673828125, 1.4560546875, 3.75390625, 4.234375, 0.446533203125, 1.9521484375, 0.0188751220703125, 1.49609375, 0.004901885986328125, 0.177490234375, 0.40673828125, 0.7353515625, 0.046539306640625, 0.44873046875, 1.5078125, 0.6845703125, 0.00553131103515625, 2.212890625, 0.0018682479858398438, 4.078125, 1.203125, 0.0171051025390625, 0.015472412109375, 0.00878143310546875, 0.02734375, 1.01171875, 0.09210205078125, 2.755859375, 10.2734375, 6.51171875, 0.1285400390625, 1.2890625, 0.81640625, 0.94873046875, 0.1513671875, 8.0859375, 0.41015625, 0.36376953125, 0.1441650390625, 0.013458251953125, 0.188720703125, 0.0091094970703125, 0.86083984375, 0.2998046875, 2.6796875, 0.073486328125, 1.044921875, 1.6748046875, 0.006168365478515625, 0.048553466796875, 0.0008473396301269531, 0.11334228515625, 0.2196044921875, 0.2308349609375, 0.039154052734375, 5.265625, 0.060791015625, 2.552734375, 1.02734375, 0.0160369873046875, 1.3583984375, 0.0011034011840820312, 0.1832275390625, 0.00011861324310302734, 0.384765625, 0.062408447265625, 0.0899658203125, 0.0081787109375, 7.0390625, 0.0130462646484375, 0.82958984375, 0.3818359375, 0.00046443939208984375, 1.3427734375, 0.0003757476806640625, 0.37451171875, 0.1329345703125, 0.0008754730224609375, 0.0047760009765625, 0.0006513595581054688, 0.0086212158203125, 0.289306640625, 0.0469970703125, 0.7763671875, 5.53515625, 0.2274169921875, 0.90771484375, 0.314208984375, 0.5205078125, 0.0699462890625, 0.69970703125, 1.8935546875, 0.036834716796875, 0.005962371826171875, 0.06640625, 0.005458831787109375, 0.404296875, 0.26953125, 0.33251953125, 0.5595703125, 0.1092529296875, 0.00450897216796875, 0.01287841796875, 0.0003159046173095703, 0.07110595703125, 0.038177490234375, 0.1588134765625, 0.01312255859375, 0.2369384765625, 0.05914306640625, 0.184326171875, 0.0160675048828125, 0.34814453125, 0.0009746551513671875, 0.0709228515625, 0.00012946128845214844, 0.08087158203125, 0.0269775390625, 0.08880615234375, 0.00643157958984375, 0.75537109375, 1.390625, 0.046295166015625, 0.0008416175842285156, 0.1424560546875, 0.00013339519500732422, 0.368408203125, 0.051177978515625, 0.00025010108947753906, 0.00428009033203125, 0.00037860870361328125, 0.005859375, 0.45751953125, 0.01509857177734375, 0.775390625, 7.15625, 0.29736328125, 1.0947265625, 0.1510009765625, 0.466064453125, 0.019683837890625, 0.1702880859375, 0.356201171875, 0.01180267333984375, 0.0080108642578125, 0.060638427734375, 0.0012559890747070312, 0.260009765625, 0.1259765625, 0.125244140625, 0.26806640625, 0.0718994140625, 0.0008540153503417969, 0.00957489013671875, 0.0002446174621582031, 0.199462890625, 0.06903076171875, 0.057373046875, 0.01332855224609375, 0.09930419921875, 0.049285888671875, 0.087158203125, 0.0101165771484375, 0.33251953125, 0.0009093284606933594, 0.151611328125, 4.9114227294921875e-05, 0.366455078125, 0.010284423828125, 0.036407470703125, 0.00452423095703125, 0.01387786865234375, 2.201171875, 0.02178955078125, 0.0007433891296386719, 0.1414794921875, 0.0001341104507446289, 0.333984375, 0.052032470703125, 0.0002474784851074219, 0.0019931793212890625, 0.000354766845703125, 0.0029621124267578125, 0.2061767578125, 0.0194854736328125, 0.370361328125, 7.8671875, 0.029815673828125, 3.826171875, 1.9375, 0.52197265625, 0.3017578125, 0.01496124267578125, 0.1583251953125, 0.0052642822265625, 0.38623046875, 0.313232421875, 0.12744140625, 0.56005859375, 1.0908203125, 0.00518035888671875, 0.0124053955078125, 0.0006003379821777344, 0.049346923828125, 0.06903076171875, 0.2095947265625, 0.0283355712890625, 0.046417236328125, 0.1129150390625, 0.056427001953125, 0.004730224609375, 0.351318359375, 0.0026531219482421875, 0.0750732421875, 7.581710815429688e-05, 0.16748046875, 0.0234375, 0.08782958984375, 0.0086822509765625, 0.053009033203125, 1.380859375, 0.0229339599609375, 0.0010976791381835938, 0.335205078125, 0.0001266002655029297, 0.1641845703125, 0.054168701171875, 0.0005812644958496094, 0.00209808349609375, 0.00061798095703125, 0.00495147705078125, 2.2734375, 0.0007562637329101562, 0.80126953125, 1.7529296875, 4.6875, 0.935546875, 3.443359375, 0.88671875, 1.541015625, 5.109375, 0.1885986328125, 1.255859375, 0.451904296875, 0.0838623046875, 0.5859375, 0.2958984375, 0.8916015625, 0.08489990234375, 3.796875, 1.453125, 11.2734375, 4.16015625, 4.1484375, 0.8212890625, 0.48095703125, 0.07269287109375, 4.140625, 2.1484375, 0.0009765625, 0.00884246826171875, 0.4033203125]",-0.934260675022679
181,1,test,3.152266584091903,1.3607018710420176,1.6233048693305547,8.519100198780015,3.677339866676844,4.38703277977308,23.389017722393376,17.390186145679873,18.775633396497994,63.20956055355678,46.99752838104624,50.741743419649644,3.5264422546080008,1.588182564280249,2.189136623026151,7.750422537600001,3.4905111302862615,4.8112892813761565,34.00277893328209,27.05612781246906,30.19401148816137,74.73138227094964,59.46401717026167,66.36046480914587,3.074142293387831,1.357241234046082,1.8773036555096763,8.089848140494292,3.5716874580160045,4.940272777657042,21.631320625850496,16.064071496244757,18.321683221489486,56.92452796276446,42.27387235853883,48.214955846024964,0.6331658291457287,-0.006834170854271293,-0.006834170854271293,0.542713567839196,0.0027135678391959628,0.0027135678391959628,0.44221105527638194,-0.012788944723618023,-0.007788944723618019,0.392018779342723,0.11652053784213678,0.1437294342791844,0.35529411764705887,0.40703517587939697,0.10878956184430921,0.17331230442697632,0.36363636363636365,0.39799331103678925,0.12086476345749042,0.18553502405124978,0.33221476510067116,27.0,1.0,0.0,38.0,0.0,0.0,47.0,2.0,0.0,0.00015532336214740995,0.0009310523546884269,-7.148771752386574e-05,-0.05962016552838012,-0.07286215184082767,-0.06735815493203656,"[11.4453125, 0.80224609375, 1.91015625, 2.287109375, 11.625, 3.1640625, 2.83984375, 11.359375, 3.271484375, 7.27734375, 1.099609375, 3.15625, 0.023284912109375, 4.40625, 8.21875, 7.0234375, 1.7978515625, 8.34375, 2.083984375, 6.734375, 0.92724609375, 0.9375, 3.162109375, 4.859375, 4.921875, 2.412109375, 7.859375, 5.0234375, 9.578125, 0.41650390625, 3.15625, 4.90234375, 9.0625, 1.1943359375, 0.1495361328125, 7.99609375, 0.475830078125, 6.859375, 5.26171875, 3.564453125, 0.474609375, 5.6796875, 0.7998046875, 8.546875, 4.1015625, 7.23046875, 0.06732177734375, 0.904296875, 0.157470703125, 0.55615234375, 3.806640625, 7.6328125, 1.5830078125, 0.1724853515625, 6.359375, 0.6240234375, 6.15234375, 0.63623046875, 1.8330078125, 11.1328125, 9.3203125, 1.412109375, 1.3994140625, 0.330810546875, 6.59765625, 5.76171875, 0.818359375, 1.7294921875, 7.203125, 5.01171875, 8.046875, 2.9921875, 3.42578125, 6.40234375, 4.4921875, 7.2421875, 1.74609375, 4.66796875, 5.125, 4.69921875, 2.087890625, 2.19921875, 0.478271484375, 0.1781005859375, 10.140625, 0.469970703125, 9.9375, 10.3046875, 6.28125, 1.2509765625, 0.382080078125, 2.15234375, 2.927734375, 5.4921875, 2.556640625, 0.62646484375, 0.397705078125, 0.58544921875, 3.134765625, 8.421875, 4.8671875, 6.66796875, 1.7998046875, 0.04583740234375, 3.22265625, 0.71044921875, 3.646484375, 4.01953125, 1.5, 8.7734375, 5.265625, 5.94921875, 0.90185546875, 6.6796875, 2.33203125, 9.2265625, 8.7890625, 0.9599609375, 3.287109375, 0.95703125, 0.178466796875, 3.75, 0.0214691162109375, 1.166015625, 0.0784912109375, 0.2978515625, 0.1658935546875, 0.96044921875, 0.01032257080078125, 2.03125, 3.62890625, 0.96044921875, 7.30859375, 0.472412109375, 0.337158203125, 0.056396484375, 0.479736328125, 0.067138671875, 0.055816650390625, 0.07427978515625, 0.046600341796875, 10.125, 10.1875, 11.484375, 0.2286376953125, 6.97265625, 0.560546875, 9.7265625, 5.75390625, 0.0428466796875, 2.9375, 0.042449951171875, 7.3125, 2.677734375, 0.0188446044921875, 5.95703125, 1.03125, 0.07904052734375, 9.0, 0.7890625, 9.1171875, 0.5595703125, 5.28515625, 2.244140625, 0.0219268798828125, 2.146484375, 0.0221710205078125, 0.39306640625, 0.278076171875, 1.177734375, 1.080078125, 0.36328125, 7.13671875, 6.24609375, 2.765625, 10.2734375, 6.64453125, 11.4296875, 1.390625, 4.4296875, 2.140625, 0.1065673828125, 0.0751953125, 1.67578125, 0.007251739501953125, 0.958984375, 9.1484375, 4.375, 0.11932373046875, 0.05780029296875, 0.339111328125, 0.151123046875, 0.350830078125, 0.007259368896484375, 0.046844482421875, 0.021881103515625, 0.07708740234375, 1.4345703125, 12.5078125, 0.310791015625, 4.7890625, 1.0263671875, 0.0419921875, 1.4306640625, 0.2420654296875, 2.197265625, 3.5390625, 0.82080078125, 6.34765625, 5.04296875, 0.7568359375, 3.05078125, 0.27099609375, 9.703125, 8.9140625, 9.2421875, 6.515625, 8.5234375, 5.83203125, 0.921875, 0.482666015625, 0.6279296875, 0.02557373046875, 0.7392578125, 0.00833892822265625, 0.0281982421875, 0.0213775634765625, 0.10992431640625, 0.1387939453125, 0.1494140625, 0.0017614364624023438, 0.373046875, 0.11932373046875, 0.0994873046875, 0.2861328125, 0.053558349609375, 0.330078125, 0.0211334228515625, 1.130859375, 0.00197601318359375, 0.019287109375, 0.002712249755859375, 0.03173828125, 8.25, 2.078125, 5.03515625, 3.208984375, 1.84765625, 6.11328125, 4.12109375, 12.8828125, 6.0, 3.58984375, 2.716796875, 2.130859375, 1.009765625, 0.37646484375, 0.6953125, 5.20703125, 4.4140625, 1.3671875, 3.4765625, 0.0687255859375, 1.00390625, 0.0029010772705078125, 0.1512451171875, 0.09210205078125, 0.238525390625, 0.2470703125, 0.14892578125, 6.42578125, 11.3984375, 0.4111328125, 1.7197265625, 4.81640625, 0.87646484375, 4.6484375, 4.96484375, 2.193359375, 6.671875, 2.05859375, 0.05877685546875, 0.036407470703125, 0.11077880859375, 0.0008082389831542969, 0.022125244140625, 0.454833984375, 0.09149169921875, 0.019012451171875, 0.021514892578125, 0.1533203125, 0.06280517578125, 0.042572021484375, 0.007640838623046875, 0.033416748046875, 0.0350341796875, 0.0457763671875, 0.403076171875, 10.359375, 1.451171875, 0.04034423828125, 2.201171875, 0.046356201171875, 0.5126953125, 1.083984375, 12.4453125, 7.33203125, 3.240234375, 11.734375, 1.46484375, 7.68359375, 1.8916015625, 0.142333984375, 0.69921875, 0.0081787109375, 0.06549072265625, 0.01441192626953125, 0.05029296875, 0.06060791015625, 0.11065673828125, 0.0030803680419921875, 0.1700439453125, 0.08172607421875, 3.115234375, 7.1171875, 2.517578125, 0.40625, 0.04132080078125, 0.133056640625, 0.00913238525390625, 12.25, 1.3642578125, 5.48046875, 0.03082275390625, 2.095703125, 5.0859375, 1.3671875, 4.92578125, 4.109375, 7.66015625, 4.67578125, 11.1953125, 0.2451171875, 1.4384765625, 7.48046875, 2.453125, 5.91015625, 1.576171875, 6.39453125, 4.16796875, 5.79296875, 0.509765625, 1.078125, 0.568359375, 4.4453125, 1.5244140625, 0.349609375, 0.06781005859375, 1.623046875, 0.039398193359375, 0.298583984375, 0.046600341796875, 0.1353759765625, 12.671875, 10.8203125, 6.99609375, 2.275390625, 5.171875, 3.666015625, 7.5078125, 3.6953125, 9.8515625, 0.51806640625, 0.88720703125, 3.296875, 2.994140625, 4.6328125, 2.029296875, 6.0703125, 2.392578125, 8.0234375, 4.19140625, 6.98046875, 3.169921875, 0.0643310546875, 0.06671142578125, 10.875, 0.19580078125, 5.01171875, 0.1336669921875, 0.08880615234375, 1.3740234375, 0.37060546875, 0.374755859375, 7.94921875, 0.0733642578125, 7.69921875, 0.71875, 1.95703125, 6.265625, 8.8046875, 5.93359375, 11.53125, 7.11328125, 3.125, 5.16796875, 3.21875, 0.05841064453125, 0.66162109375, 0.007297515869140625, 0.07025146484375, 0.03961181640625, 0.328125, 0.183349609375, 0.083251953125, 13.09375, 4.6875, 6.19921875, 11.2421875, 1.662109375, 9.7421875, 0.0906982421875, 3.115234375, 0.5615234375, 0.841796875, 1.287109375]",-1.610536493605851
138,1,test,2.124091048974257,0.9411159060089549,1.3085553615989198,3.8901892245258867,1.723616771679322,2.396567684726112,8.36529039212959,5.101219543422403,6.104904183688038,15.320700381091271,9.342682984020804,11.180891931923037,1.3505035722675036,0.5124235694182403,0.7427909804386973,2.308553114987186,0.8759377255012655,1.269728171690081,3.8593685123929835,1.547444686823607,2.0231421203146285,6.5972111322956986,2.6452045928608667,3.458362598828425,2.0435140862512746,0.9240125102495389,1.2671351803057291,3.6930977462372434,1.6699021269569982,2.2900033379019202,7.717682203505448,4.654355216466316,5.544094969421692,13.947618440070087,8.411485330963222,10.01944873991872,0.27638190954773867,-0.008618090452261362,-0.0036180904522613577,0.2361809045226131,0.011180904522613111,0.001180904522613102,0.18090452261306533,-0.009095477386934614,-0.0040954773869347205,0.3569230769230769,0.11729174051754698,0.1767797811195969,0.38888888888888884,0.26633165829145733,0.08588053047190847,0.10940344460197482,0.24747474747474751,0.35451505016722407,0.1258005259602124,0.17209013359325298,0.3791946308724832,17.0,0.0,-1.0,22.0,1.0,1.0,25.0,-2.0,-1.0,-0.0030918380666499477,7.606895130688577e-05,-0.0012211643604952244,-0.015860881699722107,-0.019159378859748166,-0.020548991862558097,"[7.19140625, 5.14453125, 1.916015625, 2.6015625, 5.6875, 1.212890625, 0.233642578125, 5.80078125, 0.701171875, 5.161762237548828e-05, 0.00748443603515625, 0.08270263671875, 1.677734375, 0.1090087890625, 0.09466552734375, 1.8203125, 0.006824493408203125, 0.024444580078125, 0.3447265625, 0.013824462890625, 0.0171966552734375, 0.0012922286987304688, 0.005496978759765625, 4.172325134277344e-06, 0.00015676021575927734, 0.07061767578125, 0.03302001953125, 0.0250396728515625, 0.005649566650390625, 0.0250091552734375, 0.1392822265625, 0.002490997314453125, 0.01485443115234375, 8.249282836914062e-05, 0.0002713203430175781, 0.0029239654541015625, 0.0018339157104492188, 0.0007152557373046875, 0.005878448486328125, 0.01204681396484375, 0.0009860992431640625, 0.00028634071350097656, 0.0112152099609375, 0.021575927734375, 2.7418136596679688e-05, 0.1341552734375, 0.0006022453308105469, 0.01480865478515625, 0.0002689361572265625, 4.76837158203125e-06, 4.839897155761719e-05, 0.0005102157592773438, 0.0012521743774414062, 0.006252288818359375, 6.711483001708984e-05, 0.0128936767578125, 0.01678466796875, 0.0045623779296875, 0.0144500732421875, 0.005340576171875, 0.5068359375, 0.0489501953125, 2.574920654296875e-05, 0.0011348724365234375, 0.00015044212341308594, 0.0004925727844238281, 7.665157318115234e-05, 2.0503997802734375e-05, 0.0002779960632324219, 0.0004665851593017578, 0.0005717277526855469, 0.003231048583984375, 6.973743438720703e-05, 0.0009164810180664062, 1.430511474609375e-06, 0.0019683837890625, 0.003482818603515625, 0.0033588409423828125, 0.004810333251953125, 0.03631591796875, 0.005260467529296875, 5.805492401123047e-05, 1.9550323486328125e-05, 3.743171691894531e-05, 2.276897430419922e-05, 4.649162292480469e-06, 6.115436553955078e-05, 0.0007762908935546875, 0.00015497207641601562, 7.319450378417969e-05, 0.00018143653869628906, 0.019989013671875, 0.0025615692138671875, 0.0011510848999023438, 2.1457672119140625e-05, 3.24249267578125e-05, 2.3484230041503906e-05, 2.7418136596679688e-06, 0.00014507770538330078, 8.106231689453125e-06, 0.000919342041015625, 0.002353668212890625, 0.0005826950073242188, 0.0001533031463623047, 0.1273193359375, 0.0010824203491210938, 6.198883056640625e-06, 0.000980377197265625, 0.0010585784912109375, 7.724761962890625e-05, 0.0072479248046875, 3.314018249511719e-05, 0.00038504600524902344, 0.00012814998626708984, 0.00010800361633300781, 0.00019085407257080078, 0.0002980232238769531, 0.0003616809844970703, 9.119510650634766e-05, 8.26120376586914e-05, 0.002597808837890625, 0.0028400421142578125, 0.0100250244140625, 0.001003265380859375, 0.0006771087646484375, 0.00994110107421875, 0.0026340484619140625, 0.00017690658569335938, 3.4928321838378906e-05, 6.091594696044922e-05, 1.990795135498047e-05, 0.0010137557983398438, 2.3126602172851562e-05, 7.62939453125e-06, 0.00023555755615234375, 0.0025386810302734375, 2.7418136596679688e-06, 0.0013532638549804688, 0.0011587142944335938, 0.0004792213439941406, 5.0067901611328125e-05, 0.0017385482788085938, 0.03326416015625, 3.759765625, 11.8671875, 5.265625, 1.45703125, 8.7265625, 5.82421875, 6.0078125, 2.935546875, 1.9091796875, 1.4375, 4.453125, 5.33203125, 6.8125, 3.392578125, 5.5859375, 0.07196044921875, 0.0156707763671875, 6.4765625, 2.642578125, 12.5625, 5.25, 9.3984375, 7.35546875, 0.373779296875, 2.779296875, 3.359375, 2.3125, 9.71875, 6.8125, 7.328125, 7.55078125, 0.06982421875, 5.3046875, 0.90234375, 2.193359375, 1.2568359375, 0.407470703125, 5.01171875, 6.375, 2.98828125, 0.61669921875, 0.060943603515625, 0.85205078125, 3.93359375, 3.84765625, 3.990234375, 1.724609375, 0.2724609375, 2.18359375, 8.1875, 2.197265625, 3.056640625, 3.95703125, 3.8046875, 7.05859375, 2.033203125, 1.376953125, 0.363037109375, 11.5625, 1.7529296875, 6.6171875, 0.8505859375, 6.40625, 5.25390625, 0.787109375, 10.46875, 2.80859375, 5.74609375, 4.25390625, 0.65478515625, 0.53564453125, 4.93359375, 1.6416015625, 0.65673828125, 1.1044921875, 4.4765625, 1.95703125, 2.4921875, 1.58984375, 7.36328125, 5.3828125, 6.08203125, 6.51953125, 0.309326171875, 4.39453125, 6.65234375, 3.49609375, 0.6962890625, 0.3232421875, 3.009765625, 1.3876953125, 2.30859375, 2.669921875, 1.7763671875, 0.0858154296875, 6.1640625, 6.32421875, 3.017578125, 5.84375, 1.560546875, 8.4609375, 0.55517578125, 4.45703125, 0.615234375, 1.1884765625, 6.171875, 1.85546875, 0.23974609375, 3.359375, 0.947265625, 11.1640625, 0.9208984375, 2.537109375, 4.6328125, 3.2578125, 8.9765625, 0.003414154052734375, 2.849609375, 4.6015625, 0.544921875, 7.546875, 2.53125, 0.051361083984375, 2.80859375, 0.0006566047668457031, 0.7734375, 5.3046875, 3.146484375, 9.6328125, 6.08203125, 0.74072265625, 0.342529296875, 3.017578125, 1.0791015625, 1.0087890625, 8.5703125, 6.42578125, 2.841796875, 0.09967041015625, 3.73046875, 0.87744140625, 4.609375, 7.26953125, 1.3369140625, 7.30859375, 1.255859375, 3.443359375, 10.7265625, 2.626953125, 4.91015625, 2.2265625, 0.80078125, 2.931640625, 3.689453125, 0.80908203125, 0.039520263671875, 9.0546875, 0.428466796875, 0.07672119140625, 3.634765625, 4.078125, 3.490234375, 0.006191253662109375, 0.005031585693359375, 1.3779296875, 7.96484375, 3.392578125, 1.76953125, 5.65625, 7.109375, 0.446533203125, 0.0195465087890625, 2.59765625, 10.8515625, 1.599609375, 0.990234375, 8.109375, 2.13671875, 0.031097412109375, 0.017425537109375, 2.052734375, 4.63671875]",-2.0548602144534773
167,1,test,1.8965086800711495,0.8123732686018492,1.1056434320547845,3.718852216228902,1.5929777501634024,2.168049411459382,6.662592546626592,3.7057103198200334,4.45728881095472,13.064636781373931,7.266504593613584,8.74027023824082,0.9130679542694858,0.22709771629136566,0.37569981092830673,1.5475728038465864,0.3849113835446878,0.6367793405564522,2.4919560249219512,0.506258524584529,0.7804595089281152,4.2236542795287315,0.8580652959059818,1.3228127269968057,1.7731065415219718,0.7401649843908238,1.0426313135114906,3.324574765353697,1.3878093457327945,1.954933712834045,5.8891197691060215,3.0798023088620283,3.813052790646177,11.042099567073791,5.774629329116304,7.149473982461583,0.22613065326633164,-0.008869346733668348,0.006130653266331665,0.1758793969849246,0.0058793969849245675,-0.004120603015075441,0.12562814070351758,0.0006281407035175768,-0.009371859296482432,0.33999999999999997,0.09891583452211128,0.14254154447702827,0.3581661891117478,0.2361809045226131,0.03317338572562056,0.06589709817870659,0.1717171717171717,0.33444816053511706,0.1023947381644994,0.148686202804305,0.3489932885906041,15.0,0.0,0.0,21.0,0.0,1.0,25.0,1.0,0.0,-0.0012106597777308014,-0.0006292097092212365,-0.0007812822990688022,-0.10733599044149411,-0.10463145305227783,-0.09706628996010025,"[10.5546875, 2.99609375, 3.705078125, 2.36328125, 0.443359375, 2.51171875, 1.0693359375, 0.3349609375, 2.728515625, 0.314453125, 0.71142578125, 0.006542205810546875, 6.0078125, 0.73095703125, 4.01953125, 1.55078125, 8.4609375, 3.22265625, 4.76953125, 1.8095703125, 8.0859375, 5.28125, 3.421875, 0.333740234375, 1.599609375, 0.0079193115234375, 2.73046875, 0.122802734375, 4.6328125, 1.75, 0.50146484375, 0.0006999969482421875, 0.54443359375, 4.2265625, 0.9892578125, 0.541015625, 0.07403564453125, 3.537109375, 0.05718994140625, 4.34375, 0.0310516357421875, 0.05145263671875, 0.818359375, 0.0276641845703125, 0.00539398193359375, 0.0016183853149414062, 0.006134033203125, 1.537799835205078e-05, 0.0014476776123046875, 0.10980224609375, 0.01404571533203125, 0.03985595703125, 0.0012054443359375, 0.00991058349609375, 3.0625, 3.05078125, 4.9591064453125e-05, 0.10223388671875, 0.029998779296875, 0.0026454925537109375, 0.01203155517578125, 0.0012226104736328125, 0.0157318115234375, 0.00344085693359375, 0.0018053054809570312, 0.0002608299255371094, 0.0032024383544921875, 0.00428009033203125, 3.337860107421875e-05, 4.3359375, 0.0239715576171875, 0.0112457275390625, 0.31982421875, 1.800060272216797e-05, 0.0022411346435546875, 0.00843048095703125, 0.0003330707550048828, 0.0003719329833984375, 0.0025615692138671875, 7.748603820800781e-06, 0.01299285888671875, 0.59326171875, 0.002750396728515625, 0.73681640625, 9.21487808227539e-05, 2.91015625, 0.01236724853515625, 2.0265579223632812e-05, 0.005229949951171875, 0.0010042190551757812, 0.00011241436004638672, 4.601478576660156e-05, 4.649162292480469e-06, 5.745887756347656e-05, 0.00026297569274902344, 0.00028204917907714844, 0.002208709716796875, 5.698204040527344e-05, 0.0009293556213378906, 1.0728836059570312e-05, 0.0126190185546875, 0.1575927734375, 0.00501251220703125, 1.3876953125, 0.0003647804260253906, 0.0909423828125, 2.0742416381835938e-05, 0.00012791156768798828, 0.00019240379333496094, 7.414817810058594e-05, 6.67572021484375e-06, 2.9802322387695312e-06, 0.00021064281463623047, 5.841255187988281e-05, 9.72747802734375e-05, 0.0002894401550292969, 0.00868988037109375, 0.0028285980224609375, 7.152557373046875e-06, 0.0022907257080078125, 0.00012731552124023438, 2.288818359375e-05, 3.5762786865234375e-07, 5.6862831115722656e-05, 2.5510787963867188e-05, 0.00093841552734375, 0.004688262939453125, 0.0003173351287841797, 7.152557373046875e-05, 0.006778717041015625, 0.000244140625, 0.0001233816146850586, 0.00014770030975341797, 0.1278076171875, 2.2649765014648438e-06, 0.0016450881958007812, 4.076957702636719e-05, 5.4717063903808594e-05, 0.00015723705291748047, 7.772445678710938e-05, 0.0001666545867919922, 0.00010907649993896484, 0.000377655029296875, 4.279613494873047e-05, 0.0001634359359741211, 0.0014638900756835938, 0.002674102783203125, 0.0015153884887695312, 0.036834716796875, 0.0028781890869140625, 0.005859375, 0.0011434555053710938, 8.022785186767578e-05, 2.5153160095214844e-05, 2.2292137145996094e-05, 2.276897430419922e-05, 0.00010454654693603516, 0.00017261505126953125, 6.556510925292969e-06, 0.0002002716064453125, 0.0025157928466796875, 2.110004425048828e-05, 0.000125885009765625, 0.001995086669921875, 0.0008444786071777344, 8.249282836914062e-05, 0.00084686279296875, 0.037078857421875, 2.1796875, 0.181884765625, 2.796875, 2.505859375, 0.76123046875, 1.6796875, 0.435791015625, 0.01323699951171875, 0.48681640625, 0.9287109375, 4.484375, 1.1162109375, 0.669921875, 3.486328125, 6.99609375, 9.0625, 3.728515625, 0.455810546875, 8.234375, 0.315185546875, 2.068359375, 1.763671875, 0.26904296875, 0.440673828125, 1.7470703125, 2.1875, 0.482421875, 0.00841522216796875, 0.0017423629760742188, 0.0119171142578125, 0.265625, 0.0114288330078125, 0.172119140625, 0.56640625, 0.7216796875, 2.3125, 1.66796875, 4.16015625, 3.587890625, 7.83203125, 9.703125, 8.2421875, 4.46484375, 1.61328125, 2.298828125, 7.74609375, 9.875, 0.08819580078125, 3.765625, 9.0859375, 5.0234375, 2.68359375, 0.0557861328125, 3.306640625, 7.49609375, 4.8515625, 6.671875, 0.79052734375, 2.337890625, 7.16796875, 2.6640625, 0.0287322998046875, 2.55078125, 4.6796875, 0.4677734375, 3.46875, 4.15234375, 1.802734375, 3.267578125, 0.2017822265625, 13.0859375, 5.63671875, 1.9169921875, 0.0869140625, 3.35546875, 4.2265625, 2.986328125, 5.73046875, 3.88671875, 1.5966796875, 7.94140625, 5.19140625, 0.59326171875, 1.3759765625, 1.4697265625, 0.939453125, 1.515625, 6.625, 4.2265625, 3.185546875, 2.109375, 13.46875, 0.030303955078125, 2.912109375, 7.40625, 0.033172607421875, 4.17578125, 2.1171875, 7.640625, 6.1875, 1.2021484375, 11.8203125, 2.5546875, 0.642578125, 5.55078125, 3.568359375, 1.6123046875, 1.4443359375, 1.49609375, 1.927734375, 10.7421875, 1.94921875, 0.01459503173828125, 0.71142578125, 3.05078125, 0.50439453125, 3.59765625, 4.0703125, 4.07421875, 0.443603515625, 0.1617431640625, 0.203857421875, 0.89892578125, 1.2578125, 1.7119140625, 7.85546875, 4.0078125, 4.25390625, 1.4208984375, 0.003444671630859375, 2.73828125, 7.71875, 0.22607421875, 0.99658203125, 0.401123046875, 6.9375, 0.54931640625, 3.869140625, 2.228515625, 4.0390625, 2.28515625, 0.321044921875, 6.1796875, 1.8203125, 1.439453125, 4.609375, 0.2841796875, 0.0026416778564453125, 6.921875, 1.6025390625, 0.90625, 0.401123046875, 0.275390625, 0.61767578125, 3.931640625, 5.4453125, 1.34375, 6.5703125, 4.85546875, 2.392578125, 0.006900787353515625, 1.0087890625, 6.55859375, 2.734375, 9.078125, 1.5498046875, 0.296142578125, 1.8740234375, 0.09954833984375, 0.48193359375, 3.771484375, 0.10162353515625, 7.2109375, 6.03515625, 0.73486328125, 3.55078125, 3.3828125, 1.3193359375, 0.431396484375, 1.87890625, 0.07861328125, 4.53125]",-1.3123870032174247
198,1,test,3.161326019016243,1.4441700407345375,1.9965706032875314,7.600634896783734,3.4721535021915475,4.800265493010448,23.601871719057634,18.033203211299803,20.39673285828333,56.74492562241517,43.356424742061236,49.03895346778758,3.497672747127974,1.6033958383634095,2.226390011158507,6.926084647778166,3.175041264085959,4.408693091402984,33.038473536883224,26.390733792935336,29.473050410076997,65.42271987501628,52.258878797891754,58.362476059558404,3.1833831921070317,1.4602725194794854,2.017264694263825,7.4032167258303065,3.3959826034406637,4.691313242474012,24.12824611364691,18.52631896275973,20.918735406501117,56.11220026429514,43.0844627040924,48.64822187558399,0.6783919597989949,0.00339195979899487,0.013391959798994879,0.5226130653266332,0.0026130653266331905,-0.007386934673366818,0.4623115577889447,-0.002688442211055242,-0.007688442211055246,0.4201183431952663,0.14094552192495613,0.20259865815589628,0.34124629080118696,0.4522613065326633,0.16153448949005678,0.2268856804892576,0.3282828282828283,0.4247491638795987,0.14428171813669388,0.20116740637125607,0.3355704697986577,24.0,-3.0,-2.0,38.0,0.0,-3.0,49.0,1.0,1.0,0.0016404628957907925,0.00048447140146059425,0.0006920896478315301,-0.004322502103845771,-0.004290874779123044,-0.004015401586179301,"[12.6640625, 5.3828125, 5.7734375, 7.19921875, 5.9140625, 7.30859375, 12.3359375, 9.1015625, 8.625, 8.2421875, 2.40234375, 7.51171875, 4.1796875, 8.9921875, 5.5625, 4.125, 0.2822265625, 0.5576171875, 0.0107421875, 0.01329803466796875, 5.21875, 4.5234375, 1.189453125, 9.546875, 5.0, 1.251953125, 5.4765625, 5.5, 5.51171875, 5.109375, 10.2265625, 1.39453125, 1.162109375, 4.1796875, 4.06640625, 8.59375, 1.2666015625, 11.65625, 1.740234375, 8.609375, 2.0859375, 0.45556640625, 0.09625244140625, 2.876953125, 5.921875, 1.6005859375, 1.380859375, 5.609375, 4.49609375, 11.0625, 0.031951904296875, 0.4912109375, 8.6171875, 6.046875, 0.85009765625, 0.372802734375, 0.0209808349609375, 6.34375, 6.04296875, 7.81640625, 11.5703125, 0.02703857421875, 1.8251953125, 8.296875, 0.264404296875, 0.002544403076171875, 4.84765625, 0.0975341796875, 0.04193115234375, 0.0660400390625, 0.042724609375, 0.0084686279296875, 0.343505859375, 0.88623046875, 7.984375, 10.7421875, 0.420166015625, 0.1993408203125, 0.0419921875, 7.015625, 1.388671875, 8.4296875, 0.412353515625, 4.07421875, 1.9833984375, 0.65625, 0.475341796875, 1.4091796875, 1.3896484375, 1.5478515625, 6.1328125, 6.28125, 4.7109375, 6.078125, 1.87109375, 4.53125, 4.53515625, 2.51953125, 3.091796875, 0.06365966796875, 0.029876708984375, 0.7314453125, 3.470703125, 7.0546875, 4.0859375, 7.8359375, 1.9306640625, 1.3271484375, 0.9892578125, 0.0477294921875, 0.08526611328125, 11.640625, 0.04730224609375, 3.4921875, 2.146484375, 0.044708251953125, 0.004863739013671875, 0.10791015625, 0.0215301513671875, 0.007781982421875, 9.0546875, 0.1475830078125, 0.11669921875, 7.82421875, 5.703125, 6.77734375, 2.67578125, 10.4140625, 4.4453125, 1.3564453125, 0.336669921875, 0.0221405029296875, 4.984375, 0.236572265625, 5.19140625, 3.78515625, 10.2421875, 2.908203125, 5.59375, 5.03125, 1.4228515625, 6.828125, 1.9130859375, 5.2578125, 1.205078125, 0.04498291015625, 0.0107421875, 3.775390625, 3.435546875, 2.8359375, 7.40625, 0.6533203125, 9.3671875, 0.06805419921875, 0.032196044921875, 3.52734375, 6.0546875, 4.359375, 0.103271484375, 1.2763671875, 1.923828125, 0.06597900390625, 0.654296875, 0.017822265625, 0.007366180419921875, 6.07421875, 0.042022705078125, 0.814453125, 1.6171875, 5.66015625, 2.01953125, 4.3671875, 0.55029296875, 4.25, 1.228515625, 0.26611328125, 6.5390625, 1.0849609375, 7.34375, 7.38671875, 9.3125, 2.873046875, 1.650390625, 0.047515869140625, 0.019256591796875, 1.794921875, 5.41015625, 1.7919921875, 2.13671875, 0.63720703125, 0.131591796875, 0.158935546875, 0.196044921875, 1.5126953125, 8.28125, 5.08984375, 1.5947265625, 2.541015625, 1.509765625, 2.50390625, 4.12890625, 3.9375, 3.7890625, 7.0859375, 6.58984375, 3.548828125, 4.3515625, 0.0227203369140625, 1.30859375, 0.6884765625, 0.00936126708984375, 0.015960693359375, 7.26171875, 1.0185546875, 0.796875, 3.9296875, 3.30859375, 2.93359375, 1.7021484375, 3.77734375, 0.015411376953125, 3.287109375, 2.22265625, 0.73046875, 0.0248260498046875, 0.1575927734375, 0.09136962890625, 0.4150390625, 7.97265625, 1.4931640625, 0.6259765625, 1.4990234375, 4.65234375, 4.93359375, 0.8359375, 2.103515625, 4.89453125, 4.03515625, 10.0625, 0.447509765625, 0.1265869140625, 0.0094451904296875, 0.003795623779296875, 4.44140625, 1.443359375, 0.08807373046875, 0.055145263671875, 8.7578125, 0.2978515625, 0.9921875, 4.90625, 4.5390625, 0.55810546875, 0.292236328125, 0.156005859375, 3.12109375, 0.1419677734375, 0.235595703125, 6.54296875, 3.552734375, 9.015625, 4.37890625, 0.042694091796875, 3.193359375, 5.703125, 5.953125, 0.413330078125, 6.2109375, 5.48828125, 10.3828125, 1.9150390625, 2.40625, 0.384765625, 1.5859375, 0.32275390625, 0.017791748046875, 0.458740234375, 0.03363037109375, 0.72265625, 5.12109375, 5.515625, 8.671875, 1.615234375, 0.06890869140625, 0.03192138671875, 0.477783203125, 1.69140625, 0.1490478515625, 0.11016845703125, 2.15234375, 8.1796875, 4.55859375, 0.1173095703125, 5.72265625, 1.0810546875, 3.50390625, 1.5693359375, 1.029296875, 0.005641937255859375, 0.390869140625, 15.0234375, 7.23046875, 3.439453125, 0.2021484375, 0.2015380859375, 0.01116943359375, 0.07916259765625, 0.03375244140625, 1.5107421875, 6.67578125, 4.765625, 1.1162109375, 0.0290679931640625, 0.0117034912109375, 0.412353515625, 0.89794921875, 0.3408203125, 0.08380126953125, 9.40625, 0.51123046875, 10.828125, 7.68359375, 1.755859375, 0.796875, 1.427734375, 1.4306640625, 0.015289306640625, 0.457275390625, 5.203125, 1.7939453125, 5.19140625, 1.9306640625, 4.01171875, 0.0230255126953125, 5.23828125, 0.87841796875, 7.8203125, 0.13037109375]",-1.3099345286216963
135,1,test,1.8327650140832972,0.764632838253829,1.0324393512242727,6.863120052737454,2.8633059475037004,3.8661558684142983,6.251147294883628,3.3412081288276934,4.024881472340384,23.408551572330182,12.511758099439872,15.071896577274629,1.7126702974789108,0.6697310038254656,0.9466175928572758,5.269754761473571,2.0607107810014322,2.912669516483925,5.543745179174604,2.706200031790129,3.392487357047537,17.057677474383397,8.326769328585012,10.438422637069344,1.7831350186198052,0.7136574501350992,1.0127306437153636,6.445066332360741,2.5794847595244548,3.6604722062001094,5.9484757996796,3.034618988047611,3.787836014016913,21.500514938600965,10.968502366437148,13.690973544639444,0.42713567839195976,0.007135678391959721,-0.002864321608040288,0.3015075376884422,0.016507537688442153,0.011507537688442149,0.22613065326633164,0.0011306532663316604,-0.003869346733668344,0.31908831908831914,0.07584507584507594,0.1118546924998538,0.28,0.3316582914572864,0.08855052203372749,0.10962156357748676,0.25757575757575757,0.3110367892976589,0.07063612151802612,0.1108143198872028,0.2651006711409396,17.0,0.0,-2.0,29.0,1.0,0.0,32.0,0.0,-4.0,0.00015395315846227845,-0.00016407192614210263,0.0001697479307533323,-0.10727479896445313,-0.10345271123203492,-0.1148975265723946,"[6.18359375, 6.16796875, 4.91796875, 0.93505859375, 4.01171875, 2.5703125, 2.28125, 0.56103515625, 0.447265625, 0.1602783203125, 0.0018863677978515625, 0.00264739990234375, 0.008026123046875, 0.05096435546875, 0.01424407958984375, 0.00824737548828125, 4.62890625, 0.362548828125, 0.72314453125, 0.70166015625, 1.6376953125, 1.3251953125, 4.71875, 2.53515625, 1.0791015625, 6.046875, 3.875, 0.0309295654296875, 0.00531005859375, 0.04083251953125, 2.138671875, 3.58984375, 10.75, 9.546875, 1.6123046875, 2.02734375, 5.7421875, 1.04296875, 3.921875, 1.2685546875, 1.10546875, 0.08001708984375, 3.537109375, 3.5234375, 0.05810546875, 0.02679443359375, 1.509765625, 2.65234375, 0.1663818359375, 0.055694580078125, 0.92041015625, 7.12109375, 1.8955078125, 0.298095703125, 0.8017578125, 0.8427734375, 0.07080078125, 0.007904052734375, 0.57763671875, 4.53125, 0.302490234375, 0.1671142578125, 0.79296875, 0.06390380859375, 0.1298828125, 1.470703125, 8.1328125, 1.9833984375, 1.3076171875, 9.8125, 2.681640625, 4.57421875, 7.8671875, 1.4833984375, 3.9921875, 4.24609375, 5.796875, 5.41796875, 0.64501953125, 1.837890625, 3.513671875, 1.88671875, 0.9169921875, 4.2890625, 0.64306640625, 0.0531005859375, 2.521484375, 3.13671875, 4.07421875, 0.33837890625, 0.07220458984375, 1.5224609375, 3.59375, 0.262451171875, 2.076171875, 0.841796875, 1.0751953125, 0.79443359375, 7.96875, 0.5234375, 5.79296875, 3.310546875, 7.01171875, 1.71875, 0.51025390625, 0.5576171875, 0.99853515625, 2.31640625, 4.92578125, 0.2264404296875, 0.29345703125, 2.03125, 1.001953125, 0.39990234375, 0.198486328125, 0.30078125, 0.3525390625, 7.35546875, 0.08013916015625, 1.3759765625, 0.385498046875, 4.45703125, 4.00390625, 2.51953125, 0.5927734375, 0.318359375, 1.62890625, 0.85498046875, 0.3994140625, 4.18359375, 0.2276611328125, 0.55810546875, 0.1639404296875, 0.037750244140625, 0.315185546875, 0.0924072265625, 0.5087890625, 0.158447265625, 0.09906005859375, 0.0277252197265625, 0.189453125, 0.432861328125, 0.023040771484375, 0.1995849609375, 0.7412109375, 0.08685302734375, 0.0975341796875, 0.0135040283203125, 0.5849609375, 0.1500244140625, 0.304931640625, 0.06744384765625, 0.0645751953125, 0.06365966796875, 0.433349609375, 0.1397705078125, 0.025390625, 0.0030956268310546875, 0.66845703125, 2.1640625, 0.02490234375, 0.051177978515625, 0.09210205078125, 1.462890625, 0.1226806640625, 0.027099609375, 0.1309814453125, 0.035369873046875, 0.153076171875, 2.154296875, 0.016357421875, 0.0207977294921875, 0.15771484375, 0.375732421875, 0.755859375, 0.0298614501953125, 0.3525390625, 0.2286376953125, 6.16015625, 2.435546875, 0.45263671875, 7.05078125, 0.615234375, 6.08203125, 0.09698486328125, 0.032928466796875, 6.58203125, 3.3046875, 0.316162109375, 0.63671875, 2.275390625, 0.147705078125, 0.1412353515625, 0.7998046875, 0.041168212890625, 0.80859375, 0.17041015625, 0.55712890625, 0.357666015625, 3.333984375, 0.98095703125, 0.0104827880859375, 0.9677734375, 0.051361083984375, 0.3935546875, 0.1929931640625, 0.035308837890625, 2.208984375, 0.396240234375, 8.5, 11.09375, 6.41015625, 0.9814453125, 1.05078125, 2.6796875, 0.0308837890625, 0.0024280548095703125, 2.89453125, 5.75, 0.1572265625, 0.0318603515625, 2.693359375, 6.76953125, 0.497314453125, 2.1328125, 1.37890625, 0.1282958984375, 0.03692626953125, 0.00423431396484375, 0.27587890625, 0.09063720703125, 0.27197265625, 1.3583984375, 0.01715087890625, 2.169921875, 0.30078125, 10.4453125, 4.46875, 4.83203125, 8.7109375, 8.390625, 4.01953125, 4.19140625, 6.88671875, 1.6806640625, 3.431640625, 1.146484375, 0.58642578125, 2.8359375, 1.697265625, 0.174560546875, 1.095703125, 2.240234375, 0.849609375, 0.0176239013671875, 0.0017833709716796875, 0.20068359375, 0.517578125, 0.0596923828125, 0.01496124267578125, 13.1484375, 0.29541015625, 0.8359375, 0.471435546875, 0.06524658203125, 0.0045166015625, 0.0024280548095703125, 0.258056640625, 0.05645751953125, 0.0478515625, 0.79150390625, 0.0190277099609375, 0.413818359375, 0.1805419921875, 5.41015625, 0.0386962890625, 6.3359375, 7.359375, 0.08013916015625, 0.028289794921875, 5.44140625, 4.140625, 0.12451171875, 0.548828125, 2.4140625, 0.102783203125, 0.043609619140625, 0.00362396240234375, 6.35546875, 5.60546875, 0.09210205078125, 0.78662109375, 0.0999755859375, 0.00620269775390625, 0.00518798828125, 0.423583984375, 0.01366424560546875, 0.10418701171875, 0.34814453125, 4.39453125, 0.0225372314453125, 0.00609588623046875, 0.876953125, 2.091796875, 0.49169921875, 0.01422882080078125, 1.3984375, 0.2003173828125, 6.984375, 4.06640625, 10.3203125, 1.203125, 7.74609375, 4.828125, 0.822265625, 0.3486328125, 1.1240234375, 0.056549072265625, 0.036041259765625, 0.003814697265625, 2.576171875, 2.046875, 7.8046875, 0.57177734375, 6.0859375, 0.1700439453125, 1.3310546875, 0.1240234375, 0.0023937225341796875, 0.002197265625, 0.070556640625, 0.027191162109375, 7.02734375, 0.71826171875, 1.08984375, 0.006488800048828125, 0.0027484893798828125, 0.353271484375, 8.15625, 1.7509765625, 1.7392578125, 1.251953125, 0.005279541015625, 0.00423431396484375, 0.376708984375, 6.015625, 2.083984375, 0.01424407958984375, 0.77099609375, 2.373046875, 0.161376953125]",-1.0941444326330114
156,1,test,0.6890735137035172,0.16921312875292682,0.1749329849192809,1.9255776521826065,0.472856687570679,0.48884050785776845,1.9918692385378876,0.3100764088198391,0.3196685628846456,5.5661679276919855,0.8664912979798833,0.8932960396165379,0.16669417386078955,0.003360854975980626,0.030000102770906478,0.3003498628122334,0.006055594551316434,0.054054239226858536,1.1813929092227915,0.003963825585014513,0.03491555492617837,2.128635872473498,0.007142028081107199,0.06291090977689784,0.4460631736544861,0.08158944805536594,0.13677828969812855,1.013779940123832,0.18543056376219536,0.31085974931392857,1.56215015015045,0.12239404819702338,0.19969969465314374,3.5503412503419316,0.27816829135687104,0.4538629423935081,0.05025125628140703,0.0002512562814069863,0.005251256281406991,0.025125628140703515,-0.01487437185929652,-0.009874371859296516,0.02010050251256279,-0.004899497487437232,-0.004899497487437232,0.20517928286852594,0.029059879883451267,0.030203720796189715,0.22355289421157687,0.09045226130653261,0.012758025717560129,0.011988154461791356,0.0757575757575758,0.1270903010033445,0.00021217078631607933,-0.004166651165732227,0.14093959731543626,12.0,2.0,2.0,14.0,2.0,2.0,14.0,2.0,2.0,-0.0010474605033979013,-0.0006291545802906427,-0.0007294611237205767,-0.19998791293750617,-0.20852820759659751,-0.22094805404048046,"[1.369140625, 2.291015625, 4.27734375, 0.402099609375, 0.020477294921875, 0.114013671875, 0.00624847412109375, 0.0098876953125, 0.003322601318359375, 0.001163482666015625, 0.0203094482421875, 0.026336669921875, 0.002346038818359375, 0.0027141571044921875, 0.37353515625, 2.47955322265625e-05, 0.030975341796875, 0.00815582275390625, 2.1576881408691406e-05, 0.0008749961853027344, 0.000469207763671875, 0.0033473968505859375, 0.0511474609375, 0.008087158203125, 0.00261688232421875, 0.0001971721649169922, 0.00034332275390625, 0.327880859375, 6.198883056640625e-06, 0.00716400146484375, -0.0, 0.0025634765625, 2.181529998779297e-05, 2.1338462829589844e-05, 0.01061248779296875, 0.0006666183471679688, 0.049041748046875, 3.5762786865234375e-07, 0.0004489421844482422, 1.8715858459472656e-05, 2.9802322387695312e-05, 0.00010669231414794922, 0.0003771781921386719, 0.0042724609375, 0.0007638931274414062, 3.4332275390625e-05, 1.0848045349121094e-05, 3.5762786865234375e-07, 0.00012111663818359375, 0.0026149749755859375, 1.1920928955078125e-07, 0.0012359619140625, 0.00012958049774169922, 3.6835670471191406e-05, 0.00011241436004638672, 0.00012993812561035156, 9.298324584960938e-05, 0.0026683807373046875, 2.467632293701172e-05, 0.00038313865661621094, -0.0, 4.589557647705078e-05, 0.00036978721618652344, 3.170967102050781e-05, 0.00353240966796875, 5.960464477539062e-07, 0.0002677440643310547, 2.9802322387695312e-06, 0.0003864765167236328, 0.006839752197265625, 6.318092346191406e-06, 3.5762786865234375e-07, -0.0, 1.049041748046875e-05, 1.3113021850585938e-06, 2.4437904357910156e-05, 6.592273712158203e-05, 0.0194244384765625, 0.00046181678771972656, 8.344650268554688e-07, 6.783008575439453e-05, 7.43865966796875e-05, 5.543231964111328e-05, 5.9604644775390625e-06, 0.0009517669677734375, 0.00238037109375, 0.000980377197265625, 9.5367431640625e-07, 1.811981201171875e-05, 8.71419906616211e-05, 0.00013637542724609375, 0.0007085800170898438, 0.00013017654418945312, 5.7220458984375e-05, 0.0075531005859375, 0.0001367330551147461, 0.061737060546875, 0.0003612041473388672, 2.1171875, 0.00740814208984375, 2.5033950805664062e-06, 0.00044155120849609375, 4.9591064453125e-05, 3.5762786865234375e-07, 1.1205673217773438e-05, 6.67572021484375e-06, 1.33514404296875e-05, 8.511543273925781e-05, 0.00017452239990234375, 0.00044417381286621094, 5.555152893066406e-05, 0.00012540817260742188, 1.3113021850585938e-06, 0.00014352798461914062, 0.004817962646484375, 0.00339508056640625, 0.003398895263671875, 1.7762184143066406e-05, 0.00307464599609375, 5.257129669189453e-05, 2.5391578674316406e-05, 0.0003883838653564453, 8.499622344970703e-05, 5.733966827392578e-05, 0.00020265579223632812, 0.0002384185791015625, 0.00013697147369384766, 1.2278556823730469e-05, 0.0005860328674316406, 0.69482421875, 7.200241088867188e-05, 3.5762786865234375e-07, 0.00019848346710205078, 2.4199485778808594e-05, 2.86102294921875e-06, 8.344650268554688e-07, 1.2874603271484375e-05, 1.9073486328125e-06, 5.5789947509765625e-05, 0.0016660690307617188, 0.01337432861328125, 8.356571197509766e-05, 0.0017490386962890625, 0.0006041526794433594, 0.00016880035400390625, 0.00033783912658691406, 0.0001628398895263672, -0.0, 0.0005650520324707031, 6.67572021484375e-06, 1.9669532775878906e-05, 0.0001329183578491211, 6.961822509765625e-05, 0.00044083595275878906, 0.00011980533599853516, 0.0010709762573242188, 7.867813110351562e-05, 0.00026679039001464844, 0.0007524490356445312, 0.69384765625, 0.0025234222412109375, 0.002685546875, 0.00093841552734375, 0.0026836395263671875, 0.0004367828369140625, 0.00016927719116210938, 9.775161743164062e-06, 8.702278137207031e-06, 6.67572021484375e-05, 2.5033950805664062e-05, 3.039836883544922e-05, 0.0009322166442871094, 0.00047969818115234375, 5.1140785217285156e-05, 6.67572021484375e-06, 0.0002200603485107422, 0.0013484954833984375, 0.0003075599670410156, 5.0067901611328125e-05, 0.0007638931274414062, 0.00708770751953125, 0.0211029052734375, 0.0051422119140625, 0.740234375, 0.2060546875, 0.49560546875, 0.0006318092346191406, 0.312744140625, 0.00211334228515625, 4.30078125, 0.9541015625, 0.1175537109375, 3.8359375, 0.037109375, 7.68359375, 1.53125, 0.0160369873046875, 0.01155853271484375, 0.0262603759765625, 0.458251953125, 0.00015413761138916016, 0.031585693359375, 0.0001900196075439453, 0.11273193359375, 0.0078277587890625, 0.00130462646484375, 7.8359375, 0.008697509765625, 4.8046875, 2.287109375, 0.00370025634765625, 0.315185546875, 0.007694244384765625, 9.930133819580078e-05, 0.027801513671875, 0.00028514862060546875, 0.0220184326171875, 0.007511138916015625, 0.00119781494140625, 6.5390625, 0.00960540771484375, 3.427734375, 6.71875, 0.12164306640625, 0.003643035888671875, 0.1290283203125, 0.0026607513427734375, 7.081031799316406e-05, 0.0406494140625, 0.000102996826171875, 0.005950927734375, 0.00740814208984375, 0.0011453628540039062, 1.03515625, 0.0010709762573242188, 2.333984375, 0.8515625, 0.0031833648681640625, 0.1287841796875, 0.0020008087158203125, 2.205371856689453e-05, 0.04803466796875, 4.4465065002441406e-05, 0.00237274169921875, 0.0027484893798828125, 0.0005064010620117188, 0.342041015625, 0.001636505126953125, 5.859375, 6.23046875, 0.1097412109375, 0.00324249267578125, 0.1304931640625, 0.0024585723876953125, 2.205371856689453e-05, 0.05633544921875, 2.7060508728027344e-05, 0.0038814544677734375, 0.00269317626953125, 0.00023746490478515625, 0.1427001953125, 0.0006909370422363281, 8.7578125, 0.0235443115234375, 4.77734375, 1.587890625, 0.005847930908203125, 0.008636474609375, 0.1290283203125, 0.00206756591796875, 3.230571746826172e-05, 0.052032470703125, 7.212162017822266e-05, 0.0018224716186523438, 0.0027008056640625, 0.00018393993377685547, 6.09375, 0.00440216064453125, 7.015625, 0.353759765625, 5.2109375, 0.658203125, 7.453125, 4.03515625, 0.053985595703125, 0.00359344482421875, 1.3173828125, 0.79833984375, 0.9541015625, 0.00058746337890625, 4.08203125, 0.0007390975952148438, 0.0029468536376953125, 0.003566741943359375, 4.792213439941406e-05, 0.0008478164672851562, 0.322021484375, 0.0034198760986328125, 0.701171875, 0.00839996337890625, 9.691715240478516e-05, 0.027862548828125, 0.00016486644744873047, 0.01291656494140625, 0.0001481771469116211, 1.3709068298339844e-05, 0.0038890838623046875, 0.006282806396484375, 0.003757476806640625, 0.00849151611328125, 0.697265625, 0.8037109375, 2.5859375, 0.0002548694610595703, 1.5205078125, 0.0202789306640625, 0.85546875, 0.0016937255859375, 0.003021240234375, 0.6962890625, 0.07928466796875, 0.00014722347259521484, 0.91650390625, 0.010589599609375, 4.64453125, 0.05548095703125, 9.9375, 0.1104736328125, 1.568359375, 0.4267578125, 0.0036144256591796875, 1.3173828125, 1.02734375, 1.6435546875, 0.0006394386291503906, 0.4990234375, 0.00679779052734375, 7.5703125, 0.05078125, 0.1326904296875, 0.0043487548828125, 0.322265625, 0.09771728515625, 0.0003483295440673828, 0.43896484375, 0.0024967193603515625, 0.410888671875, 0.00415802001953125, 0.009368896484375, 0.315185546875, 0.018402099609375, 0.0006198883056640625, 3.248046875, 0.007213592529296875, 1.73828125, 0.0065765380859375, 0.001644134521484375, 0.12939453125, 0.0196380615234375, 0.00018656253814697266, 1.458984375, 0.018646240234375, 4.05859375, 2.126953125, 0.00368499755859375, 0.0036411285400390625, 0.127685546875, 0.0177459716796875, 0.0003199577331542969, 0.016876220703125, 0.0014171600341796875, 2.67578125, 0.0027179718017578125, 1.974609375, 0.015960693359375, 0.001216888427734375, 0.003917694091796875, 0.314697265625, 0.04498291015625, 0.00011420249938964844, 0.038055419921875, 0.0016222000122070312, 0.05792236328125, 0.00044727325439453125, 1.3251953125, 0.0004649162292480469, 0.2391357421875, 0.150390625, 1.2431640625, 0.025909423828125, 0.003742218017578125, 0.69677734375, 0.07763671875, 0.00025844573974609375, 0.08331298828125, 0.0006256103515625, 0.049957275390625, 0.0011415481567382812, 3.1171875, 0.040985107421875, 4.4296875, 0.06402587890625, 0.00762176513671875, 0.6953125, 0.07855224609375, 0.0002090930938720703, 0.10699462890625, 0.0006814002990722656, 0.2095947265625, 0.0010614395141601562, 0.72314453125, 0.0227508544921875, 1.037109375, 0.1876220703125, 0.1021728515625, 1.7958984375, 0.045745849609375, 0.007709503173828125, 1.31640625, 1.5234375, 2.255859375, 0.058349609375, 3.921985626220703e-05, 1.4755859375, 0.00017523765563964844, 0.035369873046875, 0.003238677978515625, 0.00679779052734375, 4.13671875, 0.01947021484375, 7.66015625, 0.2490234375, 0.278076171875, 0.298095703125, 2.333984375, 0.0965576171875, 0.0031337738037109375, 1.318359375, 0.027313232421875, 0.00884246826171875, 3.3020973205566406e-05, 0.2042236328125, 3.4928321838378906e-05, 0.017974853515625, 0.0032138824462890625, 0.0005221366882324219, 0.2880859375, 0.0004513263702392578, 0.865234375, 0.021484375, 0.01214599609375, 0.466796875, 2.25390625, 0.006381988525390625, 0.00838470458984375, 0.69482421875, 0.03106689453125, 0.00933074951171875, 1.3709068298339844e-05, 0.21826171875, 6.139278411865234e-05, 0.005413055419921875, 0.00772857666015625, 0.00020194053649902344, 0.09649658203125, 0.00020229816436767578, 0.9833984375, 0.021575927734375, 0.0036411285400390625, 0.82666015625, 3.42578125, 0.06890869140625, 0.00830841064453125, 1.31640625, 1.044921875, 0.0380859375, 0.00981903076171875, 2.87890625, 5.59375, 3.78125, 2.1640625, 10.3671875, 0.93359375, 1.18359375, 0.00827789306640625, 10.6015625, 5.2265625, 7.8125, 3.033203125, 3.142578125, 0.39013671875, 0.0084228515625, 8.7109375, 0.75537109375, 2.48046875, 0.685546875, 7.734375, 4.2734375, 3.763671875, 2.001953125, 8.5234375, 2.150390625]",-2.4925032151172837
20,1,test,3.690164797950915,1.7024978118529859,2.09982560773444,8.567968841219365,3.9529259539575063,4.875457158188009,40.051446809816134,32.75296039589239,35.146034295708915,92.9930144319869,76.04710344793406,81.60343595095634,3.9427781608236496,1.8353905559548491,2.4919880278011437,7.301441038562314,3.3988713999163873,4.614792644076193,51.56164905709785,43.334927316829116,47.29516478326839,95.48453529092194,80.2498654015354,87.58363848753406,3.80119303317373,1.7479382274321256,2.3886644522758225,7.9745308388260066,3.66700327433313,5.011184165613614,44.75454631418834,36.96132100844221,40.64822085028141,93.89065660319231,77.5412328848438,85.27598779779316,0.7939698492462312,-0.0060301507537688925,-0.0060301507537688925,0.6532663316582914,-0.0017336683417086274,-0.0017336683417086274,0.542713567839196,0.02271356783919598,0.007713567839196078,0.42928039702233256,0.10833863741886296,0.14384540190991812,0.4104477611940298,0.4522613065326633,0.1139154418710091,0.18848835160778854,0.4545454545454546,0.4347826086956522,0.10256224141685422,0.1756057455143396,0.41946308724832215,16.0,0.0,0.0,28.0,0.0,-1.0,37.0,0.0,-1.0,0.0005893721082513803,0.0007166611537243217,0.0002176994178642129,9.634671156355523e-05,0.0003722966776251724,1.2268541755844353e-05,"[7.2109375, 3.498046875, 0.09210205078125, 0.56689453125, 0.05523681640625, 0.76904296875, 2.056640625, 0.2470703125, 1.3896484375, 0.748046875, 8.8359375, 5.76171875, 2.19921875, 10.3125, 2.810546875, 6.0859375, 1.763671875, 7.30078125, 1.4658203125, 1.7998046875, 3.57421875, 8.359375, 7.14453125, 1.3544921875, 4.34375, 0.54443359375, 5.5625, 7.66015625, 6.08203125, 4.7578125, 3.783203125, 7.5859375, 11.1875, 3.998046875, 2.6015625, 7.20703125, 3.64453125, 6.00390625, 0.6630859375, 5.4453125, 0.2462158203125, 2.693359375, 6.8203125, 4.94140625, 7.4140625, 7.44140625, 2.556640625, 4.34375, 5.94140625, 4.66796875, 9.953125, 3.626953125, 7.56640625, 1.046875, 5.8828125, 1.263671875, 2.26171875, 0.0191497802734375, 0.014739990234375, 3.314453125, 1.7783203125, 3.576171875, 9.140625, 3.771484375, 3.244140625, 12.2890625, 2.376953125, 2.837890625, 9.78125, 0.71240234375, 12.375, 1.314453125, 6.07421875, 2.2265625, 7.87109375, 4.35546875, 9.546875, 0.06951904296875, 1.349609375, 4.4609375, 2.20703125, 2.189453125, 11.1640625, 4.78125, 0.52783203125, 5.421875, 3.138671875, 6.9609375, 6.828125, 4.3828125, 8.84375, 7.4765625, 6.66796875, 0.10150146484375, 0.74609375, 3.208984375, 2.62109375, 7.1875, 7.2265625, 0.14599609375, 7.62890625, 7.90625, 2.537109375, 1.0009765625, 2.3984375, 6.68359375, 4.12890625, 2.76953125, 0.5751953125, 9.9375, 18.4375, 1.9599609375, 5.625, 1.22265625, 7.46484375, 6.28515625, 5.33984375, 7.25, 8.046875, 0.1387939453125, 1.1318359375, 1.7861328125, 5.78125, 1.46484375, 1.775390625, 0.1417236328125, 0.80615234375, 1.6962890625, 4.3046875, 1.9306640625, 3.904296875, 0.51318359375, 0.04168701171875, 6.6953125, 1.48046875, 2.494140625, 3.767578125, 5.73828125, 2.623046875, 6.83203125, 4.69921875, 1.4140625, 1.5595703125, 6.8125, 2.841796875, 2.912109375, 1.5546875, 0.3076171875, 4.4140625, 5.1875, 1.041015625, 0.254150390625, 5.52734375, 0.373779296875, 2.26953125, 1.1162109375, 4.234375, 0.7880859375, 0.1400146484375, 5.68359375, 0.356689453125, 0.2269287109375, 0.1981201171875, 6.1875, 5.984375, 4.49609375, 2.091796875, 0.264404296875, 4.06640625, 1.1845703125, 1.7060546875, 1.9931640625, 0.322998046875, 2.20703125, 5.2421875, 0.495849609375, 1.5361328125, 11.8046875, 7.15625, 4.9453125, 2.220703125, 0.93017578125, 1.1025390625, 6.375, 4.6875, 7.0859375, 2.625, 9.28125, 3.396484375, 5.01171875, 4.375, 4.65625, 0.2890625, 2.138671875, 0.61279296875, 4.9140625, 7.44140625, 0.3583984375, 3.5703125, 8.328125, 5.109375, 4.12890625, 10.9375, 2.333984375, 1.328125, 2.41015625, 0.322021484375, 0.259033203125, 2.265625, 1.0771484375, 0.1707763671875, 4.35546875, 2.048828125, 1.5712890625, 4.4765625, 1.8505859375, 0.51904296875, 4.21484375, 0.0882568359375, 0.51171875, 5.26171875, 7.625, 0.114013671875, 0.24365234375, 4.31640625, 2.443359375, 0.5283203125, 6.09765625, 0.421630859375, 0.375732421875, 0.3388671875, 0.0350341796875, 0.50927734375, 6.66015625, 0.05413818359375, 0.44140625, 8.7890625, 1.8447265625, 10.328125, 2.154296875, 0.89111328125, 7.11328125, 5.98828125, 17.625, 6.54296875, 7.109375, 5.953125, 15.5234375, 5.5390625, 6.734375, 2.0859375, 12.625, 0.8466796875, 2.333984375, 0.70361328125, 1.3759765625, 2.212890625, 0.0170745849609375, 3.126953125, 0.81591796875, 0.04150390625, 0.1568603515625, 2.1953125, 2.380859375, 0.468994140625, 0.88623046875, 1.4365234375, 7.36328125, 0.058502197265625, 3.142578125, 0.20556640625, 9.5859375, 2.787109375, 6.97265625, 3.2890625, 3.673828125, 3.501953125, 5.56640625, 0.1405029296875, 5.34765625, 2.69921875, 3.908203125, 1.0048828125, 8.109375, 0.360107421875, 4.9921875, 2.4375, 6.40234375, 4.8203125, 1.5869140625, 3.53125, 4.69140625, 3.025390625, 2.33984375, 6.8125, 0.343994140625, 2.1171875, 2.314453125, 6.72265625, 4.76171875, 5.59375, 3.84765625, 7.44921875, 1.8427734375, 3.41015625, 10.1953125, 4.625, 4.09765625, 3.92578125, 9.578125, 5.57421875, 8.7578125, 3.634765625, 4.0, 6.83203125, 3.333984375, 7.296875, 5.8828125, 0.292724609375, 1.5595703125, 6.37109375, 0.962890625, 0.0251007080078125, 5.25390625, 7.7109375, 0.059234619140625, 0.08953857421875, 8.34375, 8.1875, 1.94140625, 0.3916015625, 1.5888671875, 6.30859375, 10.6640625, 5.234375, 13.1640625, 4.49609375, 0.58740234375, 0.0111846923828125, 0.09307861328125, 1.9130859375, 0.290771484375, 0.88134765625, 5.03125, 2.49609375, 4.36328125, 1.3203125, 1.2626953125, 3.01953125, 0.50146484375, 0.01204681396484375, 0.056854248046875, 3.1875, 1.2705078125, 0.08160400390625, 0.1981201171875, 0.5732421875, 3.296875, 1.2138671875, 0.191650390625, 0.04278564453125, 5.14453125, 0.38330078125, 3.953125, 0.3037109375, 4.12109375, 5.37109375, 4.8359375, 5.92578125, 2.876953125, 7.08203125, 2.65234375, 1.5146484375, 0.96142578125, 10.8828125, 9.4375, 1.677734375, 3.369140625, 3.232421875, 4.2265625, 10.640625, 0.6728515625, 0.00461578369140625, 0.07318115234375, 2.650390625, 1.0205078125, 5.33984375, 3.171875, 3.84765625, 2.865234375, 10.0, 2.380859375, 0.29052734375, 0.0489501953125, 0.1915283203125, 1.0859375, 0.417724609375, 0.1787109375, 0.07965087890625, 0.443115234375, 0.3525390625, 4.7578125, 1.6279296875]",-1.555210358451673
169,1,test,0.09290776331059254,-0.0885425886806961,-0.0652058022385172,0.16920288020141028,-0.16125305885557234,-0.11875228884498162,1.0973605136991125,-0.10159449580415347,-0.07393869269318731,1.9985042468030194,-0.18502308838504788,-0.1346565595405731,0.12495196105247766,-0.09810850852709949,-0.04561248465647064,0.21921396675873275,-0.17212019039842016,-0.08002190290608882,1.1330940191152397,-0.11680213303045917,-0.05288006129622569,1.987884244061824,-0.20491602286045496,-0.09277203736179973,0.0929383713833607,-0.09344736331892503,-0.06133314936320369,0.16925862338029266,-0.1701855954483734,-0.11169944420451003,1.0973941023036073,-0.10749283515133068,-0.06941355395406745,1.9985654181025962,-0.19576509712990697,-0.12641541283025548,0.035175879396984966,-0.00482412060301507,-0.00482412060301507,0.025125628140703515,-0.01487437185929652,0.00012562814070349315,0.01005025125628145,-0.004949748743718563,-0.004949748743718563,0.07299270072992703,0.01834789198675768,0.011099496846431856,0.02197802197802201,0.09547738693467334,0.025301948338182112,0.020352178253538078,0.04040404040404044,0.07299270072992703,0.00924042386289603,0.011099496846431856,0.02930402930402931,13.0,4.0,4.0,15.0,6.0,6.0,16.0,7.0,7.0,7.692704443826296e-05,0.00018037664459067654,8.179594334293657e-05,-0.06644938516820531,-0.05614821830446293,-0.06100618597935448,"[2.13671875, 2.83984375, 2.248046875, 0.212646484375, 0.327392578125, 0.006748199462890625, 4.609375, 0.85009765625, 4.06640625, 0.8359375, 0.6484375, 0.25732421875, 0.006011962890625, 0.00014603137969970703, 0.0008745193481445312, 0.01020050048828125, 0.01043701171875, 0.73486328125, 0.049346923828125, 0.00150299072265625, 0.003276824951171875, 0.07867431640625, 0.052978515625, 1.615234375, 6.318092346191406e-06, 0.0248870849609375, 7.510185241699219e-06, 0.0003542900085449219, 0.00022423267364501953, 0.0006632804870605469, 3.933906555175781e-06, 0.00017249584197998047, 0.02655029296875, 0.0234375, 0.001316070556640625, 0.0250244140625, 0.0046234130859375, 6.079673767089844e-06, 0.0001819133758544922, 0.0010690689086914062, 0.00014209747314453125, 0.0152740478515625, 2.0623207092285156e-05, 0.056243896484375, 0.0234832763671875, 0.00543212890625, 0.0006833076477050781, 1.823902130126953e-05, 0.0186767578125, 0.00031757354736328125, 0.00673675537109375, 5.650520324707031e-05, -0.0, 0.00010859966278076172, 1.1920928955078125e-07, 2.014636993408203e-05, 0.0197601318359375, 0.316162109375, 0.0027618408203125, 1.8596649169921875e-05, 0.015716552734375, 0.00019931793212890625, 0.0011320114135742188, 0.003498077392578125, 0.006809234619140625, 7.748603820800781e-05, 0.011322021484375, 0.00010919570922851562, -0.0, 0.00104522705078125, 0.00672149658203125, 0.00969696044921875, 0.0006093978881835938, 0.00714111328125, 0.00014126300811767578, -0.0, 0.0015630722045898438, 2.384185791015625e-07, 7.903575897216797e-05, 6.878376007080078e-05, 4.482269287109375e-05, 1.1920928955078125e-07, 0.00478363037109375, 0.1639404296875, 0.1036376953125, 0.0003364086151123047, 0.0003581047058105469, 0.053131103515625, 0.04095458984375, 0.0090179443359375, -0.0, 0.0015306472778320312, 0.0012989044189453125, 5.221366882324219e-05, 0.0002237558364868164, 2.1696090698242188e-05, 0.1343994140625, 0.0036449432373046875, 0.00014781951904296875, 0.00032782554626464844, 0.0226593017578125, 0.0041656494140625, 0.00933074951171875, 0.004547119140625, 0.0026340484619140625, 5.960464477539062e-07, 0.0003504753112792969, 0.01009368896484375, 0.003932952880859375, 0.0001823902130126953, 0.88818359375, 3.790855407714844e-05, -0.0, 0.0022411346435546875, 0.0009198188781738281, 1.5854835510253906e-05, 0.0005674362182617188, 0.00016677379608154297, 4.57763671875e-05, 0.030731201171875, 5.459785461425781e-05, 0.0142669677734375, 0.01258087158203125, 0.0021076202392578125, 0.00015366077423095703, 0.0005826950073242188, 3.5762786865234375e-07, 0.00012576580047607422, 0.00014126300811767578, 7.987022399902344e-06, 7.152557373046875e-07, 8.344650268554688e-07, 0.00896453857421875, 1.1920928955078125e-07, 0.04864501953125, 0.018463134765625, 0.0011587142944335938, 1.1920928955078125e-07, 0.01104736328125, 8.702278137207031e-06, 0.00109100341796875, 7.486343383789062e-05, 2.1457672119140625e-05, 5.1975250244140625e-05, 9.775161743164062e-06, 1.9550323486328125e-05, 0.0001049041748046875, 0.0007004737854003906, 0.00014734268188476562, 0.0009965896606445312, -0.0, 4.7087669372558594e-05, 0.0001817941665649414, 3.635883331298828e-05, 1.0728836059570312e-05, -0.0, 8.082389831542969e-05, 0.00493621826171875, 0.0017805099487304688, 1.1920928955078125e-07, 0.00054168701171875, 0.0002491474151611328, 4.696846008300781e-05, 1.6689300537109375e-05, 0.0078887939453125, -0.0, 3.993511199951172e-05, 5.161762237548828e-05, 0.759765625, 1.430511474609375e-06, 0.000213623046875, 0.0012750625610351562, 0.00012111663818359375, 8.749961853027344e-05, 0.0014257431030273438, 0.006855010986328125, 0.003002166748046875, 0.028656005859375, 0.13525390625, 0.0006895065307617188, 0.0014209747314453125, 0.0031070709228515625, -0.0, 3.528594970703125e-05, 0.0003669261932373047, 0.0005741119384765625, 0.06597900390625, 0.091552734375, 0.0009164810180664062, 0.01995849609375, 0.00040721893310546875, 8.797645568847656e-05, 3.6954879760742188e-06, 3.3855438232421875e-05, 2.384185791015625e-07, 0.0003859996795654297, 3.5762786865234375e-07, 0.0003421306610107422, 3.6954879760742188e-06, 7.140636444091797e-05, 8.0108642578125e-05, 1.1920928955078125e-07, 3.4570693969726562e-06, 0.007099151611328125, 0.0010986328125, 1.1920928955078125e-07, 0.034820556640625, 0.0024967193603515625, 5.984306335449219e-05, 0.00013697147369384766, 0.0008893013000488281, 0.0003914833068847656, 0.01363372802734375, 2.872943878173828e-05, 4.684925079345703e-05, 0.0009975433349609375, 0.01934814453125, 0.004364013671875, 0.0008988380432128906, 0.0001863241195678711, 0.006755828857421875, 0.000347137451171875, 0.006954193115234375, -0.0, 0.0013551712036132812, 0.00015020370483398438, 0.0716552734375, 1.5616416931152344e-05, 0.007747650146484375, 0.0027294158935546875, 0.0001468658447265625, 8.571147918701172e-05, 5.424022674560547e-05, 0.0022716522216796875, 0.0012216567993164062, 0.0017366409301757812, 0.057037353515625, 1.6689300537109375e-06, 7.426738739013672e-05, 0.0002244710922241211, 0.0010814666748046875, 0.003818511962890625, 5.9485435485839844e-05, 0.0009179115295410156, 0.0014591217041015625, 0.0067901611328125, 0.00091552734375, 0.00021183490753173828, 0.00013434886932373047, 0.00936126708984375, 0.006824493408203125, 0.0016813278198242188, 0.0269622802734375, 2.3365020751953125e-05, 0.00024211406707763672, 0.002681732177734375, 2.7298927307128906e-05, 0.0135498046875, 0.00789642333984375, 9.047985076904297e-05, 0.005401611328125, 0.0024566650390625, 0.006908416748046875, 0.039398193359375, 0.0012922286987304688, 0.0032939910888671875, 0.0027980804443359375, 0.001987457275390625, 0.019378662109375, 0.04034423828125, 8.344650268554688e-07, 1.0728836059570312e-06, -0.0, 3.5762786865234375e-06]",-3.6825415126598666
140,1,test,2.8666460347979257,1.3738278486191724,1.5531978245319467,6.489970210760786,3.1102904593104106,3.516376800716996,17.57796334385211,13.128345626928217,13.85898790656459,39.795795184558585,29.7220413685786,31.376185818922874,2.13757887437715,0.9585153379076501,1.3218551256207798,5.0894735104217865,2.2821793759705957,3.1472741086209046,8.478884313781965,5.227556287108817,6.218072974014246,20.187819794718965,12.446562588354329,14.804935652414873,2.6331975659399127,1.269771958266599,1.715233954403961,5.89521843120876,2.842773040895371,3.8400760173223007,13.918203197564436,10.008640179470737,11.41401749830051,31.16015641245769,22.407403386874783,25.553770518583228,0.44723618090452266,-0.0027638190954772934,-0.0027638190954772934,0.3417085427135679,-0.013291457286432107,-0.01829145728643211,0.27638190954773867,-0.0036180904522613577,-0.0036180904522613577,0.4089887640449438,0.1272828156723287,0.15385679923555962,0.43243243243243246,0.33668341708542715,0.08856311633354741,0.16139126349611166,0.31313131313131315,0.37792642140468224,0.1158229155616105,0.184378034307908,0.3926174496644296,19.0,2.0,0.0,26.0,1.0,0.0,34.0,0.0,-1.0,-0.0002011676801300088,-0.0009675482511190696,-0.0004289625880345103,-0.012496095110763328,-0.012966926678737778,-0.012888545280385522,"[2.935546875, 2.3984375, 4.3359375, 10.265625, 0.12359619140625, 10.203125, 0.03009033203125, 0.1710205078125, 0.0031414031982421875, 2.947265625, 2.140625, 8.1875, 1.64453125, 1.2119140625, 1.978515625, 0.072998046875, 2.20703125, 0.0133514404296875, 4.11328125, 1.3388671875, 3.27734375, 0.0005273818969726562, 4.2109375, 0.0953369140625, 4.40625, 2.8671875, 0.00765228271484375, 0.01131439208984375, 0.004970550537109375, 2.564453125, 0.131103515625, 7.453125, 2.2265625, 0.1376953125, 4.171875, 0.1376953125, 0.004550933837890625, 0.0012607574462890625, 0.0117950439453125, 1.7626953125, 0.1514892578125, 5.6953125, 0.338134765625, 0.281005859375, 2.66796875, 0.01910400390625, 2.431640625, 0.00147247314453125, 3.03515625, 0.08734130859375, 4.27734375, 0.00018334388732910156, 0.1806640625, 7.462501525878906e-05, 0.09393310546875, 2.17578125, 0.0006513595581054688, 0.0020122528076171875, 0.0206451416015625, 4.49609375, 0.005390167236328125, 9.078125, 11.0234375, 1.849609375, 8.6328125, 4.87109375, 2.505859375, 3.94921875, 14.0078125, 2.107421875, 1.861328125, 6.28125, 6.03515625, 7.37890625, 4.70703125, 0.0036334991455078125, 0.001979827880859375, 0.0061187744140625, 7.69921875, 0.0084228515625, 0.0301055908203125, 4.68359375, 9.015625, 0.04058837890625, 0.0136566162109375, 0.1722412109375, 0.351806640625, 0.07476806640625, 0.251953125, 0.357666015625, 0.033721923828125, 5.54296875, 0.6103515625, 12.6015625, 0.89501953125, 0.5517578125, 7.8203125, 0.052337646484375, 0.310791015625, 1.0869140625, 0.141845703125, 0.03411865234375, 6.0859375, 0.9296875, 0.25634765625, 0.279052734375, 5.6328125, 0.7958984375, 0.361083984375, 0.07696533203125, 4.63671875, 0.8046875, 0.1114501953125, 0.04461669921875, 6.22265625, 0.08526611328125, 1.97265625, 2.51953125, 1.6923828125, 5.5078125, 3.666015625, 0.1363525390625, 4.0390625, 0.139404296875, 1.732421875, 0.0154571533203125, 3.26953125, 0.007312774658203125, 0.57080078125, 4.33984375, 0.045623779296875, 0.40576171875, 4.59765625, 0.07470703125, 0.0406494140625, 6.36328125, 3.16796875, 1.3740234375, 0.0192108154296875, 0.0367431640625, 0.01409912109375, 4.69140625, 2.1875, 2.037109375, 0.01036834716796875, 0.1312255859375, 0.37158203125, 0.07379150390625, 5.94140625, 0.1300048828125, 1.5576171875, 0.000385284423828125, 0.08544921875, 0.084228515625, 0.0007925033569335938, 0.000316619873046875, 0.19140625, 4.27734375, 0.229736328125, 0.0877685546875, 0.11846923828125, 0.055145263671875, 0.034820556640625, 1.2919921875, 0.1588134765625, 0.57666015625, 0.01261138916015625, 7.2109375, 8.5546875, 9.1015625, 1.1083984375, 1.9091796875, 0.350830078125, 0.0034923553466796875, 0.00856781005859375, 0.0126953125, 5.7578125, 0.02227783203125, 0.026641845703125, 1.12109375, 1.1494140625, 0.0008339881896972656, 0.0008311271667480469, 0.006595611572265625, 8.2890625, 6.70703125, 0.036468505859375, 4.16796875, 0.143798828125, 0.005039215087890625, 0.01212310791015625, 0.006252288818359375, 4.0546875, 0.796875, 8.8515625, 0.059295654296875, 0.490234375, 7.34765625, 0.55322265625, 7.48828125, 0.0009655952453613281, 0.1307373046875, 0.498291015625, 0.023773193359375, 0.0007672309875488281, 0.537109375, 0.0010576248168945312, 0.0005035400390625, 0.005939483642578125, 6.14453125, 0.401611328125, 0.367431640625, 8.7421875, 2.48828125, 3.353515625, 0.95361328125, 0.951171875, 0.004913330078125, 4.89453125, 1.3076171875, 6.84375, 1.701171875, 8.6796875, 0.1490478515625, 8.34375, 4.37890625, 1.6044921875, 1.4501953125, 0.46142578125, 0.93603515625, 6.41015625, 3.62109375, 5.359375, 2.76953125, 11.328125, 0.50146484375, 6.078125, 5.078125, 5.02734375, 3.791015625, 5.9765625, 4.49609375, 0.132568359375, 0.438720703125, 8.0078125, 8.09375, 5.12890625, 5.265625, 6.54296875, 1.619140625, 5.62109375, 4.58203125, 2.076171875, 3.857421875, 5.9296875, 4.00390625, 0.98876953125, 6.0859375, 0.438232421875, 0.8896484375, 5.078125, 2.2265625, 4.33984375, 6.0546875, 1.369140625, 5.12109375, 0.1143798828125, 9.0859375, 1.1025390625, 1.4130859375, 6.109375, 0.646484375, 6.7265625, 9.8671875, 6.0078125, 4.07421875, 1.46484375, 0.08966064453125, 2.263671875, 4.45703125, 2.455078125, 3.654296875, 9.53125, 3.54296875, 5.91015625, 1.5947265625, 6.35546875, 1.994140625, 4.16015625, 1.4599609375, 10.453125, 8.46875, 1.6083984375, 1.6513671875, 6.8828125, 0.0345458984375, 1.4541015625, 5.5, 0.0841064453125, 0.43212890625, 0.357177734375, 5.64453125, 0.021270751953125, 0.02587890625, 5.078125, 2.708984375, 6.8515625, 0.037506103515625, 8.2109375, 7.30859375, 0.018157958984375, 9.0859375, 1.8310546875, 5.87109375, 0.23779296875, 5.05859375, 3.654296875, 4.015625, 1.1630859375, 6.65625, 3.2734375, 1.337890625, 1.0146484375, 0.1397705078125, 6.58984375, 0.003223419189453125, 0.81591796875, 7.65234375, 3.212890625, 0.20703125, 0.267822265625, 10.8359375, 0.0985107421875, 2.86328125, 8.8359375, 5.5390625, 1.2109375, 0.61279296875, 13.2421875, 0.0687255859375, 1.76171875, 2.650390625, 7.32421875, 0.44677734375, 7.62109375, 5.1953125, 5.66015625, 2.751953125, 3.455078125, 0.5390625, 3.572265625, 2.83203125, 4.328125, 6.94921875, 0.256591796875, 5.34375, 2.376953125, 1.0947265625, 0.88671875, 7.7890625, 2.890625, 0.619140625, 2.822265625, 0.681640625, 8.5078125, 3.111328125, 0.74169921875, 2.296875, 2.6171875, 3.30859375, 4.61328125, 1.896484375, 3.73828125, 5.1640625, 5.03515625, 1.8857421875, 4.51171875, 7.1875, 0.424072265625, 0.57080078125, 9.8203125, 4.71875, 3.15625, 0.91259765625, 4.8359375, 2.31640625, 0.0068511962890625, 8.203125, 3.150390625, 1.3447265625, 3.392578125, 6.53125, 1.013671875, 3.412109375, 0.5146484375, 1.0537109375, 0.64697265625, 6.5859375, 6.7421875, 1.8193359375, 1.140625, 0.485595703125, 4.2421875, 0.48779296875, 0.413818359375, 3.908203125, 2.55078125, 9.8046875, 6.01171875, 0.046722412109375, 0.97900390625, 1.2158203125, 0.0203704833984375, 0.04705810546875, 4.76171875, 2.90625, 1.90234375, 6.9296875, 0.0040435791015625, 5.25390625, 3.875, 3.73046875, 3.703125, 1.9912109375, 5.8984375, 7.4765625, 0.658203125, 4.41796875, 2.046875, 3.669921875, 5.609375, 2.3203125, 1.0146484375, 4.41015625, 6.09375, 4.22265625, 6.953125, 1.1767578125, 0.0099639892578125, 8.3046875, 3.64453125, 4.21875, 0.89599609375, 1.87890625, 2.4765625]",-1.4392087625653556
45,1,test,1.3322573595798102,0.5281096182143206,0.6559198881240376,3.1792505171790926,1.260261588920538,1.565263369386908,3.7895882028131975,1.5547971358214117,1.8229266313559205,9.04333548398604,3.7103113468465505,4.350165824826629,0.8239445806148663,0.2670362539758965,0.40255298403567286,1.4455168080962568,0.468484656098064,0.7062333053257419,2.279473694593008,0.5342053435931469,0.755392708125582,3.9990766571807157,0.9372023571809591,1.3252503651325998,1.0890210579868942,0.40943214566146335,0.6065386525142438,2.0677615025067615,0.7774028082179687,1.1516556693308428,2.9713638554142707,0.9982973932276669,1.351272717760825,5.64183010521697,1.8955013795462028,2.5657076919509336,0.16582914572864327,-0.009170854271356776,-0.004170854271356772,0.1306532663316583,-0.004346733668341707,-0.004346733668341707,0.11055276381909551,0.0005527638190955253,0.0005527638190955253,0.2553699284009546,0.057515339604768734,0.0667091268369272,0.2416267942583732,0.1758793969849246,0.030515988463621357,0.05234016493150229,0.08585858585858586,0.23076923076923073,0.043790933607294136,0.07726533755454779,0.18791946308724827,14.0,0.0,0.0,16.0,-1.0,-1.0,22.0,1.0,0.0,0.0006927274153029713,-0.0004968790980100588,3.779192812224283e-05,-0.15689729864323443,-0.1645951378777637,-0.1614930240593928,"[8.3671875, 8.015625, 0.30224609375, 5.10546875, 4.36328125, 4.15625, 0.342529296875, 1.517578125, 0.0006031990051269531, 0.990234375, 0.0004220008850097656, 5.2890625, 0.92529296875, 1.6953125, 0.6962890625, 2.986328125, 3.27734375, 0.00388336181640625, 0.00044536590576171875, 13.515625, 3.1796875, 0.0005326271057128906, 9.7734375, 0.126708984375, 4.4921875, 5.01171875, 0.00894927978515625, 0.892578125, 0.62158203125, 0.11480712890625, 0.17919921875, 3.634765625, 4.71875, 1.1103515625, 0.1309814453125, 1.244140625, 0.1312255859375, 8.7734375, 7.08203125, 10.4921875, 2.728515625, 2.36328125, 1.4462890625, 0.325439453125, 0.372802734375, 0.13134765625, 2.21484375, 0.253662109375, 0.724609375, 0.009246826171875, 3.181640625, 7.921875, 2.142578125, 0.39501953125, 0.131591796875, 0.31689453125, 0.00032782554626464844, 0.00390625, 0.0254669189453125, 0.05010986328125, 0.2122802734375, 0.021942138671875, 0.97705078125, 1.0380859375, 0.7041015625, 0.049102783203125, 7.62939453125e-06, 0.0220489501953125, 0.0024929046630859375, 0.02032470703125, 0.0003426074981689453, 0.00017130374908447266, 0.021942138671875, 0.0010042190551757812, 3.457069396972656e-05, 1.3388671875, 0.00014328956604003906, 0.0087127685546875, 0.0022296905517578125, 0.036834716796875, 0.0019817352294921875, 0.004467010498046875, 0.01503753662109375, 0.008636474609375, 0.0020923614501953125, 0.328369140625, 0.0136871337890625, 4.01953125, 2.1338462829589844e-05, 0.00012671947479248047, 0.1175537109375, 9.167194366455078e-05, 0.00019216537475585938, 0.008331298828125, 0.004642486572265625, 0.00254058837890625, 0.0006451606750488281, 0.0251922607421875, 0.1357421875, 0.316650390625, 0.00014829635620117188, 0.0029354095458984375, 0.129150390625, 0.04241943359375, 0.00283050537109375, 0.0421142578125, 0.0176849365234375, 0.0008144378662109375, 0.0023212432861328125, 7.641315460205078e-05, 0.0016584396362304688, 0.0017423629760742188, 0.000732421875, 0.0137481689453125, 0.000568389892578125, 0.020782470703125, 0.0081939697265625, 0.0211639404296875, 0.048919677734375, 0.03643798828125, 0.00823974609375, 0.0911865234375, 0.016265869140625, 0.0216827392578125, 0.007015228271484375, 0.002017974853515625, 0.0008196830749511719, 0.0002281665802001953, 0.00145721435546875, 4.863739013671875e-05, 0.00534820556640625, 0.0005521774291992188, 0.0004420280456542969, 0.0003688335418701172, 0.0193634033203125, 2.8371810913085938e-05, 5.042552947998047e-05, 2.968311309814453e-05, 0.003612518310546875, 0.0001342296600341797, 0.001434326171875, 0.0008687973022460938, 0.0003750324249267578, 0.0019521713256835938, 0.0014982223510742188, 0.0019140243530273438, 0.01210784912109375, 0.0008058547973632812, 5.447864532470703e-05, 0.0005116462707519531, 0.0034427642822265625, 0.0001227855682373047, 0.0010499954223632812, 0.0012187957763671875, 4.124641418457031e-05, 0.00025343894958496094, 0.0031528472900390625, 0.05718994140625, 0.0015115737915039062, 0.0010242462158203125, 0.3134765625, 0.129638671875, 9.775161743164062e-06, 9.047985076904297e-05, 2.849102020263672e-05, 0.0009503364562988281, 0.016693115234375, 0.002300262451171875, 0.00365447998046875, 0.003101348876953125, 0.0037059783935546875, 0.052825927734375, 0.00870513916015625, 0.00958251953125, 0.0057373046875, 0.0015354156494140625, 0.0003542900085449219, 0.001087188720703125, 0.009063720703125, 0.00011038780212402344, 0.0033740997314453125, 0.0011472702026367188, 8.738040924072266e-05, 0.0007076263427734375, 0.00016891956329345703, 3.048828125, 1.9550323486328125e-05, 0.0005278587341308594, 0.00031876564025878906, 0.0012960433959960938, 0.011474609375, 0.006206512451171875, 0.3203125, 0.05877685546875, 0.000980377197265625, 0.00211334228515625, 0.139404296875, 0.043731689453125, 0.0257568359375, 0.71484375, 0.00290679931640625, 1.5478515625, 0.00014317035675048828, 0.0007123947143554688, 0.000812530517578125, 0.0013151168823242188, 0.00017583370208740234, 1.591796875, 0.0007634162902832031, 0.004787445068359375, 0.69384765625, 0.002620697021484375, 0.005126953125, 0.0027179718017578125, 0.1490478515625, 1.728534698486328e-05, 0.0243988037109375, 0.0008029937744140625, 0.004730224609375, 0.051666259765625, 1.9833984375, 6.40625, 0.056854248046875, 0.004657745361328125, 0.097900390625, 0.06646728515625, 0.0001327991485595703, 0.062286376953125, 0.1575927734375, 1.31640625, 0.0182952880859375, 1.3203125, 0.05841064453125, 0.07086181640625, 0.12548828125, 1.376953125, 6.39453125, 4.55859375, 1.529296875, 0.0823974609375, 1.5283203125, 0.365234375, 0.007389068603515625, 0.0230255126953125, 0.00476837158203125, 0.001895904541015625, 0.001148223876953125, 0.00020134449005126953, 0.001110076904296875, 0.060333251953125, 0.131103515625, 6.1328125, 3.548828125, 1.044921875, 2.369140625, 4.44921875, 0.24853515625, 8.3125, 0.595703125, 7.15234375, 6.84375, 1.251953125, 1.8134765625, 0.8984375, 0.056640625, 1.556640625, 7.921875, 0.48486328125, 5.8203125, 2.341796875, 2.275390625, 0.220458984375, 4.796875, 0.57373046875, 0.705078125, 0.05340576171875, 1.20703125, 0.465576171875, 3.41015625, 3.587890625, 0.01495361328125, 2.125, 1.33984375, 6.47265625, 0.62548828125, 2.3046875, 3.822265625, 0.216796875, 0.0579833984375, 0.16015625, 4.51171875, 0.3759765625, 9.125, 5.23828125, 2.9921875, 0.0149383544921875, 0.921875, 0.783203125, 7.1875, 4.48046875, 8.625, 0.280029296875, 6.171875, 6.8828125, 0.9326171875, 0.1827392578125, 0.2437744140625, 0.3623046875, 1.2529296875, 9.046875, 0.572265625, 3.353515625, 0.3896484375, 5.73828125, 4.0625, 4.8984375, 0.251708984375, 0.02880859375, 0.15087890625, 0.2001953125, 0.5146484375, 0.302734375, 0.47119140625, 0.0885009765625, 0.830078125, 0.061859130859375, 7.05078125, 11.15625, 4.08984375, 1.62109375, 0.004180908203125, 0.0079498291015625, 0.05621337890625, 0.1993408203125, 0.2509765625, 0.1270751953125, 0.443359375, 0.05853271484375, 0.32568359375, 0.013702392578125, 5.52734375, 0.52294921875, 1.4169921875, 1.169921875, 0.009979248046875, 0.0278167724609375, 0.056365966796875, 0.1966552734375, 0.258544921875, 0.0572509765625, 0.40869140625, 0.034912109375, 0.2861328125, 0.006191253662109375, 4.6953125, 10.6875, 8.984375, 1.3388671875, 0.4306640625, 0.0023097991943359375, 0.01898193359375, 0.05487060546875, 2.197265625, 0.01004791259765625, 0.1846923828125, 1.2705078125, 7.07421875, 0.02435302734375, 7.1875, 0.25634765625, 2.17578125, 0.0097503662109375, 0.0140228271484375, 4.125, 9.640625, 1.1005859375, 4.671875, 0.05126953125, 0.08807373046875, 0.0828857421875, 3.328125, 0.84716796875, 4.921875, 0.22900390625, 4.73046875, 1.4873046875, 0.0653076171875, 0.1593017578125, 1.8955078125, 0.395263671875, 1.4716796875, 0.06036376953125, 7.12890625, 0.01201629638671875, 0.90087890625, 5.21484375, 0.2427978515625, 2.208984375, 0.05096435546875, 0.07049560546875, 0.0244140625, 0.1580810546875, 0.82177734375, 0.1822509765625, 0.82861328125, 0.01470184326171875, 7.1171875, 5.05078125, 7.94140625, 0.58837890625, 3.357421875, 0.0775146484375, 4.796875, 0.80810546875, 0.05633544921875, 1.337890625, 0.0114898681640625, 0.059356689453125, 4.015625]",-2.4914487904751215
85,1,test,2.460232934132038,1.0280656104902435,1.258077873233398,6.0268428090571815,2.518456584277874,3.081918577033294,11.70753830766389,7.519772700811297,8.380258615438178,28.680005085046453,18.42121833216495,20.529154241369262,3.010278181814069,1.338261639754632,1.8482156317851743,5.473233057843761,2.433202981372058,3.3603920577912256,20.29304429599913,14.970153480953607,17.09652483307709,36.89644417454387,27.218460874461105,31.084590605594713,2.6584454447928083,1.1643530070136412,1.6072850453378238,5.696668810270303,2.4950421578863735,3.444182240009622,14.27408199357339,9.818790730157312,11.413112934013846,30.587318557657262,21.040265850337097,24.45667057288681,0.5829145728643217,0.0029145728643216184,-0.002085427135678275,0.5175879396984925,-0.002412060301507535,0.012587939698492479,0.42713567839195976,0.0021356783919597166,0.007135678391959721,0.35835351089588374,0.08870417595029734,0.10908664872579577,0.3228155339805825,0.42713567839195976,0.1339025956851928,0.2034295014303571,0.4040404040404041,0.39799331103678925,0.12754255978470241,0.18553502405124978,0.3523489932885906,18.0,-1.0,0.0,33.0,1.0,1.0,39.0,-2.0,-2.0,-0.00031058896642893166,0.0007772449257118629,0.0001365795250682946,-0.053237490621620864,-0.053391177485174524,-0.056413557313909735,"[1.24609375, 3.2890625, 9.3125, 4.7734375, 8.7109375, 2.306640625, 6.28515625, 6.828125, 4.37890625, 3.35546875, 6.5546875, 6.3203125, 9.8359375, 6.453125, 5.015625, 9.4453125, 3.724609375, 8.2265625, 2.873046875, 0.857421875, 0.398193359375, 0.3212890625, 0.658203125, 0.0504150390625, 0.495849609375, 6.05078125, 3.990234375, 1.3271484375, 0.03240966796875, 3.873046875, 3.986328125, 0.003940582275390625, 1.416015625, 5.02734375, 0.34228515625, 0.33349609375, 1.337890625, 0.2225341796875, 0.0054931640625, 2.185546875, 3.41796875, 0.322998046875, 2.1484375, 0.00756072998046875, 2.357421875, 0.01081085205078125, 0.488525390625, 7.57421875, 5.6953125, 0.142578125, 5.15625, 7.8359375, 3.10546875, 0.80322265625, 1.7783203125, 0.1929931640625, 0.0718994140625, 0.91064453125, 6.50390625, 0.338623046875, 0.41015625, 0.8330078125, 2.73046875, 0.038604736328125, 0.00740814208984375, 0.42529296875, 4.21875, 0.060455322265625, 0.72900390625, 0.055084228515625, 0.124267578125, 0.1650390625, 0.07830810546875, 0.0018606185913085938, 7.43359375, 7.4375, 0.60546875, 0.059661865234375, 2.294921875, 0.054229736328125, 0.354248046875, 8.1796875, 0.409423828125, 0.0007586479187011719, 0.0797119140625, 4.39453125, 0.1131591796875, 1.224609375, 0.01172637939453125, 0.09478759765625, 5.796875, 0.01556396484375, 0.0008873939514160156, 3.4453125, 5.19140625, 4.0390625, 0.025604248046875, 0.0477294921875, 0.84423828125, 0.04345703125, 0.001323699951171875, 0.018096923828125, 0.7646484375, 5.9609375, 3.21484375, 0.07696533203125, 2.52734375, 6.26953125, 5.3125, 5.7578125, 3.98046875, 4.13671875, 1.9921875, 5.40234375, 2.16015625, 2.830078125, 10.203125, 0.45458984375, 1.4951171875, 0.11285400390625, 0.69677734375, 0.274658203125, 0.020538330078125, 0.05474853515625, 1.4033203125, 0.024383544921875, 0.0218963623046875, 0.0013608932495117188, 0.42236328125, 0.00372314453125, 0.0241546630859375, 5.18359375, 0.42822265625, 2.537109375, 0.0015277862548828125, 0.18212890625, 12.34375, 5.2265625, 9.59375, 2.38671875, 0.056182861328125, 0.1563720703125, 0.044708251953125, 0.0301666259765625, 0.0019702911376953125, 4.6640625, 9.453125, 3.66015625, 1.740234375, 2.396484375, 7.88671875, 6.59765625, 14.328125, 6.18359375, 3.33203125, 0.00856781005859375, 0.029296875, 0.4052734375, 4.1171875, 4.2421875, 8.328125, 6.79296875, 3.50390625, 4.5703125, 8.5, 1.9345703125, 7.71484375, 4.203125, 2.00390625, 8.7890625, 4.0859375, 2.115234375, 9.625, 0.783203125, 12.1171875, 4.83984375, 6.42578125, 2.79296875, 4.265625, 0.2005615234375, 5.83203125, 8.0390625, 5.48046875, 1.1435546875, 11.2265625, 4.7578125, 2.76953125, 5.890625, 5.3828125, 3.41015625, 4.0859375, 2.07421875, 2.310546875, 0.52734375, 0.295654296875, 0.3349609375, 0.32080078125, 4.01953125, 0.003490447998046875, 0.8544921875, 0.0016956329345703125, 0.0340576171875, 8.953125, 0.058502197265625, 6.5859375, 0.1602783203125, 2.341796875, 0.0179595947265625, 0.4326171875, 8.4296875, 0.494873046875, 0.08392333984375, 0.06170654296875, 0.12646484375, 0.0843505859375, 0.0016508102416992188, 1.916015625, 3.517578125, 1.5732421875, 1.2734375, 0.24951171875, 0.1439208984375, 11.8359375, 11.1875, 5.90234375, 9.3046875, 1.6513671875, 0.5302734375, 2.130859375, 0.00046753883361816406, 0.89453125, 0.0005626678466796875, 0.00396728515625, 1.6748046875, 0.0014247894287109375, 1.798828125, 0.1900634765625, 0.72314453125, 1.5380859375, 7.927417755126953e-05, 0.06756591796875, 2.63671875, 0.08599853515625, 0.026397705078125, 0.0228424072265625, 6.0625, 0.00579833984375, 0.00795745849609375, 3.806640625, 5.3125, 3.92578125, 0.31201171875, 0.39208984375, 0.0300750732421875, 0.0355224609375, 0.0640869140625, 8.5, 2.095703125, 0.057708740234375, 0.287109375, 0.00853729248046875, 0.08135986328125, 0.0172119140625, 0.65185546875, 2.09375, 3.423828125, 0.01216888427734375, 0.0017747879028320312, 0.172119140625, 0.71875, 0.0086822509765625, 1.3125, 4.5546875, 0.0308074951171875, 1.0673828125, 0.006969451904296875, 0.134033203125, 0.056304931640625, 0.2626953125, 0.1795654296875, 0.056976318359375, 0.0013275146484375, 7.05078125, 1.9775390625, 3.328125, 9.2734375, 4.74609375, 1.3564453125, 1.55078125, 8.25, 1.552734375, 5.19921875, 7.1484375, 4.5390625, 5.05078125, 2.37890625, 0.28173828125, 0.32177734375, 0.299560546875, 0.00890350341796875, 0.1148681640625, 8.3359375, 0.304443359375, 2.130859375, 0.08612060546875, 2.89453125, 0.01800537109375, 2.1328125, 0.046295166015625, 1.517578125, 8.4375, 4.47265625, 3.65234375, 0.2171630859375, 7.37890625, 9.4375, 5.265625, 0.1815185546875, 3.9765625, 2.08203125, 3.578125, 1.876953125, 0.31494140625, 0.15087890625, 0.673828125, 6.3359375, 0.50830078125, 2.787109375, 0.38916015625, 5.3125, 3.01953125, 5.2109375, 5.03515625, 2.12890625, 0.0014505386352539062, 0.343505859375, 0.0005664825439453125, 0.0036945343017578125, 1.9921875, 14.3359375, 0.625, 2.21484375, 0.06988525390625, 0.8017578125, 0.158447265625, 0.365234375, 1.7060546875, 0.369140625, 0.0361328125, 0.061859130859375, 0.00885772705078125, 2.021484375, 6.76171875, 0.39990234375, 2.921875, 5.484375, 1.107421875, 0.347412109375, 0.134521484375, 0.0057220458984375, 1.884765625, 0.352783203125, 0.245361328125, 2.533203125, 5.171875, 2.701171875, 0.0928955078125, 0.041046142578125, 0.004192352294921875, 1.5673828125, 5.48046875, 1.4892578125, 0.049285888671875, 0.07867431640625, 0.00890350341796875, 1.919921875, 2.134765625, 0.4658203125, 0.056365966796875, 0.38427734375, 3.552734375, 0.62255859375, 2.06640625, 0.2396240234375, 0.001926422119140625, 0.0015935897827148438, 0.72216796875, 0.00952911376953125, 0.13037109375, 0.1356201171875, 1.873046875, 0.331298828125, 0.00311279296875, 0.007259368896484375, 3.421875, 8.390625, 3.650390625, 2.609375, 0.1756591796875, 0.78662109375, 7.3671875, 0.01067352294921875, 0.031829833984375, 2.931640625, 1.0146484375, 8.140625, 1.0224609375, 0.56103515625, 0.010589599609375, 0.00443267822265625, 0.133544921875, 0.320556640625, 0.055206298828125]",-1.5279531868549006
36,1,test,3.046681824706044,1.4015575145815142,1.496621788810302,7.23963997949951,3.3304336980154794,3.556329003113589,21.045396122893465,15.863742123925487,16.333643074479085,50.00886207420229,37.696020888535806,38.81261720668297,3.1954786082608018,1.3595189123276439,1.9130190903105941,6.327680412397627,2.6921166580745424,3.788156614476424,24.42185939928674,18.1507097440225,20.816362786380072,48.360117622349975,35.941999493113855,41.22052036906945,3.048185188236045,1.3171248208412778,1.8443677665806766,6.927693609627375,2.9934655019119947,4.191744924046992,21.0770587981913,15.430420552035734,17.74424336685565,47.90240635952568,35.06913761826303,40.327825833762844,0.6331658291457287,0.00816582914572872,0.0031658291457287158,0.5326633165829145,0.002663316582914521,0.0076633165829145256,0.4371859296482412,-0.012814070351758744,-0.002814070351758735,0.40083507306889354,0.12659106889788208,0.1369054543005651,0.35564853556485354,0.4321608040201005,0.13642145564917318,0.19009068715866473,0.3434343434343434,0.4013377926421404,0.12921759230825058,0.16440787050643413,0.325503355704698,23.0,3.0,2.0,33.0,3.0,4.0,41.0,3.0,4.0,0.00023811785132928415,0.0005849642087361666,-8.647033895752167e-05,-0.011117007761652253,-0.01479896764205435,-0.012157795212032418,"[1.369140625, 7.29296875, 2.625, 12.5625, 3.921875, 12.265625, 4.59765625, 3.404296875, 11.84375, 7.67578125, 2.244140625, 6.09375, 4.97265625, 2.53125, 4.1171875, 7.9140625, 0.52880859375, 0.93017578125, 0.2108154296875, 6.23046875, 5.8046875, 7.203125, 10.640625, 8.84375, 5.8515625, 0.5341796875, 6.94921875, 0.6884765625, 1.4169921875, 3.41015625, 9.984375, 4.9765625, 3.94140625, 0.794921875, 0.16650390625, 0.07135009765625, 0.12310791015625, 8.3984375, 2.267578125, 6.76171875, 8.1328125, 7.7265625, 9.9375, 2.24609375, 0.888671875, 1.607421875, 5.6328125, 15.3203125, 0.3466796875, 3.6484375, 0.2418212890625, 0.134521484375, 0.2027587890625, 0.400634765625, 0.4609375, 4.19921875, 1.51171875, 3.369140625, 0.05633544921875, 3.654296875, 0.329833984375, 4.828125, 4.1015625, 7.2734375, 4.6796875, 0.168701171875, 2.259765625, 0.11492919921875, 0.492919921875, 0.2626953125, 7.57421875, 2.115234375, 5.34375, 0.01450347900390625, 1.3310546875, 0.0024967193603515625, 0.1199951171875, 0.01209259033203125, 3.984375, 8.75, 14.1953125, 0.23486328125, 1.8427734375, 1.830078125, 6.1484375, 1.07421875, 0.11688232421875, 0.1778564453125, 0.08203125, 3.435546875, 0.74267578125, 7.8046875, 5.0234375, 5.578125, 5.32421875, 2.109375, 1.0390625, 0.1834716796875, 0.19775390625, 0.04730224609375, 6.13671875, 1.408203125, 1.8759765625, 4.1015625, 3.619140625, 4.6171875, 3.994140625, 4.609375, 0.93212890625, 0.0005850791931152344, 0.0135955810546875, 2.671875, 7.12890625, 5.98828125, 0.28662109375, 3.427734375, 6.1875, 0.07098388671875, 1.080078125, 1.4794921875, 0.09527587890625, 0.01273345947265625, 0.31884765625, 0.0877685546875, 3.328125, 0.093505859375, 4.359375, 0.4052734375, 2.267578125, 1.4462890625, 9.4765625, 2.23828125, 0.21923828125, 3.724609375, 3.251953125, 10.1328125, 5.5703125, 9.640625, 5.0546875, 5.55859375, 6.4453125, 4.953125, 0.00905609130859375, 0.6298828125, 0.002292633056640625, 0.0009937286376953125, 0.0108795166015625, 8.609375, 4.41015625, 4.37109375, 6.46875, 3.357421875, 0.55908203125, 0.265380859375, 0.7939453125, 10.125, 0.53076171875, 0.943359375, 4.73046875, 3.87890625, 0.00029277801513671875, 0.109375, 0.00043272972106933594, 0.001239776611328125, 0.007617950439453125, 3.78515625, 1.59765625, 0.07403564453125, 0.0211181640625, 0.96240234375, 0.154296875, 0.156982421875, 3.140625, 2.8828125, 0.1700439453125, 5.8984375, 0.69873046875, 4.12890625, 0.0245513916015625, 8.625, 4.4453125, 1.3662109375, 1.1640625, 8.9375, 2.93359375, 0.1279296875, 2.783203125, 2.458984375, 0.6962890625, 1.435546875, 0.9609375, 7.4609375, 1.4970703125, 2.666015625, 0.7373046875, 0.384765625, 1.564453125, 1.7236328125, 2.037109375, 3.498046875, 0.05242919921875, 2.201171875, 0.028228759765625, 2.49609375, 1.048828125, 0.8505859375, 1.5029296875, 1.4140625, 1.732421875, 1.8271484375, 3.755859375, 2.630859375, 0.38330078125, 11.4296875, 0.9189453125, 14.0625, 1.4931640625, 1.4677734375, 0.7646484375, 1.541015625, 0.2154541015625, 1.4375, 2.677734375, 0.09222412109375, 0.408203125, 0.27001953125, 3.31640625, 0.50244140625, 0.037994384765625, 0.61865234375, 4.09765625, 0.1787109375, 0.06280517578125, 0.058135986328125, 6.59765625, 1.31640625, 12.59375, 1.154296875, 4.01953125, 0.39892578125, 0.7763671875, 1.43359375, 0.29638671875, 1.3642578125, 0.0208587646484375, 0.96630859375, 1.2333984375, 6.99609375, 3.900390625, 0.05389404296875, 1.8193359375, 6.42578125, 0.1295166015625, 2.8125, 0.1954345703125, 0.437255859375, 1.3984375, 0.25048828125, 0.8408203125, 0.04730224609375, 0.818359375, 0.192626953125, 0.2308349609375, 0.34521484375, 0.2333984375, 0.478515625, 8.59375, 1.599609375, 0.337158203125, 11.8046875, 0.1961669921875, 0.15087890625, 2.12109375, 8.1796875, 0.47900390625, 12.8125, 0.9609375, 6.55859375, 2.24609375, 7.3125, 1.380859375, 3.7421875, 0.89501953125, 1.0185546875, 8.0703125, 0.3076171875, 3.37109375, 8.9765625, 5.828125, 8.1640625, 1.5107421875, 0.1634521484375, 9.9765625, 5.5078125, 6.9609375, 5.74609375, 1.0263671875, 0.0933837890625, 9.234375, 3.013671875, 0.1405029296875, 4.5078125, 8.1015625, 0.58349609375, 0.092529296875, 6.47265625, 9.375, 2.744140625, 0.75048828125, 0.1868896484375, 4.19140625, 5.16015625, 3.46875, 3.33984375, 0.515625, 0.37744140625, 7.91796875, 6.22265625, 3.12890625, 0.58056640625, 0.348388671875, 5.20703125, 3.310546875, 8.3359375, 5.1484375, 0.64404296875, 0.1663818359375, 4.6328125, 7.26953125, 3.93359375, 0.642578125, 0.3466796875, 2.953125, 7.12890625, 0.450927734375, 0.06658935546875, 3.650390625, 4.4609375, 5.015625, 0.266357421875, 0.146728515625, 4.515625, 7.40625, 4.7421875, 3.443359375, 0.0540771484375, 0.2154541015625, 6.08203125, 0.036102294921875, 10.1640625, 1.6005859375, 3.80859375, 8.3203125, 0.6806640625, 0.0689697265625, 2.802734375, 3.244140625, 9.8125, 6.91796875, 0.224853515625, 0.01318359375, 4.515625, 2.359375, 0.77587890625, 0.0159912109375, 5.72265625, 0.5947265625, 3.6328125, 4.69140625, 13.328125, 0.1962890625, 0.0214385986328125, 5.8359375, 1.3916015625, 6.515625, 6.5234375, 0.49267578125, 0.0679931640625, 5.40625, 7.55859375, 0.44189453125, 0.08251953125, 2.62890625, 3.673828125, 8.640625, 7.23828125, 2.529296875, 0.0255889892578125, 0.210205078125, 6.890625, 5.5234375, 0.1431884765625, 0.728515625, 9.1328125, 2.677734375, 0.031341552734375, 6.1953125, 1.681640625, 0.00792694091796875, 6.17578125, 0.32763671875, 0.0106048583984375, 5.3828125, 0.1614990234375, 8.1015625, 0.324951171875, 0.012664794921875, 7.37890625, 0.2822265625, 0.006496429443359375, 8.7734375, 0.52685546875, 0.01446533203125, 6.0390625, 1.4482421875, 0.0312042236328125, 0.1817626953125, 4.9765625, 0.218994140625, 0.6533203125, 0.04803466796875, 5.32421875, 5.1953125, 0.499267578125, 0.00927734375, 6.75390625, 3.6328125, 7.00390625, 0.16943359375, 0.004974365234375, 2.669921875, 6.359375, 2.8046875, 2.509765625, 0.0268096923828125, 0.03399658203125, 7.97265625, 0.78662109375, 2.9375, 8.71875, 11.1875, 3.091796875, 2.427734375, 1.0615234375, 0.017486572265625, 3.669921875, 2.70703125, 2.48046875, 9.5859375, 0.317626953125, 0.0721435546875, 0.54736328125, 0.005802154541015625, 7.10546875, 5.53125, 0.09649658203125, 0.174072265625, 1.8876953125, 0.0232086181640625, 0.03363037109375, 0.363525390625, 0.06268310546875, 6.08984375, 2.71484375, 4.875, 0.09912109375, 0.0657958984375, 5.70703125, 0.0667724609375, 0.89697265625, 1.28515625, 0.147705078125, 1.455078125, 2.40625, 10.234375, 0.101806640625, 0.059661865234375, 2.822265625, 3.27734375]",-1.2206569280405382
61,1,test,1.431778756945346,0.5066221826289969,0.6075692516665359,3.103398625460217,1.0981100100638663,1.3169140632569076,4.186138696707259,1.663875545636258,1.9060610333121586,9.073508748700505,3.606471360338488,4.131411478295897,0.6391720304537059,0.049385566343352894,0.1288047273123364,1.1621309644612832,0.08979193880609615,0.23419041329515689,1.894911300763041,0.09130806051055673,0.22900832678265348,3.4452932741146194,0.1660146554737394,0.4163787759684605,1.1998183177067683,0.36191100937664633,0.5810989138914192,2.307342918666862,0.6959827103397045,1.1174979113296521,3.319513771072875,1.0079891676041197,1.4629647417821439,6.383680328986298,1.938440706930999,2.8133937341964304,0.13567839195979903,-0.004321608040200986,0.005678391959799023,0.10050251256281406,-0.004497487437185921,-0.004497487437185921,0.07537688442211055,-0.004623115577889414,-0.009623115577889418,0.26291079812206575,0.05892486611737646,0.0722949623449396,0.2705882352941177,0.17085427135678388,0.017972065842999374,0.025612201239922472,0.10606060606060608,0.2341137123745819,0.057152109703463405,0.0717110427416564,0.22483221476510062,11.0,1.0,1.0,13.0,0.0,0.0,14.0,-1.0,-1.0,0.0003162279169069505,-0.0009508854242582018,-9.315051836004074e-05,-0.17732108392241663,-0.17182938179090623,-0.17255341873452235,"[5.171875, 4.94140625, 2.9296875, 5.7421875, 0.169921875, 0.06732177734375, 6.84765625, 0.7021484375, 0.0004634857177734375, 0.002048492431640625, 0.180419921875, 1.0947265625, 2.66796875, 0.0701904296875, 0.06689453125, 1.0595703125, 0.0809326171875, 0.1326904296875, 0.069091796875, 0.009063720703125, 0.059173583984375, 0.036895751953125, 0.00803375244140625, 0.0011243820190429688, 0.71875, 0.01271820068359375, 0.00946807861328125, 0.01561737060546875, 0.1502685546875, 0.018707275390625, 0.044891357421875, 0.01056671142578125, 0.0008401870727539062, 0.01161956787109375, 0.0257720947265625, 0.0213775634765625, 0.0264892578125, 0.0355224609375, 1.1044921875, 5.73046875, 3.529296875, 2.662109375, 19.609375, 9.8359375, 2.4609375, 0.92626953125, 0.740234375, 0.050872802734375, 0.000934600830078125, 0.0013751983642578125, 0.0004596710205078125, 0.07012939453125, 0.7294921875, 0.07012939453125, 0.99365234375, 0.00539398193359375, 0.00702667236328125, 0.3486328125, 0.00250244140625, 0.0243682861328125, 0.007091522216796875, 0.0093994140625, 0.0001659393310546875, 0.00035262107849121094, 0.363525390625, 0.01678466796875, 0.00821685791015625, 0.0044403076171875, 8.0078125, 3.234375, 4.12890625, 0.1756591796875, 1.3193359375, 0.00634765625, 0.11749267578125, 0.0250701904296875, 0.02105712890625, 0.0010328292846679688, 0.044952392578125, 0.0015363693237304688, 0.002593994140625, 8.821487426757812e-05, 0.0014123916625976562, 0.0023517608642578125, 2.8252601623535156e-05, 0.1612548828125, 0.00016236305236816406, 0.0037479400634765625, 0.69384765625, 0.00015974044799804688, 0.2349853515625, 2.6345252990722656e-05, 0.0005202293395996094, 0.0106658935546875, 3.790855407714844e-05, 0.0064849853515625, 0.09857177734375, 0.0360107421875, 0.0361328125, 0.0531005859375, 1.6962890625, 0.050567626953125, 1.9311904907226562e-05, 0.0033016204833984375, 0.0001583099365234375, 1.800060272216797e-05, 0.00021719932556152344, 2.2649765014648438e-05, 9.417533874511719e-05, 7.653236389160156e-05, 0.00019550323486328125, 0.0014438629150390625, 6.794929504394531e-05, 0.0009169578552246094, 3.0994415283203125e-06, 0.0022869110107421875, 0.055206298828125, 0.0297393798828125, 0.01202392578125, 0.059539794921875, 0.0124969482421875, 7.963180541992188e-05, 3.635883331298828e-05, 4.9948692321777344e-05, 2.0503997802734375e-05, 5.245208740234375e-06, 0.0010004043579101562, 0.0007691383361816406, 0.00022029876708984375, 0.00011491775512695312, 0.00032329559326171875, 0.022125244140625, 0.007022857666015625, 5.924701690673828e-05, 0.0008091926574707031, 0.00010061264038085938, 2.205371856689453e-05, 5.125999450683594e-06, 6.878376007080078e-05, 4.470348358154297e-05, 0.0003409385681152344, 0.006778717041015625, 0.0008072853088378906, 0.00020003318786621094, 0.00673675537109375, 0.0010595321655273438, 4.553794860839844e-05, 0.00040650367736816406, 5.0078125, 0.006885528564453125, 3.6954879760742188e-06, 2.86102294921875e-05, 0.0026454925537109375, 0.00013053417205810547, 0.00011324882507324219, 5.5670738220214844e-05, 7.045269012451172e-05, 0.00039887428283691406, 0.0003306865692138672, 2.7418136596679688e-05, 0.00017058849334716797, 1.3232231140136719e-05, 0.0019235610961914062, 0.3291015625, 0.006866455078125, 0.0182037353515625, 4.76837158203125e-07, 0.3671875, 0.0003783702850341797, 0.0001285076141357422, 2.86102294921875e-06, 0.00269317626953125, 0.00020313262939453125, 2.2649765014648438e-06, 2.0623207092285156e-05, 0.007648468017578125, 3.056640625, 0.0010137557983398438, 0.005229949951171875, 0.0020008087158203125, 0.0007839202880859375, 0.0012102127075195312, 0.0163726806640625, 0.25341796875, 0.77587890625, 9.8203125, 0.61376953125, 0.075927734375, 0.058868408203125, 0.04901123046875, 0.004177093505859375, 0.0213775634765625, 0.127685546875, 3.203125, 0.17919921875, 0.326171875, 0.007198333740234375, 0.0582275390625, 3.107421875, 0.018951416015625, 3.431640625, 0.049835205078125, 0.132080078125, 0.049957275390625, 0.02362060546875, 1.111328125, 0.0006527900695800781, 0.12939453125, 0.0190887451171875, 0.01451873779296875, 7.09765625, 3.201171875, 5.171875, 4.984375, 4.3828125, 0.92578125, 0.050872802734375, 0.05255126953125, 0.0330810546875, 3.802734375, 0.1846923828125, 0.0782470703125, 0.12890625, 0.05718994140625, 0.020782470703125, 2.7890625, 0.08013916015625, 0.6943359375, 0.00714111328125, 0.1929931640625, 0.17724609375, 5.7697296142578125e-05, 0.00020229816436767578, 0.0034885406494140625, 7.0546875, 12.0, 0.6396484375, 5.0546875, 8.46875, 5.46484375, 1.7900390625, 5.70703125, 0.346435546875, 7.18359375, 0.33984375, 0.0188140869140625, 0.1317138671875, 0.032958984375, 0.4287109375, 9.72747802734375e-05, 0.00028634071350097656, 0.0026035308837890625, 1.3056640625, 0.6015625, 0.002777099609375, 0.5166015625, 0.0293121337890625, 0.164794921875, 0.0309600830078125, 1.7548828125, 0.0301971435546875, 8.171875, 3.498046875, 1.5439453125, 0.0526123046875, 2.13671875, 0.02838134765625, 0.126220703125, 6.53125, 16.46875, 5.3046875, 4.48828125, 0.385009765625, 8.34375, 5.4375, 3.130859375, 1.34765625, 3.390625, 0.061920166015625, 0.002429962158203125, 7.12109375, 3.380859375, 1.56640625, 10.40625, 3.96484375, 0.72509765625, 5.94140625, 0.10198974609375, 0.012359619140625, 5.0, 0.01349639892578125, 2.34765625, 7.30859375, 5.34375, 5.90625, 0.4169921875, 0.0247650146484375, 0.81640625, 4.27734375, 0.306884765625, 0.02581787109375, 0.17431640625, 6.0234375, 0.203125, 0.78955078125, 5.48046875, 3.23828125, 2.30078125, 0.01354217529296875, 7.44140625, 0.0322265625, 0.116455078125, 0.0209503173828125, 0.004039764404296875, 1.232421875, 2.953125, 0.029052734375, 0.78564453125, 3.1875, 0.01474761962890625, 0.09014892578125, 2.068359375, 0.68212890625, 0.384765625, 1.0341796875, 7.6796875, 0.5546875, 0.03070068359375, 0.0090179443359375, 0.00327301025390625, 0.1365966796875, 0.1632080078125, 0.3818359375, 9.46875, 10.6015625, 0.043426513671875, 0.09765625, 2.388671875, 0.203857421875, 1.8671875, 0.0201568603515625, 0.01107025146484375, 0.0014772415161132812, 0.18798828125, 3.978515625, 0.441162109375, 2.529296875, 0.77490234375, 0.013671875, 0.00342559814453125, 0.0019474029541015625, 0.07672119140625, 0.1767578125, 9.140625, 2.029296875, 0.147216796875, 3.6796875, 2.59765625, 2.80078125, 0.78125, 2.818359375, 0.0034809112548828125, 0.0027332305908203125, 1.978515625, 8.140625, 0.70703125, 5.85546875, 4.046875, 3.234375, 0.5966796875, 0.448486328125, 0.425537109375, 0.0004878044128417969, 0.000247955322265625, 5.5, 2.849609375, 0.298583984375, 2.30859375, 4.6640625, 7.48828125, 0.004444122314453125, 0.5439453125, 0.70361328125, 0.00370025634765625, 0.001728057861328125, 0.439208984375, 1.31640625, 0.004665374755859375, 0.1134033203125, 3.25, 7.93359375, 6.04296875, 3.5703125, 3.1796875, 3.50390625, 1.7158203125, 6.45703125, 0.17236328125, 5.40234375, 2.146484375, 0.2408447265625, 5.06640625, 1.52734375, 1.3115234375, 7.70703125, 4.421875, 6.765625, 1.33984375, 0.335205078125, 3.359375, 0.1317138671875, 0.325927734375, 0.0088348388671875, 0.0130767822265625, 3.3515625, 0.0080718994140625, 0.3828125, 0.036651611328125, 0.2041015625, 0.91015625, 5.9453125, 2.880859375, 0.133056640625, 0.01287841796875, 0.061492919921875, 0.1534423828125]",-2.6003057080815095
13,1,test,2.598620289331907,1.182423528058373,1.524924428681724,6.348528048620987,2.8887055812058984,3.7254482877920596,13.445174780906994,9.323758914278669,10.519000508856509,32.84707256601329,22.778297094377002,25.69831769885198,3.1663405739482324,1.4541054162971199,2.011659432281177,5.506679259040404,2.5288789848645563,3.498538143097699,23.720521841439936,18.179188441819228,20.547510326392633,41.2530814633738,31.61597989881605,35.73480056763936,2.9249416342547105,1.3723564842094844,1.8675655617975528,6.051603381216642,2.8393582431920366,3.8639287485466607,18.633138481146396,13.909472684245547,15.754331192575076,38.5513209954753,28.778219346714923,32.59516798463809,0.6733668341708543,0.008366834170854265,0.01336683417085438,0.5326633165829145,0.0076633165829145256,0.0076633165829145256,0.4321608040201005,-0.00783919597989946,-0.01783919597989947,0.37922077922077924,0.10036215405865212,0.14950425918167853,0.3359375,0.42211055276381915,0.1288774700570522,0.1917265794750045,0.4040404040404041,0.40802675585284276,0.10418702296469584,0.1777709160308183,0.38926174496644295,22.0,0.0,1.0,34.0,-1.0,0.0,43.0,0.0,1.0,0.0001844830486330649,0.0008555294927436015,0.0001401166861791557,-0.02857245059261082,-0.03939538978972745,-0.03202958011763979,"[7.15625, 9.28125, 5.22265625, 1.9853515625, 10.6328125, 0.98779296875, 2.029296875, 3.314453125, 6.40625, 0.25146484375, 0.57275390625, 0.81005859375, 1.37109375, 0.07818603515625, 0.002269744873046875, 0.0618896484375, 1.37109375, 11.3203125, 4.7109375, 1.638671875, 5.1171875, 3.857421875, 0.56689453125, 6.90234375, 0.376220703125, 8.96875, 0.1851806640625, 3.490234375, 0.2017822265625, 6.50390625, 3.19140625, 0.21533203125, 1.5400390625, 5.16015625, 0.191650390625, 6.0234375, 1.451171875, 7.08984375, 0.2216796875, 6.484375, 1.17578125, 3.056640625, 1.337890625, 6.94140625, 2.380859375, 4.91015625, 0.0496826171875, 0.01065826416015625, 0.078125, 0.0195465087890625, 4.203125, 0.0245819091796875, 1.515625, 0.382568359375, 7.75, 0.90966796875, 0.6884765625, 4.484375, 7.15625, 0.7412109375, 2.705078125, 2.865234375, 0.0701904296875, 4.140625, 4.8515625, 0.317138671875, 7.12890625, 2.16015625, 9.6328125, 0.1048583984375, 0.0263824462890625, 0.517578125, 0.01557159423828125, 0.54833984375, 0.07183837890625, 0.033172607421875, 6.06640625, 0.12005615234375, 0.8916015625, 0.10162353515625, 3.859375, 0.002628326416015625, 0.01904296875, 3.333984375, 0.0751953125, 1.2763671875, 1.759765625, 0.6015625, 0.03289794921875, 3.80078125, 1.9404296875, 5.46484375, 6.25390625, 1.572265625, 4.80078125, 1.7119140625, 3.0234375, 3.23828125, 1.8427734375, 6.75, 4.94921875, 1.7705078125, 1.080078125, 0.52392578125, 0.050079345703125, 6.05859375, 4.57421875, 8.171875, 3.361328125, 1.890625, 4.70703125, 0.40234375, 6.40625, 0.8125, 2.98046875, 0.371826171875, 0.58251953125, 4.140625, 1.6689453125, 2.314453125, 0.004573822021484375, 5.73828125, 3.923828125, 13.1015625, 0.1317138671875, 0.0089569091796875, 0.461669921875, 10.4140625, 2.578125, 5.16796875, 7.09765625, 7.84765625, 0.75439453125, 4.16015625, 0.4287109375, 1.4990234375, 2.046875, 8.8671875, 4.1484375, 7.796875, 5.1484375, 2.390625, 4.12890625, 2.951171875, 10.1328125, 6.76171875, 2.33984375, 2.76953125, 7.203125, 3.271484375, 0.31787109375, 0.457763671875, 5.80078125, 4.91015625, 0.2197265625, 0.493408203125, 9.3828125, 4.82421875, 2.115234375, 4.796875, 4.65234375, 7.41015625, 1.9541015625, 9.4765625, 1.515625, 0.1964111328125, 0.150146484375, 8.7421875, 10.0390625, 0.277587890625, 6.3671875, 1.1513671875, 8.2890625, 0.289306640625, 0.386962890625, 5.16015625, 4.40234375, 4.29296875, 2.236328125, 7.359375, 2.64453125, 0.04852294921875, 1.85546875, 1.083984375, 4.22265625, 0.4306640625, 7.21484375, 5.06640625, 0.489013671875, 5.10546875, 3.115234375, 0.36474609375, 0.167236328125, 1.4658203125, 6.40625, 0.9169921875, 1.244140625, 1.41015625, 2.107421875, 0.36767578125, 0.044158935546875, 0.133544921875, 0.013336181640625, 2.419921875, 6.22265625, 0.309814453125, 1.703125, 0.1337890625, 0.01122283935546875, 11.859375, 0.09002685546875, 5.2734375, 0.0006456375122070312, 0.2279052734375, 1.966796875, 4.08984375, 6.625, 0.10601806640625, 0.0173492431640625, 3.11328125, 0.11724853515625, 1.740234375, 0.66064453125, 2.791015625, 1.4599609375, 1.7646484375, 1.025390625, 3.15234375, 2.134765625, 1.9658203125, 6.46484375, 0.058746337890625, 0.0968017578125, 0.00014579296112060547, 0.64697265625, 0.01387786865234375, 0.00251007080078125, 7.39453125, 1.763671875, 7.78515625, 4.18359375, 0.1705322265625, 0.0828857421875, 0.1024169921875, 0.439697265625, 4.015625, 2.23828125, 3.96875, 0.0046539306640625, 0.0222320556640625, 0.000957489013671875, 0.9619140625, 1.4814453125, 1.4189453125, 2.84765625, 5.93359375, 2.00390625, 3.001953125, 5.8046875, 1.2685546875, 5.32421875, 2.54296875, 0.28173828125, 5.09765625, 3.505859375, 2.810546875, 3.345703125, 1.15625, 2.1953125, 2.970703125, 3.18359375, 11.15625, 0.361328125, 0.07440185546875, 1.259765625, 2.05078125, 0.083740234375, 0.5751953125, 6.203125, 6.13671875, 1.072265625, 3.255859375, 5.7734375, 0.6728515625, 3.27734375, 2.84375, 2.451171875, 0.476318359375, 0.826171875, 2.962890625, 2.4453125, 7.56640625, 3.412109375, 10.9140625, 2.009765625, 1.6181640625, 0.0013704299926757812, 0.132080078125, 4.80859375, 6.45703125, 1.3662109375, 5.62890625, 2.68359375, 1.5283203125, 7.1484375, 4.94140625, 0.6611328125, 0.60107421875, 0.059417724609375, 4.91796875, 0.021728515625, 5.22265625, 0.51025390625, 1.4951171875, 0.405029296875, 0.91796875, 1.1689453125, 0.12939453125, 2.3671875, 3.693359375, 10.234375, 0.4599609375, 0.8427734375, 1.5634765625, 0.1846923828125, 2.458984375, 0.044891357421875, 1.439453125, 0.11859130859375, 0.36767578125, 0.04815673828125, 0.96240234375, 0.23046875, 0.01078033447265625, 0.433349609375, 2.287109375, 5.2265625, 0.004779815673828125, 0.0433349609375, 0.6435546875, 0.1939697265625, 0.64453125, 0.01169586181640625, 0.85986328125, 0.027435302734375, 0.10992431640625, 0.047149658203125, 0.1292724609375, 0.1883544921875, 0.003276824951171875, 0.0855712890625, 1.0537109375, 0.294677734375, 0.0009493827819824219, 0.056671142578125, 0.373046875, 0.2274169921875, 0.84619140625, 0.003978729248046875, 1.1328125, 0.0296478271484375, 0.13671875, 0.03033447265625, 1.935546875, 0.11456298828125, 0.0014829635620117188, 0.04901123046875, 0.67041015625, 0.192626953125, 0.0009336471557617188, 0.022064208984375, 1.361328125, 0.259033203125, 0.80712890625, 6.26171875, 0.775390625, 4.10546875, 5.49609375, 0.95947265625, 3.81640625, 7.53515625, 3.34375, 0.489501953125, 1.9541015625, 0.13330078125]",-1.3341428103385033
189,1,test,1.326006677713287,0.49410284210732747,0.5856919604298237,3.0173417258169697,1.1243360590809595,1.3327480324066399,3.7659745700892353,1.4682855691426093,1.6693793246545154,8.569513562549995,3.341098795089815,3.798689687734255,0.7003084319320756,0.11867452920067967,0.2396850213441598,1.2968674665408806,0.21976764666792525,0.4438611506373329,2.0143739089030186,0.22541487974545205,0.4293120875324141,3.7303220535241084,0.4174349624915781,0.7950223843192856,0.9820836319971245,0.31449184963262145,0.4814862193499153,2.004252310198213,0.641820101291064,0.9826249374488065,2.6700137761273997,0.7204770220056247,1.0203072442139811,5.4490077063824485,1.470361269399234,2.0822596820693495,0.14070351758793975,-0.004296482412060265,-0.004296482412060265,0.09547738693467334,-0.009522613065326646,-0.004522613065326642,0.08040201005025127,0.0004020100502513113,0.0004020100502513113,0.24943820224719104,0.06088601369500246,0.07348512306830546,0.2702702702702703,0.1507537688442211,0.010402891651238644,0.02721453679079877,0.14646464646464652,0.19732441471571904,0.018693362962797555,0.05271929791927854,0.20805369127516782,13.0,1.0,1.0,16.0,1.0,2.0,19.0,2.0,3.0,-0.0003764861356565057,-0.0013093385027344226,-0.00016499957017573276,-0.11731760366723654,-0.1160843279118513,-0.1259268888247993,"[2.1875, 2.275390625, 2.275390625, 5.21484375, 5.40625, 6.75390625, 2.7734375, 0.2388916015625, 0.022369384765625, 1.3779296875, 0.230224609375, 0.13623046875, 0.1593017578125, 0.1982421875, 0.0035247802734375, 0.298828125, 0.00684356689453125, 0.0086822509765625, 0.043731689453125, 0.000659942626953125, 0.00601959228515625, 0.0012226104736328125, 0.00128936767578125, 8.344650268554688e-07, 1.5497207641601562e-05, 0.03363037109375, 0.006198883056640625, 0.004528045654296875, 0.0004780292510986328, 0.01129150390625, 0.1357421875, 5.030632019042969e-05, 0.0005044937133789062, 2.574920654296875e-05, 0.00013315677642822266, 0.0015048980712890625, 0.0015192031860351562, 0.001377105712890625, 0.00437164306640625, 0.0021209716796875, 0.0008254051208496094, 0.0002551078796386719, 0.00904083251953125, 0.00598907470703125, 2.6941299438476562e-05, 0.02001953125, 0.00017023086547851562, 0.0011358261108398438, 0.00018012523651123047, 0.002544403076171875, 0.0004277229309082031, 0.00014090538024902344, 0.0006613731384277344, 0.003887176513671875, 2.467632293701172e-05, 0.005062103271484375, 0.0121917724609375, 0.0010280609130859375, 0.09051513671875, 0.0011186599731445312, 2.037109375, 0.0209197998046875, 9.417533874511719e-06, 0.0013151168823242188, 0.0001506805419921875, 5.4836273193359375e-06, 2.574920654296875e-05, 8.58306884765625e-06, 5.6743621826171875e-05, 0.0006189346313476562, 0.0007219314575195312, 0.0012311935424804688, 2.574920654296875e-05, 0.00033974647521972656, 4.410743713378906e-06, 0.0025424957275390625, 0.00836181640625, 0.004955291748046875, 0.00948333740234375, 0.00022077560424804688, 0.0038928985595703125, 2.110004425048828e-05, 0.00012743473052978516, 0.0004780292510986328, 5.996227264404297e-05, 1.0967254638671875e-05, 1.0967254638671875e-05, 0.0005488395690917969, 6.103515625e-05, 7.045269012451172e-05, 0.000125885009765625, 0.008758544921875, 0.00269317626953125, 8.344650268554688e-07, 0.0005664825439453125, 4.494190216064453e-05, 2.1338462829589844e-05, 6.4373016357421875e-06, 2.3484230041503906e-05, 1.1920928955078125e-06, 0.0009207725524902344, 0.004749298095703125, 0.0003254413604736328, 6.771087646484375e-05, 0.002513885498046875, 0.0004687309265136719, 4.565715789794922e-05, 0.0003466606140136719, 0.0010442733764648438, 1.1920928955078125e-07, 0.00405120849609375, 4.7087669372558594e-05, 0.00013768672943115234, 0.00013554096221923828, 7.271766662597656e-05, 0.0002237558364868164, 0.00024580955505371094, 0.0004119873046875, 7.915496826171875e-05, 7.772445678710938e-05, 0.0010614395141601562, 0.01849365234375, 0.000885009765625, 0.006801605224609375, 0.0025577545166015625, 0.004467010498046875, 0.000438690185546875, 0.00010836124420166016, 2.8252601623535156e-05, 2.2530555725097656e-05, 3.314018249511719e-05, 0.00018036365509033203, 3.6716461181640625e-05, 7.510185241699219e-06, 0.00015985965728759766, 0.0009255409240722656, 2.6226043701171875e-06, 0.00013506412506103516, 0.0019378662109375, 0.00029397010803222656, 1.1920928955078125e-05, 0.0018053054809570312, 0.0061187744140625, 0.0261077880859375, 0.0064697265625, 0.73828125, 0.255615234375, 10.5546875, 1.169921875, 12.6015625, 6.53125, 0.326171875, 7.98828125, 7.67578125, 1.6484375, 4.73046875, 0.204345703125, 5.6796875, 1.0556640625, 6.9140625, 1.4765625, 0.010833740234375, 0.0279083251953125, 0.0648193359375, 2.943359375, 0.001041412353515625, 1.328125, 0.0029201507568359375, 0.521484375, 0.368896484375, 0.0008025169372558594, 0.31591796875, 0.10870361328125, 0.0002541542053222656, 0.032928466796875, 0.0007557868957519531, 14.453125, 0.055206298828125, 0.0012645721435546875, 0.31689453125, 5.02734375, 0.0004088878631591797, 2.666015625, 0.0078887939453125, 1.4013671875, 0.0665283203125, 4.20703125, 1.12109375, 0.28466796875, 0.0030727386474609375, 0.6962890625, 0.0443115234375, 0.00013899803161621094, 0.86865234375, 0.0008296966552734375, 0.50830078125, 0.0077362060546875, 0.67919921875, 0.0350341796875, 0.0212249755859375, 0.0012159347534179688, 0.31494140625, 0.0328369140625, 0.00021064281463623047, 0.450439453125, 0.0010461807250976562, 0.1776123046875, 0.006862640380859375, 2.232421875, 0.369384765625, 0.0033855438232421875, 1.31640625, 0.796875, 1.18359375, 3.283203125, 7.164478302001953e-05, 0.2093505859375, 0.00202178955078125, 0.5390625, 0.00679779052734375, 1.6943359375, 0.11077880859375, 5.06640625, 0.007144927978515625, 0.1285400390625, 0.00203704833984375, 0.207763671875, 5.7816505432128906e-05, 0.01556396484375, 0.00035500526428222656, 0.147216796875, 0.00672149658203125, 0.1685791015625, 0.0003559589385986328, 0.201416015625, 0.1741943359375, 0.2265625, 0.021209716796875, 0.052398681640625, 0.0279388427734375, 1.314453125, 1.505859375, 0.0146636962890625, 0.006824493408203125, 2.90625, 5.12890625, 11.0390625, 7.59375, 2.623046875, 0.1522216796875, 0.31494140625, 0.2393798828125, 0.05206298828125, 0.385986328125, 0.2259521484375, 5.9921875, 11.4765625, 9.96875, 9.15625, 0.46923828125, 0.69580078125, 0.0016460418701171875, 0.75390625, 2.52734375, 0.3876953125, 5.3203125, 0.7880859375, 8.5625, 0.1312255859375, 0.6240234375, 5.40625, 2.44140625, 1.470703125, 2.4453125, 1.7861328125, 0.81884765625, 5.51171875, 2.017578125, 0.0972900390625, 2.2578125, 6.703125, 0.468017578125, 0.0318603515625, 2.126953125, 1.484375, 0.00501251220703125, 1.3681640625, 0.1014404296875, 0.00029158592224121094, 0.034088134765625, 1.4931640625, 0.001964569091796875, 0.06439208984375, 0.0208892822265625, 1.3525390625, 7.20703125, 0.04559326171875, 0.56884765625, 1.3681640625, 4.41015625, 0.662109375, 5.65234375, 2.173828125, 4.14453125, 0.79638671875, 3.822265625, 7.5, 5.69921875, 6.53515625, 0.95263671875, 2.49609375, 1.2744140625, 0.032012939453125, 2.189453125, 0.11578369140625, 0.03839111328125, 0.66748046875, 0.7216796875, 4.09765625, 0.2451171875, 0.70556640625, 2.740234375, 0.7119140625, 0.01244354248046875, 0.002750396728515625, 8.46875, 4.171875, 1.861328125, 0.11083984375, 0.0017557144165039062, 0.314453125, 0.279296875, 0.0006918907165527344, 0.01386260986328125, 0.0615234375, 1.42578125, 3.419921875, 4.94921875, 0.90771484375, 0.000255584716796875, 0.313720703125, 0.01422882080078125, 0.00685882568359375, 4.51171875, 1.052734375, 3.365234375, 11.1015625, 5.4296875, 16.5625, 0.408203125, 0.07806396484375, 3.5078125, 3.11328125, 5.15234375, 9.3359375, 0.431396484375, 0.08978271484375, 0.00846099853515625, 1.3017578125, 4.03515625, 0.00313568115234375, 0.1026611328125, 0.007843017578125, 0.0005235671997070312, 0.0009613037109375, 10.7890625, 7.0859375, 9.546875, 9.75, 4.5078125, 0.121337890625, 0.0065765380859375, 0.048858642578125, 0.2225341796875, 4.017353057861328e-05, 0.0009603500366210938, 0.06256103515625, 0.75, 0.36279296875, 5.9453125, 5.66015625, 4.0390625, 0.35986328125, 4.363059997558594e-05, 0.049163818359375, 0.0022106170654296875, 0.0013208389282226562, 5.73046875, 1.5634765625, 0.62548828125, 5.765625, 1.24609375, 0.472412109375, 2.416015625, 5.828125, 0.32568359375, 0.0038089752197265625, 0.1162109375, 0.01122283935546875, 0.0004382133483886719, 0.0009832382202148438, 9.2421875, 0.1888427734375, 2.564453125, 1.0087890625, 1.3916015625, 0.0012521743774414062, 0.043304443359375, 0.00504302978515625, 0.0184478759765625, 0.043182373046875, 2.8371810913085938e-05, 0.0026187896728515625, 0.048675537109375, 0.72265625, 0.49462890625, 0.25390625, 0.25390625, 0.28515625, 0.03875732421875, 1.9431114196777344e-05, 0.00701904296875, 0.0007886886596679688, 0.0007753372192382812, 1.9970703125, 0.0276947021484375, 4.0390625, 5.10546875, 0.0002155303955078125, 0.1630859375, 0.72802734375, 6.76953125, 0.6201171875, 0.52197265625, 0.480712890625, 0.13818359375, 0.0027370452880859375, 0.0482177734375, 0.00395965576171875, 0.0004107952117919922, 0.0003802776336669922, 4.06640625, 2.66015625, 7.9140625, 2.25]",-2.524048540029633
12,1,test,2.3169437448676704,1.0018000510890759,1.260852115003137,5.442123679805459,2.3530652362789923,2.9615363631469034,10.144622324809625,6.419336077559025,7.269510325234377,23.82806639083191,15.07797543798748,17.074896345317956,2.0779282747201586,0.8248586997498082,1.2038273860093724,3.7440149094056907,1.4862318914410957,2.16905835317004,7.987903019611432,4.486829732419,5.591183612166366,14.39261805335393,8.08437789625045,10.074204706606064,2.26891012574518,0.9819834908245217,1.3852993759435612,4.793472096644747,2.074613008784201,2.926688822415975,9.668857230957057,6.0472184152332105,7.249236633900999,20.427163163993782,12.775813553309598,15.315288663171124,0.4773869346733668,0.002386934673366814,0.012386934673366823,0.35678391959798994,0.001783919597989958,-0.013216080402010055,0.27638190954773867,-0.01861809045226137,0.006381909547738651,0.3771712158808933,0.11199153806181028,0.1445221445221445,0.37064676616915426,0.3517587939698492,0.08860089923300707,0.14307765874447353,0.297979797979798,0.36454849498327757,0.09409774373119073,0.15876429031141992,0.3523489932885906,19.0,7.0,7.0,28.0,11.0,11.0,34.0,12.0,12.0,0.000382209360216888,-0.00037545989779492876,0.00010832138089103721,-0.07534493059307046,-0.06297434119337186,-0.07064833639256385,"[7.51171875, 1.6181640625, 6.08984375, 3.28125, 3.22265625, 0.0020885467529296875, 11.171875, 12.2890625, 6.80859375, 7.50390625, 1.6572265625, 5.39453125, 8.328125, 1.0849609375, 5.3671875, 6.24609375, 2.8515625, 0.01001739501953125, 1.9443359375, 6.5390625, 12.1640625, 10.03125, 1.6279296875, 7.87890625, 1.1982421875, 3.2890625, 1.669921875, 0.0005288124084472656, 8.1640625, 0.045379638671875, 0.5986328125, 0.1287841796875, 0.96240234375, 0.11944580078125, 0.002685546875, 0.05657958984375, 0.001987457275390625, 0.018890380859375, 8.463859558105469e-06, 0.002582550048828125, 0.175048828125, 2.03515625, 0.0026988983154296875, 3.11328125, 0.51025390625, 0.43212890625, 0.03961181640625, 0.041656494140625, 3.09375, 2.15625, 0.1929931640625, 0.009063720703125, 0.004119873046875, 1.4912109375, 3.6835670471191406e-05, 3.07421875, 0.002513885498046875, 0.0018815994262695312, 3.135204315185547e-05, 1.0728836059570312e-06, 0.0005235671997070312, 0.00041413307189941406, 9.262561798095703e-05, 0.0487060546875, 0.0013103485107421875, 0.00884246826171875, 0.062347412109375, 3.19921875, 2.78515625, 0.228759765625, 0.0006403923034667969, 0.2880859375, 1.4580078125, 0.2445068359375, 0.0026683807373046875, 4.91015625, 1.8779296875, 0.3310546875, 3.53515625, 3.880859375, 0.10711669921875, 6.69921875, 0.08935546875, 7.20703125, 0.06353759765625, 2.44140625, 0.5009765625, 0.00032830238342285156, 0.0103302001953125, 0.032196044921875, 2.944469451904297e-05, 0.3134765625, 7.796287536621094e-05, 2.0384788513183594e-05, 0.00021147727966308594, 0.0160369873046875, 2.7418136596679688e-06, 1.1086463928222656e-05, 0.0008134841918945312, 2.968311309814453e-05, 4.589557647705078e-05, 0.00012242794036865234, 6.73532485961914e-05, 0.1824951171875, 0.00034999847412109375, 0.174560546875, 0.288330078125, 0.058502197265625, 0.2359619140625, 0.0033321380615234375, 2.125, 0.0001729726791381836, 0.229248046875, 4.71484375, 1.4375, 0.0501708984375, 0.0026454925537109375, 3.869140625, 0.0002675056457519531, 6.2265625, 0.00389862060546875, 0.0156707763671875, 0.0017175674438476562, 0.008056640625, 3.451171875, 0.0185089111328125, 0.007465362548828125, 0.5, 0.52783203125, 2.517578125, 2.427734375, 4.34765625, 3.650390625, 4.31640625, 0.027435302734375, 6.7421875, 4.5078125, 7.0625, 0.8037109375, 0.0501708984375, 1.15625, 5.76953125, 3.15234375, 3.595703125, 1.986328125, 1.8916015625, 2.65234375, 9.4375, 4.453125, 1.0771484375, 2.337890625, 6.21484375, 1.6728515625, 0.337646484375, 0.0061187744140625, 0.3564453125, 4.0859375, 0.0012216567993164062, 0.267822265625, 3.455078125, 3.349609375, 7.80078125, 2.203125, 3.396484375, 1.373046875, 1.0283203125, 6.89453125, 0.3486328125, 3.28125, 9.5703125, 2.912109375, 0.346923828125, 3.4375, 0.31640625, 0.0012149810791015625, 0.0478515625, 4.7890625, 0.49951171875, 6.70703125, 0.10858154296875, 3.19140625, 1.88671875, 0.392333984375, 0.98193359375, 3.419921875, 3.8828125, 8.5703125, 0.1124267578125, 1.76171875, 0.5009765625, 0.935546875, 1.861328125, 0.0059661865234375, 0.0022068023681640625, 1.3056640625, 1.2041015625, 0.46484375, 0.8330078125, 1.513671875, 1.8056640625, 5.1015625, 3.115234375, 6.65625, 0.0286865234375, 1.16015625, 6.96875, 0.08026123046875, 0.70361328125, 4.19140625, 0.011505126953125, 0.01364898681640625, 2.3828125, 4.4375, 3.376953125, 0.08575439453125, 0.56396484375, 0.004695892333984375, 0.07598876953125, 0.54052734375, 0.00146484375, 0.0169219970703125, 2.14453125, 0.42724609375, 2.052734375, 6.1015625, 1.2548828125, 7.578125, 6.0078125, 1.5087890625, 3.69140625, 7.734375, 4.51953125, 4.8203125, 2.388671875, 0.6513671875, 2.642578125, 0.60791015625, 2.025390625, 0.0284423828125, 0.0015106201171875, 4.640625, 6.66796875, 2.732421875, 1.005859375, 3.626953125, 6.15625, 11.546875, 1.2392578125, 0.8232421875, 1.154296875, 8.5625, 5.6484375, 0.88720703125, 0.310546875, 0.256591796875, 0.007656097412109375, 0.01338958740234375, 7.69140625, 0.41796875, 2.375, 4.11328125, 7.99609375, 2.2109375, 13.0078125, 3.15625, 5.8125, 4.5234375, 2.796875, 5.61328125, 1.7705078125, 2.029296875, 0.349365234375, 8.859375, 1.7890625, 0.0134429931640625, 0.004100799560546875, 2.25, 7.01953125, 0.60986328125, 0.74853515625, 3.103515625, 0.38916015625, 0.399169921875, 0.002780914306640625, 0.05694580078125, 0.312744140625, 0.0031642913818359375, 0.03436279296875, 5.58984375, 0.041290283203125, 2.01953125, 4.390625, 2.568359375, 1.0048828125, 2.853515625, 0.372802734375, 3.396484375, 1.2421875, 7.41796875, 0.1275634765625, 5.1640625, 0.9443359375, 0.0119171142578125, 0.0047607421875, 2.60546875, 2.2265625, 0.498779296875, 0.994140625, 4.06640625, 0.9189453125, 2.57421875, 0.9482421875, 4.8984375, 1.2275390625, 0.58203125, 0.115234375, 0.0027103424072265625, 0.1876220703125, 5.26953125, 3.306640625, 0.11798095703125, 0.04425048828125, 6.36328125, 1.6953125, 1.2021484375, 11.0390625, 0.00458526611328125, 0.015960693359375, 7.23046875, 6.08984375, 2.2890625, 0.0297698974609375, 1.23046875, 6.26953125, 3.265625, 1.564453125, 0.16748046875, 2.419921875, 5.59765625, 5.23828125, 5.0, 4.23046875, 4.67578125, 1.9521484375, 0.5849609375, 1.9462890625, 0.0273284912109375, 0.2393798828125, 1.5244140625, 1.95703125, 0.10272216796875, 1.3271484375, 0.11785888671875, 0.10931396484375, 2.494140625, 0.0221405029296875, 0.060638427734375, 3.82421875, 0.40087890625, 1.564453125, 4.4140625, 1.5224609375, 8.4296875, 11.171875, 3.935546875, 2.5234375, 5.23828125, 2.0234375, 0.513671875, 0.002727508544921875, 0.006099700927734375, 7.56640625, 6.046875, 1.0771484375, 3.001953125, 2.359375, 7.01953125, 3.58984375, 7.8203125, 4.5859375, 5.53125, 0.0014448165893554688, 0.004695892333984375, 0.351318359375, 6.19140625, 4.34765625, 3.267578125, 1.03515625, 0.325927734375, 1.6474609375, 0.186767578125, 0.030731201171875, 0.03375244140625, 4.34765625, 0.036346435546875, 3.689453125, 3.240234375, 1.3916015625, 0.427001953125, 0.1719970703125, 0.10357666015625, 0.521484375, 0.79541015625]",-1.8260282476250054
220,1,test,3.531881123054318,1.6765707746205085,2.273821028986979,7.042356905968912,3.342980514243316,4.533861324464945,34.18821941075975,27.794537198753655,30.669630280245396,68.16923749175731,55.420622656908805,61.153384013337785,3.6176712956260797,1.6296531297723928,2.2711900806474206,6.131646263773017,2.7621239487667677,3.84947471296173,37.25072082429328,29.949670879589583,33.406844891732426,63.1368149564293,50.76215403320269,56.62177100293632,3.5155551616962137,1.6373076648174512,2.236520378198148,6.938595713874106,3.231528285823917,4.414184956970029,33.634595380737856,27.092565498366874,30.04142551633019,66.38406983040366,53.47216874677672,59.292287203283266,0.7537688442211055,-0.006231155778894548,-0.011231155778894553,0.5879396984924623,-0.002060301507537776,-0.002060301507537776,0.4824120603015075,-0.017587939698492483,-0.007587939698492474,0.44207317073170727,0.1209163975201395,0.192580270123188,0.39449541284403666,0.4371859296482412,0.11387765897154944,0.17174352564156337,0.3939393939393939,0.4280936454849499,0.11256776902418197,0.18004025282644043,0.3825503355704698,25.0,3.0,4.0,37.0,5.0,5.0,44.0,5.0,4.0,0.0005450165663064611,0.00022204738654726803,0.00010571763942430452,0.00039251620327895864,-8.686395899459853e-06,-0.0001419379254530284,"[7.6171875, 8.515625, 9.4296875, 6.265625, 8.7578125, 1.6923828125, 0.01202392578125, 4.18359375, 0.1676025390625, 6.91015625, 5.0703125, 8.8515625, 3.826171875, 0.24560546875, 2.66796875, 3.88671875, 10.03125, 6.30859375, 9.5234375, 0.2822265625, 1.138671875, 2.390625, 1.0341796875, 8.84375, 2.697265625, 8.0703125, 4.59375, 5.53515625, 6.3984375, 8.234375, 1.236328125, 3.359375, 0.84912109375, 10.6171875, 1.7998046875, 5.96484375, 1.2119140625, 1.1279296875, 5.265625, 11.265625, 2.3125, 0.91943359375, 4.8984375, 4.07421875, 0.671875, 0.7021484375, 0.025848388671875, 2.40625, 3.24609375, 0.04754638671875, 1.5439453125, 1.3955078125, 0.38330078125, 9.796875, 0.47998046875, 8.4609375, 2.48046875, 4.0234375, 7.29296875, 1.4736328125, 1.955078125, 4.47265625, 8.28125, 2.494140625, 0.01190185546875, 2.19140625, 8.46875, 4.125, 0.2381591796875, 0.4189453125, 4.05078125, 3.185546875, 2.98046875, 0.050048828125, 0.36572265625, 0.56884765625, 0.359130859375, 0.01971435546875, 5.04296875, 3.1640625, 5.44140625, 0.490478515625, 1.703125, 12.2578125, 1.111328125, 2.04296875, 2.43359375, 8.09375, 4.75, 2.623046875, 1.5859375, 5.28125, 4.65234375, 1.615234375, 0.6005859375, 4.734375, 9.34375, 8.1484375, 8.328125, 9.5234375, 6.46484375, 1.5400390625, 2.361328125, 0.061920166015625, 0.477294921875, 6.43359375, 4.98046875, 0.1214599609375, 0.150634765625, 6.87890625, 0.2196044921875, 0.043548583984375, 2.142578125, 0.01265716552734375, 1.697265625, 0.548828125, 0.421630859375, 7.203125, 3.611328125, 0.07708740234375, 8.234375, 5.9375, 3.14453125, 3.130859375, 5.61328125, 1.58984375, 0.6728515625, 0.7822265625, 0.0174713134765625, 1.1318359375, 2.81640625, 6.46875, 0.0238800048828125, 4.71875, 1.5302734375, 4.7578125, 9.0859375, 1.6767578125, 1.986328125, 1.5576171875, 2.74609375, 2.07421875, 0.95361328125, 12.6640625, 0.5751953125, 0.7109375, 1.0283203125, 3.578125, 4.046875, 0.03460693359375, 4.4140625, 3.0625, 2.041015625, 4.40234375, 2.005859375, 7.18359375, 4.65625, 2.888671875, 3.62109375, 7.15625, 1.904296875, 7.9296875, 0.412353515625, 7.25390625, 0.59619140625, 0.416015625, 5.015625, 7.359375, 3.59375, 3.29296875, 0.7998046875, 7.93359375, 7.46484375, 1.6982421875, 4.609375, 1.9140625, 0.75, 4.89453125, 1.05859375, 4.09765625, 6.0078125, 0.0227813720703125, 0.03485107421875, 5.22265625, 2.86328125, 1.892578125, 1.2724609375, 0.97900390625, 8.6015625, 4.015625, 5.76953125, 2.31640625, 2.64453125, 1.619140625, 7.09765625, 4.46875, 5.2421875, 6.16796875, 2.0625, 1.70703125, 1.4580078125, 4.5546875, 2.005859375, 4.7578125, 6.70703125, 6.08203125, 3.9921875, 0.1639404296875, 1.2236328125, 0.33251953125, 4.046875, 8.046875, 2.22265625, 0.03656005859375, 0.5537109375, 0.12225341796875, 3.123046875, 4.59765625, 3.068359375, 2.162109375, 3.80078125, 5.4296875, 3.85546875, 0.44384765625, 0.416015625, 0.09979248046875, 11.7109375, 1.0087890625, 5.5625, 0.6240234375, 4.64453125, 2.998046875, 0.2359619140625, 2.478515625, 2.046875, 1.513671875, 8.2421875, 5.3203125, 5.49609375, 5.65625, 9.5, 4.9375, 0.8603515625, 5.5234375, 2.314453125, 1.6630859375, 2.548828125, 8.5078125, 9.9765625, 0.173583984375, 0.59228515625, 0.01031494140625, 1.55859375, 6.359375, 0.12237548828125, 6.578125, 3.5546875, 1.7626953125, 10.6953125, 0.125244140625, 2.1484375, 7.86328125, 1.1708984375, 2.45703125, 0.72607421875, 3.548828125, 6.53515625, 0.11083984375, 1.0947265625, 1.5859375, 3.14453125, 8.09375, 1.0400390625, 3.208984375, 0.7197265625, 6.7578125, 7.078125, 6.8203125, 0.3359375, 4.52734375, 3.904296875, 4.37109375, 0.5927734375, 7.21875, 0.50732421875, 4.8671875, 0.063232421875, 4.45703125, 3.681640625, 3.337890625, 3.037109375, 6.0078125, 0.31787109375, 8.921875, 1.2490234375, 0.0894775390625, 1.833984375, 0.0850830078125, 5.16796875, 1.6708984375, 4.953125, 2.404296875, 2.625, 3.162109375, 5.375, 9.0390625, 5.8984375, 0.198974609375, 7.98828125, 4.6953125, 1.87890625, 0.25732421875, 4.17578125, 5.28125, 0.6923828125, 0.955078125, 0.1661376953125, 4.22265625, 4.4140625, 5.28515625, 1.0, 8.3828125, 0.83984375, 0.360595703125, 9.9453125, 0.0513916015625, 1.3671875, 1.3916015625]",-0.9456932253953889
222,1,test,3.4355388466479644,1.5978468816122124,1.878527221596699,6.8872830652140795,3.2032307768169352,3.76591542065376,31.048138244053813,24.766115855472894,26.303516913208806,62.2427299703909,49.649053012150844,52.73110701940445,3.7942001524597706,1.7650265350607617,2.4093501998884266,5.992427224916622,2.7876212736277113,3.805243569665055,44.44267482136474,36.8348780119291,40.44844828493508,70.19120864644114,58.17572003471342,63.882866735730815,3.7200827722166694,1.7323889043979293,2.3648958966261766,6.488516463168609,3.0216085541824347,4.124818424347982,41.26780979534072,33.96912718290579,37.39032429901729,71.97873801512915,59.248477644603106,65.2156819168906,0.6919191919191919,0.001919191919191987,-0.013080808080808137,0.5757575757575757,0.0007575757575757347,0.0007575757575757347,0.4797979797979798,-0.015202020202020217,-0.005202020202020208,0.41981132075471694,0.12888081427650733,0.15197163356019106,0.3877068557919622,0.43434343434343436,0.14215199857517236,0.20279981018236048,0.3959390862944162,0.4180602006688964,0.10420377328993147,0.1777932373763491,0.3993288590604027,24.0,0.0,0.0,35.0,-1.0,0.0,41.0,-2.0,-2.0,-2.336830281136125e-05,7.187119385586538e-05,0.0002922197890404773,-0.007655440140286629,-0.005428651067336254,-0.00909952312031681,"[7.19140625, 6.98828125, 6.45703125, 2.0, 7.5078125, 0.308837890625, 8.15625, 4.33203125, 1.0556640625, 4.17578125, 6.0234375, 6.21484375, 5.80859375, 1.556640625, 9.5859375, 4.59765625, 0.1988525390625, 2.701171875, 3.095703125, 4.3125, 4.35546875, 1.55859375, 5.07421875, 2.068359375, 2.1015625, 1.41796875, 0.191650390625, 0.18017578125, 4.3125, 10.546875, 8.296875, 7.77734375, 8.3828125, 3.59765625, 1.080078125, 0.378173828125, 0.80517578125, 0.0003876686096191406, 5.07421875, 0.0428466796875, 0.03167724609375, 0.01141357421875, 0.01470184326171875, 0.0168914794921875, 1.048828125, 0.40087890625, 0.03076171875, 5.2265625, 6.39453125, 0.044219970703125, 0.259521484375, 6.2421875, 7.125, 3.94140625, 9.375, 10.515625, 1.232421875, 0.154541015625, 0.06390380859375, 5.960464477539062e-07, 0.611328125, 0.01171112060546875, 9.015625, 9.1640625, 4.8828125, 1.11328125, 4.06640625, 1.6484375, 2.748046875, 2.681640625, 4.4296875, 2.705078125, 0.068603515625, 9.5078125, 1.5947265625, 7.74609375, 10.1953125, 6.390625, 5.58203125, 2.123046875, 1.619140625, 0.046722412109375, 2.716796875, 7.1171875, 1.0009765625, 0.0018301010131835938, 0.462890625, 0.087890625, 10.0859375, 0.1737060546875, 4.6328125, 8.21875, 0.323486328125, 0.236083984375, 8.84375, 0.309814453125, 0.74755859375, 1.5595703125, 3.046875, 1.634765625, 4.42578125, 7.90625, 10.53125, 8.5, 2.533203125, 2.28125, 3.3203125, 8.671875, 0.4775390625, 4.6328125, 2.26171875, 2.73046875, 2.384765625, 6.0546875, 5.62890625, 5.39453125, 1.1005859375, 5.25, 1.328125, 0.564453125, 0.1317138671875, 0.6982421875, 5.70703125, 7.80078125, 0.267333984375, 0.031280517578125, 5.1484375, 0.390869140625, 0.459716796875, 5.25, 2.22265625, 3.6015625, 0.0020923614501953125, 7.7734375, 10.0234375, 8.40625, 0.73486328125, 1.86328125, 15.0625, 2.751953125, 6.1015625, 5.625, 0.88037109375, 0.1444091796875, 3.703125, 0.91064453125, 7.9921875, 2.802734375, 1.1357421875, 3.1328125, 2.826171875, 9.109375, 8.625, 1.4052734375, 5.77734375, 12.3671875, 9.6171875, 13.3828125, 4.4765625, 5.66015625, 5.76171875, 11.4453125, 12.5703125, 6.89453125, 0.72509765625, 5.46875, 5.5625, 1.8408203125, 0.0154266357421875, 0.1756591796875, 12.0703125, 0.0005373954772949219, 0.1136474609375, 1.486328125, 0.0548095703125, 3.470703125, 5.2265625, 7.7890625, 0.67919921875, 0.252685546875, 5.55078125, 0.11761474609375, 0.0104522705078125, 0.031402587890625, 2.82421875, 0.00518035888671875, 1.6416015625, 0.224853515625, 1.20703125, 5.859375, 4.9921875, 6.7265625, 0.06085205078125, 0.0006527900695800781, 8.5, 1.5419921875, 1.0458984375, 0.112548828125, 1.0302734375, 4.16796875, 7.75, 4.5390625, 1.533203125, 2.853515625, 1.6796875, 6.90625, 5.51171875, 0.62353515625, 5.66015625, 0.705078125, 1.89453125, 0.0003705024719238281, 0.90771484375, 0.046417236328125, 0.64208984375, 1.1474609375, 2.521484375, 1.1650390625, 1.9443359375, 7.671875, 0.11102294921875, 6.046875, 1.3828125, 0.3857421875, 0.03924560546875, 5.08984375, 6.8125, 6.73046875, 4.09375, 4.46875, 1.998046875, 2.611328125, 2.626953125, 0.07757568359375, 4.453125, 1.96875, 11.2109375, 5.67578125, 0.07916259765625, 3.634765625, 0.0374755859375, 4.4921875, 0.003513336181640625, 2.29296875, 2.513671875, 3.505859375, 3.013671875, 2.455078125, 3.708984375, 2.33984375, 1.20703125, 6.84375, 3.041015625, 2.66796875, 0.121337890625, 5.7734375, 2.8046875, 5.87109375, 6.44140625, 1.205078125, 2.337890625, 4.75390625, 0.01019287109375, 0.8876953125, 6.12890625, 1.484375, 3.033203125, 4.046875, 7.48828125, 3.005859375, 3.189453125, 6.2734375, 7.32421875, 0.86376953125, 4.37890625, 5.3046875, 3.59765625, 2.0390625, 6.5859375, 2.65234375, 2.96484375, 9.40625, 0.0579833984375, 9.1328125, 3.6015625, 1.6220703125, 8.2109375, 11.8671875, 10.3203125, 10.859375, 0.310302734375, 0.2020263671875, 0.0965576171875, 4.80078125, 7.10546875, 11.8984375, 1.294921875, 5.5703125, 3.15625, 0.7939453125, 7.4140625, 2.7578125, 4.3828125, 1.0625, 4.3203125, 1.978515625, 7.1953125, 6.8515625, 4.55078125, 0.11981201171875, 0.2396240234375, 0.9326171875, 8.4765625, 2.0703125, 0.08416748046875, 4.80078125, 6.484375, 0.04302978515625, 1.6005859375, 0.0298614501953125, 0.11578369140625, 0.155517578125, 0.00843048095703125, 14.140625, 0.004589080810546875, 0.0233306884765625, 0.00031638145446777344, 0.016815185546875, 0.0224761962890625, 0.158935546875, 5.09375, 11.046875, 0.431640625, 7.140625, 0.349365234375, 5.40625, 1.224609375, 0.5302734375, 8.1328125, 11.375, 5.35546875, 7.22265625, 3.146484375, 3.767578125, 5.57421875, 2.947265625, 3.90234375, 8.5078125, 1.76953125, 7.484375, 1.11328125, 0.5029296875, 3.80078125, 9.59375, 4.19140625, 5.984375, 4.15625, 1.8359375, 1.759765625, 0.87548828125, 1.1572265625, 0.84326171875, 1.7763671875, 0.8857421875, 3.01953125, 1.5146484375, 3.20703125, 4.640625, 1.4892578125, 4.1640625, 1.9052734375, 4.02734375, 6.390625, 4.5234375, 5.98046875, 6.14453125, 0.05792236328125, 0.44921875, 1.884765625, 2.181640625, 1.021484375, 1.9638671875, 3.107421875, 4.390625, 1.55078125, 5.828125, 16.96875, 1.9638671875, 8.671875, 6.01953125, 0.7109375, 0.275146484375, 0.84765625, 0.1126708984375, 0.030670166015625, 0.64794921875, 1.1767578125, 0.0014753341674804688, 4.10546875, 0.009246826171875, 0.0013608932495117188, 0.0526123046875, 0.0011119842529296875, 0.0011539459228515625, 0.0274505615234375, 0.008453369140625, 0.10430908203125, 0.07879638671875, 0.027496337890625, 0.0390625, 0.05694580078125, 0.1822509765625, 0.0007076263427734375, 0.0041961669921875, 0.0008192062377929688, 0.029083251953125, 0.0020465850830078125, 0.00010418891906738281, 0.67041015625, 0.56982421875, 0.5927734375, 7.328125, 0.11663818359375, 4.62890625]",-1.3022998984692231
47,1,test,0.6273664604335409,0.18058527201365393,0.2256179083162445,1.7614519850634036,0.5070278791152592,0.6334656656571482,1.8726723229143105,0.30940012311437703,0.3782368101313722,5.257887675874795,0.8687003456672899,1.0619725822919301,0.3878346795412763,0.07554471943775137,0.14711346514653975,0.698801224398696,0.13611661159955202,0.26506930657034183,1.4737861171501672,0.10723523632791454,0.2016197929425052,2.6554704813516525,0.1932166420322785,0.3632789062027122,0.66138793393521,0.19074139235089582,0.317206879111289,1.3053709222405459,0.37646327437676796,0.6260662087722807,1.937479562756864,0.3364505722752429,0.5266455120613287,3.8239728212306523,0.6640471821221898,1.039431931699991,0.09547738693467334,0.010477386934673372,0.0004773869346733628,0.05025125628140703,-0.01974874371859292,-0.014748743718592916,0.04020100502512558,0.00020100502512554463,0.00020100502512554463,0.20823798627002288,0.05509512912716574,0.05965538607451948,0.18577981651376152,0.1306532663316583,0.007846248787798604,0.01713072876905397,0.08080808080808077,0.20401337792642138,0.052093511482347976,0.07720581396646586,0.17114093959731547,11.0,0.0,0.0,12.0,0.0,0.0,14.0,0.0,0.0,0.0005785438362517135,-0.0002449226601459432,6.514922496501322e-05,-0.21303460288121734,-0.20212331009680806,-0.22266810582224172,"[1.369140625, 2.291015625, 3.27734375, 6.5234375, 0.0085296630859375, 0.0494384765625, 13.0234375, 12.265625, 1.373046875, 3.677734375, 2.83984375, 0.0009617805480957031, 0.81787109375, 0.022552490234375, 0.4697265625, 2.19140625, 0.0012760162353515625, 0.0035305023193359375, 1.056640625, 0.131591796875, 0.1483154296875, 0.5712890625, 0.1524658203125, 0.0182037353515625, 0.003448486328125, 0.00016069412231445312, 1.1920928955078125e-06, 0.07391357421875, 0.0004010200500488281, 0.0006823539733886719, 0.001003265380859375, 5.447864532470703e-05, 0.004604339599609375, 0.327880859375, 0.00016248226165771484, 0.0010423660278320312, 0.029205322265625, 0.0004608631134033203, 7.069110870361328e-05, 1.4140625, 0.0067596435546875, 0.73486328125, 0.0008740425109863281, 0.485107421875, 0.026153564453125, 0.0108642578125, 4.661083221435547e-05, 0.64111328125, 1.19140625, 0.0004191398620605469, 0.002483367919921875, 8.702278137207031e-06, 0.1278076171875, 0.0016613006591796875, 0.0015888214111328125, 0.36474609375, 0.00975799560546875, 0.1412353515625, 0.1279296875, 0.0001310110092163086, 0.0005602836608886719, 0.314697265625, 0.7783203125, 1.1324882507324219e-05, 0.0005145072937011719, 0.08892822265625, 0.00010776519775390625, 0.0001838207244873047, 3.5762786865234375e-07, 0.00677490234375, 0.0005173683166503906, 6.794929504394531e-06, 2.5510787963867188e-05, -0.0, 0.0005774497985839844, 1.7881393432617188e-06, 0.00048422813415527344, 0.0034160614013671875, 2.12890625, 5.125999450683594e-06, 0.0005340576171875, 0.064208984375, 1.6689300537109375e-05, 0.0002357959747314453, 0.0006670951843261719, 0.00012123584747314453, 2.138671875, 0.00019466876983642578, 4.076957702636719e-05, 0.0006899833679199219, 0.000370025634765625, 0.0014829635620117188, 0.00830078125, 0.001117706298828125, 0.0011425018310546875, 0.0040283203125, 0.00017535686492919922, 0.33984375, 0.0010576248168945312, 3.35546875, 0.0026149749755859375, 1.704692840576172e-05, 0.0006232261657714844, 0.00014460086822509766, 3.933906555175781e-06, 1.1086463928222656e-05, 1.3113021850585938e-06, 1.6808509826660156e-05, 0.00038814544677734375, 0.000484466552734375, 0.00011754035949707031, 2.4080276489257812e-05, 0.000125885009765625, 1.5497207641601562e-06, 0.00042057037353515625, 0.0462646484375, 0.00283050537109375, 0.0131988525390625, 0.00010979175567626953, 0.062744140625, 0.00020813941955566406, 0.0003695487976074219, 0.00034308433532714844, 6.794929504394531e-05, 0.0005354881286621094, 0.0004074573516845703, 5.638599395751953e-05, 0.00022923946380615234, 0.0009341239929199219, 4.76837158203125e-06, 7.593631744384766e-05, 0.01248931884765625, 0.0011224746704101562, 1.71661376953125e-05, 0.006061553955078125, 0.01824951171875, 0.0004839897155761719, 1.1920928955078125e-07, 1.0728836059570312e-06, 4.398822784423828e-05, 5.960464477539062e-07, 1.1801719665527344e-05, 0.0014619827270507812, 0.00036907196044921875, 6.568431854248047e-05, 0.0034122467041015625, 0.00013506412506103516, 0.0003376007080078125, 0.00035452842712402344, 0.00708770751953125, 8.344650268554688e-07, 0.0015716552734375, 0.00015282630920410156, 7.30752944946289e-05, 3.8743019104003906e-05, 1.5497207641601562e-06, 1.5497207641601562e-06, 4.696846008300781e-05, 0.0016107559204101562, 0.00013494491577148438, 0.0001462697982788086, 3.612041473388672e-05, 2.8371810913085938e-05, 0.00041413307189941406, 0.002513885498046875, 0.00122833251953125, 0.0010519027709960938, 0.00040531158447265625, 0.1312255859375, 0.0023250579833984375, 3.2186508178710938e-06, 2.5153160095214844e-05, 9.5367431640625e-06, 6.318092346191406e-06, 1.0728836059570312e-06, 0.0005402565002441406, 3.4570693969726562e-06, 7.510185241699219e-06, 4.8160552978515625e-05, 0.000919342041015625, 6.556510925292969e-06, 0.0007843971252441406, 8.237361907958984e-05, 4.76837158203125e-06, 3.8623809814453125e-05, 0.00017178058624267578, 4.863739013671875e-05, 0.0015268325805664062, 0.0073699951171875, 0.06170654296875, 0.004962921142578125, 0.74267578125, 1.4794921875, 0.00013518333435058594, 0.8720703125, 0.220947265625, 0.0009703636169433594, 0.018798828125, 4.60546875, 0.36572265625, 6.80078125, 2.646484375, 0.73876953125, 0.01320648193359375, 0.016357421875, 0.062408447265625, 2.125, 0.00022101402282714844, 1.1640625, 0.0014543533325195312, 1.4140625, 5.364418029785156e-05, 0.0032634735107421875, 0.69482421875, 0.1866455078125, 1.484375, 0.37060546875, 2.8133392333984375e-05, 0.841796875, 0.00016999244689941406, 0.0081329345703125, 0.314453125, 0.70703125, 0.01209259033203125, 0.0019426345825195312, 0.6943359375, 0.1590576171875, 0.0031108856201171875, 7.3909759521484375e-06, 0.74267578125, 7.367134094238281e-05, 0.006587982177734375, 0.001247406005859375, 0.0977783203125, 3.873046875, 0.2462158203125, 0.04132080078125, 0.0013904571533203125, 0.6953125, 2.287109375, 0.026458740234375, 0.01422882080078125, 1.8212890625, 0.1221923828125, 6.0, 6.82421875, 6.2734375, 0.60888671875, 0.3203125, 0.002643585205078125, 0.08209228515625, 0.1265869140625, 9.234375, 8.0703125, 5.3359375, 1.6767578125, 2.69140625, 0.92724609375, 1.333984375, 0.5947265625, 1.64453125, 0.038177490234375, 0.0299530029296875, 0.0006542205810546875, 0.12548828125, 0.157470703125, 0.65380859375, 6.1640625, 0.94873046875, 0.150634765625, 0.059722900390625, 0.0138397216796875, 3.33203125, 0.1175537109375, 0.01531219482421875, 0.0211029052734375, 6.22265625, 3.275390625, 0.102294921875, 0.330078125, 0.09637451171875, 0.02978515625, 0.030181884765625, 0.00201416015625, 0.9375, 2.505859375, 0.908203125, 1.953125, 0.351318359375, 10.4453125, 0.08056640625, 0.9638671875, 0.453125, 0.06610107421875, 0.0521240234375, 0.1373291015625, 0.0057525634765625, 0.0211181640625, 0.011383056640625, 0.18505859375, 0.09844970703125, 0.0109100341796875, 0.0210113525390625, 0.0011529922485351562, 0.004528045654296875, 0.01003265380859375, 0.002170562744140625, 0.041961669921875, 0.99072265625, 0.020263671875, 0.85595703125, 0.0225372314453125, 0.0187530517578125, 0.00821685791015625, 0.034088134765625, 0.0281219482421875, 0.1346435546875, 0.049407958984375, 7.0703125, 0.5615234375, 1.8642578125, 0.031646728515625, 0.343994140625, 0.338623046875, 0.7080078125, 0.427001953125, 3.052734375, 0.04925537109375, 4.63671875, 0.387939453125, 2.1484375, 0.1929931640625, 0.011688232421875, 0.01186370849609375, 1.70703125, 0.053131103515625, 0.09466552734375, 0.662109375, 0.0284271240234375, 0.08233642578125, 0.0211181640625, 8.015625, 1.1201171875, 0.0207672119140625, 0.0032024383544921875, 3.251953125, 0.77783203125, 0.05780029296875, 0.03265380859375, 0.0020294189453125, 0.00212860107421875, 0.180908203125, 0.0021228790283203125, 0.007266998291015625, 0.253173828125, 0.00627899169921875, 0.2120361328125, 0.0084075927734375, 3.294921875, 0.318603515625, 0.0499267578125, 0.050994873046875, 2.333984375, 0.267333984375, 0.01324462890625, 0.1243896484375, 0.0077056884765625, 0.064208984375, 0.158447265625, 0.34912109375, 0.144287109375, 0.07843017578125, 1.3173828125, 0.0187225341796875, 0.87939453125, 0.71826171875, 0.736328125, 0.032470703125, 0.00782012939453125, 0.0016222000122070312, 0.09222412109375, 0.003978729248046875, 0.0159759521484375, 0.1136474609375, 0.006412506103515625, 0.1192626953125, 0.0216827392578125, 1.6416015625, 0.056304931640625, 0.00838470458984375, 0.003040313720703125, 3.408203125, 0.0186920166015625, 0.002925872802734375, 0.0086669921875, 0.0011930465698242188, 0.001590728759765625, 0.042205810546875, 0.0008945465087890625, 0.0032825469970703125, 0.0601806640625, 0.0015268325805664062, 0.0723876953125, 8.0078125, 3.578125, 0.13671875, 0.75390625, 0.058837890625, 0.049774169921875, 0.007427215576171875, 0.17333984375, 0.03216552734375, 0.0033702850341796875, 0.006114959716796875, 0.004405975341796875, 1.3212890625, 0.0155181884765625, 0.0416259765625, 0.00989532470703125, 0.012664794921875, 0.317138671875, 0.04962158203125, 0.12188720703125, 0.342041015625, 0.0260467529296875, 0.005718231201171875, 0.00213623046875, 0.002323150634765625, 0.1190185546875, 0.0009722709655761719, 0.0029964447021484375, 0.060791015625, 0.0111846923828125, 0.0552978515625, 1.33984375, 0.8447265625, 0.0237274169921875]",-2.274564348587455
125,1,test,0.8684956974453396,0.31656231116477274,0.47085888642307855,1.673442929223947,0.6099615263906595,0.9072646835956879,2.3833229167773835,0.6467156097810569,0.895019520429323,4.592256351839349,1.24611056518789,1.7245498076565005,1.3355024525867634,0.4899627381907634,0.7622551133016094,2.568273947282237,0.9422360349822372,1.4658752178877104,3.8019057439634176,1.4726711471318588,2.027887195990817,7.311357199929649,2.832059898330497,3.89978306921311,0.9095916070268306,0.3106697876975688,0.4915034464971806,1.7270726715699318,0.5898793437295613,0.9332343920832544,2.48330816066454,0.6631528748424624,0.9642535715082372,4.715142077211152,1.2591510281818907,1.8308612117245011,0.2211055276381909,-0.00889447236180907,-0.00889447236180907,0.20603015075376885,0.001030150753768888,0.0060301507537688925,0.1758793969849246,-0.004120603015075441,-0.004120603015075441,0.15555555555555556,0.03530239099859356,0.05545018147757874,0.08280254777070062,0.2211055276381909,0.07860552763819095,0.10629687539193466,0.11616161616161613,0.1705685618729097,0.048901895206242996,0.07178942757768214,0.09060402684563762,19.0,7.0,6.0,25.0,7.0,8.0,30.0,9.0,10.0,0.0031625437779194895,0.001007806449516815,0.00016528525399413165,-0.10800252131633581,-0.10866972403637387,-0.10976667693213438,"[9.15625, 3.830078125, 0.7314453125, 4.796875, 8.265625, 1.919921875, 0.1524658203125, 0.298828125, 8.3828125, 5.2421875, 4.87890625, 11.5625, 7.39453125, 3.654296875, 4.55859375, 11.1796875, 3.576171875, 6.4296875, 3.287109375, 2.09375, 10.390625, 0.180908203125, 6.18359375, 0.791015625, 0.06573486328125, 0.2266845703125, 2.728515625, 9.2578125, 10.9609375, 7.37109375, 9.2734375, 7.90234375, 3.900390625, 4.203125, 4.4453125, 0.0124359130859375, 0.10394287109375, 4.09375, 0.00444793701171875, 0.137939453125, 0.388427734375, 6.1953125, 7.296875, 5.48046875, 2.181640625, 4.55078125, 0.0073699951171875, 0.1776123046875, 0.4072265625, 8.7265625, 0.39404296875, 0.322021484375, 0.0020389556884765625, 3.013671875, 1.4052734375, 2.82421875, 5.74609375, 0.7587890625, 0.9140625, 0.0274658203125, 3.0, 0.1712646484375, 0.00302886962890625, 0.033843994140625, 0.05755615234375, 0.006839752197265625, 0.219482421875, 1.4921875, 0.0089263916015625, 0.0946044921875, 11.203125, 0.0916748046875, 0.006977081298828125, 6.61611557006836e-05, 0.00020384788513183594, 0.003894805908203125, 0.00036334991455078125, 0.00305938720703125, 4.887580871582031e-05, 0.0164031982421875, 0.0015621185302734375, 0.0014638900756835938, 0.022064208984375, 0.15087890625, 0.7080078125, 0.0003795623779296875, 1.4580078125, 3.796875, 0.00045871734619140625, 0.0005478858947753906, 8.106231689453125e-06, 0.0034427642822265625, 0.00836181640625, 0.0010166168212890625, 0.000202178955078125, 0.001079559326171875, 7.95125961303711e-05, 0.70166015625, 0.0003619194030761719, 0.00014138221740722656, 0.69384765625, 3.635883331298828e-05, 0.00040221214294433594, 0.002895355224609375, 0.002101898193359375, 0.0031719207763671875, 0.0008606910705566406, 3.0994415283203125e-06, 0.0009660720825195312, 0.00238037109375, 0.0035419464111328125, 0.00012958049774169922, 0.0001055002212524414, 0.002811431884765625, 0.06365966796875, 9.036064147949219e-05, 0.1351318359375, 0.06488037109375, 4.601478576660156e-05, 0.00017595291137695312, 0.04315185546875, 1.0251998901367188e-05, 0.0018663406372070312, 0.0006227493286132812, 0.0007967948913574219, 0.00817108154296875, 6.222724914550781e-05, 0.00035381317138671875, 7.259845733642578e-05, 0.0016546249389648438, 0.02349853515625, 0.006824493408203125, 0.00019276142120361328, 0.002979278564453125, 0.0035400390625, 0.317138671875, 6.031990051269531e-05, 0.0158233642578125, 0.7451171875, 0.00550079345703125, -0.0, 0.002628326416015625, 0.00171661376953125, 0.0021152496337890625, 0.0030059814453125, 0.0002448558807373047, 0.00012993812561035156, 0.0031719207763671875, 2.9087066650390625e-05, 0.01416778564453125, 7.236003875732422e-05, 0.00406646728515625, 0.0003745555877685547, 0.0205230712890625, 0.05194091796875, 2.384185791015625e-07, 8.511543273925781e-05, 0.0186767578125, 0.0010776519775390625, 8.344650268554688e-05, 4.887580871582031e-06, 2.9921531677246094e-05, 9.5367431640625e-07, 3.5762786865234375e-05, 0.00013959407806396484, 9.5367431640625e-07, 0.007137298583984375, 0.0014925003051757812, 0.02294921875, 0.003238677978515625, 0.01120758056640625, 0.002124786376953125, 0.787109375, 0.2078857421875, 3.5762786865234375e-05, 0.14404296875, 0.35693359375, 0.00989532470703125, 5.8650970458984375e-05, 0.0037250518798828125, 0.0031795501708984375, 0.00449371337890625, 0.0016546249389648438, 0.0011491775512695312, 0.045806884765625, 0.002445220947265625, 0.132568359375, 1.3154296875, 0.00033855438232421875, 0.51708984375, 0.004680633544921875, 0.00598907470703125, 0.0012111663818359375, 0.0048675537109375, 0.00014066696166992188, 0.0014133453369140625, 0.0139617919921875, 0.0017490386962890625, 0.0025501251220703125, 0.07171630859375, 0.01512908935546875, 0.01171112060546875, 0.014556884765625, 0.024566650390625, 0.003276824951171875, 0.0180206298828125, 0.0899658203125, 0.007427215576171875, 0.0002512931823730469, 0.0012273788452148438, 0.007793426513671875, 1.3113021850585938e-06, 0.00013577938079833984, 0.020599365234375, 0.0011453628540039062, 7.331371307373047e-05, 0.0002605915069580078, 0.00014090538024902344, 0.0007305145263671875, 0.0040283203125, 0.6943359375, 2.130859375, 0.0002219676971435547, 0.0833740234375, 0.52783203125, 7.271766662597656e-06, 0.003818511962890625, 6.222724914550781e-05, 0.02630615234375, 0.0004439353942871094, 9.310245513916016e-05, 0.0006256103515625, 0.0002925395965576172, 3.337860107421875e-06, 0.0281219482421875, 0.1317138671875, 0.0006551742553710938, 0.008087158203125, 0.0005359649658203125, 0.00013434886932373047, 0.0013055801391601562, 0.00023114681243896484, 0.0004150867462158203, 4.0531158447265625e-06, 2.9802322387695312e-06, 0.0192718505859375, 0.435302734375, 0.057525634765625, 0.0016355514526367188, 1.0371208190917969e-05, 5.4836273193359375e-05, 0.00435638427734375, 1.365234375, 0.002468109130859375, 0.08502197265625, 0.0350341796875, 0.00047707557678222656, -0.0, 0.002521514892578125, 0.4130859375, 0.081298828125, 2.9802322387695312e-06, 0.1275634765625, 0.0016412734985351562, 5.4836273193359375e-05, 0.0002262592315673828, 0.0009522438049316406, 0.0026226043701171875, 0.0038471221923828125, 0.127197265625, 0.0005297660827636719, 0.0023059844970703125, 0.00026416778564453125, 0.00013697147369384766, 0.0001614093780517578, 0.00016796588897705078, 4.7087669372558594e-05, 0.0021820068359375, 5.960464477539062e-07, 6.556510925292969e-06, 0.003696441650390625, 4.744529724121094e-05, 0.0001627206802368164, 0.00042438507080078125, 0.0090789794921875, 0.00015747547149658203, 0.0557861328125, 4.124641418457031e-05, 0.025146484375, 3.060546875, 0.0198516845703125, 0.00585174560546875, 0.0008597373962402344, 0.0004940032958984375, 0.003620147705078125, 4.76837158203125e-06, 5.1856040954589844e-05, 0.00921630859375, 5.340576171875e-05, 0.006999969482421875, 0.001018524169921875, 0.0003876686096191406, 0.001220703125, 0.0006909370422363281, 0.00870513916015625, 0.0031280517578125, 0.0305938720703125, 0.00557708740234375, 0.0009694099426269531, 0.0002008676528930664, 3.910064697265625e-05, 0.0013065338134765625, 6.532669067382812e-05, 0.0009255409240722656, 0.00034165382385253906]",-1.9336631351047093
237,1,test,1.895390400265017,0.7919476765164934,0.8786114746182323,4.77923708453921,1.996900324119545,2.2154235569674783,6.655146068324383,3.6406197070059023,3.8908695999333425,16.780986591635138,9.179842164439615,9.810848614885685,1.7182689294144138,0.6636463733805265,0.9437345905126584,3.0411839458662193,1.1745953511159761,1.6703267088719618,5.574869613805127,2.7039782650457242,3.405288011636116,9.86702586514182,4.785802239018982,6.027058427674543,1.830855915378966,0.7646170479583811,1.0786501397488766,3.762032702833492,1.5711309204624269,2.216404396744267,6.239224622083152,3.3347896561013037,4.11754982456144,12.820324565924285,6.852307512536925,8.460718817592,0.3668341708542714,-0.00816582914572861,-0.00816582914572861,0.3015075376884422,0.006507537688442144,-0.0034924623115578646,0.2211055276381909,-0.00889447236180907,-0.003894472361809065,0.33974358974358976,0.09748104972224503,0.11100458681103842,0.37044967880085655,0.3065326633165829,0.07344995654966557,0.10786822258202533,0.3434343434343434,0.3411371237458194,0.10407535412979263,0.14758873664904515,0.38590604026845643,19.0,3.0,3.0,27.0,5.0,4.0,31.0,4.0,2.0,-0.00019907797367277517,-0.0006106979125869264,8.530704747311832e-05,-0.07965654248203435,-0.06384713851823154,-0.07824929528755487,"[1.2431640625, 2.35546875, 4.328125, 0.26416015625, 0.1302490234375, 0.005924224853515625, 2.8359375, 1.5185546875, 3.234375, 0.367919921875, 3.26171875, 0.137939453125, 0.1199951171875, 0.0229034423828125, 0.092041015625, 0.00821685791015625, 0.375, 0.05078125, 1.3828277587890625e-05, 0.0002238750457763672, 0.1378173828125, 0.1273193359375, 0.178466796875, 0.0026302337646484375, 0.37353515625, 0.82275390625, 0.00798797607421875, 0.0004413127899169922, 0.00766754150390625, 0.0297088623046875, 0.135986328125, 0.336669921875, 0.077392578125, 0.01029205322265625, 0.0021991729736328125, 0.01346588134765625, 0.0211181640625, 0.0192718505859375, 0.0025615692138671875, 2.8371810913085938e-05, 0.0038776397705078125, 0.003726959228515625, 0.0162811279296875, 0.00035262107849121094, 0.0018434524536132812, 0.03363037109375, 0.019195556640625, 0.0141143798828125, 0.001186370849609375, 0.00013506412506103516, 0.0120849609375, 1.4189453125, 0.1197509765625, 0.00437164306640625, 0.002735137939453125, 5.960464477539062e-07, 0.006496429443359375, 0.69482421875, 0.004322052001953125, 0.05517578125, 2.9802322387695312e-06, 0.068359375, 0.00556182861328125, 0.00982666015625, 0.020233154296875, 0.0009622573852539062, 0.037109375, 0.002262115478515625, 0.0192413330078125, 0.02130126953125, 0.0086822509765625, 0.0059356689453125, 0.005489349365234375, 0.69873046875, 0.04901123046875, 0.7060546875, 0.52294921875, 6.10546875, 0.439208984375, 0.1578369140625, 10.2890625, 3.16796875, 7.8046875, 7.96484375, 1.2919921875, 0.353759765625, 6.08984375, 2.134765625, 0.03466796875, 0.08233642578125, 5.375, 0.35546875, 0.336669921875, 0.128173828125, 0.06341552734375, 0.148681640625, 2.185546875, 2.712890625, 5.9140625, 6.51171875, 2.994140625, 1.2568359375, 6.08203125, 0.87255859375, 8.5, 0.31103515625, 1.1240234375, 0.14111328125, 10.0625, 3.5, 0.490478515625, 0.2237548828125, 0.7724609375, 0.004955291748046875, 0.279541015625, 0.03680419921875, 6.2265625, 0.327880859375, 1.751953125, 0.09869384765625, 0.88427734375, 3.619140625, 0.869140625, 3.3046875, 3.765625, 4.76953125, 1.5458984375, 2.916015625, 1.0078125, 0.334716796875, 2.935546875, 0.26220703125, 0.2322998046875, 2.63671875, 12.5234375, 0.84521484375, 2.1171875, 0.472900390625, 11.734375, 4.94921875, 0.7021484375, 3.44140625, 0.128662109375, 3.67578125, 0.2230224609375, 0.07598876953125, 0.271484375, 2.265625, 0.08935546875, 0.01342010498046875, 8.3046875, 0.00679779052734375, 0.59326171875, 0.365234375, 5.3359375, 2.650390625, 0.0120697021484375, 7.6171875, 1.8662109375, 4.859375, 2.212890625, 4.2265625, 8.34375, 6.4296875, 2.45703125, 0.00572967529296875, 8.2578125, 0.376708984375, 6.0078125, 4.54296875, 0.430419921875, 4.8828125, 9.1484375, 0.578125, 0.342529296875, 1.3154296875, 0.001605987548828125, 2.759765625, 2.7109375, 1.10546875, 0.001995086669921875, 0.04400634765625, 0.1507568359375, 0.26318359375, 2.89453125, 0.98876953125, 1.640625, 0.053863525390625, 0.7724609375, 0.89794921875, 4.390625, 2.21875, 0.001110076904296875, 0.042816162109375, 0.1763916015625, 0.85205078125, 8.265625, 3.251953125, 1.4482421875, 3.875, 0.2486572265625, 0.015380859375, 0.1925048828125, 0.024749755859375, 2.40234375, 4.484375, 3.5234375, 0.1715087890625, 1.0576171875, 0.2276611328125, 2.138671875, 0.0036640167236328125, 2.357421875, 5.1484375, 0.1123046875, 0.055816650390625, 0.6328125, 2.728515625, 0.50927734375, 6.30078125, 0.0017290115356445312, 0.09112548828125, 0.047210693359375, 0.607421875, 0.701171875, 0.0029010772705078125, 2.0546875, 2.1484375, 4.91015625, 1.4443359375, 0.28515625, 3.439453125, 5.625, 12.0234375, 1.005859375, 1.083984375, 3.3515625, 0.0005698204040527344, 0.8486328125, 0.69873046875, 0.007221221923828125, 2.7890625, 7.86328125, 5.234375, 7.1640625, 10.28125, 3.015625, 0.220458984375, 0.00933074951171875, 2.556640625, 3.24609375, 2.015625, 0.030181884765625, 0.04107666015625, 11.5703125, 0.3642578125, 2.72265625, 0.345947265625, 0.11102294921875, 0.40185546875, 3.328125, 1.8076171875, 0.0033092498779296875, 0.2059326171875, 0.01995849609375, 0.96142578125, 0.6943359375, 0.495361328125, 2.203125, 7.91015625, 4.2890625, 2.20703125, 0.060882568359375, 0.0007262229919433594, 0.149658203125, 0.32177734375, 0.0013113021850585938, 1.6533203125, 5.84375, 6.30859375, 1.9013671875, 5.609375, 0.05242919921875, 1.376953125, 0.110107421875, 0.0140228271484375, 2.142578125, 0.051513671875, 4.04296875, 4.23046875, 0.416259765625, 2.103515625, 0.0697021484375, 2.5, 0.0006608963012695312, 2.26171875, 0.73974609375, 1.7275390625, 2.69140625, 0.350830078125, 5.61328125, 0.15966796875, 0.00556182861328125, 0.052520751953125, 0.0194549560546875, 2.00390625, 0.17431640625, 0.134765625, 1.3544921875, 0.0007333755493164062, 0.37744140625, 8.34375, 1.4326171875, 2.25, 9.109375, 0.966796875, 0.0007691383361816406, 1.7744140625, 0.059814453125, 2.12890625, 7.51171875, 3.201171875, 0.0299224853515625, 0.02276611328125, 0.1268310546875, 0.69775390625, 0.472412109375, 1.8330078125, 0.365234375, 0.004302978515625, 8.4765625, 0.0005335807800292969, 0.0214080810546875, 0.1309814453125, 1.478515625, 0.60205078125, 0.463134765625, 9.078125, 0.313720703125, 0.13330078125, 4.5390625, 1.54296875, 0.00992584228515625, 0.037506103515625, 0.0032215118408203125, 1.5859375, 0.131103515625, 0.75, 0.0015096664428710938, 0.1600341796875, 1.8212890625, 0.350341796875, 0.94677734375, 0.8115234375, 0.7568359375, 1.53125, 0.00386810302734375, 0.043182373046875, 0.1317138671875, 0.32177734375, 0.365478515625, 0.319580078125, 0.01326751708984375, 3.6796875, 1.4326171875, 0.000164031982421875, 0.004608154296875, 0.0166473388671875, 0.72900390625, 0.020355224609375, 6.0703125, 0.2138671875, 0.0858154296875, 0.6728515625, 2.744140625, 2.208984375, 2.345703125, 2.234375, 0.05682373046875, 0.07373046875, 2.0859375, 0.01427459716796875, 0.708984375, 0.00705718994140625, 0.03216552734375, 0.12890625, 13.4296875, 1.6171875, 0.0032215118408203125, 2.986328125, 6.44921875, 0.6982421875, 3.482421875, 1.955078125, 5.578125, 10.7578125, 1.0673828125, 5.125, 0.1749267578125, 4.56640625, 0.0211334228515625, 0.5029296875, 3.6953125, 0.6884765625, 0.826171875, 0.06317138671875, 4.265625, 10.90625, 2.2421875, 10.09375, 3.138671875, 2.669921875, 9.8984375, 5.3203125, 6.515625, 0.232177734375, 0.951171875, 7.23828125, 4.61328125, 13.234375, 0.0011768341064453125, 0.10943603515625, 0.219970703125, 0.6650390625, 0.07281494140625, 5.19921875, 0.419677734375, 0.6923828125, 6.140625, 4.078125, 3.349609375, 1.7158203125, 0.440185546875, 2.189453125, 4.015625, 6.61328125, 0.0185394287109375, 0.086669921875, 4.7578125, 2.3203125, 2.322265625, 2.271484375, 1.1123046875, 2.259765625, 2.48828125, 0.1346435546875, 0.006603240966796875, 0.953125, 0.416748046875, 7.43359375, 0.0297698974609375, 0.057525634765625, 0.0411376953125, 0.192626953125, 0.0014562606811523438, 0.017730712890625, 0.93798828125, 0.3779296875, 0.0261077880859375, 0.1563720703125, 0.1273193359375, 0.1868896484375, 0.0030651092529296875, 5.453125, 0.2010498046875, 0.409423828125, 3.609375, 6.921875]",-2.004394164706907
78,1,test,3.8308362328697005,1.812452281030775,2.4422572284318913,6.943390672076332,3.28506975936828,4.426591226532803,46.10107335266852,38.574920876865015,42.091924332252184,83.5581954517117,69.91704408931784,76.29161285220708,4.401415167432843,2.07509485404643,2.8356339453390174,6.686119223810197,3.1522433279025925,4.307566069637133,81.56621688094823,71.32602545490248,76.77980415389304,123.90593251380686,108.35022187424117,116.63496966889096,4.118750267602927,1.8843990256760108,2.629002542449268,6.864583779338211,3.1406650427933513,4.381670904082114,61.482357737580124,52.14193752445879,57.04638144498445,102.47059622930021,86.90322920743132,95.07730240830742,0.8333333333333334,0.008333333333333415,0.008333333333333415,0.7222222222222222,0.01722222222222214,-0.002777777777777768,0.601010101010101,-0.008989898989898992,-0.003989898989898988,0.42651296829971186,0.10421081002633059,0.17724610612962388,0.36416184971098264,0.46464646464646464,0.1271149785003689,0.20290149820351167,0.41624365482233505,0.4448160535117057,0.10090954266028673,0.18786388443495372,0.3926174496644296,24.0,-1.0,0.0,38.0,-1.0,1.0,46.0,-3.0,-1.0,0.0008732560466801654,0.0006470056537421051,0.0005732498947430436,-0.0020202779215701128,-0.00357861215046551,-0.002641562037573486,"[3.61328125, 1.4931640625, 10.625, 14.46875, 11.125, 4.8125, 6.8046875, 8.625, 2.251953125, 5.84375, 4.98046875, 8.453125, 0.405517578125, 9.46875, 11.6328125, 5.3984375, 7.75, 5.171875, 2.935546875, 5.82421875, 9.6953125, 1.7763671875, 0.859375, 2.142578125, 7.703125, 3.14453125, 1.724609375, 0.35302734375, 1.2470703125, 0.01384735107421875, 0.125244140625, 5.96875, 7.69921875, 6.12109375, 6.1328125, 0.0105133056640625, 0.038726806640625, 8.421875, 8.4921875, 0.5751953125, 1.974609375, 3.806640625, 4.6171875, 4.1640625, 8.4296875, 4.92578125, 3.58984375, 4.4765625, 0.0008516311645507812, 0.0036334991455078125, 11.0078125, 0.1387939453125, 0.1427001953125, 12.3046875, 0.007762908935546875, 6.14453125, 6.015625, 0.55322265625, 4.95703125, 1.0478515625, 5.6796875, 0.00809478759765625, 1.166015625, 6.96875, 5.59765625, 4.7421875, 5.44140625, 0.236083984375, 6.5234375, 4.53125, 8.8984375, 4.49609375, 3.5234375, 8.9140625, 6.4765625, 4.94921875, 1.578125, 6.640625, 8.53125, 1.31640625, 6.21875, 2.294921875, 3.306640625, 0.01995849609375, 3.64453125, 9.625, 8.6328125, 2.904296875, 4.859375, 1.62890625, 4.953125, 4.203125, 3.013671875, 7.46875, 0.69482421875, 6.2734375, 1.3583984375, 9.5703125, 2.046875, 2.921875, 2.029296875, 10.1171875, 5.66796875, 5.3984375, 9.671875, 1.322265625, 0.298095703125, 3.57421875, 6.51953125, 3.2578125, 3.490234375, 3.07421875, 7.34375, 3.7109375, 4.73828125, 7.48828125, 5.7734375, 1.2890625, 0.6298828125, 2.087890625, 5.546875, 2.7578125, 8.46875, 1.669921875, 7.75390625, 3.845703125, 3.025390625, 3.11328125, 0.791015625, 2.1875, 7.609375, 6.31640625, 2.607421875, 2.072265625, 4.70703125, 3.44921875, 5.25, 1.4345703125, 1.2041015625, 2.060546875, 0.35791015625, 5.453125, 7.4140625, 1.92578125, 7.03125, 2.845703125, 7.6015625, 1.6064453125, 7.74609375, 5.40234375, 1.01953125, 4.55078125, 1.009765625, 8.59375, 7.2734375, 9.1953125, 4.5703125, 2.70703125, 5.9921875, 14.7890625, 3.322265625, 1.91796875, 3.037109375, 0.98095703125, 3.533203125, 3.326171875, 3.583984375, 3.296875, 1.2666015625, 0.7998046875, 0.46533203125, 8.3515625, 4.3125, 0.6220703125, 8.6484375, 0.1904296875, 2.748046875, 0.9443359375, 4.1015625, 4.7578125, 1.806640625, 5.70703125, 2.994140625, 2.75390625, 2.392578125, 9.515625, 1.6728515625, 4.01953125, 10.6875, 0.80078125, 9.296875, 7.66015625, 6.35546875, 2.015625, 4.328125, 1.447265625, 0.408447265625, 0.53369140625, 0.371826171875, 6.76953125, 3.408203125, 1.287109375, 0.5205078125, 6.89453125, 6.6015625, 5.58984375, 0.11578369140625, 5.46875, 8.6640625, 1.83203125, 0.0552978515625, 2.15625, 2.55859375, 0.81689453125, 0.673828125, 4.73828125, 2.083984375, 1.3349609375, 7.24609375, 3.876953125, 2.6328125, 5.51171875, 3.13671875, 2.052734375, 0.30224609375, 0.461181640625, 7.15625, 4.47265625, 0.6572265625, 1.1875, 0.5625, 12.3828125, 10.6328125, 0.90087890625, 6.87890625, 1.2109375, 9.8359375, 3.853515625, 6.50390625, 6.37890625, 3.525390625, 12.6328125, 10.921875, 8.7578125, 2.296875, 0.419189453125, 4.83203125, 1.0859375, 7.23046875, 0.18603515625, 0.281982421875, 3.521484375, 0.51513671875, 8.515625, 2.69921875, 5.52734375, 1.5703125, 2.39453125, 4.86328125, 2.55859375, 3.716796875, 8.1328125, 3.5078125, 9.6171875, 8.453125, 5.2578125, 4.4921875, 5.14453125, 2.53515625, 8.5703125, 7.1875, 2.384765625, 1.486328125, 6.29296875, 2.236328125, 3.958984375, 2.048828125, 3.380859375, 0.03533935546875, 5.53515625, 6.5546875, 0.3583984375, 0.1461181640625, 1.0830078125, 0.65869140625, 1.8701171875, 4.62109375, 9.4453125, 0.39697265625, 2.193359375, 1.00390625, 0.43017578125, 1.0400390625, 0.12042236328125, 0.0256805419921875, 0.515625, 0.1717529296875, 0.1015625, 0.02178955078125, 5.578125, 0.1712646484375, 1.4951171875, 2.787109375, 0.689453125, 0.1953125, 0.0751953125, 0.013031005859375, 0.011566162109375, 2.484375, 11.8046875, 0.556640625, 2.533203125, 7.3515625, 0.7998046875, 0.7666015625, 0.1005859375, 0.04486083984375, 3.240234375, 1.583984375, 2.755859375, 5.20703125, 0.2076416015625, 0.33154296875, 0.034454345703125, 0.1431884765625, 0.84130859375, 0.5966796875, 8.078125, 5.32421875, 3.30078125, 0.4228515625, 0.08673095703125, 0.7080078125, 0.003627777099609375, 0.17138671875, 0.73583984375, 1.25, 1.708984375, 1.4345703125, 0.0186920166015625, 0.0016574859619140625, 0.0017709732055664062, 0.71826171875, 4.62109375, 2.236328125, 0.57177734375, 7.51953125]",-1.0655851996254166
124,1,test,1.2321155882707917,0.4781885822978529,0.6239491115391325,2.6828323292993046,1.041217074358228,1.358598871899724,3.428475110992336,1.3031452777546586,1.5914150943058958,7.465228064257506,2.83749374994966,3.4651780279241278,0.8844488457818727,0.2962948405543415,0.4176498242186054,1.593601523931302,0.5338645775753901,0.752522205799289,2.4216493213662864,0.6209879873206494,0.8267684868188243,4.3633321105698855,1.118897274451621,1.4896729492231073,0.9704680821568671,0.3292849096347823,0.5011811689534165,1.8662847733785906,0.6332402108361199,0.9638099402950319,2.6391795231194877,0.7404534517866461,1.040325857939795,5.0753452367682454,1.4239489457435504,2.000626649884221,0.17085427135678388,-0.009145728643216167,-0.004145728643216162,0.14070351758793975,-0.004296482412060265,-0.004296482412060265,0.11055276381909551,-0.004447236180904479,-0.004447236180904479,0.2277227722772277,0.04972524446511395,0.06349989837693448,0.21588089330024818,0.1758793969849246,0.043047316784423306,0.05901796125871428,0.101010101010101,0.2006688963210702,0.03205453905896671,0.0538390854200691,0.15771812080536918,12.0,1.0,1.0,19.0,8.0,8.0,20.0,8.0,8.0,0.0008288702800266813,-4.353136085579588e-05,0.00018191717295787968,-0.09669421136484457,-0.12232050126267913,-0.10869192706077602,"[1.24609375, 3.2890625, 2.3125, 3.07421875, 2.80859375, 0.059814453125, 11.7890625, 6.38671875, 6.00390625, 2.93359375, 0.982421875, 8.2578125, 6.765625, 4.5859375, 4.17578125, 6.76171875, 6.26171875, 2.54296875, 0.2161865234375, 0.31689453125, 1.0068359375, 0.0528564453125, 3.33203125, 0.35986328125, 1.3388671875, 0.01486968994140625, 2.81640625, 5.48046875, 4.81640625, 5.6171875, 3.2890625, 3.404296875, 9.8828125, 2.55859375, 1.896484375, 5.33203125, 1.36328125, 7.23828125, 15.03125, 0.2025146484375, 0.192626953125, 0.056304931640625, 0.056915283203125, 0.056854248046875, 0.6396484375, 0.0289154052734375, 1.59375, 1.12109375, 0.12890625, 0.7734375, 0.004970550537109375, 6.23046875, 0.472412109375, 0.0003426074981689453, 0.67822265625, 0.126220703125, 0.021759033203125, 0.16064453125, 0.0107269287109375, 0.302978515625, 0.0163116455078125, 0.002666473388671875, 0.7236328125, 0.01666259765625, 0.012054443359375, 0.322265625, 0.0043792724609375, 0.02545166015625, 0.008270263671875, 0.0009794235229492188, 0.01335906982421875, 0.000621795654296875, 9.739398956298828e-05, 0.368896484375, 7.319450378417969e-05, 0.0413818359375, 0.01064300537109375, 0.005828857421875, 0.0010404586791992188, 0.00832366943359375, 0.0131072998046875, 0.027130126953125, 0.0009293556213378906, 0.70849609375, 0.0291290283203125, 0.02203369140625, 0.04931640625, 1.9431114196777344e-05, 0.000850677490234375, 0.018829345703125, 3.0279159545898438e-05, 0.0004849433898925781, 0.0014362335205078125, 0.0012617111206054688, 0.0021762847900390625, 0.0007781982421875, 0.058258056640625, 0.0203094482421875, 0.05120849609375, 0.00013637542724609375, 0.01091766357421875, 0.314697265625, 0.021728515625, 0.10882568359375, 0.0021266937255859375, 0.054534912109375, 0.0172882080078125, 0.03485107421875, 0.0015106201171875, 0.0016813278198242188, 0.0014734268188476562, 0.0018148422241210938, 0.0009393692016601562, 0.001499176025390625, 0.035003662109375, 0.004245758056640625, 0.054931640625, 0.01195526123046875, 0.01322174072265625, 0.0182952880859375, 0.01309967041015625, 0.003002166748046875, 0.3837890625, 0.0034885406494140625, 0.0026988983154296875, 0.371337890625, 0.037506103515625, 0.0020771026611328125, 0.0005116462707519531, 0.0004696846008300781, 0.0009226799011230469, 4.684925079345703e-05, 0.01038360595703125, 0.00027561187744140625, 0.005382537841796875, 0.002635955810546875, 0.0197296142578125, 5.841255187988281e-06, 0.0004291534423828125, 5.996227264404297e-05, 0.005603790283203125, 5.3763389587402344e-05, 0.01071929931640625, 0.00144195556640625, 0.0005712509155273438, 0.002506256103515625, 0.0010204315185546875, 0.0016126632690429688, 0.01092529296875, 0.0008997917175292969, 0.00038909912109375, 0.00047969818115234375, 0.0010557174682617188, 0.0004627704620361328, 0.0015735626220703125, 0.0004520416259765625, 1.049041748046875e-05, 0.0003981590270996094, 0.0006170272827148438, 0.361083984375, 0.004100799560546875, 0.0026607513427734375, 0.1270751953125, 0.009002685546875, 2.5272369384765625e-05, 0.00028967857360839844, 0.00010955333709716797, 0.0002751350402832031, 0.0012464523315429688, 0.022308349609375, 0.0013580322265625, 0.0014400482177734375, 0.00228118896484375, 0.00981903076171875, 0.050018310546875, 0.055755615234375, 0.0028324127197265625, 0.0377197265625, 0.0023345947265625, 0.0003485679626464844, 0.0014886856079101562, 0.0038204193115234375, 0.00023508071899414062, 0.00201416015625, 0.00466156005859375, 0.0003476142883300781, 0.0195159912109375, 0.00032210350036621094, 0.063232421875, 0.316162109375, 2.8967857360839844e-05, 0.0017337799072265625, 0.0011663436889648438, 0.00128936767578125, 0.365234375, 0.007598876953125, 0.00034880638122558594, 0.335205078125, 0.0233154296875, 0.0013217926025390625, 0.0022754669189453125, 0.354248046875, 0.071044921875, 0.0288543701171875, 0.014190673828125, 0.05621337890625, 0.0206756591796875, 0.00010454654693603516, 0.0011425018310546875, 0.002593994140625, 0.00489044189453125, 0.0004067420959472656, 0.186279296875, 0.0003199577331542969, 0.1279296875, 0.0200653076171875, 0.0007390975952148438, 0.0003426074981689453, 0.0004458427429199219, 0.0095672607421875, 0.0016012191772460938, 0.13134765625, 0.76806640625, 4.839897155761719e-05, 0.0192413330078125, 0.020965576171875, 0.13916015625, 0.33154296875, 0.1287841796875, 0.0263214111328125, 0.2193603515625, 0.86474609375, 2.2265625, 4.24609375, 6.09375, 0.32666015625, 0.131103515625, 5.53515625, 11.0703125, 10.3828125, 0.079345703125, 0.462646484375, 0.173828125, 0.0044403076171875, 0.003978729248046875, 0.001007080078125, 0.003017425537109375, 0.0002899169921875, 0.002704620361328125, 0.0013332366943359375, 0.0028057098388671875, 0.0013942718505859375, 8.606910705566406e-05, 0.0003914833068847656, 0.028533935546875, 0.0546875, 0.18115234375, 0.2315673828125, 0.70263671875, 2.939453125, 0.892578125, 3.3046875, 0.87890625, 3.822265625, 0.46435546875, 0.08441162109375, 0.00707244873046875, 0.038360595703125, 1.3193359375, 3.466796875, 1.7900390625, 0.86767578125, 0.0833740234375, 0.6513671875, 3.673828125, 1.2255859375, 1.1826171875, 6.91015625, 0.4287109375, 5.59765625, 5.5546875, 8.0234375, 0.9345703125, 0.1458740234375, 1.2265625, 0.040069580078125, 0.024627685546875, 0.05755615234375, 0.0211029052734375, 0.96875, 0.041717529296875, 7.73828125, 3.23828125, 0.1417236328125, 0.71875, 0.206298828125, 0.06451416015625, 0.1851806640625, 0.00982666015625, 0.0239715576171875, 0.0018291473388671875, 0.115966796875, 0.0545654296875, 5.8671875, 6.68359375, 0.5244140625, 1.755859375, 0.77490234375, 0.08355712890625, 0.0235595703125, 0.25634765625, 0.003047943115234375, 0.007129669189453125, 0.0013551712036132812, 0.01532745361328125, 0.018402099609375, 7.10546875, 3.375, 4.734375, 4.30078125, 0.0213623046875, 0.67333984375, 0.030517578125, 0.0142974853515625, 0.1322021484375, 0.004680633544921875, 0.00568389892578125, 0.00262451171875, 0.057952880859375, 0.01172637939453125, 4.0078125, 0.11724853515625, 0.10406494140625, 4.0078125, 2.1015625, 0.005657196044921875, 0.11248779296875, 0.15283203125, 0.0269317626953125, 0.08306884765625, 0.00514984130859375, 0.01169586181640625, 0.0021572113037109375, 0.052215576171875, 0.00824737548828125, 4.32421875, 4.78515625, 2.146484375, 0.0021228790283203125, 0.1094970703125, 0.1444091796875, 0.004901885986328125, 0.191650390625, 0.00724029541015625, 0.006099700927734375, 0.0020122528076171875, 0.0501708984375, 0.0199127197265625, 1.970703125, 0.1177978515625, 4.66015625, 1.0498046875, 0.0037288665771484375, 0.0146484375, 0.07025146484375, 0.0097198486328125, 3.111328125, 2.51171875, 0.040557861328125, 8.2578125, 1.6240234375, 0.06024169921875, 0.08538818359375, 1.2890625, 0.89892578125, 0.057830810546875, 0.022064208984375, 0.0163726806640625, 0.2069091796875, 0.1727294921875, 0.1318359375, 7.5859375, 1.66015625, 7.06640625, 5.390625, 5.3359375, 4.7578125, 5.10546875, 2.775390625, 8.3671875, 2.4375, 0.6201171875, 0.2200927734375, 6.04296875, 4.5, 0.4541015625, 9.3828125, 12.359375, 3.958984375, 6.1640625, 10.2421875, 3.9140625, 8.828125, 5.97265625]",-2.399420895493857
63,1,test,0.3164329000445076,-0.0262362271478066,0.026319188135630445,0.5741895007430137,-0.047607458533105995,0.047757997014322706,1.3722241629667333,-0.03647842046210292,0.03564469857992458,2.4899961632641383,-0.0661926305073921,0.06467978417814102,0.3812518970451163,0.025486604227328902,0.05257662258624546,0.6747821186639227,0.04510903403067057,0.09305596917919545,1.4641163655491722,0.03684384771172411,0.07498966812740426,2.591356399202075,0.06521034993225516,0.13272507633168917,0.3118647419926011,-0.027038698207395573,0.00983295068078649,0.565900260304455,-0.04906359807169791,0.017842572758513198,1.3659699221640533,-0.03743790372692768,0.013365695075348683,2.4786474084301364,-0.06793367961045149,0.024252983116857862,0.09547738693467334,-0.004522613065326642,-0.009522613065326646,0.07537688442211055,-0.004623115577889414,0.005376884422110595,0.035175879396984966,0.00017587939698493482,0.00017587939698493482,0.17582417582417587,0.04785342628121425,0.05889360335158145,0.125,0.16582914572864327,0.02547826853566082,0.033942668266205844,0.12121212121212122,0.17582417582417587,0.04785342628121425,0.05645754975840245,0.125,12.0,1.0,1.0,13.0,2.0,2.0,17.0,4.0,4.0,9.611801819548868e-05,0.00034472887881853263,0.00016007336280568732,-0.18516342588056967,-0.18678654474694234,-0.18035607225111194,"[2.13671875, 2.83984375, 2.248046875, 0.212646484375, 0.327392578125, 0.006748199462890625, 4.609375, 0.951171875, 2.654296875, 10.015625, 3.40234375, 0.4892578125, 2.40234375, 0.75244140625, 2.654296875, 0.394775390625, 0.0650634765625, 0.93994140625, 0.1453857421875, 0.0027904510498046875, 0.0195465087890625, 6.08984375, 0.0491943359375, 2.09765625, 0.006977081298828125, 0.115478515625, 0.0026702880859375, 0.00339508056640625, 0.00614166259765625, 0.027252197265625, 0.0008807182312011719, 0.0007033348083496094, 0.002170562744140625, 0.0015277862548828125, 0.006988525390625, 0.011627197265625, 0.0038967132568359375, 0.0066070556640625, 1.375, 0.007190704345703125, 6.32421875, 0.005115509033203125, 0.065673828125, 0.0017938613891601562, 0.012451171875, 0.003803253173828125, 0.0037975311279296875, 0.0024394989013671875, 0.0013570785522460938, 0.08734130859375, 0.0005888938903808594, 0.0006508827209472656, 0.6279296875, 0.0009202957153320312, 1.6201171875, 0.00045490264892578125, 0.5517578125, 0.00753021240234375, 0.007556915283203125, 0.00591278076171875, 0.005321502685546875, 0.0012912750244140625, 0.00040912628173828125, 0.0011157989501953125, 0.00017642974853515625, 0.0038776397705078125, 0.00025010108947753906, 0.01529693603515625, 0.04486083984375, 0.75244140625, 0.0001709461212158203, 0.224853515625, 0.00626373291015625, 8.308887481689453e-05, 0.0013256072998046875, 2.872943878173828e-05, 0.01050567626953125, 0.0003418922424316406, 0.0004215240478515625, 0.0001615285873413086, 0.0221710205078125, 0.1663818359375, 0.0011816024780273438, 0.020233154296875, 3.039836883544922e-05, 0.0006833076477050781, 0.0006203651428222656, 0.0028896331787109375, 0.00693511962890625, 0.0023670196533203125, 0.032318115234375, 0.0012416839599609375, 0.00551605224609375, 0.00817108154296875, 0.705078125, 0.006359100341796875, 0.16845703125, 5.614757537841797e-05, 0.01291656494140625, 0.0017642974853515625, 3.62396240234375e-05, 1.800060272216797e-05, 7.426738739013672e-05, 0.0006122589111328125, 0.0011072158813476562, 0.0038471221923828125, 0.0007901191711425781, 0.00020802021026611328, 0.01313018798828125, 0.0028247833251953125, 0.39306640625, 0.0001405477523803711, 0.0726318359375, 0.00455474853515625, 0.0011997222900390625, 0.00672149658203125, 0.0004177093505859375, 0.00028777122497558594, 0.0012035369873046875, 0.0026416778564453125, 2.1457672119140625e-06, 0.0007262229919433594, 0.009490966796875, 0.09222412109375, 0.0038013458251953125, 0.8984375, 0.00017511844635009766, 3.181640625, 0.5498046875, 0.1181640625, 0.5576171875, 1.0615234375, 0.07080078125, 0.024261474609375, 0.0198974609375, 0.025787353515625, 0.04290771484375, 0.0016536712646484375, 0.0146636962890625, 0.017608642578125, 0.01172637939453125, 0.55615234375, 2.0265579223632812e-05, 0.004062652587890625, 0.001247406005859375, 0.00017273426055908203, 0.0032596588134765625, 0.000873565673828125, 0.06378173828125, 0.00426483154296875, 0.01318359375, 0.00772857666015625, 0.004947662353515625, 0.01422882080078125, 3.095703125, 0.0010528564453125, 0.466796875, 0.0019626617431640625, 0.1690673828125, 0.0006136894226074219, 0.0027141571044921875, 0.00969696044921875, 0.01025390625, 0.013336181640625, 0.5732421875, 0.1866455078125, 0.0010175704956054688, 0.0008640289306640625, 0.037567138671875, 0.00020587444305419922, 0.4345703125, 0.0010995864868164062, 0.194091796875, 0.02264404296875, 2.24609375, 3.254413604736328e-05, 0.00022709369659423828, 3.8743019104003906e-05, 0.00023651123046875, 2.7298927307128906e-05, 0.00710296630859375, 1.8596649169921875e-05, 1.0251998901367188e-05, 0.0027256011962890625, 0.0001518726348876953, 0.002948760986328125, 0.0024967193603515625, 2.9802322387695312e-05, 0.07171630859375, 0.77490234375, 3.5762786865234375e-06, 0.051025390625, 0.128662109375, 0.007701873779296875, 0.00142669677734375, 0.0008068084716796875, 9.059906005859375e-06, 0.0009341239929199219, 0.03375244140625, 0.326171875, 0.00017201900482177734, 0.0016155242919921875, 1.5869140625, 0.1751708984375, 0.86376953125, 0.418701171875, 1.5854835510253906e-05, 0.014617919921875, 0.0083465576171875, 0.0035839080810546875, 0.1588134765625, 1.621246337890625e-05, 0.0067291259765625, 0.0004551410675048828, 0.05560302734375, 1.1920928955078125e-06, 0.0001742839813232422, 0.00015401840209960938, 0.004405975341796875, 3.4570693969726562e-06, 0.0020427703857421875, 0.423095703125, 0.001087188720703125, 1.3642578125, 1.3470649719238281e-05, 0.50830078125, 0.00014483928680419922, 2.956390380859375e-05, 0.058380126953125, 0.007259368896484375, 0.0034770965576171875, 1.0251998901367188e-05, 0.01360321044921875, 1.0728836059570312e-06, 1.633167266845703e-05, 0.0027103424072265625, 0.00262451171875, 0.00014507770538330078, 0.0011091232299804688, 0.0001316070556640625, 2.328125, 0.0004794597625732422, 0.0193328857421875, 1.4345703125, 8.463859558105469e-06, 0.78125, 0.016845703125, 2.0265579223632812e-06, -0.0, 0.0003559589385986328, 9.775161743164062e-06, 0.003543853759765625, 0.0005421638488769531, 0.0004811286926269531, 0.00014531612396240234, 0.00033926963806152344, 0.00014317035675048828, 0.05157470703125, 0.00018894672393798828, 0.0007948875427246094, 0.0004150867462158203, 0.004268646240234375, 0.02520751953125, 0.55419921875, 2.0742416381835938e-05, 0.033172607421875, 0.00047135353088378906, 7.736682891845703e-05, 0.003238677978515625, 0.01654052734375, 0.00014507770538330078, 1.7881393432617188e-05, 0.005985260009765625]",-1.9222732118634513
120,1,test,2.1444698242685902,0.25381792275543913,0.3632305875972692,16.14421622421071,1.9108179467815134,2.7345095179492542,8.537513654646652,1.9138283903035758,2.600304185381911,64.27298015479272,14.407877881719365,19.575874905044948,2.1957867133557496,0.265711626011611,0.5087905789814526,9.98084869707159,1.2077801182345969,2.312684449915695,8.987068523256019,2.097040947225878,3.5838427838350846,40.85031146934554,9.532004305572173,16.29019447197766,2.1368049825712987,0.32378951364272757,0.551100532356501,13.355031141070617,2.023684460267047,3.444378327228131,8.472325113071971,2.3434240072134314,3.5895953057408194,52.95203195669982,14.64640004508395,22.434970660880122,0.507537688442211,-0.0024623115577889765,-0.0024623115577889765,0.507537688442211,-0.0024623115577889765,-0.0024623115577889765,0.4773869346733668,0.002386934673366814,-0.0026130653266331905,0.5,0.021957340025094085,0.029814271749755594,0.49622166246851385,0.5025125628140703,0.02130955529527334,0.04842241256365298,0.48989898989898994,0.5016722408026756,0.03923484514324316,0.06340750220423286,0.49664429530201337,20.0,7.0,7.0,20.0,1.0,-1.0,26.0,9.0,8.0,0.00010408387037078143,6.523964983780828e-05,3.58266807212807e-05,-0.3022867621232139,-0.30393592056870755,-0.3046347886103762,"[3.7109375, 7.6484375, 2.02734375, 5.67578125, 0.537109375, 3.728515625, 0.214599609375, 5.69140625, 0.08123779296875, 4.3515625, 0.036651611328125, 3.2578125, 0.0171356201171875, 2.869140625, 0.041534423828125, 3.373046875, 0.022003173828125, 4.8984375, 0.004985809326171875, 4.96484375, 0.01386260986328125, 3.62109375, 0.00492095947265625, 3.390625, 0.01070404052734375, 4.6015625, 0.00635528564453125, 4.2734375, 0.0081024169921875, 3.142578125, 0.00502777099609375, 7.23046875, 0.01715087890625, 4.48046875, 0.0060882568359375, 3.951171875, 0.00180816650390625, 5.04296875, 0.00771331787109375, 4.87109375, 0.0029201507568359375, 3.755859375, 0.00299072265625, 6.796875, 0.0139617919921875, 4.328125, 0.0035247802734375, 3.24609375, 0.002231597900390625, 3.359375, 0.00392913818359375, 5.9140625, 0.0058441162109375, 3.9375, 0.00611114501953125, 3.65234375, 0.003322601318359375, 5.78125, 0.01788330078125, 4.3984375, 0.00605010986328125, 4.0546875, 0.0074005126953125, 6.02734375, 0.0150299072265625, 4.71875, 0.00475311279296875, 4.671875, 0.01274871826171875, 4.1796875, 0.005825042724609375, 5.96484375, 0.004901885986328125, 4.98828125, 0.0028553009033203125, 4.18359375, 0.005115509033203125, 4.69921875, 0.006511688232421875, 4.875, 0.00604248046875, 3.646484375, 0.00363922119140625, 4.02734375, 0.003116607666015625, 4.6171875, 0.00946807861328125, 3.896484375, 0.00644683837890625, 3.322265625, 0.007568359375, 4.765625, 0.0129547119140625, 3.625, 0.004436492919921875, 4.12890625, 0.006175994873046875, 6.25, 0.01092529296875, 4.26953125, 0.0104217529296875, 3.884765625, 0.0059967041015625, 3.826171875, 0.004177093505859375, 4.234375, 0.00617218017578125, 2.580078125, 0.0030078887939453125, 3.609375, 0.007419586181640625, 3.333984375, 0.006481170654296875, 3.5078125, 0.0014200210571289062, 3.669921875, 0.0037288665771484375, 5.50390625, 0.00464630126953125, 5.984375, 0.00428009033203125, 3.345703125, 0.004215240478515625, 3.533203125, 0.0021915435791015625, 4.16796875, 0.0038433074951171875, 3.990234375, 0.01029205322265625, 4.0078125, 0.0030078887939453125, 3.560546875, 0.0030765533447265625, 4.2421875, 0.00449371337890625, 4.67578125, 0.0054473876953125, 4.17578125, 0.0033779144287109375, 6.17578125, 0.00391387939453125, 4.4765625, 0.0032444000244140625, 4.53515625, 0.0037746429443359375, 5.39453125, 0.01446533203125, 4.38671875, 0.007965087890625, 3.78515625, 0.006290435791015625, 2.91015625, 0.00313568115234375, 4.72265625, 0.00817108154296875, 3.59765625, 0.005077362060546875, 2.466796875, 0.006664276123046875, 4.44921875, 0.0018587112426757812, 3.458984375, 0.003971099853515625, 3.853515625, 0.0030651092529296875, 4.6640625, 0.007266998291015625, 2.82421875, 0.00424957275390625, 4.64453125, 0.005962371826171875, 3.935546875, 0.0008568763732910156, 4.70703125, 0.002361297607421875, 4.78515625, 0.005268096923828125, 4.109375, 0.007297515869140625, 3.75390625, 0.003963470458984375, 6.30859375, 0.0081634521484375, 2.82421875, 0.01491546630859375, 3.18359375, 0.004241943359375, 5.0625, 0.0080413818359375, 5.390625, 0.0103302001953125, 4.40234375, 0.006160736083984375, 6.30078125, 0.006359100341796875, 5.65625, 0.005153656005859375, 4.12109375, 0.0082550048828125, 2.50390625, 0.0036754608154296875, 3.802734375, 0.0049591064453125, 3.3671875, 0.00992584228515625, 3.265625, 0.00843048095703125, 4.546875, 0.004375457763671875, 2.701171875, 0.00453948974609375, 3.849609375, 0.01010894775390625, 4.2265625, 0.0032863616943359375, 5.37890625, 0.00396728515625, 4.796875, 0.0033245086669921875, 4.5546875, 0.004451751708984375, 4.25, 0.004329681396484375, 3.2265625, 0.00478363037109375, 5.51171875, 0.007724761962890625, 3.447265625, 0.0016040802001953125, 4.7265625, 0.0044097900390625, 3.232421875, 0.0032138824462890625, 3.140625, 0.0010499954223632812, 5.046875, 0.00246429443359375, 2.8671875, 0.0030536651611328125, 3.390625, 0.003284454345703125, 4.6953125, 0.005466461181640625, 4.31640625, 0.00606536865234375, 3.876953125, 0.0014925003051757812, 4.12109375, 0.005352020263671875, 3.44140625, 0.0034198760986328125, 6.6796875, 0.0013799667358398438, 3.779296875, 0.00698089599609375, 2.564453125, 0.003353118896484375, 3.8359375, 0.0016298294067382812, 4.2109375, 0.0031528472900390625, 5.46875, 0.003643035888671875, 7.37890625, 0.0027294158935546875, 2.9296875, 0.0044097900390625, 4.51953125, 0.002960205078125, 3.580078125, 0.006927490234375, 5.6796875, 0.0020084381103515625, 3.26953125, 0.0033855438232421875, 2.734375, 0.004573822021484375, 2.501953125, 0.006168365478515625, 4.4921875, 0.004413604736328125, 4.30859375, 0.007579803466796875, 4.015625, 0.00400543212890625, 4.81640625, 0.00429534912109375, 4.98828125, 0.001720428466796875, 3.259765625, 0.002574920654296875, 3.4921875, 0.004180908203125, 4.08203125, 0.0014009475708007812, 4.1640625, 0.0027313232421875, 3.6953125, 0.0031108856201171875, 4.0390625, 0.0025615692138671875, 3.7890625, 0.0026340484619140625, 3.681640625, 0.0013341903686523438, 3.46484375, 0.0031948089599609375, 5.07421875, 0.0030536651611328125, 3.361328125, 0.0023441314697265625, 2.69921875, 0.0019273757934570312, 4.875, 0.00107574462890625, 3.908203125, 0.0008339881896972656, 3.998046875, 0.0020084381103515625, 5.04296875, 0.004001617431640625, 4.7421875, 0.0014028549194335938, 5.16796875, 0.0074920654296875, 4.265625, 0.006580352783203125, 4.42578125, 0.0036907196044921875, 5.30859375, 0.002521514892578125, 3.94140625, 0.0015811920166015625, 3.8515625, 0.003200531005859375, 4.4453125, 0.003459930419921875, 3.78515625, 0.002834320068359375, 3.005859375, 0.0038051605224609375, 5.96875, 0.0014848709106445312, 5.01953125, 0.0028438568115234375, 2.671875, 0.003131866455078125, 3.7890625, 0.0018453598022460938, 4.57421875, 0.002353668212890625, 4.51953125, 0.0015468597412109375, 2.388671875, 0.002490997314453125, 2.62109375, 0.002552032470703125, 4.93359375, 0.00495147705078125, 2.908203125, 0.0024356842041015625, 4.4375, 0.0018014907836914062, 1.55078125, 0.0007929801940917969, 2.314453125, 0.002532958984375, 8.2890625, 0.0026073455810546875, 4.44140625, 0.004161834716796875, 2.92578125, 0.0023441314697265625, 5.0078125, 0.0006761550903320312, 5.1484375, 0.0010843276977539062, 3.84375, 0.0020656585693359375, 4.59375, 0.0014238357543945312, 7.7265625, 0.002902984619140625, 3.947265625, 0.0010976791381835938, 4.2109375, 0.0020656585693359375, 3.39453125, 0.0009055137634277344, 2.603515625, 0.0015859603881835938, 5.1640625, 0.003204345703125, 4.2421875, 0.000720977783203125, 5.0546875, 0.0015573501586914062, 4.1484375]",-2.266010674998988
60,1,test,0.08703276841309819,-0.09224135068436305,-0.06199001143934303,0.15850338618279472,-0.16798921482251553,-0.11289571619747904,1.090932427257018,-0.1054162139771726,-0.06976700221264576,1.9867974668588078,-0.19198317115048003,-0.12705910998991765,0.1138635951669971,-0.10587500836755798,-0.058105837695655665,0.19976069327543353,-0.18574562871501402,-0.10194006613272924,1.1205992593037595,-0.12515179379789876,-0.06704227055354184,1.9659636128136133,-0.21956455052262958,-0.11761801851498555,0.09031714053049575,-0.08277669476516233,-0.0605166390718791,0.1644848585820287,-0.15075225867827577,-0.11021242215077318,1.0945213457488108,-0.09445632217187394,-0.06828201463152173,1.9933335766948541,-0.17202310329314785,-0.12435466240840065,0.04020100502512558,-0.00479899497487446,-0.00479899497487446,0.02010050251256279,-0.014899497487437241,-0.009899497487437237,0.01005025125628145,-0.004949748743718563,-0.004949748743718563,0.07664233576642332,0.02199752702325397,0.022030685280986395,0.04029304029304026,0.11055276381909551,0.03787105955844383,0.03709700421976325,0.05555555555555558,0.08029197080291972,0.022004174810205668,0.02689391255049256,0.04395604395604391,13.0,4.0,4.0,15.0,6.0,6.0,16.0,7.0,7.0,6.967438741893356e-05,0.00016367910787926497,7.457778698680645e-05,-0.0543780227849171,-0.04254274917102341,-0.046608196783405775,"[1.369140625, 2.291015625, 2.27734375, 0.214111328125, 0.327880859375, 0.009033203125, 3.61328125, 1.283203125, 3.8671875, 0.158203125, 1.2021484375, 0.2666015625, 0.0221405029296875, 0.0003676414489746094, 0.004337310791015625, 0.0179443359375, 0.0128936767578125, 0.360595703125, 0.04998779296875, 0.0016326904296875, 0.00335693359375, 0.0743408203125, 0.021881103515625, 2.3125, 2.384185791015625e-06, 0.02801513671875, 9.417533874511719e-06, 0.00031948089599609375, 0.0001804828643798828, 0.0008335113525390625, 3.6954879760742188e-06, 0.0001901388168334961, 0.01100921630859375, 0.0217742919921875, 0.002376556396484375, 0.016845703125, 0.0031585693359375, 3.4570693969726562e-06, 0.00012683868408203125, 0.0012311935424804688, 0.00014126300811767578, 0.0289154052734375, 7.987022399902344e-06, 0.059539794921875, 0.0216522216796875, 0.00452423095703125, 0.0018291473388671875, 1.7404556274414062e-05, 0.0186767578125, 0.0003261566162109375, 0.006717681884765625, 5.602836608886719e-05, -0.0, 7.236003875732422e-05, 2.384185791015625e-07, 2.002716064453125e-05, 0.0202178955078125, 0.31591796875, 0.00734710693359375, 2.0265579223632812e-06, 0.00852203369140625, 0.0002980232238769531, 0.00106048583984375, 0.0015888214111328125, 0.00688934326171875, 6.29425048828125e-05, 0.006805419921875, 2.682209014892578e-05, -0.0, 0.001239776611328125, 0.0024776458740234375, 0.0086517333984375, 0.00041747093200683594, 0.0013036727905273438, 0.00014460086822509766, -0.0, 0.0015878677368164062, 2.384185791015625e-07, 0.00010216236114501953, 0.00010371208190917969, 5.7697296142578125e-05, 1.1920928955078125e-07, 0.004802703857421875, 0.388916015625, 0.0968017578125, 0.0003364086151123047, 0.0004372596740722656, 0.05938720703125, 0.068603515625, 0.022247314453125, -0.0, 0.004154205322265625, 0.0028095245361328125, 5.1975250244140625e-05, 0.0002636909484863281, 2.205371856689453e-05, 0.329345703125, 0.001956939697265625, 9.453296661376953e-05, 0.00025081634521484375, 0.0216827392578125, 0.01288604736328125, 0.0037708282470703125, 0.0071563720703125, 0.0026226043701171875, 2.384185791015625e-07, 0.00034999847412109375, 0.025787353515625, 0.014923095703125, 0.00040340423583984375, 0.35986328125, 7.867813110351562e-05, -0.0, 0.0013399124145507812, 0.0009160041809082031, 2.5391578674316406e-05, 0.0009264945983886719, 6.389617919921875e-05, 0.00012409687042236328, 0.0650634765625, 2.467632293701172e-05, 0.0123443603515625, 0.03826904296875, 0.00348663330078125, 0.00019276142120361328, 0.0005826950073242188, 4.76837158203125e-07, 0.00012803077697753906, 0.00010645389556884766, 3.337860107421875e-06, 7.152557373046875e-07, 2.384185791015625e-07, 0.004154205322265625, -0.0, 0.04864501953125, 0.049102783203125, 0.0028591156005859375, 3.5762786865234375e-07, 0.022308349609375, 1.7881393432617188e-05, 0.0006833076477050781, 0.00020205974578857422, 1.8596649169921875e-05, 0.00014460086822509766, 1.1801719665527344e-05, 4.5299530029296875e-06, 0.000240325927734375, 0.001613616943359375, 0.00014340877532958984, 0.00099945068359375, -0.0, 4.8160552978515625e-05, 0.00017547607421875, 0.00016295909881591797, 1.1324882507324219e-05, -0.0, 6.282329559326172e-05, 0.01088714599609375, 0.0008029937744140625, 1.1920928955078125e-07, 0.0005407333374023438, 0.00014257431030273438, 6.318092346191406e-06, 6.318092346191406e-06, 0.00750732421875, -0.0, 3.993511199951172e-05, 0.00033926963806152344, 0.759765625, 1.430511474609375e-06, 0.00035262107849121094, 0.0004868507385253906, 0.00013065338134765625, 7.176399230957031e-05, 0.0007967948913574219, 0.0184326171875, 0.00241851806640625, 0.01116180419921875, 0.324951171875, 0.0012874603271484375, 0.002201080322265625, 0.0030994415283203125, -0.0, 3.075599670410156e-05, 0.0009441375732421875, 0.00021791458129882812, 0.0657958984375, 0.177001953125, 0.00091552734375, 0.00807952880859375, 0.0001442432403564453, 0.00016164779663085938, 5.4836273193359375e-06, 5.5789947509765625e-05, 3.5762786865234375e-07, 0.0003859996795654297, 1.1920928955078125e-07, 0.0003540515899658203, 1.0013580322265625e-05, 2.002716064453125e-05, 4.017353057861328e-05, -0.0, 2.0265579223632812e-06, 0.048980712890625, 0.002674102783203125, 1.1920928955078125e-07, 0.013214111328125, 0.0024871826171875, 2.5987625122070312e-05, 0.00014603137969970703, 0.0015058517456054688, 0.0009851455688476562, 0.02520751953125, 2.7298927307128906e-05, 1.728534698486328e-05, 0.0009670257568359375, 0.0077362060546875, 0.00868988037109375, 0.0012998580932617188, 0.00012004375457763672, 0.00675201416015625, 0.00034809112548828125, 0.0026111602783203125, 1.1920928955078125e-07, 0.0007805824279785156, 0.00013971328735351562, 0.027130126953125, 8.344650268554688e-06, 0.0029964447021484375, 0.0026092529296875, 0.00023221969604492188, 0.00011610984802246094, 5.507469177246094e-05, 0.002368927001953125, 0.0006003379821777344, 0.0026092529296875, 0.0256805419921875, 2.0265579223632812e-06, 7.081031799316406e-05, 0.0002301931381225586, 0.00295257568359375, 0.00579833984375, 6.079673767089844e-05, 0.00033783912658691406, 0.00138092041015625, 0.0067596435546875, 0.001186370849609375, 0.0002124309539794922, 0.0001283884048461914, 0.014495849609375, 0.016693115234375, 0.002201080322265625, 0.0176544189453125, 2.3365020751953125e-05, 0.0002655982971191406, 0.006008148193359375, 2.3365020751953125e-05, 0.0038814544677734375, 0.0075836181640625, 0.00010776519775390625, 0.0132904052734375, 0.006008148193359375, 0.005329132080078125, 0.03363037109375, 0.00025200843811035156, 0.0033054351806640625, 0.002719879150390625, 0.0019073486328125, 0.0143890380859375, 0.0296173095703125, 8.344650268554688e-07, 1.3113021850585938e-06, -0.0, 3.933906555175781e-06]",-3.7001223829540892
114,1,test,2.3001176031295865,1.0351808871346158,1.3825009882816481,6.093595142619427,2.7424568278566315,3.6625959017909335,9.975355518863124,6.432486996758017,7.472038613000078,26.427247829823948,17.041290177978333,19.79532617623155,3.352723143208566,1.5327782389457079,2.1100255695451695,5.830822857754028,2.6657012851229704,3.6696096861655128,28.580456446446497,22.408938030286485,25.115508625414016,49.70514164599391,38.97206613962867,43.67914543550264,2.654012531341119,1.1794933830462848,1.646181438670012,5.9418191000174305,2.640656827715563,3.6854808328433104,14.210946264493442,9.842011806317558,11.47129375043466,31.815551338418153,22.03435479026319,25.682000933808936,0.6834170854271358,-0.011582914572864311,0.003417085427135813,0.5728643216080402,-0.0021356783919597166,0.0028643216080401768,0.4824120603015075,0.007412060301507539,-0.007587939698492474,0.364406779661017,0.12181157514761787,0.16499328992494655,0.2209631728045326,0.42713567839195976,0.1238775330285512,0.18840445969413,0.3282828282828283,0.41137123745819393,0.1375815880425011,0.20224999162949542,0.2818791946308725,27.0,3.0,5.0,39.0,6.0,7.0,47.0,2.0,4.0,0.002276735843948031,0.0010373177877929605,0.0010807688954039337,-0.07999943811277443,-0.10135423250851261,-0.0986866275901841,"[9.203125, 3.18359375, 8.8984375, 0.65283203125, 10.2109375, 3.34765625, 6.9140625, 5.97265625, 4.1484375, 7.26953125, 5.97265625, 4.84765625, 6.734375, 2.328125, 5.5625, 5.41015625, 3.6640625, 5.828125, 3.3515625, 8.890625, 8.59375, 6.3828125, 2.892578125, 6.26953125, 2.603515625, 3.271484375, 3.998046875, 7.19921875, 0.0794677734375, 0.251220703125, 0.0051422119140625, 7.13671875, 0.11273193359375, 9.8671875, 9.890625, 5.46484375, 4.86328125, 4.8984375, 8.828125, 8.09375, 0.71630859375, 6.77734375, 10.859375, 5.5703125, 6.4140625, 11.15625, 2.9453125, 2.029296875, 3.72265625, 0.91650390625, 2.55859375, 3.859375, 6.1875, 3.578125, 3.7109375, 5.140625, 0.34423828125, 9.2421875, 1.818359375, 1.0224609375, 1.708984375, 2.33203125, 4.54296875, 0.171630859375, 0.397216796875, 4.11328125, 1.5498046875, 2.0859375, 5.390625, 3.689453125, 0.27734375, 7.43359375, 7.4921875, 7.14453125, 2.97265625, 6.00390625, 0.25341796875, 0.01995849609375, 0.91064453125, 0.0203704833984375, 3.314453125, 6.83203125, 7.30859375, 0.626953125, 0.798828125, 0.06781005859375, 1.4013671875, 3.263671875, 1.4892578125, 0.1343994140625, 0.70947265625, 0.01947021484375, 10.6328125, 3.958984375, 1.2802734375, 3.763671875, 4.0234375, 4.484375, 3.486328125, 1.478515625, 4.91015625, 8.3203125, 0.89208984375, 5.31640625, 3.40625, 0.2078857421875, 0.7080078125, 0.404052734375, 0.055633544921875, 7.171875, 5.1328125, 4.8203125, 0.5302734375, 2.365234375, 8.7265625, 1.5615234375, 0.00962066650390625, 6.51171875, 2.02734375, 4.32421875, 0.2822265625, 2.306640625, 1.681640625, 0.004245758056640625, 3.794921875, 3.013671875, 3.646484375, 2.1484375, 5.1484375, 0.0301971435546875, 0.83984375, 3.044921875, 0.1307373046875, 0.0217437744140625, 3.44921875, 0.00030493736267089844, 0.51513671875, 0.00019884109497070312, 2.6345252990722656e-05, 0.00011777877807617188, 6.6015625, 7.44140625, 0.60595703125, 0.888671875, 1.12890625, 0.5654296875, 0.03338623046875, 2.25, 2.1328125, 0.0235137939453125, 0.473388671875, 4.86328125, 1.26953125, 0.94775390625, 4.94921875, 0.03167724609375, 0.23291015625, 0.0288543701171875, 0.0207977294921875, 1.28125, 0.1959228515625, 0.1463623046875, 0.80859375, 1.5087890625, 1.01953125, 6.08984375, 1.8125, 2.546875, 2.572265625, 0.9912109375, 0.334228515625, 0.716796875, 0.054901123046875, 0.293212890625, 1.037109375, 0.03717041015625, 0.004856109619140625, 6.51953125, 7.05859375, 10.3046875, 0.57373046875, 1.177734375, 5.4765625, 4.9921875, 5.9296875, 2.87109375, 9.703125, 1.7109375, 4.6328125, 5.92578125, 3.130859375, 1.8564453125, 0.335693359375, 1.490234375, 0.0033168792724609375, 5.421875, 7.75, 2.234375, 5.68359375, 0.9619140625, 8.2421875, 0.004589080810546875, 0.004657745361328125, 4.62890625, 2.328125, 2.78125, 1.6689453125, 4.55078125, 0.0026416778564453125, 0.57421875, 0.0009822845458984375, 3.09375, 2.001953125, 0.268798828125, 0.69873046875, 0.004322052001953125, 1.5908203125, 0.052337646484375, 0.09326171875, 0.11517333984375, 0.0345458984375, 0.042633056640625, 0.016326904296875, 0.01079559326171875, 6.1953125, 9.25, 0.52197265625, 0.158935546875, 0.00853729248046875, 0.01216888427734375, 0.5244140625, 0.020111083984375, 0.1329345703125, 0.0164794921875, 0.0660400390625, 0.055938720703125, 0.0215911865234375, 0.021392822265625, 0.05401611328125, 0.0171356201171875, 0.073486328125, 5.09765625, 6.57421875, 0.93115234375, 6.16015625, 0.01462554931640625, 0.56396484375, 1.5830078125, 0.2191162109375, 0.0657958984375, 0.10699462890625, 0.06591796875, 0.0168304443359375, 0.04290771484375, 0.014495849609375, 0.30322265625, 0.921875, 2.98828125, 1.4130859375, 0.03204345703125, 0.053802490234375, 0.00466156005859375, 0.0081787109375, 0.318603515625, 0.044830322265625, 0.037139892578125, 0.0161590576171875, 0.0987548828125, 9.046875, 10.09375, 3.9609375, 6.08984375, 2.22265625, 3.70703125, 0.270751953125, 0.076416015625, 0.005771636962890625, 0.01007843017578125, 0.9052734375, 0.054107666015625, 3.6015625, 1.0107421875, 0.02166748046875, 0.1527099609375, 0.0222320556640625, 5.08203125, 0.0241546630859375, 0.05975341796875, 0.06451416015625, 0.0243988037109375, 0.015716552734375, 0.01398468017578125, 0.003200531005859375, 0.04620361328125, 6.5, 2.181640625, 0.02032470703125, 0.0018987655639648438, 0.025543212890625, 0.00909423828125, 0.0081329345703125, 0.0018901824951171875, 0.00811004638671875, 0.03289794921875, 0.291259765625, 0.1456298828125, 0.0016794204711914062, 0.06170654296875, 0.09857177734375, 0.0277557373046875, 0.022369384765625, 0.003368377685546875, 0.003711700439453125, 0.0012369155883789062, 7.0390625, 0.0102386474609375, 0.0083465576171875, 0.023468017578125, 0.0113067626953125, 0.373779296875, 0.01224517822265625, 0.01214599609375, 0.06610107421875, 0.0208892822265625, 0.01544189453125, 0.01442718505859375, 0.0053253173828125, 0.038909912109375, 2.208984375, 1.5380859375, 0.07073974609375, 0.015716552734375, 0.004993438720703125, 0.001911163330078125, 0.00875091552734375, 0.00180816650390625, 0.007778167724609375, 0.0022830963134765625, 0.0011501312255859375, 0.02825927734375, 0.114013671875, 0.0056915283203125, 0.00103759765625, 0.03546142578125, 0.03509521484375, 0.022430419921875, 0.01024627685546875, 0.00274658203125, 0.0005698204040527344, 0.00021278858184814453, 0.355712890625, 0.0020599365234375, 0.00304412841796875, 0.0239410400390625]",-1.475522884541312
235,1,test,2.863316566356714,1.3582270885323762,1.8224726665916249,5.759927511391995,2.732247515303501,3.666136875818036,17.519535390625723,13.01497872043862,14.68792979297968,35.24278630904942,26.181294402742804,29.54664946727308,2.9151178310863934,1.3174535073392355,1.8431809174707399,4.8183765803080885,2.1776091030400586,3.0465800288772558,18.450986374433217,13.509509130417953,15.529954563956451,30.49749813955904,22.329767157715626,25.66934638670488,2.855588355191974,1.3410198133472881,1.8408439352938764,5.526945203597369,2.5955222193818477,3.562923745730083,17.38466255576837,12.837203890379415,14.626004306655602,33.647733978906516,24.846201078153705,28.308395432236647,0.6482412060301508,-0.0017587939698492372,0.0032412060301507672,0.49246231155778897,-0.002537688442211028,0.0024623115577889765,0.4120603015075377,0.00706030150753767,0.022060301507537683,0.4144927536231884,0.11824997905671442,0.18086616515789022,0.3866279069767442,0.4120603015075377,0.1095603015075377,0.1824429970150252,0.3787878787878788,0.4147157190635451,0.12471571906354506,0.19385001429107007,0.38926174496644295,23.0,-1.0,0.0,36.0,4.0,2.0,45.0,0.0,0.0,0.0005713611424911852,1.9793669967230028e-05,4.097876834712315e-05,0.0003253844518242843,-7.453632174492242e-05,0.00015551101489830188,"[10.3125, 7.1484375, 2.671875, 8.03125, 6.15625, 0.75732421875, 1.1640625, 7.43359375, 5.15234375, 1.8896484375, 1.4931640625, 0.472412109375, 3.787109375, 3.609375, 0.07757568359375, 0.0172119140625, 6.265625, 2.927734375, 8.8515625, 0.669921875, 1.6513671875, 4.8828125, 11.390625, 1.9052734375, 1.806640625, 0.1064453125, 2.408203125, 2.728515625, 0.07379150390625, 1.9140625, 3.400390625, 3.62890625, 8.546875, 0.52734375, 0.1634521484375, 0.64306640625, 6.21484375, 1.578125, 3.84375, 8.3984375, 1.4501953125, 0.0382080078125, 0.013153076171875, 8.265625, 1.279296875, 1.935546875, 2.955078125, 1.03515625, 0.288818359375, 0.49658203125, 0.09259033203125, 0.64208984375, 1.8544921875, 1.142578125, 2.3984375, 0.0031871795654296875, 0.0017061233520507812, 11.796875, 0.64453125, 9.202957153320312e-05, 0.041290283203125, 9.429454803466797e-05, 0.00177764892578125, 3.6954879760742188e-06, -0.0, 0.0001475811004638672, 5.0078125, 0.0288848876953125, 0.00792694091796875, 0.036895751953125, 0.1507568359375, 0.059234619140625, 0.020355224609375, 1.3359375, 6.0625, 0.78125, 3.16015625, 7.59375, 7.41015625, 2.390625, 3.77734375, 3.24609375, 3.38671875, 1.4482421875, 3.486328125, 10.234375, 3.654296875, 7.359375, 2.228515625, 2.697265625, 3.1875, 1.9794921875, 5.8125, 4.21875, 5.41796875, 1.7421875, 0.00432586669921875, 0.00283050537109375, 3.138671875, 9.25, 0.379150390625, 3.025390625, 1.072265625, 3.1953125, 3.83984375, 3.91796875, 0.822265625, 0.3896484375, 6.05859375, 9.0546875, 2.388671875, 10.671875, 4.42578125, 6.0, 0.28466796875, 3.7265625, 3.703125, 0.603515625, 2.193359375, 5.08203125, 0.42822265625, 1.845703125, 5.45703125, 1.73828125, 0.03314208984375, 2.185546875, 4.1328125, 1.345703125, 5.58984375, 0.179931640625, 8.21875, 0.95654296875, 3.5703125, 8.6484375, 2.322265625, 1.9140625, 0.182861328125, 4.21484375, 1.3388671875, 3.34375, 0.09698486328125, 0.471923828125, 8.2109375, 6.64453125, 2.61328125, 3.916015625, 0.06622314453125, 2.900390625, 1.64453125, 2.5546875, 0.0309906005859375, 6.1875, 0.00502777099609375, 0.01157379150390625, 0.4072265625, 1.7529296875, 7.01171875, 3.32421875, 7.05078125, 2.201171875, 1.138671875, 3.494140625, 6.9921875, 4.00390625, 0.57568359375, 0.18017578125, 1.8818359375, 0.0007429122924804688, 3.458984375, 0.12445068359375, 0.007091522216796875, 0.024688720703125, 0.14599609375, 0.0275421142578125, 0.0284271240234375, 0.54833984375, 3.439453125, 0.07501220703125, 6.76953125, 1.482421875, 9.546875, 1.6416015625, 9.28125, 0.316650390625, 5.0859375, 0.413818359375, 3.1953125, 0.7939453125, 0.1636962890625, 1.0400390625, 0.8671875, 10.4140625, 11.4375, 4.48828125, 7.33203125, 2.900390625, 0.490966796875, 0.62060546875, 5.11328125, 6.015625, 2.169921875, 0.54833984375, 3.498046875, 3.501953125, 0.0565185546875, 8.1640625, 0.279296875, 0.0125274658203125, 1.333984375, 3.923828125, 1.9951171875, 1.6689453125, 0.78857421875, 12.0078125, 0.05853271484375, 0.3701171875, 1.212890625, 0.03558349609375, 3.61328125, 0.62060546875, 0.01253509521484375, 1.955078125, 3.34375, 4.67578125, 2.310546875, 0.90576171875, 0.99755859375, 2.30078125, 0.18798828125, 0.8359375, 6.70703125, 1.0810546875, 2.603515625, 0.5, 0.005695343017578125, 3.107421875, 0.0950927734375, 1.4365234375, 7.15625, 0.01232147216796875, 0.01515960693359375, 0.0271759033203125, 0.001453399658203125, 7.9453125, 0.126953125, 0.58154296875, 0.75634765625, 0.012054443359375, 6.28515625, 0.0191497802734375, 0.1512451171875, 0.318603515625, 6.1484375, 5.49609375, 1.9052734375, 3.7734375, 3.404296875, 8.40625, 2.859375, 1.72265625, 0.658203125, 0.98046875, 1.400390625, 4.21875, 3.578125, 0.032928466796875, 3.373046875, 7.41796875, 8.3359375, 2.943359375, 4.25, 7.31640625, 3.8828125, 0.103271484375, 2.197265625, 2.009765625, 2.6171875, 4.3203125, 0.2410888671875, 5.8671875, 0.049468994140625, 0.006221771240234375, 2.236328125, 1.7021484375, 3.654296875, 4.79296875, 4.14453125, 0.1064453125, 3.0390625, 3.58984375, 5.1640625, 5.30078125, 0.12066650390625, 11.46875, 1.0849609375, 2.51953125, 0.36474609375, 11.6953125, 0.093017578125, 4.07421875, 1.3212890625, 3.396484375, 2.96484375, 2.9453125, 0.0540771484375, 4.4375, 0.88232421875, 5.91015625, 4.41015625, 4.5625, 2.41796875, 1.1923828125, 1.771484375, 0.1400146484375, 2.236328125, 5.38671875, 0.61572265625, 8.5625, 2.265625, 5.05859375, 1.5712890625, 2.72265625, 3.126953125, 1.8154296875, 3.80859375, 1.4541015625, 3.96875, 2.44140625, 0.998046875, 1.1376953125, 0.00522613525390625, 0.0052032470703125, 1.744140625, 1.009765625, 1.171875, 6.02734375, 7.29296875, 6.5859375, 0.0350341796875, 4.4765625, 2.669921875, 4.48046875, 0.26025390625, 8.515625, 0.447509765625]",-1.3419017487677976
262,1,test,2.0342200696468353,0.9018151761116153,1.0410594489509175,4.771760908054545,2.1154281524745873,2.442059664826355,7.646286228570369,4.543176045076144,4.946532328602692,17.936235248933684,10.657131041907338,11.603301898477591,1.7067215101203728,0.6870269816362673,0.9858561560043182,3.4134430202407455,1.3740539632725346,1.9717123120086364,5.510864514938864,2.7385167536088093,3.4546527226194885,11.021729029877728,5.477033507217619,6.909305445238977,2.1102664454724875,0.9511587603833762,1.3163700347712153,4.306666215249975,1.941140327313013,2.6864694587167666,8.25043928398342,5.063351163318155,6.038440772567821,16.8376311918029,10.333369721057462,12.323348515444533,0.40703517587939697,0.0020351758793969443,0.0020351758793969443,0.31155778894472363,-0.003442211055276312,0.0015577889447235815,0.22613065326633164,-0.003869346733668344,-0.008869346733668348,0.34318181818181814,0.0968708079661541,0.11639784946236553,0.3462414578587699,0.3266331658291457,0.09104419339806802,0.1379854195854061,0.303030303030303,0.35451505016722407,0.10409768789677332,0.154292580756768,0.36241610738255037,18.0,6.0,2.0,23.0,0.0,0.0,31.0,3.0,1.0,0.000251551937868396,-0.00071679161079672,0.00016713877294130888,-0.11866131913437705,-0.11747424811967644,-0.12365542539916685,"[2.61328125, 1.55859375, 6.8515625, 0.174072265625, 0.323486328125, 2.107421875, 1.0625, 4.5078125, 4.55859375, 4.11328125, 0.3369140625, 1.681640625, 6.6875, 0.7587890625, 0.266357421875, 0.051544189453125, 0.2022705078125, 1.8818359375, 0.05548095703125, 3.1171875, 4.52734375, 5.10546875, 11.25, 0.7236328125, 0.318603515625, 2.21484375, 0.049102783203125, 0.2174072265625, 2.396484375, 1.4794921875, 0.6640625, 0.1478271484375, 0.69921875, 0.00254058837890625, 2.203125, 3.240234375, 3.865234375, 4.23828125, 1.4892578125, 0.1982421875, 0.382568359375, 0.145263671875, 0.03912353515625, 0.12017822265625, 1.0146484375, 0.33935546875, 0.0010614395141601562, 0.040740966796875, 0.043304443359375, 0.315673828125, 0.455078125, 1.1337890625, 0.6357421875, 0.81787109375, 0.447998046875, 0.00028777122497558594, 0.0009341239929199219, 0.1781005859375, 0.35205078125, 0.2188720703125, 0.131591796875, 0.058868408203125, 0.25146484375, 0.2386474609375, 0.5849609375, 0.046478271484375, 1.2685546875, 0.322021484375, 0.03167724609375, 0.51904296875, 3.8359375, 0.31591796875, 4.078125, 1.0107421875, 1.5166015625, 0.16748046875, 0.65283203125, 0.1427001953125, 0.29248046875, 0.0382080078125, 0.1776123046875, 4.51171875, 0.60205078125, 0.83203125, 0.00047016143798828125, 2.3984375, 7.41015625, 0.422119140625, 3.955078125, 0.62646484375, 0.0200653076171875, 0.740234375, 0.165771484375, 0.04241943359375, 0.0004470348358154297, 0.1629638671875, 4.59765625, 2.484375, 0.3759765625, 5.8203125, 2.953125, 0.230224609375, 0.0084991455078125, 2.134765625, 1.0791015625, 0.055633544921875, 0.0178070068359375, 7.77734375, 6.140625, 6.1484375, 2.09765625, 1.5478515625, 5.8046875, 3.427734375, 6.28125, 0.8330078125, 0.08624267578125, 0.31396484375, 0.22705078125, 0.02020263671875, 0.047454833984375, 1.4248046875, 2.080078125, 2.216796875, 0.12237548828125, 3.1171875, 0.9072265625, 0.12890625, 0.00327301025390625, 0.244873046875, 0.4072265625, 0.003490447998046875, 5.296875, 4.0703125, 1.287109375, 6.19140625, 6.22265625, 0.93896484375, 0.0237579345703125, 0.13037109375, 3.173828125, 0.400146484375, 0.53369140625, 0.0027217864990234375, 4.453125, 0.1292724609375, 0.662109375, 0.31396484375, 0.35986328125, 0.1278076171875, 0.2276611328125, 0.537109375, 3.119140625, 3.08984375, 7.625, 9.109375, 4.41796875, 2.609375, 2.65625, 6.81640625, 3.923828125, 4.47265625, 0.6650390625, 10.4921875, 5.234375, 1.6337890625, 0.1805419921875, 0.69775390625, 2.181640625, 0.1273193359375, 0.0195770263671875, 4.734375, 1.5732421875, 0.212646484375, 0.0017747879028320312, 0.0965576171875, 0.54541015625, 0.315185546875, 0.0263214111328125, 0.0081024169921875, 0.2257080078125, 0.232177734375, 0.389892578125, 0.0938720703125, 6.578125, 0.19482421875, 0.019500732421875, 1.1083984375, 0.08038330078125, 0.008331298828125, 0.0028438568115234375, 0.0221405029296875, 0.0197296142578125, 1.845703125, 0.0010519027709960938, 0.01904296875, 0.0003039836883544922, 8.9296875, 5.92578125, 7.390625, 1.6669921875, 6.40234375, 3.359375, 2.298828125, 4.46484375, 1.5703125, 4.07421875, 1.001953125, 1.861328125, 0.2587890625, 0.483642578125, 1.8857421875, 0.0015621185302734375, 0.26806640625, 0.2066650390625, 0.051788330078125, 2.578125, 3.337890625, 7.5078125, 2.048828125, 11.234375, 1.0234375, 1.2705078125, 9.5390625, 1.7216796875, 1.8798828125, 0.026153564453125, 0.0029048919677734375, 0.1043701171875, 0.0021190643310546875, 0.10150146484375, 0.007419586181640625, 0.0005550384521484375, 5.1328125, 1.7646484375, 7.0625, 4.94921875, 6.203125, 0.7451171875, 5.421875, 3.986328125, 0.85009765625, 1.2060546875, 6.89453125, 2.041015625, 3.9765625, 0.50634765625, 5.06640625, 1.8271484375, 3.921875, 0.017181396484375, 0.79052734375, 5.0859375, 2.849609375, 7.48046875, 2.205078125, 1.4677734375, 8.6875, 1.287109375, 3.6328125, 7.55859375, 1.318359375, 0.0260772705078125, 10.34375, 3.556640625, 2.25390625, 1.11328125, 2.63671875, 2.314453125, 10.0390625, 3.25, 6.09375, 1.3798828125, 0.1373291015625, 0.6943359375, 0.15234375, 0.0189056396484375, 0.140625, 0.69873046875, 0.215087890625, 2.642578125, 1.279296875, 0.6083984375, 4.73828125, 3.640625, 9.640625, 2.21484375, 3.2421875, 0.317138671875, 0.84228515625, 0.91455078125, 0.04486083984375, 5.35546875, 0.623046875, 0.219482421875, 8.71875, 1.6064453125, 4.3671875, 4.48828125, 2.666015625, 3.84375, 10.9375, 5.765625, 6.0625, 1.044921875, 3.341796875, 1.02734375, 0.130615234375, 4.171875, 2.919921875, 3.3984375, 6.88671875, 6.86328125, 0.923828125, 0.389404296875, 12.1171875, 4.9140625, 0.405029296875, 0.34716796875, 0.1285400390625, 2.603515625, 0.04974365234375, 0.053680419921875, 1.5546875, 1.2333984375, 2.2109375, 0.859375, 6.90234375, 1.953125, 7.76953125, 4.26171875, 11.28125, 2.640625, 3.14453125, 5.265625, 2.66015625, 4.90625, 7.41015625, 1.5537109375, 1.3154296875, 2.74609375, 0.317626953125, 0.1209716796875, 0.6416015625, 0.11309814453125, 0.100341796875, 0.000782012939453125, 0.037689208984375, 0.07879638671875, 0.049407958984375, 0.011871337890625, 0.0028247833251953125, 0.11981201171875, 0.07269287109375, 0.2412109375, 2.62109375, 0.054656982421875, 0.765625, 0.264404296875, 0.5546875, 1.16015625, 4.9140625, 0.042510986328125, 0.0019893646240234375, 0.00380706787109375, 0.01024627685546875, 0.00298309326171875, 2.58984375, 1.2744140625, 1.4111328125, 0.186279296875, 4.58203125, 1.1181640625, 7.01171875, 1.71875, 1.001953125, 1.93359375, 1.3447265625, 0.908203125, 0.57666015625, 0.04327392578125, 0.016143798828125, 0.453369140625, 0.66943359375, 1.431640625, 0.0009036064147949219, 0.1031494140625, 0.0247955322265625, 0.00307464599609375, 0.495361328125, 11.359375, 0.884765625, 3.03125, 3.220703125, 3.6328125, 0.2166748046875, 0.93505859375, 0.90478515625, 0.51171875, 0.90185546875, 0.0005297660827636719, 0.33740234375, 3.916015625, 0.90576171875, 1.7734375, 0.2222900390625, 0.76708984375, 4.90625, 3.705078125, 0.16796875, 0.36474609375, 4.24609375, 1.0419921875, 0.7958984375, 0.0016260147094726562, 0.007076263427734375, 0.415283203125, 0.00852203369140625, 0.5224609375, 6.64453125, 0.0239715576171875, 0.14794921875, 0.484619140625, 0.16015625, 0.382568359375, 0.13720703125, 0.80419921875, 0.365966796875, 0.0146026611328125, 0.05853271484375, 0.0006952285766601562, 0.370361328125, 0.01247406005859375, 0.04107666015625, 0.023223876953125, 0.0006899833679199219, 1.91015625, 0.0283050537109375, 5.359375, 11.6484375]",-2.5832954943180084
221,1,test,0.38953139177627033,0.04737985323151134,0.12200266622486772,0.7504971481556142,0.09128518389271179,0.23505847025991178,1.4762888306788249,0.06831518705319617,0.16955766480858636,2.844316480441203,0.13162059372249146,0.32668110086454316,0.5642548026751034,0.04658419247909262,0.1053741952818737,1.0546818741590718,0.08707325697026658,0.19696111267639949,1.7581371353469466,0.08002302385770532,0.1758353589761752,3.2862376361625167,0.14957574552842123,0.32866422238537396,0.39212267680300605,0.05160102262108768,0.12241324979868307,0.7554896906404583,0.09941797024996224,0.23584952794546266,1.4801192765660605,0.07443859802389241,0.1705354108309538,2.8516964728506102,0.14341836552603304,0.3285648915343047,0.13567839195979903,0.0006783919597990185,0.0006783919597990185,0.07537688442211055,-0.004623115577889414,-0.004623115577889414,0.055276381909547756,-0.004723618090452297,-0.004723618090452297,0.12152777777777779,0.01580854034276913,0.030303759302027222,0.059233449477351874,0.16080402010050254,0.037997002556642845,0.053959278865110205,0.101010101010101,0.12152777777777779,0.02447405160793381,0.023375352835514507,0.06271777003484325,13.0,4.0,4.0,15.0,5.0,5.0,16.0,3.0,3.0,0.001101620098252816,0.0006189167068264706,0.0002117999691086906,-0.028499360159763842,-0.029880015088991296,-0.03271965955731404,"[2.13671875, 2.83984375, 2.248046875, 0.212646484375, 1.3271484375, 0.00293731689453125, 2.83203125, 1.8994140625, 1.2978515625, 1.2392578125, 0.56396484375, 4.92578125, 0.343505859375, 0.10467529296875, 0.89990234375, 0.1273193359375, 0.0016241073608398438, 0.00443267822265625, 0.034637451171875, 0.050384521484375, 3.2109375, 0.030364990234375, 0.049224853515625, 0.00030684471130371094, 3.2265625, 12.359375, 1.91015625, 6.96484375, 10.34375, 5.7734375, 3.08203125, 8.578125, 1.6083984375, 0.05157470703125, 2.318359375, 0.016693115234375, 0.056610107421875, 0.000743865966796875, 1.66015625, 10.140625, 0.99267578125, 4.20703125, 0.36279296875, 0.9501953125, 0.13916015625, 0.86767578125, 0.035675048828125, 1.884765625, 0.0017633438110351562, 0.041656494140625, 0.028106689453125, 0.1328125, 0.0013885498046875, 0.006214141845703125, 0.0008249282836914062, 0.01085662841796875, 0.0032978057861328125, 0.0214996337890625, 0.0081024169921875, 0.05548095703125, 0.1441650390625, 0.00015974044799804688, 0.005695343017578125, 0.0117340087890625, 0.0041046142578125, 0.0005369186401367188, 0.0022640228271484375, 0.0025482177734375, 0.004039764404296875, 0.010223388671875, 0.006824493408203125, 0.70947265625, 5.269050598144531e-05, 0.119873046875, 0.0016002655029296875, 0.0001785755157470703, 0.0150909423828125, 0.0010538101196289062, 0.77685546875, 0.017242431640625, 0.019989013671875, 0.021697998046875, 0.011077880859375, 0.0017757415771484375, 0.00040149688720703125, 0.0007271766662597656, 0.00012862682342529297, 0.03131103515625, 0.0032405853271484375, 0.314453125, 0.0053253173828125, 0.07965087890625, 0.00040435791015625, 0.008636474609375, 0.0008668899536132812, 0.00030231475830078125, 0.00011599063873291016, 0.0004382133483886719, 0.054656982421875, 0.0009365081787109375, 0.0011396408081054688, 0.0002808570861816406, 0.059051513671875, 0.0164947509765625, 0.002780914306640625, 0.0019464492797851562, 3.075599670410156e-05, 0.0035419464111328125, 0.002185821533203125, 0.0035457611083984375, 0.0188446044921875, 0.00966644287109375, 0.04498291015625, 0.0030193328857421875, 0.004795074462890625, 0.05108642578125, 0.01244354248046875, 0.01117706298828125, 0.0265655517578125, 0.0006527900695800781, 0.003452301025390625, 0.003612518310546875, 1.895427703857422e-05, 5.53131103515625e-05, 9.179115295410156e-05, 0.0012607574462890625, 0.0005712509155273438, 0.0026111602783203125, 0.00037217140197753906, 0.0013685226440429688, 0.69677734375, 0.00737762451171875, 0.00022876262664794922, 0.0032596588134765625, 0.00737762451171875, 0.0008435249328613281, 0.0002734661102294922, 6.198883056640625e-06, 0.00019931793212890625, 0.00806427001953125, 0.005344390869140625, 0.0003485679626464844, 3.9458274841308594e-05, 0.012786865234375, 0.0186309814453125, 0.0265350341796875, 0.0014657974243164062, 0.75390625, 0.0106658935546875, 0.444091796875, 0.0021572113037109375, 0.0323486328125, 0.040191650390625, 0.050262451171875, 0.1390380859375, 0.0170135498046875, 0.040191650390625, 0.01166534423828125, 0.76611328125, 0.0009183883666992188, 0.0029468536376953125, 0.08074951171875, 0.0033435821533203125, 0.1243896484375, 0.342041015625, 5.447864532470703e-05, 0.0006480216979980469, 0.138427734375, 0.00015020370483398438, 6.461143493652344e-05, 0.0001766681671142578, 0.002803802490234375, 0.00016295909881591797, 0.0025634765625, 6.210803985595703e-05, 3.802776336669922e-05, 0.0037746429443359375, 0.0005064010620117188, 0.06866455078125, 0.05035400390625, 8.940696716308594e-06, 0.004032135009765625, 1.4901161193847656e-05, 0.0009655952453613281, 0.007381439208984375, 0.050140380859375, 0.01175689697265625, 0.0014314651489257812, 0.0031108856201171875, 0.0025196075439453125, 0.0070953369140625, 3.5762786865234375e-07, 0.0005016326904296875, 0.04620361328125, 0.00335693359375, 0.00035691261291503906, 0.0002390146255493164, 0.0268402099609375, 0.007450103759765625, 0.0005497932434082031, 1.7762184143066406e-05, 0.002681732177734375, 0.00505828857421875, 4.0531158447265625e-06, 6.651878356933594e-05, 0.01074981689453125, 0.326171875, 0.0181121826171875, 1.7404556274414062e-05, 0.0025157928466796875, 0.18310546875, -0.0, 0.007732391357421875, 0.0035953521728515625, 0.0015649795532226562, 3.5762786865234375e-07, 6.306171417236328e-05, 2.384185791015625e-06, 2.5510787963867188e-05, 8.225440979003906e-06, 0.001178741455078125, 0.13232421875, 0.002475738525390625, 2.086162567138672e-05, 1.9073486328125e-06, 0.009552001953125, 6.794929504394531e-06, 4.649162292480469e-06, 0.0015249252319335938, 0.00014925003051757812, 0.0010290145874023438, 2.765655517578125e-05, 0.007396697998046875, 1.0728836059570312e-06, 1.621246337890625e-05, 0.0025081634521484375, 0.0011682510375976562, 0.050048828125, 0.128662109375, 0.00685882568359375, 0.000247955322265625, 1.2159347534179688e-05, 0.0196685791015625, 0.00052642822265625, 0.0181427001953125, 0.0030460357666015625, 0.0005750656127929688, 4.76837158203125e-07, 4.76837158203125e-07, 9.894371032714844e-06, 4.76837158203125e-06, 0.0001289844512939453, 0.0006594657897949219, 0.00044417381286621094, 6.35385513305664e-05, 0.0002524852752685547, 0.0026454925537109375, 0.0013761520385742188, 0.058135986328125, 0.0032138824462890625, 5.960464477539062e-07, 0.00019049644470214844, 2.5033950805664062e-06, 0.0034542083740234375, 0.0002970695495605469, 0.00015079975128173828, 2.6702880859375e-05, 0.0001367330551147461, 0.0005183219909667969, 0.00832366943359375, 0.0012693405151367188, 1.6689300537109375e-06, 0.0028839111328125, 0.0005192756652832031, 0.00043892860412597656, 0.018402099609375, 0.12744140625, 2.110004425048828e-05, 0.002956390380859375, 0.0019626617431640625, 2.2649765014648438e-05, 0.0013074874877929688, 7.653236389160156e-05, 1.9073486328125e-05, 4.8995018005371094e-05, 3.6954879760742188e-06, 0.0009407997131347656, 0.00014317035675048828]",-2.335522872292333
173,1,test,1.958441872586001,0.8766633875807051,0.9933916073493172,5.849037807387721,2.6182228689490854,2.9668407065130613,7.088274022296191,4.138352743017817,4.4633544269328755,21.16967744913963,12.359509870086768,13.330152483121676,2.259425457997538,0.9833581930032536,1.3703070261929637,4.303667539042929,1.873063224768102,2.610108621319931,9.577584860903603,5.995061989168649,7.144600996498339,18.243018782673527,11.41916569365457,13.608763802853979,2.348148701581668,1.0619597156344904,1.489114458750108,4.96087753855282,2.2435768640165294,3.1460164621481157,10.46617576362472,6.847207460983902,8.10529620760921,22.111638937235327,14.465931255599795,17.123865227343405,0.40201005025125625,-0.002989949748743781,-0.002989949748743781,0.3517587939698492,-0.013241206030150776,-0.013241206030150776,0.2814070351758794,-0.013592964824120646,-0.01859296482412065,0.32657657657657657,0.11510301077230212,0.13791577501254915,0.3002257336343115,0.3417085427135679,0.1261696955957734,0.17977198177867637,0.3484848484848485,0.35785953177257523,0.12079776215654847,0.17988400340772537,0.36241610738255037,23.0,0.0,1.0,32.0,5.0,2.0,32.0,-1.0,1.0,0.0006312701869534584,-0.00024311262431349692,0.0007557809038405105,-0.10221827618086277,-0.1016285607495444,-0.11292682021576361,"[8.3671875, 8.015625, 0.1781005859375, 2.1953125, 3.2265625, 8.1796875, 0.390625, 0.93310546875, 0.06817626953125, 2.9609375, 0.421630859375, 4.83984375, 0.00812530517578125, 0.0021953582763671875, 0.004322052001953125, 0.016143798828125, 0.0030956268310546875, 0.67822265625, 0.1058349609375, 4.50390625, 0.0082550048828125, 0.06988525390625, 5.3763389587402344e-05, 0.0033588409423828125, 4.971027374267578e-05, 0.0780029296875, 0.13525390625, 2.2421875, 0.00995635986328125, 2.908203125, 2.115234375, 0.06671142578125, 8.618831634521484e-05, 0.0020885467529296875, 0.1439208984375, 0.7294921875, 5.364418029785156e-06, 0.00017392635345458984, 0.0097808837890625, 0.0013322830200195312, 2.765655517578125e-05, 0.00109100341796875, 0.0021114349365234375, 0.00727081298828125, 0.0261383056640625, 1.2159347534179688e-05, 6.16312026977539e-05, 0.0015611648559570312, 5.3048133850097656e-05, 0.04827880859375, 1.1920928955078125e-07, 0.007083892822265625, 0.0061492919921875, 0.0009899139404296875, 0.044342041015625, 0.0006427764892578125, 1.895427703857422e-05, 0.002979278564453125, 0.07635498046875, 0.0028705596923828125, 0.0089111328125, 6.878376007080078e-05, 0.00023758411407470703, 0.00536346435546875, 0.0001659393310546875, 0.69921875, -0.0, 6.639957427978516e-05, 0.01143646240234375, 0.00444793701171875, 0.007053375244140625, 0.0005545616149902344, 0.0037784576416015625, 0.00087738037109375, 0.07275390625, 4.839897155761719e-05, 0.018157958984375, 0.00012505054473876953, 3.3974647521972656e-05, 0.00014531612396240234, 0.0017309188842773438, 0.0013761520385742188, 0.002288818359375, 0.69384765625, 0.0002219676971435547, 0.00036144256591796875, 0.0289764404296875, 0.02398681640625, 0.253173828125, 9.9140625, 6.71875, 7.16796875, 2.486328125, 3.478515625, 8.671875, 1.8291015625, 3.265625, 0.4638671875, 2.32421875, 2.078125, 3.453125, 0.70654296875, 7.59765625, 0.416259765625, 0.052764892578125, 0.422607421875, 2.9609375, 0.255615234375, 6.09375, 8.2421875, 4.5703125, 0.33544921875, 8.9296875, 8.5546875, 0.254150390625, 0.0704345703125, 0.05078125, 0.2073974609375, 0.271728515625, 6.09765625, 2.865234375, 6.08984375, 3.62890625, 0.8740234375, 0.3701171875, 0.11083984375, 10.8203125, 4.12890625, 8.46875, 0.86572265625, 3.4921875, 0.92236328125, 0.0189056396484375, 0.024078369140625, 0.039886474609375, 0.1671142578125, 3.27734375, 10.03125, 5.19140625, 7.875, 3.40625, 0.0748291015625, 5.6875, 0.05145263671875, 5.25, 0.4736328125, 8.734375, 9.0625, 0.8125, 2.103515625, 1.427734375, 7.72265625, 1.4013671875, 4.14453125, 0.296875, 5.5078125, 0.78662109375, 9.21875, 7.796875, 0.841796875, 1.4619140625, 0.275634765625, 1.2763671875, 0.2288818359375, 4.453125, 7.8359375, 0.71484375, 0.13134765625, 10.8359375, 4.171875, 0.5849609375, 12.46875, 0.6259765625, 4.22265625, 0.1734619140625, 6.53515625, 7.45703125, 4.52734375, 6.875, 0.1663818359375, 4.81640625, 10.21875, 9.5078125, 0.505859375, 5.27734375, 5.46875, 1.6806640625, 0.257568359375, 4.82421875, 5.44921875, 2.958984375, 4.74609375, 0.25634765625, 1.3681640625, 0.492919921875, 2.779296875, 0.232666015625, 1.576171875, 8.921875, 3.41015625, 0.65234375, 3.677734375, 1.4765625, 0.3837890625, 0.2164306640625, 0.003108978271484375, 0.05657958984375, 7.25390625, 6.58203125, 2.896484375, 2.87109375, 6.640625, 6.0546875, 3.529296875, 3.462890625, 0.48095703125, 0.1439208984375, 0.0114898681640625, 0.001415252685546875, 0.058685302734375, 3.96875, 5.5078125, 1.71484375, 1.62109375, 1.1083984375, 1.693359375, 3.115234375, 0.98486328125, 1.6142578125, 8.578125, 1.8623046875, 7.17578125, 1.921875, 8.6328125, 2.201171875, 0.77490234375, 0.483642578125, 0.057586669921875, 0.255859375, 0.0009293556213378906, 0.12091064453125, 1.03515625, 5.3984375, 0.156005859375, 0.83154296875, 1.2021484375, 5.08203125, 0.0242919921875, 5.80078125, 2.451171875, 7.87890625, 11.0, 6.86328125, 2.05078125, 0.88623046875, 1.9775390625, 4.17578125, 0.0665283203125, 7.61328125, 1.162109375, 0.423583984375, 0.09967041015625, 0.59033203125, 0.6416015625, 0.238525390625, 0.470703125, 0.0007224082946777344, 0.118896484375, 3.83984375, 5.87890625, 5.85546875, 0.41064453125, 0.26953125, 0.1290283203125, 4.171875, 8.7578125, 2.12890625, 2.01171875, 4.48828125, 8.9296875, 4.8125, 3.732421875, 1.9619140625, 0.025482177734375, 4.37890625, 6.4453125, 0.72314453125, 1.4482421875, 3.76953125, 3.291015625, 3.31640625, 2.140625, 2.76953125, 0.71923828125, 0.275146484375, 0.1689453125, 0.09844970703125, 0.0018558502197265625, 0.09814453125, 1.2861328125, 2.205078125, 0.1068115234375, 0.068115234375, 0.0152740478515625, 4.9609375, 0.149169921875, 0.08880615234375, 0.3701171875, 0.2861328125, 0.08154296875, 0.1798095703125, 0.204345703125, 0.268798828125, 0.0869140625, 0.0740966796875, 0.044921875, 0.02056884765625, 0.037078857421875, 0.0006017684936523438, 0.07244873046875, 3.517578125, 4.953125, 0.246826171875, 1.587890625, 0.55517578125, 3.212890625, 0.13037109375, 3.5234375, 3.07421875, 10.921875, 0.64453125, 0.96728515625, 0.60107421875, 5.26953125, 0.1036376953125, 4.13671875, 0.001556396484375, 3.8984375, 0.650390625, 0.18115234375, 0.1512451171875, 0.0278167724609375, 0.142333984375, 0.0640869140625, 0.2313232421875, 0.0099639892578125, 0.08026123046875, 0.290283203125, 8.3828125, 0.26513671875, 0.2470703125, 0.072265625, 0.01480865478515625, 0.00273895263671875, 0.0002015829086303711, 0.00937652587890625, 0.378662109375, 0.1024169921875, 0.0313720703125, 0.0170745849609375, 0.0377197265625, 0.0289764404296875, 0.5869140625, 0.036407470703125, 0.0806884765625, 0.0026683807373046875, 0.0054473876953125, 5.602836608886719e-05, 0.00577545166015625, 8.2890625, 7.54296875, 0.013885498046875, 6.05078125, 8.5625, 3.79296875, 4.91015625, 3.740234375, 0.1053466796875, 4.25, 3.787109375, 1.4326171875, 0.036285400390625, 1.0380859375, 11.703125, 5.69140625, 2.064453125, 0.59423828125, 0.01482391357421875, 0.05230712890625, 0.00016951560974121094, 0.0224761962890625, 0.9375, 0.2261962890625, 0.0185699462890625, 0.06317138671875, 0.0088348388671875, 1.546875, 0.08221435546875, 0.04046630859375, 0.22900390625, 0.06732177734375, 0.0248870849609375, 0.09637451171875, 0.0872802734375, 0.034088134765625, 0.0157012939453125, 0.032440185546875, 0.1524658203125, 0.01119232177734375, 0.047943115234375, 0.00010156631469726562, 0.007228851318359375, 0.445556640625, 3.103515625, 0.01175689697265625, 0.0355224609375, 0.060272216796875, 0.0972900390625, 0.0164947509765625, 0.06561279296875, 0.023193359375, 0.0474853515625, 0.1776123046875, 0.0272979736328125, 0.0143890380859375, 0.0112152099609375, 0.09283447265625, 0.578125, 0.003063201904296875, 0.5947265625, 0.046875, 0.0186614990234375, 0.007457733154296875, 0.01446533203125, 0.176025390625, 0.07470703125, 0.1019287109375, 5.733966827392578e-05, 0.006359100341796875, 3.275390625, 0.19580078125, 0.06024169921875, 0.0111236572265625, 0.031951904296875]",-1.435174088488828
22,1,test,0.6813649423976442,0.15530140293526162,0.25747078240264326,1.4901395894712708,0.3396429056063852,0.5630865078561873,1.9765738012057805,0.28431612674019635,0.4486739289099959,4.322750833531342,0.6217970576675844,0.9812462347706421,0.8778650844516467,0.1274103228222313,0.25680076382210015,1.6408693167320498,0.2381501361163203,0.4800014277048601,2.4057581295175763,0.2877951635882696,0.5448505389570537,4.496744167322572,0.537934885211719,1.018412222349633,0.6725237925550831,0.14115106426058266,0.25262709748550266,1.4708040666448565,0.30869622996826607,0.5524934083219529,1.9591756392612867,0.2579095567399967,0.4373713016544196,4.284701194807204,0.5640461037647082,0.9565274808539743,0.22613065326633164,-0.023869346733668362,-0.018869346733668357,0.16080402010050254,-0.029195979899497404,-0.019195979899497506,0.10552763819095479,-0.0044723618090452,-0.0044723618090452,0.2201492537313433,0.04510269879652018,0.07374726861968073,0.1460674157303371,0.24120603015075381,0.03067971436128014,0.05422773298881722,0.18181818181818177,0.2201492537313433,0.048827093582367476,0.07126587904151704,0.14981273408239704,9.0,-3.0,0.0,15.0,0.0,0.0,18.0,0.0,0.0,0.0001760969884523439,0.0009131491407989874,0.0003427231512835227,-0.12277793285457461,-0.1371377295827103,-0.13900929697286468,"[2.1875, 2.275390625, 2.275390625, 4.21484375, 0.216796875, 0.056365966796875, 2.990234375, 4.96484375, 0.09014892578125, 2.623046875, 0.7724609375, 0.02874755859375, 0.59375, 0.0115203857421875, 1.857421875, 1.7724609375, 0.03204345703125, 5.5390625, 3.5859375, 2.203125, 5.23046875, 6.390625, 3.228515625, 0.5869140625, 1.8720703125, 0.055999755859375, 0.2568359375, 0.60205078125, 3.17578125, 6.08203125, 2.392578125, 6.4609375, 0.828125, 0.0004355907440185547, 7.58984375, 0.1778564453125, 0.130615234375, 1.4521484375, 1.3564453125, 0.397216796875, 1.3916015625, 1.5595703125, 4.45703125, 0.0643310546875, 3.18359375, 3.359375, 2.9453125, 0.78076171875, 0.2568359375, 0.315185546875, 0.81640625, 0.00806427001953125, 8.234375, 4.34765625, 6.8515625, 1.7265625, 0.1329345703125, 0.300048828125, 0.062042236328125, 2.349609375, 0.97900390625, 0.0013761520385742188, 0.705078125, 4.756450653076172e-05, 2.12890625, 0.003387451171875, 0.0509033203125, 0.035308837890625, 0.0298614501953125, 0.0116729736328125, 0.0012826919555664062, 3.6716461181640625e-05, 4.02734375, 0.1375732421875, 0.0001760721206665039, 0.1395263671875, 0.0038661956787109375, 0.00719451904296875, 0.00414276123046875, 0.0136260986328125, 4.0546875, 0.019500732421875, 0.0192413330078125, 0.07183837890625, 0.05767822265625, 0.0521240234375, 0.00188446044921875, 0.0002570152282714844, 0.7958984375, 0.1279296875, 8.821487426757812e-06, 0.09368896484375, 0.00033283233642578125, 0.0164642333984375, 0.0009417533874511719, 0.0003151893615722656, 6.0439109802246094e-05, 1.36328125, 0.1588134765625, 0.69580078125, 0.0478515625, 0.052520751953125, 0.2236328125, 0.0153350830078125, 0.01007843017578125, 0.0011444091796875, 0.0051116943359375, 0.0004630088806152344, 0.0001957416534423828, 0.0016937255859375, 3.337860107421875e-05, 0.0038318634033203125, 0.00045418739318847656, 0.00018930435180664062, 1.4185905456542969e-05, 1.3154296875, 2.130859375, 3.814697265625e-06, 0.01389312744140625, 0.01020050048828125, 0.00272369384765625, 0.039337158203125, 0.003490447998046875, 0.0015239715576171875, 0.0008978843688964844, 0.0008673667907714844, 0.0001608133316040039, 0.004947662353515625, 0.33056640625, 6.568431854248047e-05, 0.001171112060546875, 0.00128173828125, 1.895427703857422e-05, 0.0008931159973144531, 0.0009889602661132812, 5.996227264404297e-05, 3.1948089599609375e-05, 0.0001646280288696289, 0.260498046875, 0.0014019012451171875, 0.0004901885986328125, 1.3154296875, 0.049560546875, 6.651878356933594e-05, 0.00019943714141845703, 2.8967857360839844e-05, 0.00010120868682861328, 0.03961181640625, 0.0008211135864257812, 0.00205230712890625, 0.0133056640625, 0.0248870849609375, 0.12939453125, 0.004119873046875, 0.0196380615234375, 14.015625, 0.7744140625, 2.759765625, 0.324462890625, 0.06292724609375, 0.1275634765625, 3.26171875, 0.0018587112426757812, 0.0049591064453125, 0.006809234619140625, 0.1514892578125, 0.00745391845703125, 0.5771484375, 0.000621795654296875, 0.01131439208984375, 0.0121002197265625, 0.08258056640625, 0.1416015625, 0.136474609375, 0.032806396484375, 0.00018608570098876953, 0.0190277099609375, 0.033172607421875, 0.003353118896484375, 0.0006189346313476562, 0.025665283203125, 0.0253448486328125, 0.00876617431640625, 0.0101318359375, 0.015167236328125, 0.72314453125, 0.0007181167602539062, 0.07525634765625, 0.01439666748046875, 0.0002675056457519531, 0.09002685546875, 0.00762939453125, 0.16357421875, 0.01464080810546875, 2.21875, 1.646484375, 0.0032749176025390625, 0.0269012451171875, 0.01071929931640625, 0.0015707015991210938, 0.001163482666015625, 0.0011415481567382812, 0.002079010009765625, 0.0110321044921875, 0.0020122528076171875, 0.05023193359375, 0.006275177001953125, 0.7890625, 0.0004329681396484375, 0.00775146484375, 0.0008497238159179688, 0.0002796649932861328, 4.291534423828125e-05, 0.00019109249114990234, 0.0201416015625, 0.00472259521484375, 0.0017080307006835938, 0.00038433074951171875, 0.0316162109375, 0.0682373046875, 0.0205230712890625, 0.32763671875, 0.007099151611328125, 0.009735107421875, 0.0007643699645996094, 0.0018415451049804688, 0.0028934478759765625, 0.008026123046875, 0.01084136962890625, 0.00428009033203125, 0.018890380859375, 0.05108642578125, 0.006549835205078125, 0.00330352783203125, 0.1358642578125, 0.00040650367736816406, 0.003143310546875, 0.0013742446899414062, 9.047985076904297e-05, 9.453296661376953e-05, 3.0517578125e-05, 0.002819061279296875, 0.0005774497985839844, 0.0007967948913574219, 0.0005645751953125, 0.0027713775634765625, 0.697265625, 2.467632293701172e-05, 0.0584716796875, 0.0169525146484375, 0.0021762847900390625, 0.03607177734375, 0.0003275871276855469, 1.1920928955078125e-07, 4.017353057861328e-05, 0.0007281303405761719, 0.0007309913635253906, 0.0010156631469726562, 0.006816864013671875, 0.1282958984375, 2.956390380859375e-05, 0.0212249755859375, 0.003322601318359375, 0.034149169921875, 0.037322998046875, 0.0026645660400390625, 0.7041015625, 0.0039825439453125]",-2.0985694638828734
216,1,test,2.3576175424862993,1.0503626690482148,1.4398171537585798,5.404149301932881,2.4076494946364924,3.300360099199861,10.565748994382444,6.869735246498517,8.061972001984637,24.218892175435084,15.74686066242842,18.47971504351024,2.8222460992372214,1.241255893207143,1.7484529801346542,4.664869585516069,2.0516626334002366,2.890004925842404,16.814575494625025,11.954809895920267,13.888116613553342,27.792686767975248,19.760016356893,22.95556465050139,2.5740111811105226,1.174164998468842,1.6123459280229262,5.400023456875222,2.463283213570997,3.382543904943202,13.118339081581237,9.06376282691281,10.502289849325217,27.520991080240357,19.014887049467433,22.032775907675283,0.5778894472361809,-0.022110552763819125,-0.007110552763819111,0.44723618090452266,-0.0027638190954772934,-0.0027638190954772934,0.3266331658291457,-0.008366834170854265,-0.018366834170854274,0.34943181818181823,0.08843891038039975,0.13828812316715544,0.32193732193732194,0.3467336683417085,0.06853817961990394,0.12636638954371182,0.3484848484848485,0.35451505016722407,0.09408099340595533,0.154292580756768,0.3389261744966443,21.0,-1.0,1.0,31.0,-1.0,0.0,39.0,-1.0,0.0,0.0006146202043122591,0.00031547421056255475,0.000232290362484788,-0.02994836670815726,-0.03359763983988984,-0.027926986273439702,"[1.369140625, 2.291015625, 3.27734375, 1.2919921875, 0.82177734375, 0.92578125, 0.01371002197265625, 1.4794921875, 11.0859375, 0.01442718505859375, 4.98828125, 2.587890625, 0.322021484375, 2.0234375, 0.1912841796875, 0.7021484375, 0.00521087646484375, 3.984375, 7.390625, 12.2265625, 8.78125, 2.99609375, 0.053497314453125, 3.51953125, 0.182373046875, 6.9921875, 4.9296875, 10.640625, 1.2861328125, 2.26953125, 3.23046875, 1.130859375, 0.5888671875, 1.8525390625, 0.0260162353515625, 0.0447998046875, 4.0703125, 2.1796875, 6.46484375, 8.109375, 2.3671875, 4.71484375, 6.8984375, 6.9609375, 3.55078125, 3.1484375, 0.5185546875, 5.83984375, 5.07421875, 4.15625, 1.552734375, 0.49267578125, 0.0039825439453125, 0.0265350341796875, 0.284423828125, 0.73291015625, 0.06988525390625, 0.705078125, 0.39794921875, 0.0606689453125, 0.429443359375, 0.8701171875, 0.03485107421875, 0.0179901123046875, 9.572505950927734e-05, 8.703125, 4.1015625, 0.134521484375, 2.287109375, 0.9404296875, 0.47412109375, 0.110595703125, 0.07952880859375, 0.22607421875, 0.0017347335815429688, 0.343505859375, 7.3515625, 6.734375, 4.76953125, 2.615234375, 0.2081298828125, 3.486328125, 10.8828125, 0.26025390625, 0.5185546875, 0.0005931854248046875, 13.640625, 7.59765625, 1.60546875, 0.74169921875, 2.26171875, 3.017578125, 13.9453125, 12.84375, 0.055755615234375, 2.611328125, 0.00281524658203125, 0.86572265625, 0.5947265625, 0.1048583984375, 0.65185546875, 1.3212890625, 0.1900634765625, 0.1358642578125, 4.015625, 1.1357421875, 4.68359375, 5.0859375, 1.2802734375, 0.7373046875, 8.5234375, 0.13916015625, 1.0927734375, 2.130859375, 3.08984375, 6.2734375, 0.46923828125, 5.841255187988281e-05, 4.35546875, 1.1103515625, 0.032867431640625, 1.0009765625, 9.1796875, 0.44189453125, 3.466796875, 1.4912109375, 0.31396484375, 1.6962890625, 2.869140625, 3.11328125, 1.087890625, 0.019439697265625, 2.462890625, 0.156005859375, 0.0004868507385253906, 6.1796875, 8.015625, 7.90625, 5.48828125, 1.2099609375, 9.1328125, 0.0184478759765625, 6.11328125, 6.265625, 0.45947265625, 0.0010843276977539062, 4.1171875, 0.0011281967163085938, 1.2734375, 3.951171875, 0.248779296875, 2.068359375, 2.45703125, 3.32421875, 6.8046875, 0.63818359375, 0.279052734375, 0.705078125, 0.609375, 2.1328125, 0.0128936767578125, 0.172119140625, 8.1640625, 8.875, 6.8203125, 0.0367431640625, 2.07421875, 0.54052734375, 0.154296875, 1.66015625, 5.265625, 5.09375, 1.8154296875, 11.6953125, 4.41015625, 2.822265625, 0.08795166015625, 0.435791015625, 7.94921875, 4.44921875, 0.08551025390625, 1.466796875, 1.9638671875, 10.8125, 2.375, 5.58203125, 0.474853515625, 0.1427001953125, 0.05816650390625, 1.947265625, 1.54296875, 5.58203125, 0.17822265625, 1.3798828125, 0.27490234375, 2.150390625, 0.00397491455078125, 1.99609375, 0.17041015625, 3.974609375, 0.1827392578125, 0.8818359375, 3.43359375, 1.3720703125, 0.00980377197265625, 6.53125, 1.4189453125, 4.2109375, 0.58740234375, 6.1875, 2.40234375, 2.796875, 1.095703125, 0.473876953125, 1.001953125, 0.8427734375, 6.69140625, 0.383544921875, 0.0161285400390625, 0.0704345703125, 0.02716064453125, 4.5390625, 2.3515625, 1.078125, 1.2021484375, 0.32861328125, 0.0972900390625, 1.3212890625, 1.6025390625, 0.043426513671875, 0.11529541015625, 0.3427734375, 0.022064208984375, 2.46484375, 0.037200927734375, 5.515625, 0.380126953125, 10.5390625, 1.189453125, 5.046875, 3.2265625, 0.1683349609375, 4.07421875, 2.22265625, 0.92529296875, 0.00153350830078125, 4.02734375, 0.0025615692138671875, 7.8984375, 0.192138671875, 1.5595703125, 0.02008056640625, 4.27734375, 0.1961669921875, 6.2734375, 0.037750244140625, 0.13916015625, 0.734375, 4.69140625, 0.14306640625, 0.00432586669921875, 2.220703125, 0.0092926025390625, 6.8828125, 0.81787109375, 3.888671875, 4.50390625, 0.44580078125, 2.658203125, 0.25537109375, 5.01953125, 0.67431640625, 0.444091796875, 6.80078125, 2.0859375, 0.90478515625, 0.0021038055419921875, 4.66796875, 0.185302734375, 1.24609375, 0.01357269287109375, 8.1484375, 0.287841796875, 2.28515625, 4.9296875, 6.09765625, 0.10980224609375, 0.0841064453125, 4.16796875, 0.0088043212890625, 3.33203125, 0.00457000732421875, 7.73828125, 1.1943359375, 0.00424957275390625, 3.73046875, 0.058990478515625, 0.75537109375, 0.021514892578125, 11.2265625, 0.62158203125, 0.036773681640625, 0.01468658447265625, 2.92578125, 0.0029697418212890625, 0.95703125, 0.030242919921875, 2.328125, 0.04595947265625, 1.169921875, 0.66357421875, 0.014190673828125, 0.18310546875, 0.00789642333984375, 0.17724609375, 0.06207275390625, 0.1500244140625, 1.7900390625, 0.253173828125, 1.4521484375, 0.0006041526794433594, 0.056732177734375, 2.564453125, 0.004974365234375, 0.880859375, 0.86328125, 0.2232666015625, 2.822265625, 0.71728515625, 2.421875, 0.3740234375, 0.171875, 0.385498046875, 4.2734375, 0.09478759765625, 0.006732940673828125, 0.0634765625, 2.962890625, 0.489501953125, 6.70703125, 0.720703125, 0.01058197021484375, 0.1923828125, 0.07110595703125, 3.462890625, 3.919921875, 5.38671875, 0.404296875, 0.133544921875, 1.0048828125, 0.012939453125, 0.8037109375]",-1.6652305867861616
209,1,test,0.28229117171088264,0.0075399682467084395,0.04951576854731349,0.5385554978030314,0.014384762116060767,0.09446625346969734,1.3261648054507973,0.00996163811133255,0.0640668211729245,2.5300590969238614,0.0190048273187835,0.122226772308629,0.3382952530779431,0.007789766658915509,0.03325680033246409,0.6505677943806598,0.014980320497914423,0.06395538525473865,1.4025545508260395,0.01088312912640621,0.04587738086088944,2.697220290050076,0.020929094473858267,0.08822573242478748,0.2917998237396354,0.021018595521414718,0.05569025004052669,0.5566961176309356,0.04009930634936565,0.10624593802057924,1.338834987832477,0.027846756054199284,0.07252193066134338,2.55423128884352,0.05312608069914626,0.13835744218369772,0.085427135678392,-0.014572864321607981,-0.004572864321607972,0.055276381909547756,0.005276381909547712,0.00027638190954770714,0.03015075376884424,-0.0048492462311557905,-0.0048492462311557905,0.12313432835820892,0.022575669140331822,0.027600829598903753,0.07490636704119846,0.12562814070351758,0.027883779801261888,0.007097255895504251,0.08585858585858586,0.13432835820895528,0.02818310681230718,0.046239028184141384,0.0786516853932584,12.0,3.0,3.0,13.0,2.0,2.0,14.0,2.0,2.0,0.00016605947643778465,0.0002515172061508983,0.00011188298971635607,-0.19588170866626253,-0.20795167539400516,-0.20295284872470454,"[1.248046875, 3.29296875, 4.30859375, 0.25634765625, 0.1302490234375, 0.006244659423828125, 2.8203125, 1.84375, 9.1640625, 3.689453125, 2.5859375, 0.99560546875, 0.074462890625, 1.0068359375, 0.020233154296875, 1.5625, 0.147705078125, 0.0003635883331298828, 0.0174560546875, 0.08160400390625, 0.1275634765625, 0.27197265625, 0.007312774658203125, 0.7109375, 0.0026531219482421875, 0.0029773712158203125, 0.00884246826171875, 0.15087890625, 0.019134521484375, 0.0027103424072265625, 0.0008983612060546875, 0.005802154541015625, 0.001277923583984375, 0.009033203125, 0.00579833984375, 0.05322265625, 0.1474609375, 5.626678466796875e-05, 0.00934600830078125, 0.010894775390625, 0.0028095245361328125, 0.0021820068359375, 0.006534576416015625, 0.004680633544921875, 0.004756927490234375, 0.003841400146484375, 0.00453948974609375, 0.7109375, 4.7087669372558594e-05, 0.061920166015625, 0.0014085769653320312, 0.0004794597625732422, 0.0218963623046875, 0.0025577545166015625, 0.2174072265625, 0.0007481575012207031, 1.7177734375, 0.0203857421875, 0.00807952880859375, 0.0011968612670898438, 0.00014483928680419922, 0.00273895263671875, 0.00038552284240722656, 0.003963470458984375, 0.0005035400390625, 0.6962890625, 0.037628173828125, 0.324951171875, 0.0002008676528930664, 2.3203125, 0.0014476776123046875, 2.8252601623535156e-05, 3.039836883544922e-05, 0.0095367431640625, 0.003818511962890625, 0.0007786750793457031, 5.221366882324219e-05, 0.060546875, 0.03076171875, 0.0010881423950195312, 0.41064453125, 6.020069122314453e-05, 0.0078887939453125, 0.0003170967102050781, 0.0004987716674804688, 0.006748199462890625, 0.00206756591796875, 0.00873565673828125, 0.0011358261108398438, 0.002712249755859375, 0.02008056640625, 2.130859375, 0.0001678466796875, 0.181640625, 0.0005164146423339844, 0.0821533203125, 8.702278137207031e-06, 0.00015056133270263672, 3.409385681152344e-05, 0.0017442703247070312, 0.00719451904296875, 0.0014295578002929688, 0.00310516357421875, 0.007411956787109375, 0.317626953125, 0.007663726806640625, 0.00013172626495361328, 0.006561279296875, 0.049896240234375, 0.00012421607971191406, 1.1920928955078125e-07, 0.0004172325134277344, 0.0003535747528076172, 0.0004246234893798828, 0.0009260177612304688, 4.5180320739746094e-05, 0.0038280487060546875, 0.006809234619140625, 0.0098419189453125, 0.0010223388671875, 0.07049560546875, 0.0002338886260986328, 0.02337646484375, 0.0579833984375, 0.035247802734375, 0.1099853515625, 9.453125, 0.039825439453125, 0.0931396484375, 0.054107666015625, 0.21435546875, 0.0009608268737792969, 0.251220703125, 0.049102783203125, 0.07733154296875, 0.316162109375, 0.31689453125, 0.00033974647521972656, 0.06988525390625, 0.0030670166015625, 1.1205673217773438e-05, 0.0006542205810546875, 0.0017910003662109375, 0.0011472702026367188, 0.00040078163146972656, 0.00795745849609375, 0.002140045166015625, 0.00565338134765625, 1.615234375, 0.00423431396484375, 3.933906555175781e-06, 0.396484375, 0.006221771240234375, 0.00144195556640625, 7.033348083496094e-05, 0.01058197021484375, 0.03314208984375, 0.00701904296875, 0.02923583984375, 0.0013952255249023438, 0.2352294921875, 0.0015630722045898438, 0.0009322166442871094, 0.007415771484375, 0.005786895751953125, 0.034423828125, 0.0099029541015625, 0.0008511543273925781, 0.0014753341674804688, 0.00047516822814941406, 0.328125, 0.0015573501586914062, 6.00390625, 2.384185791015625e-07, 0.00629425048828125, 0.0007886886596679688, 0.00017571449279785156, 0.00016772747039794922, 5.0067901611328125e-06, 0.007366180419921875, 2.086162567138672e-05, 5.447864532470703e-05, 2.8967857360839844e-05, 0.0071258544921875, 6.556510925292969e-06, 0.00024580955505371094, 2.6106834411621094e-05, 0.0203857421875, 1.3134765625, 2.6226043701171875e-06, 0.0030460357666015625, 0.00014507770538330078, 0.0003311634063720703, 0.00017905235290527344, 4.696846008300781e-05, 0.0009465217590332031, 0.005542755126953125, 0.0004887580871582031, 0.0001895427703857422, 0.003021240234375, 1.3134765625, 0.048736572265625, 1.3113021850585938e-06, 0.00035500526428222656, 5.078315734863281e-05, 0.006130218505859375, 2.09808349609375e-05, 0.00039768218994140625, 0.00012290477752685547, 0.028350830078125, 0.0004458427429199219, 0.00011718273162841797, 0.0027141571044921875, 0.07861328125, 0.0156097412109375, 0.56591796875, 3.5762786865234375e-07, 3.056640625, 0.00020599365234375, 0.005084991455078125, 0.004489898681640625, 0.0009169578552246094, 0.0012578964233398438, 1.6689300537109375e-06, 0.0028972625732421875, 0.0009398460388183594, 0.00023353099822998047, 2.86102294921875e-06, 8.726119995117188e-05, 3.4570693969726562e-06, 0.006786346435546875, 0.0009126663208007812, 0.0009665489196777344, 0.0009512901306152344, 1.9073486328125e-06, 0.0011720657348632812, 6.67572021484375e-06, 0.00018072128295898438, 2.384185791015625e-06, 2.47955322265625e-05, 0.0018835067749023438, 0.00016736984252929688, 0.001338958740234375, 0.0001723766326904297, 0.01019287109375, 2.4318695068359375e-05, 2.8133392333984375e-05, 0.0070037841796875, 0.0036773681640625, 4.01953125, 0.6943359375, 9.5367431640625e-07, 8.726119995117188e-05, 0.018707275390625, 0.00015342235565185547, 1.2874603271484375e-05, 0.0067138671875, 0.0006914138793945312, 0.0023632049560546875, 1.1920928955078125e-07, 3.5762786865234375e-07, 3.504753112792969e-05, 1.430511474609375e-05, 0.0028781890869140625, 0.0011072158813476562, 0.0005021095275878906, 9.369850158691406e-05, 0.0001996755599975586]",-2.0568916819878478
160,1,test,1.7194020325137722,0.7770606536287961,0.8474945540768426,7.558880633503942,3.4161345716133864,3.7257779452812136,5.581190096045806,3.0152077688184775,3.1897219164187325,24.53617532789949,13.255536040277459,14.02273974576537,2.139085683391322,0.9070370783711381,1.2906752181078565,6.200248357656006,2.629092980785908,3.741087588718425,8.4916700034732,5.063424535197233,6.155739147308232,24.613536241951305,14.676592855644154,17.842722166110818,1.8353398189098142,0.7974567045726892,1.1249141192642085,6.55478506753505,2.8480596591881757,4.017550425943601,6.267263518270943,3.4440292981743585,4.2324062059399274,22.383083993824794,12.300104636336993,15.115736449785452,0.4170854271356784,0.012085427135678395,0.022085427135678404,0.3417085427135679,0.0017085427135679065,0.0017085427135679065,0.26633165829145733,-0.013668341708542697,0.001331658291457316,0.3096774193548387,0.10881812826998372,0.11319648093841639,0.2887931034482759,0.33668341708542715,0.11362577297515142,0.15805236533250566,0.30808080808080807,0.3076923076923077,0.10401951971234114,0.140840249850261,0.2818791946308725,19.0,4.0,1.0,30.0,4.0,2.0,35.0,4.0,2.0,-0.0004962215540137878,0.0008028624252152001,0.00016685866831779,-0.13244658159170264,-0.15172476356164477,-0.15265712251050267,"[4.2109375, 0.89990234375, 8.6015625, 4.74609375, 1.9658203125, 2.23828125, 0.33154296875, 0.0926513671875, 0.8544921875, 4.3046875, 2.302734375, 0.4755859375, 0.60400390625, 0.10870361328125, 0.016754150390625, 0.080322265625, 2.640625, 0.47802734375, 0.365966796875, 0.344482421875, 0.002559661865234375, 0.06219482421875, 0.338623046875, 2.0546875, 3.20703125, 6.1015625, 0.63037109375, 0.2041015625, 0.0150909423828125, 0.7568359375, 5.16796875, 0.79345703125, 0.194580078125, 0.47705078125, 0.031982421875, 0.7822265625, 8.4375, 2.70703125, 0.7509765625, 0.0875244140625, 6.12890625, 3.216796875, 3.765625, 5.33984375, 4.78125, 0.8828125, 0.59814453125, 7.90234375, 4.92578125, 0.89501953125, 0.478271484375, 6.703125, 1.0751953125, 0.32666015625, 0.035980224609375, 7.38671875, 1.888671875, 5.83984375, 10.0078125, 1.5400390625, 13.3203125, 1.96875, 7.41015625, 1.1865234375, 3.109375, 0.0034275054931640625, 4.88671875, 0.06671142578125, 5.6953125, 1.771484375, 4.59375, 0.06365966796875, 0.345458984375, 4.84765625, 0.2666015625, 0.33349609375, 0.1317138671875, 8.1640625, 2.798828125, 5.20703125, 0.1796875, 7.19140625, 2.599609375, 5.8984375, 1.267578125, 0.32763671875, 0.044036865234375, 8.78125, 0.6611328125, 0.379150390625, 0.017791748046875, 0.364013671875, 0.1947021484375, 7.59765625, 0.50439453125, 0.1397705078125, 0.0199127197265625, 5.90234375, 0.27685546875, 0.384033203125, 0.00595855712890625, 2.349609375, 0.29345703125, 0.43115234375, 0.18505859375, 1.3193359375, 0.0019025802612304688, 2.626953125, 1.6142578125, 4.31640625, 0.01491546630859375, 10.3984375, 10.0390625, 1.1396484375, 2.740234375, 7.01953125, 5.2578125, 0.25732421875, 0.9384765625, 3.896484375, 0.763671875, 0.329345703125, 1.1240234375, 10.3828125, 0.0156097412109375, 3.96484375, 0.51171875, 3.900390625, 5.28125, 0.533203125, 6.265625, 7.0546875, 9.3203125, 0.505859375, 0.322509765625, 0.04461669921875, 1.5849609375, 0.744140625, 0.11590576171875, 0.0007033348083496094, 0.341796875, 0.353515625, 0.050384521484375, 0.4375, 0.03973388671875, 0.77490234375, 0.1502685546875, 0.017669677734375, 0.03485107421875, 0.0114288330078125, 0.05572509765625, 0.03765869140625, 0.027862548828125, 7.87973403930664e-05, 0.14306640625, 0.0185546875, 0.26708984375, 0.07415771484375, 0.057098388671875, 0.08026123046875, 0.1778564453125, 0.0489501953125, 0.0167388916015625, 0.3173828125, 8.0703125, 3.033203125, 0.139892578125, 6.52734375, 0.40380859375, 1.1435546875, 0.01488494873046875, 6.4296875, 7.734375, 0.1343994140625, 3.46484375, 0.10687255859375, 1.619140625, 0.1798095703125, 0.040496826171875, 8.390625, 0.031219482421875, 0.48388671875, 0.0043182373046875, 4.08984375, 0.128173828125, 0.11114501953125, 0.2327880859375, 0.36083984375, 0.06719970703125, 0.14013671875, 0.053741455078125, 3.49609375, 0.0260467529296875, 0.05035400390625, 0.1817626953125, 0.003772735595703125, 2.927734375, 0.0894775390625, 0.034576416015625, 0.66455078125, 0.71875, 0.1588134765625, 2.140625, 0.0087890625, 4.4453125, 0.052490234375, 6.1953125, 7.046875, 0.5791015625, 2.77734375, 0.7421875, 4.2421875, 0.75634765625, 0.7392578125, 7.046875, 0.37451171875, 0.1505126953125, 0.0187530517578125, 2.13671875, 0.0026149749755859375, 0.283203125, 2.009765625, 0.049530029296875, 0.86376953125, 0.01776123046875, 0.051483154296875, 0.055694580078125, 0.01270294189453125, 7.26171875, 0.3251953125, 0.32373046875, 0.12335205078125, 4.21484375, 0.0703125, 2.994140625, 0.0258636474609375, 1.623046875, 4.44921875, 2.13671875, 2.333984375, 0.1956787109375, 0.362060546875, 0.87451171875, 3.8828125, 0.2022705078125, 2.1953125, 0.048309326171875, 0.3349609375, 0.25048828125, 0.252197265625, 1.236328125, 0.049041748046875, 3.154296875, 4.12890625, 0.0260009765625, 0.45703125, 0.70556640625, 0.16015625, 0.5126953125, 0.0335693359375, 0.32373046875, 0.1632080078125, 0.257080078125, 0.1197509765625, 2.1640625, 0.0172119140625, 0.01361846923828125, 0.69873046875, 0.01422119140625, 0.096923828125, 0.06005859375, 0.332275390625, 4.9765625, 0.5390625, 0.178466796875, 0.564453125, 0.42919921875, 0.01629638671875, 5.390625, 0.607421875, 0.16845703125, 0.77685546875, 0.274658203125, 0.81005859375, 0.360107421875, 0.0072479248046875, 0.1356201171875, 3.1796875, 3.98828125, 0.0215606689453125, 2.4453125, 1.287109375, 0.0523681640625, 7.921875, 0.00775146484375, 0.07000732421875, 0.8310546875, 0.1453857421875, 0.01340484619140625, 9.7265625, 1.1416015625, 0.32666015625, 4.046875, 4.5234375, 0.01151275634765625, 0.183837890625, 2.142578125, 0.037994384765625, 0.09259033203125, 0.01486968994140625, 0.053192138671875, 0.31689453125, 0.045623779296875, 0.2100830078125, 0.329833984375, 0.00441741943359375, 0.002986907958984375, 0.1287841796875, 0.0128021240234375, 0.061798095703125, 0.0108489990234375, 0.0027523040771484375, 5.48828125, 0.53515625, 6.453125, 0.1697998046875, 4.33203125, 2.365234375, 0.2271728515625, 0.88232421875, 0.0751953125, 0.1556396484375, 0.29052734375, 0.72802734375, 0.0033016204833984375, 4.8828125, 0.24169921875, 2.5546875, 1.5732421875, 12.765625, 5.62109375, 3.4609375, 0.5400390625, 0.90234375, 0.0171966552734375, 3.06640625, 0.34765625, 0.50244140625, 2.880859375, 0.71875, 0.157470703125, 0.9248046875, 0.90625, 0.262451171875, 5.74609375, 2.3828125, 1.2490234375, 0.490478515625, 0.273193359375, 0.04925537109375, 5.4140625, 0.08905029296875, 3.2578125, 0.365234375, 0.342041015625, 0.69970703125, 0.09368896484375, 0.89892578125, 2.14453125, 0.0850830078125, 0.1417236328125, 3.203125, 2.4296875, 2.140625, 5.45703125, 0.85791015625, 0.09637451171875, 0.0233001708984375, 0.734375, 0.06793212890625, 0.8427734375, 0.00917816162109375, 0.0728759765625, 0.1376953125, 0.052276611328125, 0.002529144287109375, 0.1678466796875, 0.0073699951171875, 2.89453125, 0.343505859375, 0.7998046875, 0.1549072265625, 0.1180419921875, 0.0716552734375, 0.0233001708984375, 0.0094451904296875, 0.4638671875, 0.7607421875, 0.04083251953125, 0.005725860595703125, 0.372314453125, 0.0065460205078125, 0.07550048828125, 0.13427734375, 0.05377197265625, 0.001766204833984375, 4.234375, 5.1171875, 1.6806640625, 0.08990478515625, 7.53125, 4.2734375, 1.13671875, 3.224609375, 0.52734375, 3.158203125, 3.568359375, 10.1875, 2.841796875, 2.583984375, 1.0966796875, 0.01837158203125, 0.0914306640625, 0.9033203125, 0.1529541015625, 0.0582275390625, 0.015625, 0.62060546875, 0.1285400390625, 0.0055084228515625, 0.1651611328125, 3.115234375, 0.98291015625, 0.02081298828125, 0.74365234375, 2.34375, 0.0170745849609375, 2.234375, 0.03619384765625, 0.07769775390625, 0.016448974609375, 0.038055419921875, 0.2457275390625, 0.1429443359375, 0.05841064453125, 0.365966796875, 0.368896484375, 5.3359375, 0.0216064453125, 6.8203125, 0.4736328125, 0.4697265625, 0.04327392578125, 0.175048828125, 0.69970703125, 0.2349853515625, 0.58837890625, 3.783203125, 5.10546875, 5.30078125, 4.95703125, 7.09375, 2.236328125, 3.90625, 3.3125]",-0.912107986788596
162,1,test,1.4918088404637462,0.6050265288396499,0.6050265288396499,6.286908684811501,2.54975465725281,2.54975465725281,4.445128780173537,2.017822024686451,2.017822024686451,18.73304271644562,8.503678532607188,8.503678532607188,2.381028898397283,1.0212614700804161,1.4376948910942966,4.810159390701582,2.0631544850109416,2.9044341234228215,10.816025732340243,6.920738469415463,8.247495073570885,21.850557035030796,13.981289837202958,16.66160620923411,2.143728140205843,0.9403739301960847,1.3086002638201446,5.315028446791346,2.3315056120564086,3.2444634640168872,8.531183864475924,5.1999118745631225,6.226075066053321,21.15169553175849,12.892343490652372,15.436549750545424,0.44723618090452266,0.002236180904522711,-0.012763819095477302,0.3869346733668342,0.001934673366834172,0.0069346733668341765,0.3065326633165829,-0.008467336683417037,-0.018467336683417046,0.2735849056603774,0.07221638171120826,0.07221638171120826,0.20793950850661624,0.3467336683417085,0.12116975856727241,0.1597553711797719,0.29292929292929293,0.3411371237458194,0.09906700688438363,0.15092577780588612,0.2953020134228188,20.0,0.0,2.0,28.0,1.0,1.0,36.0,1.0,2.0,0.003102818911761557,0.0003803621492761128,0.001215411289630755,-0.1274640422632478,-0.10787744726724391,-0.12075452981188128,"[7.171875, 4.96875, 0.255859375, 5.54296875, 6.3203125, 9.8984375, 13.9453125, 13.1171875, 3.505859375, 5.19140625, 0.2802734375, 3.390625, 2.130859375, 2.251953125, 6.3671875, 0.357666015625, 1.8837890625, 10.1015625, 5.91796875, 12.75, 6.40234375, 0.00231170654296875, 0.005023956298828125, 0.49267578125, 0.1142578125, 0.1744384765625, 2.267578125, 7.703125, 3.44921875, 6.93359375, 3.021484375, 3.6328125, 5.41796875, 0.12646484375, 1.14453125, 0.35986328125, 0.143310546875, 0.337890625, 0.0005984306335449219, 0.01486968994140625, 0.005970001220703125, 0.0273284912109375, 0.2122802734375, 0.04931640625, 0.00785064697265625, 0.0167236328125, 0.00018906593322753906, 0.0242156982421875, 0.00475311279296875, 0.005832672119140625, 0.026092529296875, 0.0106201171875, 0.0157318115234375, 0.0008521080017089844, 0.135986328125, 0.0116119384765625, 0.0022735595703125, 0.00897979736328125, 0.025909423828125, 0.00684356689453125, 0.1434326171875, 0.00739288330078125, 0.001087188720703125, 0.005870819091796875, 0.006542205810546875, 0.016448974609375, 0.01446533203125, 0.0258331298828125, 0.55859375, 5.00390625, 6.51953125, 0.86181640625, 10.421875, 0.82568359375, 0.06939697265625, 0.3359375, 0.137939453125, 0.003047943115234375, 0.0209197998046875, 8.171875, 0.74609375, 0.515625, 1.68359375, 8.0703125, 3.90625, 4.43359375, 0.82958984375, 0.065185546875, 0.007049560546875, 0.61328125, 2.3203125, 0.1015625, 1.314453125, 0.00691986083984375, 0.314208984375, 12.1953125, 0.06317138671875, 1.66015625, 3.31640625, 0.055450439453125, 2.392578125, 0.2115478515625, 0.162841796875, 0.09381103515625, 0.0051116943359375, 0.201904296875, 0.486083984375, 0.00827789306640625, 0.45751953125, 0.32177734375, 2.13671875, 0.05755615234375, 0.026123046875, 0.98583984375, 3.75390625, 6.33984375, 5.34765625, 3.916015625, 6.47265625, 3.404296875, 4.0859375, 7.33984375, 0.0013885498046875, 9.796875, 5.46484375, 2.712890625, 11.5234375, 0.0027751922607421875, 4.3125, 0.02215576171875, 0.0037822723388671875, 3.580078125, 0.1451416015625, 9.890625, 0.00795745849609375, 5.33984375, 1.5205078125, 0.0006318092346191406, 7.56640625, 1.5146484375, 3.091796875, 2.00390625, 3.595703125, 1.4169921875, 0.87744140625, 0.160400390625, 4.3511390686035156e-05, 6.8125, 4.75, 0.25732421875, 3.201171875, 1.2626953125, 3.408203125, 0.11407470703125, 0.330078125, 0.0006313323974609375, 6.390625, 0.30126953125, 2.328125, 7.3984375, 1.177734375, 7.578125, 6.2578125, 1.0859375, 2.740234375, 0.19140625, 0.75732421875, 4.609375, 3.490234375, 0.07537841796875, 2.083984375, 1.2587890625, 0.3251953125, 0.0013360977172851562, 5.89453125, 6.57421875, 6.96484375, 0.369873046875, 1.978515625, 0.412353515625, 0.09027099609375, 0.42041015625, 0.8466796875, 0.054840087890625, 0.352783203125, 1.35546875, 0.0075531005859375, 0.56494140625, 0.319580078125, 0.3173828125, 0.39013671875, 0.1920166015625, 6.20703125, 1.08203125, 1.4404296875, 3.1875, 0.344482421875, 0.70263671875, 3.23828125, 0.11456298828125, 0.6474609375, 0.0035305023193359375, 0.0049591064453125, 0.12255859375, 0.09271240234375, 1.349609375, 4.74609375, 2.517578125, 0.0004489421844482422, 0.82177734375, 6.86328125, 5.15625, 1.708984375, 0.038970947265625, 4.0546875, 1.912109375, 1.623046875, 2.189453125, 4.54296875, 0.76123046875, 1.0205078125, 0.05859375, 0.280517578125, 0.044403076171875, 0.0010471343994140625, 0.031829833984375, 9.1875, 1.357421875, 2.9453125, 1.228515625, 0.8994140625, 3.5390625, 0.4248046875, 9.3984375, 0.9365234375, 0.3388671875, 0.85107421875, 0.0174102783203125, 5.14453125, 1.7744140625, 0.47216796875, 3.49609375, 0.079833984375, 0.0196075439453125, 1.02734375, 10.4375, 0.06951904296875, 3.400390625, 9.296875, 3.712890625, 3.3125, 1.90625, 1.8984375, 3.0625, 1.5966796875, 1.173828125, 3.017578125, 0.1829833984375, 0.9912109375, 1.267578125, 0.1539306640625, 0.0035533905029296875, 8.3125, 1.6484375, 0.477294921875, 2.462890625, 1.88671875, 2.345703125, 3.36328125, 1.2333984375, 0.0020923614501953125, 0.00531768798828125, 0.253173828125, 0.319580078125, 3.025390625, 1.134765625, 0.0244140625, 0.3701171875, 0.00969696044921875, 0.00739288330078125, 0.2149658203125, 0.56640625, 0.0216827392578125, 0.0816650390625, 0.251708984375, 0.218994140625, 0.300537109375, 2.421875, 0.94189453125, 2.30859375, 0.0308074951171875, 0.0008740425109863281, 3.634765625, 0.271484375, 0.078125, 0.036285400390625, 0.1060791015625, 0.231689453125, 0.7822265625, 0.06671142578125, 0.00826263427734375, 0.0010099411010742188, 0.1468505859375, 0.13134765625, 1.6162109375, 1.4580078125, 0.362548828125, 8.484375, 4.18359375, 0.62939453125, 3.9921875, 1.994140625, 0.182373046875, 10.6640625, 0.001068115234375, 2.8046875, 2.255859375, 1.4814453125, 0.1549072265625, 0.018829345703125, 0.0035114288330078125, 5.1796875, 0.2398681640625, 0.0911865234375, 0.0234832763671875, 0.0009860992431640625, 0.046630859375, 10.515625, 0.19384765625, 0.6708984375, 9.6015625, 0.141357421875, 0.47314453125, 3.203125, 0.0202789306640625, 0.0218963623046875, 0.173828125, 5.01953125, 0.8095703125, 0.09991455078125, 0.363037109375, 0.0078582763671875, 0.014678955078125, 3.421875, 0.040679931640625, 4.06640625, 0.260498046875, 2.0078125, 0.8154296875, 0.0182342529296875, 0.07354736328125, 4.28515625, 0.06817626953125, 6.7890625, 0.196533203125, 0.184814453125, 0.0307769775390625, 0.0001633167266845703, 3.251953125, 0.0865478515625, 0.00689697265625, 0.8525390625, 0.288330078125, 0.2919921875, 0.0220489501953125, 0.0025348663330078125, 0.131103515625, 0.0640869140625, 0.050079345703125, 0.00698089599609375, 6.03515625, 0.443359375, 3.20703125, 0.1041259765625, 0.00021708011627197266, 0.51171875, 0.019195556640625, 0.21484375, 0.050262451171875, 0.135009765625, 0.1083984375, 0.0219268798828125, 0.0223846435546875, 9.5367431640625e-06, 0.198974609375, 0.0005640983581542969, 0.00933074951171875, 0.27880859375, 0.1427001953125, 0.2666015625, 0.0455322265625, 0.138427734375, 7.164478302001953e-05, 0.03955078125, 0.0010938644409179688, 0.159912109375, 0.05517578125, 0.007259368896484375, 0.01003265380859375, 0.0072784423828125, 0.012847900390625, 0.0185699462890625, 0.002567291259765625, 0.03277587890625, 0.061004638671875, 0.0489501953125, 0.00577545166015625, 0.089111328125, 0.1890869140625, 0.0076446533203125, 0.0001461505889892578, 0.055389404296875, 0.0013704299926757812, 0.004535675048828125, 0.0006546974182128906, 0.0361328125, 0.043243408203125, 0.00748443603515625, 0.00289154052734375, 0.0032634735107421875, 0.00206756591796875, 0.01540374755859375, 0.1363525390625, 0.0010843276977539062, 0.0019283294677734375, 0.02093505859375, 0.0185699462890625, 0.035552978515625, 0.006710052490234375, 0.055877685546875, 0.023773193359375, 0.0139617919921875, 0.07391357421875, 0.0136566162109375, 0.051300048828125, 0.098876953125, 0.00838470458984375, 0.05401611328125, 0.0008945465087890625, 0.0037174224853515625, 0.334716796875, 0.03607177734375, 1.1435546875, 0.09552001953125, 0.05218505859375, 0.0004138946533203125, 5.02734375, 0.1619873046875, 0.41259765625, 2.375, 0.1624755859375, 0.1424560546875, 0.007266998291015625, 0.17578125, 0.1409912109375, 0.02679443359375, 0.61962890625, 0.30029296875, 0.01259613037109375, 0.02008056640625, 0.19775390625, 0.005092620849609375, 0.008514404296875, 0.0009784698486328125, 0.11810302734375, 0.01186370849609375, 0.011383056640625, 3.251953125, 0.037689208984375, 0.0635986328125, 0.00946807861328125, 0.0246429443359375, 0.04327392578125, 0.0213623046875, 0.040985107421875, 0.022247314453125, 0.0046539306640625, 0.067626953125, 0.003688812255859375, 0.8173828125, 0.033294677734375, 0.00696563720703125, 0.037200927734375, 0.0015916824340820312, 0.0010938644409179688, 0.0083465576171875, 0.0352783203125, 0.0027523040771484375, 0.007076263427734375, 1.322265625, 0.018096923828125, 0.0673828125, 0.400146484375, 0.013671875, 0.4013671875, 0.0032501220703125, 4.696846008300781e-05, 0.1552734375, 0.0443115234375, 0.0058135986328125, 0.012939453125, 0.00518798828125, 0.052642822265625, 1.3359375, 0.06976318359375, 0.00015866756439208984, 0.00025773048400878906, 0.022216796875, 0.0185699462890625, 0.351806640625, 0.01415252685546875, 0.00445556640625, 0.0802001953125, 0.0025615692138671875, 0.002208709716796875, 0.0220489501953125, 0.01012420654296875, 0.0011796951293945312, 0.008148193359375, 0.06732177734375, 0.00965118408203125, 0.0296630859375, 0.39208984375, 0.0020275115966796875, 6.00390625, 5.01171875, 0.869140625, 3.052734375, 0.0022144317626953125, 0.229736328125]",-1.4108160050410146
254,1,test,1.9343539027884455,0.8943242609645747,1.2380128647764905,5.069341262480064,2.343746339079575,3.244447507690113,6.91957189470226,4.090271015955328,4.913173968204253,18.13405048266799,10.719330938365687,12.875904192535282,1.754778671504265,0.7760085905410921,1.0937080747106078,4.332786843220407,1.9160705939286218,2.7005137647175497,5.782167841812297,3.1209866509009765,3.8453030157371453,14.276957634104436,7.706139878767844,9.494575347499126,1.9659261827086127,0.9053944454972611,1.2550087377156987,5.1734899544963495,2.382616961834898,3.3026545729360492,7.1415238839873165,4.253617695733557,5.105665693972222,18.79348390522978,11.193730778246204,13.43596235255848,0.42713567839195976,0.0021356783919597166,0.0021356783919597166,0.33668341708542715,-0.013316582914572828,-0.018316582914572832,0.25125628140703515,-0.003743718592964851,0.006256281407035158,0.34983498349834985,0.1257822652116941,0.1796922831690414,0.36423841059602646,0.3517587939698492,0.12118235286709234,0.17646664038053372,0.3535353535353535,0.35451505016722407,0.12246162779660641,0.17987656295921517,0.35906040268456374,16.0,0.0,1.0,26.0,0.0,1.0,33.0,2.0,1.0,-0.001113266750056997,-0.00015377299708433336,-0.00011759300415654369,-0.08067164476670374,-0.08591750411470844,-0.07706985544847367,"[2.9375, 2.380859375, 4.3359375, 3.263671875, 0.292724609375, 0.0712890625, 8.2890625, 3.744140625, 9.359375, 0.97607421875, 0.0230255126953125, 0.0272674560546875, 0.01145172119140625, 2.84375, 0.00624847412109375, 0.404541015625, 2.244140625, 0.0401611328125, 3.36328125, 0.0244140625, 2.66015625, 0.377685546875, 0.0037899017333984375, 0.0004374980926513672, 0.004291534423828125, 4.9921875, 0.00783538818359375, 0.04144287109375, 0.875, 0.041412353515625, 0.002079010009765625, 0.0005612373352050781, 0.015167236328125, 6.2109375, 0.153564453125, 0.004764556884765625, 2.291015625, 0.0155181884765625, 0.00914764404296875, 0.01922607421875, 2.44921875, 0.043701171875, 5.2578125, 4.01953125, 0.0025272369384765625, 0.0181732177734375, 0.0106048583984375, 0.0186767578125, 0.004489898681640625, 4.59375, 0.00685882568359375, 0.47509765625, 3.705078125, 0.0248565673828125, 9.6484375, 3.69921875, 5.39453125, 4.49609375, 0.0002727508544921875, 0.0026149749755859375, 0.01177215576171875, 3.501953125, 0.031219482421875, 0.0014171600341796875, 0.229248046875, 0.380615234375, 0.0005207061767578125, 0.32275390625, 0.0004291534423828125, 0.0001780986785888672, 0.01107025146484375, 1.3857421875, 0.04302978515625, 7.53515625, 2.072265625, 0.16455078125, 2.3046875, 0.0117034912109375, 4.08203125, 2.2734375, 3.0859375, 1.1259765625, 0.0002872943878173828, 0.0183563232421875, 0.0028533935546875, 2.095703125, 0.0005631446838378906, 0.8642578125, 0.02520751953125, 0.005218505859375, 0.0005502700805664062, 6.75390625, 4.3515625, 12.0859375, 3.46484375, 0.740234375, 2.591796875, 5.2734375, 1.9443359375, 0.00780487060546875, 3.166015625, 1.9013671875, 0.7392578125, 0.0108795166015625, 0.002880096435546875, 0.1361083984375, 0.0024166107177734375, 0.0097503662109375, 0.007091522216796875, 2.9296875, 0.1358642578125, 0.33740234375, 0.0006604194641113281, 0.0012731552124023438, 0.002552032470703125, 0.46826171875, 0.270751953125, 0.0140838623046875, 1.0390625, 0.0014410018920898438, 0.029541015625, 0.00021541118621826172, 0.00021779537200927734, 0.0114593505859375, 0.4970703125, 0.004726409912109375, 0.06695556640625, 0.0003628730773925781, 0.19482421875, 0.187255859375, 0.00396728515625, 1.490234375, 0.1669921875, 0.1976318359375, 0.58056640625, 0.007648468017578125, 0.36669921875, 2.0742416381835938e-05, 0.0009312629699707031, 0.0004029273986816406, 5.421875, 0.011474609375, 0.05499267578125, 5.6875, 3.08984375, 0.37109375, 1.875, 0.0821533203125, 0.55712890625, 1.4873046875, 0.0026111602783203125, 0.0004315376281738281, 0.129150390625, 0.0008921623229980469, 0.0041351318359375, 0.003879547119140625, 3.568359375, 0.00014901161193847656, 0.333251953125, 3.0625, 1.3330078125, 0.0055694580078125, 0.7099609375, 0.77490234375, 5.1875, 2.59765625, 0.8271484375, 1.6611328125, 5.109375, 1.177734375, 5.484375, 2.978515625, 3.091796875, 6.04296875, 8.28125, 3.009765625, 2.375, 4.75, 5.70703125, 3.013671875, 0.0340576171875, 0.082763671875, 6.7890625, 2.080078125, 6.97265625, 1.34765625, 9.2421875, 2.37109375, 3.810546875, 0.56201171875, 1.8837890625, 1.462890625, 7.0078125, 3.26953125, 2.19921875, 9.3125, 1.39453125, 4.60546875, 3.53515625, 1.375, 0.464111328125, 5.578125, 3.0, 2.6171875, 1.435546875, 0.55517578125, 5.28515625, 0.81982421875, 1.0380859375, 7.73828125, 0.0019588470458984375, 9.9609375, 1.8642578125, 0.00024437904357910156, 0.127685546875, 0.021240234375, 5.3828125, 0.63525390625, 2.279296875, 0.0012187957763671875, 1.6279296875, 1.0732421875, 0.007366180419921875, 7.53515625, 3.48046875, 0.0001558065414428711, 0.00551605224609375, 0.0031986236572265625, 10.1796875, 1.42578125, 0.90966796875, 0.0015096664428710938, 0.0005626678466796875, 0.005340576171875, 8.4296875, 0.07623291015625, 0.06903076171875, 0.80322265625, 6.359375, 7.421875, 3.017578125, 0.004322052001953125, 0.0009908676147460938, 0.127197265625, 0.0027217864990234375, 0.00901031494140625, 0.0025005340576171875, 3.173828125, 0.003551483154296875, 0.1422119140625, 0.0014028549194335938, 0.002574920654296875, 0.0023956298828125, 8.9375, 6.45703125, 0.7587890625, 6.9375, 0.04791259765625, 0.039398193359375, 0.38671875, 7.37109375, 5.32421875, 5.32421875, 0.14990234375, 2.93359375, 4.0546875, 0.021270751953125, 0.0044403076171875, 0.69677734375, 0.0007863044738769531, 0.018310546875, 0.0004754066467285156, 10.828125, 3.208984375, 0.051849365234375, 12.203125, 4.96875, 0.014862060546875, 2.56640625, 0.018402099609375, 0.0036468505859375, 10.109375, 8.5390625, 4.30859375, 1.0859375, 3.0859375, 5.44921875, 0.0213623046875, 0.020416259765625, 1.341796875, 0.011627197265625, 0.0069732666015625, 0.128173828125, 0.022979736328125, 0.01010894775390625, 0.018341064453125, 7.71875, 1.33984375, 1.7392578125, 0.1336669921875, 3.046875, 0.7001953125, 0.00640106201171875]",-2.0228516311928777
259,1,test,2.186220346352993,0.9098068676421005,1.1788186733772348,5.514917131767873,2.2950611951487825,2.973665169616121,8.901504846780949,5.3177414417553095,6.1630285409085594,22.454763839299037,13.414431636944038,15.546736512872558,2.360732669207319,0.9175058546385293,1.3480809488976235,4.539870517706382,1.7644343358433252,2.5924633632646605,10.598713959766991,6.3643767427200775,7.845822717225882,20.382142230321136,12.239186043692456,15.088120610049774,2.354640384980269,1.0392929556713217,1.4584965744778549,5.11878344560928,2.2593325123289603,3.170644727125771,10.534339873606294,6.8082945758662445,8.084203194226777,22.900738855665857,14.800640382317923,17.574354770058214,0.5125628140703518,0.002562814070351749,0.007562814070351753,0.3869346733668342,-0.0030653266331658324,0.001934673366834172,0.29648241206030146,-0.0035175879396985854,-0.0035175879396985854,0.3435897435897436,0.08750779736695224,0.12560342882923525,0.3033419023136247,0.3417085427135679,0.08857571063336733,0.1363663056517983,0.28787878787878785,0.35451505016722407,0.10576713697857631,0.14984319254764678,0.31879194630872487,17.0,0.0,-1.0,25.0,0.0,-2.0,34.0,0.0,0.0,0.0005259273297250952,0.0003530081377321645,0.00023152287644751708,-0.08072622539853214,-0.08658468108291117,-0.08424900385993883,"[8.1875, 0.52587890625, 4.0390625, 7.44140625, 5.69140625, 5.39453125, 0.026519775390625, 1.5712890625, 5.94140625, 2.421875, 0.219970703125, 7.80859375, 0.7548828125, 3.361328125, 9.6328125, 7.52734375, 1.998046875, 0.0435791015625, 0.05633544921875, 6.5546875, 7.17578125, 6.6953125, 3.357421875, 4.58984375, 6.88671875, 0.58935546875, 0.0015735626220703125, 0.0606689453125, 2.4765625, 0.004253387451171875, 0.0648193359375, 14.3828125, 2.755859375, 9.234375, 7.0625, 3.787109375, 0.47900390625, 9.09375, 2.037109375, 0.4765625, 1.384765625, 0.1654052734375, 2.294921875, 2.96484375, 2.7265625, 1.0263671875, 0.0994873046875, 1.099609375, 0.7333984375, 0.00042939186096191406, 3.052734375, 0.48828125, 0.003261566162109375, 1.0068359375, 1.4912109375, 4.3046875, 4.75390625, 0.68505859375, 0.55126953125, 4.51953125, 0.0772705078125, 5.734375, 0.133544921875, 1.10546875, 1.5361328125, 0.89404296875, 0.0012292861938476562, 0.0096588134765625, 0.022186279296875, 0.010498046875, 0.0028972625732421875, 7.402896881103516e-05, 0.0008864402770996094, 0.0008544921875, 9.489059448242188e-05, 0.0010480880737304688, 5.936622619628906e-05, 0.00042819976806640625, 0.00713348388671875, 0.333251953125, 0.00013136863708496094, 0.14697265625, 0.25341796875, 0.73681640625, 9.2265625, 0.430908203125, 1.2236328125, 8.7578125, 8.6015625, 0.51220703125, 0.0250244140625, 0.024932861328125, 1.3935546875, 0.00017321109771728516, 0.033111572265625, 0.05230712890625, 0.0218658447265625, 5.76171875, 0.90625, 0.36328125, 0.0001100301742553711, 0.020294189453125, 0.04461669921875, 0.0211944580078125, 10.0234375, 1.2841796875, 0.66064453125, 0.07647705078125, 1.3662109375, 0.00021159648895263672, 2.421875, 6.015625, 0.09490966796875, 0.434326171875, 0.6923828125, 0.0012035369873046875, 1.427734375, 2.328125, 0.003387451171875, 0.067626953125, 4.01171875, 1.2099609375, 3.09765625, 2.2578125, 4.7890625, 2.580078125, 0.978515625, 4.875, 0.9482421875, 1.3076171875, 0.0003707408905029297, 1.3173828125, 0.465087890625, 0.002002716064453125, 0.249267578125, 1.9306640625, 0.19775390625, 0.0234832763671875, 0.1326904296875, 8.53125, 0.0625, 0.433837890625, 3.171875, 8.5703125, 8.671875, 4.5, 7.13671875, 1.1767578125, 6.6484375, 0.1722412109375, 3.08984375, 2.568359375, 3.091796875, 0.5283203125, 1.6044921875, 2.064453125, 0.000728607177734375, 0.0706787109375, 1.318359375, 0.8701171875, 0.7060546875, 2.15625, 0.037994384765625, 6.90234375, 4.609375, 1.39453125, 3.46875, 3.060546875, 9.3515625, 2.345703125, 0.9794921875, 7.98046875, 7.81640625, 7.16015625, 0.359375, 6.20703125, 5.19140625, 0.045745849609375, 0.243408203125, 5.734375, 2.390625, 3.95703125, 3.447265625, 2.275390625, 1.6328125, 2.28125, 8.5390625, 0.24169921875, 0.301025390625, 1.845703125, 0.5556640625, 0.1524658203125, 0.09185791015625, 0.69677734375, 0.39208984375, 0.0222320556640625, 0.021331787109375, 0.5986328125, 0.233642578125, 5.5390625, 2.11328125, 5.2265625, 2.4453125, 1.1904296875, 3.03515625, 3.103515625, 5.234375, 1.0771484375, 0.76171875, 0.023956298828125, 0.0190887451171875, 0.77734375, 0.356201171875, 6.35546875, 0.5849609375, 0.56494140625, 0.236083984375, 0.131103515625, 5.38671875, 1.431640625, 8.09375, 4.4609375, 0.047088623046875, 0.04949951171875, 0.07647705078125, 1.37109375, 9.40625, 4.8984375, 0.162109375, 4.84765625, 4.18359375, 4.34375, 3.255859375, 4.69140625, 6.2265625, 1.74609375, 0.0213775634765625, 0.1300048828125, 5.33984375, 8.375, 8.171875, 0.0239105224609375, 0.69677734375, 0.912109375, 0.135009765625, 3.369140625, 3.673828125, 0.0288848876953125, 0.0003781318664550781, 0.71337890625, 0.60498046875, 5.109375, 1.138671875, 0.052093505859375, 0.00017404556274414062, 0.96044921875, 3.787109375, 3.361328125, 3.720703125, 0.055572509765625, 0.00030803680419921875, 1.32421875, 0.46826171875, 10.4375, 0.36474609375, 0.0010499954223632812, 0.0102081298828125, 9.953125, 0.351318359375, 1.935546875, 0.06707763671875, 0.00469207763671875, 0.2232666015625, 3.779296875, 0.1884765625, 0.10302734375, 1.5185546875, 0.11798095703125, 4.12890625, 2.658203125, 4.98828125, 1.416015625, 6.6015625, 0.9931640625, 4.625, 0.00627899169921875, 0.0011453628540039062, 3.998046875, 1.44140625, 0.85400390625, 0.049072265625, 0.0054779052734375, 0.73828125, 0.065185546875, 1.1474609375, 0.10443115234375, 2.728515625, 0.00089263916015625, 2.20703125, 0.5791015625, 0.233154296875, 0.17822265625, 8.1953125, 4.7265625, 0.060028076171875, 5.1796875, 1.4951171875, 5.7421875, 3.47265625, 0.0274505615234375, 0.00960540771484375, 1.515625, 0.486572265625, 7.953125, 3.953125, 0.181640625, 5.78125, 0.7802734375, 9.515625, 2.76953125, 1.5126953125, 1.9677734375, 12.2265625, 0.300048828125, 1.013671875, 0.0015201568603515625, 0.00391387939453125, 0.3115234375, 0.65478515625, 9.8984375, 1.0087890625, 0.6572265625, 3.51171875, 2.517578125, 0.81201171875, 0.21728515625, 0.0142669677734375, 0.1280517578125, 0.267333984375, 0.0085601806640625, 0.0030517578125, 0.12408447265625, 0.36669921875, 0.89892578125, 0.53955078125, 0.2144775390625, 0.05218505859375, 0.177490234375, 0.7119140625, 0.7734375, 5.3671875, 1.7490234375, 0.087890625, 0.00231170654296875, 0.007045745849609375, 0.01006317138671875, 0.33056640625, 1.4833984375, 0.1219482421875, 0.0772705078125, 0.07135009765625, 0.03369140625, 0.286376953125, 0.0550537109375, 0.90576171875, 0.48193359375, 0.012542724609375, 0.048980712890625, 0.01361846923828125, 1.33984375, 10.0859375, 2.48046875, 1.619140625, 0.4482421875, 1.7255859375, 4.5703125, 1.0341796875, 5.44921875, 2.95703125, 2.984375, 6.421875, 0.430419921875, 0.0006818771362304688, 0.007480621337890625, 0.326904296875, 0.74365234375, 2.072265625, 0.284423828125, 0.0080718994140625, 0.1395263671875]",-2.3549659863496437
130,1,test,2.383891595426456,1.0097230567987194,1.0097230567987194,9.266706427334418,3.9250136869544203,3.9250136869544203,10.847033098243266,6.895243502093294,6.895243502093294,42.164782795426824,26.803314966783702,26.803314966783702,2.876846299099563,1.2277796142619348,1.7267628849963303,7.881770682464556,3.3637797651011914,4.730857219168029,17.758180786051504,12.556058444959216,14.59972442754482,48.65255009877124,34.40016012317593,39.9992450069721,2.813715489811722,1.27213933317959,1.7374213213298846,8.441146469435166,3.8164179995387695,5.2122639639896535,16.671746991661845,11.999798798686408,13.737959731923809,50.01524097498554,35.999396396059225,41.213879195771426,0.6281407035175879,-0.006859296482412125,-0.0018592964824121205,0.4723618090452262,-0.01263819095477381,0.002361809045226204,0.37688442211055273,0.0018844221105527303,0.026884422110552753,0.33720930232558144,0.08989747436859219,0.08989747436859219,0.2932038834951456,0.3869346733668342,0.09871412198838803,0.14486455650539842,0.35858585858585856,0.3712374581939799,0.09911725786009007,0.15544213005159946,0.34563758389261745,23.0,-1.0,-1.0,36.0,0.0,-1.0,44.0,1.0,2.0,0.001294863075130102,-9.186443828321284e-05,0.0009074449700403374,-0.04966742528286172,-0.04248147154256099,-0.057984451851841534,"[1.3173828125, 8.3203125, 3.98828125, 7.875, 3.279296875, 3.486328125, 9.0234375, 2.966796875, 5.703125, 0.638671875, 6.21875, 7.65625, 8.2890625, 0.464111328125, 8.34375, 4.171875, 6.9609375, 6.05078125, 1.4814453125, 4.71484375, 0.188232421875, 8.03125, 2.94921875, 0.50732421875, 0.26171875, 0.10736083984375, 1.5537109375, 1.5849609375, 4.48046875, 5.66796875, 6.36328125, 0.6552734375, 4.34765625, 1.5439453125, 0.6396484375, 7.69140625, 5.671875, 0.01336669921875, 2.1328125, 2.30859375, 0.0909423828125, 1.2744140625, 0.02679443359375, 11.078125, 0.333984375, 0.3447265625, 1.412109375, 1.2509765625, 8.3125, 3.6875, 1.14453125, 0.035736083984375, 0.1954345703125, 0.056060791015625, 2.365234375, 0.0085601806640625, 0.9248046875, 0.85546875, 0.01512908935546875, 0.1673583984375, 0.006755828857421875, 8.7109375, 1.8876953125, 0.22265625, 0.1722412109375, 0.09930419921875, 1.849609375, 5.48046875, 7.203125, 0.2705078125, 1.46484375, 5.203125, 4.16015625, 9.125, 2.779296875, 1.185546875, 0.666015625, 1.666015625, 0.030059814453125, 1.2158203125, 0.0095672607421875, 0.5078125, 2.92578125, 0.98828125, 0.005641937255859375, 8.0390625, 5.0078125, 1.359375, 6.765625, 2.3359375, 2.259765625, 8.640625, 4.03515625, 0.84130859375, 5.16015625, 0.99853515625, 5.28515625, 3.794921875, 6.0390625, 2.052734375, 2.3828125, 0.650390625, 0.54736328125, 0.004581451416015625, 0.020233154296875, 1.3720703125, 0.143310546875, 0.33984375, 1.03515625, 0.031982421875, 3.025390625, 0.2103271484375, 0.97265625, 0.032684326171875, 4.93359375, 1.228515625, 3.1796875, 3.501953125, 3.98046875, 6.625, 2.314453125, 4.28125, 1.3154296875, 0.009033203125, 6.2890625, 0.318359375, 2.98828125, 1.310546875, 0.4345703125, 3.361328125, 0.0198974609375, 6.58984375, 0.89306640625, 7.8359375, 1.1142578125, 1.8740234375, 1.3076171875, 6.765625, 1.63671875, 2.318359375, 0.3818359375, 0.22265625, 0.01873779296875, 1.3916015625, 1.98046875, 0.06597900390625, 0.83642578125, 2.041015625, 0.033447265625, 0.5810546875, 0.0017328262329101562, 5.046875, 0.299072265625, 2.22265625, 0.316162109375, 1.369140625, 2.736328125, 0.12310791015625, 5.08984375, 0.73828125, 0.30126953125, 0.0210113525390625, 0.5751953125, 2.400390625, 1.9970703125, 0.6025390625, 0.0308837890625, 0.273681640625, 10.109375, 4.19140625, 10.6015625, 5.59765625, 10.1171875, 1.771484375, 0.5595703125, 0.66845703125, 2.703125, 5.22265625, 0.64453125, 2.3984375, 0.77734375, 2.654296875, 8.9140625, 11.625, 8.40625, 2.140625, 0.1497802734375, 0.162109375, 6.27734375, 2.849609375, 4.35546875, 1.1806640625, 1.744140625, 0.97607421875, 8.40625, 5.33203125, 3.552734375, 2.681640625, 5.05859375, 0.0640869140625, 2.609375, 0.27734375, 5.640625, 0.04388427734375, 1.1298828125, 1.2578125, 8.375, 0.87744140625, 2.408203125, 0.59228515625, 1.0478515625, 13.5546875, 4.4609375, 6.0390625, 3.4375, 5.8671875, 7.92578125, 7.7421875, 2.10546875, 3.677734375, 8.875, 2.892578125, 9.3203125, 0.8505859375, 2.3203125, 7.73828125, 8.4921875, 2.798828125, 9.6796875, 4.6796875, 0.3740234375, 6.546875, 0.75146484375, 0.8330078125, 8.4140625, 0.39453125, 10.2890625, 9.578125, 6.89453125, 3.306640625, 2.197265625, 6.1484375, 7.83203125, 2.59765625, 0.72509765625, 1.173828125, 0.83154296875, 8.0859375, 5.5234375, 0.309326171875, 1.5537109375, 0.81103515625, 0.11212158203125, 0.037567138671875, 9.1328125, 0.009124755859375, 0.0400390625, 0.322021484375, 0.70556640625, 6.7890625, 4.31640625, 0.5810546875, 7.7890625, 2.974609375, 1.4736328125, 0.042083740234375, 0.908203125, 2.625, 0.89013671875, 0.110595703125, 2.603515625, 0.01537322998046875, 0.0882568359375, 0.03411865234375, 3.29296875, 0.194091796875, 0.1822509765625, 0.01294708251953125, 0.1612548828125, 0.325439453125, 0.00634765625, 0.005733489990234375, 0.162353515625, 0.01538848876953125, 0.04193115234375, 0.02166748046875, 0.01251220703125, 0.1810302734375, 0.00995635986328125, 0.10015869140625, 0.0197601318359375, 0.00897216796875, 0.0263519287109375, 0.411865234375, 0.033355712890625, 0.0245513916015625, 0.06390380859375, 0.0007696151733398438, 0.01186370849609375, 0.12274169921875, 0.007232666015625, 0.007694244384765625, 0.2196044921875, 0.038055419921875, 0.445068359375, 0.235107421875, 0.1739501953125, 0.032867431640625, 0.0179290771484375, 0.443603515625, 1.5751953125, 0.064208984375, 0.07061767578125, 0.01055908203125, 0.038848876953125, 0.01486968994140625, 0.10015869140625, 0.75634765625, 0.0292510986328125, 0.0110015869140625, 0.020599365234375, 0.0050201416015625, 0.01244354248046875, 0.2138671875, 0.002719879150390625, 0.005702972412109375, 0.005809783935546875, 0.03155517578125, 2.533203125, 0.17236328125, 0.04132080078125, 0.146484375, 1.0224609375, 0.09246826171875, 0.0247344970703125, 0.03778076171875, 0.7197265625, 1.37109375, 0.0167694091796875, 0.3662109375, 2.072265625, 0.09674072265625, 0.0714111328125, 9.03125, 0.0513916015625, 5.6640625, 2.146484375, 0.7451171875, 0.07879638671875, 0.0248260498046875, 0.5390625, 0.541015625, 1.5224609375, 0.0826416015625, 3.91015625, 0.1475830078125, 3.1015625, 1.9658203125, 1.0146484375, 9.2734375, 0.341552734375, 15.9453125, 7.609375, 8.96875, 5.76953125, 2.34765625, 9.171875, 5.9453125, 0.06170654296875, 3.01171875, 0.62890625, 8.8046875, 7.1796875, 6.7578125, 0.00986480712890625, 0.96044921875, 0.197021484375, 9.3203125, 1.701171875, 6.26953125, 1.2724609375, 2.419921875, 4.140625, 0.08978271484375, 0.2447509765625, 0.40234375, 0.51318359375, 1.138671875, 0.09246826171875, 0.232666015625, 6.12890625, 0.227294921875, 3.42578125, 3.71484375, 5.13671875, 0.260986328125, 2.71875, 0.004180908203125, 0.484619140625, 0.22900390625, 1.56640625, 0.435791015625, 7.34765625, 5.08203125, 8.2265625, 6.234375, 3.392578125, 0.0316162109375, 0.0046844482421875, 0.58056640625, 1.3623046875, 0.08453369140625, 1.1083984375, 0.0168914794921875, 0.42041015625, 0.078125, 0.84716796875, 6.1328125, 0.52197265625, 0.021209716796875, 0.09332275390625, 0.13232421875, 0.050506591796875, 0.054656982421875, 0.07818603515625, 0.00453948974609375, 0.38134765625, 0.0028667449951171875, 0.99560546875, 0.065673828125, 1.8701171875, 0.066162109375, 2.2578125, 0.041107177734375, 0.004116058349609375, 1.4462890625, 1.3681640625, 0.0823974609375, 6.13671875, 0.0938720703125, 0.0135955810546875, 1.3701171875, 0.298095703125, 1.4453125, 5.16796875, 0.01690673828125, 0.0360107421875, 0.0943603515625, 0.030029296875, 0.049591064453125, 0.040802001953125, 0.0015420913696289062, 1.4306640625, 0.006397247314453125, 0.31298828125, 0.047515869140625, 0.92626953125, 0.042694091796875, 0.20458984375, 0.380615234375, 0.1861572265625, 0.02789306640625, 0.0013790130615234375, 5.16796875, 2.134765625, 0.01081085205078125, 0.71728515625, 0.07696533203125, 2.88671875, 0.058807373046875, 4.60546875, 9.0703125, 2.658203125, 1.1904296875, 2.87890625, 0.06268310546875, 0.10205078125, 1.376953125, 0.1148681640625, 9.2109375, 0.08831787109375, 2.375, 2.505859375, 1.4580078125, 11.078125, 1.0703125, 2.740234375, 3.251953125, 0.3203125, 0.313720703125, 0.60498046875, 6.14453125, 0.060699462890625, 6.6484375, 5.70703125, 1.775390625, 0.011871337890625, 0.9990234375, 0.343017578125, 2.318359375, 9.75, 6.9765625, 6.8359375, 2.478515625, 6.78515625, 4.89453125, 1.7431640625, 0.19970703125, 0.0950927734375, 0.139892578125, 0.427001953125, 0.0190277099609375, 2.2578125, 0.00391387939453125, 5.9765625, 0.00707244873046875]",-0.7895464767781339
48,1,test,2.276528016445295,1.04019742382538,1.1020643328862463,6.270208593866469,2.8650009044790465,3.035400048292404,9.742794795115389,6.299838148191116,6.506388054957454,26.83444052140353,17.35155421387496,17.920451671368532,2.7544594422057647,1.1811370492616582,1.6717057433122637,4.918677575367436,2.1091733022529606,2.9851888273433276,15.712545068061814,10.889900742238877,12.759745581376967,28.058116192967525,19.446251325426566,22.785259966744583,2.699688473274078,1.184593941875693,1.6831935418260546,5.50956831280424,2.4175386568891692,3.4350888608694987,14.875097012721817,10.325245802407334,12.111605471348938,30.35734084228942,21.07193020899456,24.717562186426402,0.5829145728643217,0.007914572864321734,0.007914572864321734,0.4321608040201005,0.012160804020100446,0.0021608040201004375,0.35678391959798994,-0.00821608040201005,-0.0032160804020100464,0.3513513513513513,0.09278437315820487,0.10208448918126334,0.3125,0.38190954773869346,0.1087265903452097,0.16488116710430278,0.36868686868686873,0.37792642140468224,0.10246732290718641,0.16769282852370337,0.37248322147651003,22.0,-1.0,0.0,33.0,0.0,2.0,39.0,0.0,1.0,0.0007710402358751465,0.00043264592747708575,0.0007365054156512286,-0.03226122554899913,-0.02539571982777744,-0.03850119668160268,"[1.369140625, 2.291015625, 9.2734375, 6.94140625, 3.158203125, 4.01171875, 1.7607421875, 0.1329345703125, 7.5234375, 0.0020751953125, 0.662109375, 0.0002410411834716797, 3.0994415283203125e-06, 0.0005640983581542969, 6.84375, 0.55810546875, 7.40234375, 0.0179443359375, 1.8642578125, 0.0843505859375, 0.7705078125, 0.328125, 4.10546875, 4.28515625, 0.8681640625, 3.240234375, 8.734375, 0.400634765625, 0.482177734375, 0.11187744140625, 5.30859375, 5.203125, 0.412841796875, 5.95703125, 5.78125, 11.3046875, 1.9306640625, 2.130859375, 0.02679443359375, 0.67919921875, 3.537109375, 7.38671875, 4.90625, 0.88818359375, 3.9765625, 1.578125, 1.37890625, 0.03997802734375, 0.118408203125, 1.1572265625, 5.01171875, 0.144287109375, 0.00630950927734375, 0.0254669189453125, 1.3359375, 0.02313232421875, 0.87060546875, 9.3125, 5.58203125, 11.1484375, 1.650390625, 8.4921875, 1.22265625, 0.71044921875, 0.00897216796875, 5.6171875, 1.7685546875, 1.3818359375, 4.7890625, 0.033660888671875, 6.66015625, 3.662109375, 0.7109375, 0.00466156005859375, 1.53125, 8.6484375, 1.9248046875, 0.1646728515625, 0.456787109375, 1.81640625, 6.625, 2.884765625, 9.15625, 3.8828125, 6.5546875, 1.9794921875, 2.474609375, 0.0224761962890625, 1.4130859375, 2.369140625, 0.052520751953125, 0.8017578125, 4.015625, 0.06103515625, 4.90625, 1.2412109375, 0.67626953125, 6.0546875, 0.0303955078125, 7.1015625, 2.3125, 2.908203125, 12.875, 4.88671875, 1.2978515625, 6.4609375, 1.291015625, 0.011077880859375, 0.07232666015625, 5.75, 7.0625, 6.2265625, 3.90625, 1.302734375, 9.609375, 2.7734375, 1.7265625, 6.8203125, 0.0089263916015625, 4.984375, 1.45703125, 3.232421875, 0.01335906982421875, 11.3046875, 1.3828125, 0.319580078125, 0.10076904296875, 0.45556640625, 2.962890625, 0.256591796875, 0.0267181396484375, 8.46875, 0.71337890625, 4.28515625, 8.8203125, 0.48388671875, 0.10516357421875, 0.334716796875, 7.8359375, 11.125, 0.020843505859375, 0.393310546875, 5.0546875, 3.306640625, 0.4072265625, 0.01024627685546875, 0.6962890625, 7.12109375, 0.34130859375, 0.52197265625, 4.02734375, 0.501953125, 0.00907135009765625, 0.130615234375, 7.26171875, 2.056640625, 0.099853515625, 0.2335205078125, 3.51953125, 5.05859375, 0.95458984375, 2.1953125, 0.04278564453125, 0.02618408203125, 0.0694580078125, 0.1318359375, 0.0143280029296875, 0.8857421875, 9.828125, 1.080078125, 0.08538818359375, 1.1923828125, 9.9140625, 3.24609375, 0.030914306640625, 2.6171875, 6.62109375, 0.09661865234375, 0.382080078125, 5.51953125, 0.80615234375, 0.0287017822265625, 0.061676025390625, 0.02166748046875, 3.421875, 1.3642578125, 1.064453125, 2.896484375, 0.75146484375, 1.2236328125, 0.390380859375, 7.171875, 2.046875, 0.2080078125, 0.041046142578125, 0.00823974609375, 6.578125, 3.5390625, 0.53271484375, 3.294921875, 0.33447265625, 8.671875, 5.15234375, 3.349609375, 6.75390625, 0.022857666015625, 0.31640625, 0.0220184326171875, 1.560546875, 0.008026123046875, 3.080078125, 3.212890625, 4.0078125, 1.640625, 4.12109375, 1.548828125, 3.388671875, 0.1865234375, 0.302490234375, 0.336181640625, 0.708984375, 0.467041015625, 0.1524658203125, 0.0095672607421875, 1.263671875, 8.1796875, 5.96484375, 0.2685546875, 0.0295562744140625, 0.76953125, 6.5078125, 0.4521484375, 0.031951904296875, 8.9375, 8.265625, 2.01953125, 1.1201171875, 1.9736328125, 0.1300048828125, 2.328125, 0.3583984375, 0.64111328125, 2.341796875, 3.642578125, 0.2149658203125, 2.3671875, 3.5546875, 5.71875, 8.421875, 6.4453125, 0.166015625, 4.03515625, 6.859375, 2.4453125, 1.880859375, 0.78759765625, 6.06640625, 1.67578125, 4.578125, 0.337890625, 0.01324462890625, 0.1556396484375, 0.07147216796875, 1.25, 3.271484375, 4.1953125, 3.267578125, 1.333984375, 0.0699462890625, 1.9677734375, 1.3017578125, 0.814453125, 4.7890625, 4.78125, 2.080078125, 6.49609375, 6.4140625, 3.18359375, 6.04296875, 0.70849609375, 0.028472900390625, 8.75, 5.87890625, 5.796875, 2.60546875, 3.056640625, 4.609375, 2.3984375, 3.81640625, 1.5732421875, 1.580078125, 0.1669921875, 0.560546875, 1.341796875, 0.058349609375, 4.421875, 0.77001953125, 0.84521484375, 0.31640625, 3.49609375, 4.7109375, 2.341796875, 0.70166015625, 0.697265625, 1.9599609375, 0.25634765625, 0.77587890625, 0.84716796875, 0.07666015625, 1.32421875, 0.339599609375, 1.80859375, 2.166015625, 0.369384765625, 0.64404296875, 0.07000732421875, 0.04229736328125, 2.505859375, 0.5986328125, 0.00960540771484375, 1.330078125, 1.166015625, 0.03997802734375, 1.4423828125, 0.41796875, 0.01500701904296875, 9.28125, 2.716796875, 0.0860595703125, 0.1688232421875, 1.8671875, 0.7265625, 0.005596160888671875, 0.0650634765625, 0.03924560546875, 1.5048828125, 7.20703125, 2.537109375, 2.099609375, 0.908203125, 0.5625, 0.1348876953125, 0.0196685791015625, 5.6328125, 0.09649658203125, 3.140625, 0.39599609375, 4.828125, 0.42822265625, 0.207763671875, 0.0298919677734375, 0.412353515625, 0.92626953125, 0.34765625, 0.0799560546875, 0.7314453125, 0.05615234375, 2.20703125, 0.056121826171875, 0.404296875, 4.3828125, 3.380859375, 2.58203125, 3.36328125, 6.0078125, 4.55078125, 0.195556640625, 2.34765625, 0.92578125, 1.208984375, 0.312744140625, 0.317626953125, 0.00275421142578125, 2.263671875, 0.4423828125, 0.1630859375, 3.1484375, 7.20703125, 6.7421875, 8.2265625, 3.3984375, 1.2060546875, 0.94677734375, 0.1385498046875, 0.0216064453125, 0.34716796875, 0.059326171875, 0.022186279296875, 6.44921875, 0.131591796875, 0.042816162109375, 0.2235107421875, 1.341796875, 1.32421875, 0.0060272216796875, 0.0140533447265625, 0.0029392242431640625, 0.720703125, 10.375, 6.21875, 2.0078125, 0.319580078125, 0.0010814666748046875, 1.8154296875, 2.416015625, 0.250244140625, 3.3046875, 0.517578125, 0.86328125, 7.2578125, 2.142578125, 5.8515625, 0.1854248046875, 0.305908203125, 0.06341552734375, 0.0292205810546875, 0.0875244140625, 0.137939453125, 0.97802734375, 0.7021484375, 0.050140380859375, 3.015625, 5.0625, 0.3193359375, 4.7421875, 5.015625, 0.951171875, 0.23583984375, 1.4228515625, 0.06634521484375, 3.12890625, 0.740234375, 2.958984375, 0.0211639404296875, 0.7177734375, 4.38671875, 6.1796875, 0.048736572265625, 0.1383056640625, 3.484375, 1.27734375, 0.6357421875, 0.2071533203125, 0.016326904296875, 0.0216064453125, 1.4931640625, 0.14892578125, 0.260986328125, 1.3955078125, 1.12890625, 0.056640625, 0.0238494873046875, 0.35986328125, 0.481689453125, 0.351806640625, 0.1744384765625, 0.09765625, 0.0638427734375, 0.029510498046875, 0.0016641616821289062, 0.039398193359375, 0.14501953125, 0.2015380859375, 0.137451171875, 0.09759521484375, 0.0178985595703125, 0.86962890625, 0.322509765625, 1.3740234375, 0.75146484375, 0.034423828125, 2.10546875, 0.708984375, 0.0107574462890625, 2.669921875, 8.9765625, 0.00778961181640625, 0.9365234375, 0.0264739990234375, 8.0703125, 0.5322265625]",-1.6758860193518244
109,1,test,3.528927730255001,1.6145348545726161,2.2258978360804815,6.09542062498591,2.7887420215345182,3.844732625957195,34.08739712691951,27.304577594926517,30.406966019132852,58.87823140104279,47.162452209418525,52.52112312395674,3.5581637147682996,1.6069622911017687,2.2095059331960054,5.69306194362928,2.5711396657628303,3.535209493113609,35.09868673337498,28.06154964647964,31.246435237189807,56.15789877339997,44.89847943436743,49.99429637950369,3.5187997921653418,1.6127731030068846,2.229448485450553,6.066896193388521,2.7806432810463533,3.8438766990526783,33.743904451600855,27.01759453835876,30.113473695914916,58.17914560620837,46.58205954889442,51.91978223433606,0.7437185929648241,0.018718592964824143,-0.0012814070351758744,0.6281407035175879,0.003140703517587884,-0.006859296482412125,0.5125628140703518,-0.012437185929648265,-0.00743718592964826,0.429042904290429,0.09955361269240592,0.17218231153521502,0.3973509933774835,0.44723618090452266,0.10638405057870814,0.18346322597964793,0.4040404040404041,0.43143812709030105,0.10088720889330605,0.17448595801354905,0.3993288590604027,24.0,0.0,-1.0,37.0,1.0,0.0,46.0,0.0,-1.0,0.0004578353022869693,0.000271359941637549,5.204200393080358e-05,0.0004912393671849813,8.815173034548707e-05,-5.432400123339676e-05,"[9.2109375, 0.5400390625, 9.03125, 0.85205078125, 7.3203125, 5.4609375, 4.4921875, 9.125, 3.00390625, 1.380859375, 4.265625, 7.27734375, 5.32421875, 1.568359375, 0.273681640625, 0.1571044921875, 4.99609375, 1.0419921875, 2.517578125, 6.40234375, 6.4375, 2.416015625, 3.640625, 6.640625, 0.30029296875, 3.1953125, 2.986328125, 10.828125, 4.08203125, 0.02490234375, 3.3515625, 4.578125, 4.265625, 1.4384765625, 6.19140625, 0.60205078125, 8.234375, 0.01641845703125, 0.0035839080810546875, 7.23046875, 2.98828125, 2.7890625, 9.875, 3.470703125, 8.859375, 4.40625, 1.619140625, 0.75048828125, 11.515625, 0.28173828125, 2.513671875, 5.34765625, 5.26171875, 8.1640625, 7.77734375, 1.8115234375, 3.44140625, 7.390625, 1.251953125, 0.5224609375, 0.341064453125, 4.15625, 0.1959228515625, 3.970703125, 5.06640625, 2.240234375, 4.6640625, 5.546875, 0.045684814453125, 3.94921875, 2.98046875, 4.859375, 1.845703125, 5.71875, 4.2734375, 2.673828125, 7.09375, 2.013671875, 3.7421875, 6.26171875, 0.1861572265625, 3.982421875, 6.15234375, 1.7353515625, 2.927734375, 0.1876220703125, 0.4375, 0.06878662109375, 5.3984375, 4.0859375, 0.3720703125, 4.34375, 10.6484375, 8.609375, 0.08392333984375, 4.58984375, 7.09375, 0.65185546875, 5.7265625, 5.03515625, 0.0745849609375, 0.007274627685546875, 3.498046875, 5.328125, 1.6201171875, 0.458251953125, 6.1875, 0.497802734375, 7.73046875, 0.294677734375, 0.01142120361328125, 10.5078125, 2.03125, 0.43896484375, 0.90771484375, 3.06640625, 0.029388427734375, 1.19921875, 0.0780029296875, 4.37890625, 4.86328125, 1.353515625, 0.8466796875, 4.39453125, 2.84375, 0.446533203125, 0.2158203125, 7.140625, 3.419921875, 2.25390625, 5.6953125, 3.140625, 3.2265625, 1.4658203125, 0.405517578125, 3.884765625, 9.3203125, 5.61328125, 6.0859375, 0.246826171875, 0.06683349609375, 3.32421875, 0.154541015625, 0.149169921875, 2.265625, 8.796875, 0.322509765625, 5.203125, 3.443359375, 1.0380859375, 0.4404296875, 4.61328125, 1.49609375, 1.1572265625, 2.03515625, 0.599609375, 0.349853515625, 5.31640625, 8.1796875, 2.05078125, 6.7265625, 5.078125, 3.69921875, 5.80078125, 6.75, 2.0234375, 3.537109375, 12.296875, 6.69140625, 1.6044921875, 3.783203125, 0.880859375, 0.14697265625, 0.08392333984375, 7.5078125, 3.490234375, 5.58984375, 1.419921875, 2.646484375, 6.265625, 0.0017347335815429688, 6.08203125, 6.84375, 0.97265625, 4.640625, 0.27685546875, 2.791015625, 0.3388671875, 7.40234375, 6.52734375, 2.38671875, 0.90185546875, 1.9296875, 3.173828125, 1.857421875, 2.447265625, 9.75, 0.299072265625, 1.759765625, 0.6767578125, 2.3046875, 0.45263671875, 0.14990234375, 2.158203125, 6.3515625, 4.5078125, 2.537109375, 0.75341796875, 5.29296875, 3.197265625, 6.20703125, 11.53125, 6.03125, 2.404296875, 7.5078125, 1.7060546875, 3.173828125, 0.307373046875, 7.46484375, 0.0018396377563476562, 0.0234832763671875, 6.22265625, 1.361328125, 4.24609375, 3.080078125, 6.94921875, 9.625, 0.3583984375, 3.083984375, 3.33984375, 0.350341796875, 4.25, 0.09747314453125, 0.0577392578125, 5.55859375, 9.109375, 0.431396484375, 0.0052337646484375, 2.845703125, 0.87939453125, 2.109375, 1.5341796875, 9.890625, 3.505859375, 0.44482421875, 0.83251953125, 0.00012493133544921875, 9.328125, 1.1337890625, 5.1015625, 10.5703125, 1.1494140625, 6.09765625, 7.12890625, 13.0546875, 11.109375, 1.85546875, 3.578125, 5.03125, 2.955078125, 6.1796875, 0.5205078125, 3.755859375, 6.55078125, 2.240234375, 4.74609375, 4.1328125, 5.0078125, 0.9755859375, 7.71875, 11.5859375, 1.39453125, 6.27734375, 2.712890625, 1.4658203125, 4.78515625, 5.328125, 10.1328125, 0.08538818359375, 1.361328125, 0.00015151500701904297, 0.33251953125, 0.0003218650817871094, 0.0015497207641601562, 0.0003447532653808594, 2.443359375, 1.92578125, 1.47265625, 1.5625, 0.2548828125, 5.69140625, 2.453125, 1.6953125, 0.038238525390625, 0.1448974609375, 8.6171875, 0.89404296875, 0.217041015625, 0.14599609375, 0.01849365234375, 4.42578125, 8.8359375, 0.8134765625]",-0.8163162005616496
106,1,test,1.4007714655056642,0.5802715273707355,0.8055769231098018,2.889641765319861,1.1970381193559827,1.6618190615095283,4.058329620792478,1.7866943900163985,2.2449459301376327,8.371900098238571,3.685759496386029,4.6310834282084485,0.7723444400720261,0.17220988690367434,0.2679067027185691,1.2766023802843407,0.28464444116309817,0.4428209962290399,2.1648356364464783,0.3424716477031986,0.5087815151796198,3.578240721399138,0.5660688391788407,0.8409611821150742,1.321638977248533,0.5396458725096703,0.7459006071614898,2.6257728024805296,1.0721441175688817,1.4819217360824302,3.7495617903539884,1.5637372863528927,1.9711185988616133,7.4494605106370635,3.106762820568661,3.916129666612477,0.16582914572864327,-0.019170854271356785,-0.009170854271356776,0.12562814070351758,0.0006281407035175768,0.005628140703517581,0.09547738693467334,-0.009522613065326646,-0.009522613065326646,0.25993883792048933,0.058412120363237396,0.08903344626230014,0.29141104294478526,0.1959798994974874,0.01803503734209888,0.03738223672620189,0.1767676767676768,0.24749163879598657,0.053835545306837984,0.08175192800622011,0.28523489932885904,16.0,7.0,7.0,20.0,11.0,11.0,22.0,10.0,12.0,-0.0009170826045296168,-0.00016676304380964556,-0.00046059080459734305,-0.19241050852342934,-0.2012667737034235,-0.19066319113855812,"[0.609375, 0.90478515625, 0.042449951171875, 0.026275634765625, 0.1290283203125, 1.59765625, 0.3603515625, 0.359375, 0.0042572021484375, 0.748046875, 0.0009937286376953125, 0.00091552734375, 0.09088134765625, 0.013702392578125, 2.2265625, 0.97119140625, 1.798828125, 3.390625, 0.289306640625, 7.1328125, 0.462158203125, 3.044921875, 2.7265625, 6.58203125, 1.96484375, 3.80859375, 6.83203125, 0.5205078125, 0.72216796875, 0.486572265625, 3.9453125, 0.876953125, 0.02349853515625, 0.724609375, 0.302001953125, 0.07659912109375, 0.07476806640625, 0.1383056640625, 0.290771484375, 0.00789642333984375, 0.89404296875, 0.1065673828125, 4.1961669921875e-05, 0.00016689300537109375, 0.1278076171875, 0.02362060546875, 0.004100799560546875, 0.01300811767578125, 1.1181640625, 1.4296875, 0.017852783203125, 0.07330322265625, 1.4873046875, 0.051361083984375, 0.00031256675720214844, 0.1312255859375, 0.70849609375, 0.2401123046875, 0.35986328125, 5.70703125, 0.1004638671875, 0.2059326171875, 5.7421875, 4.640625, 8.046875, 7.9765625, 8.1796875, 6.26953125, 4.33203125, 0.1370849609375, 0.193359375, 5.72265625, 1.07421875, 4.28125, 0.2088623046875, 0.53564453125, 2.685546875, 1.3173828125, 0.07818603515625, 3.26953125, 0.002227783203125, 0.03790283203125, 0.442138671875, 0.129638671875, 0.0022602081298828125, 0.0005168914794921875, 0.6708984375, 0.05902099609375, 0.111083984375, 0.0010929107666015625, 0.00794219970703125, 0.01116180419921875, 0.000400543212890625, 3.8623809814453125e-05, 0.0005426406860351562, 0.0025539398193359375, 0.005596160888671875, 0.066162109375, 0.703125, 1.3154296875, 0.6953125, 0.019744873046875, 0.128173828125, 0.04443359375, 0.0005369186401367188, 0.00341033935546875, 0.0005502700805664062, 0.0411376953125, 6.330013275146484e-05, 5.555152893066406e-05, 0.002277374267578125, 0.0008420944213867188, 0.0008473396301269531, 0.0059814453125, 0.00037479400634765625, 0.0021877288818359375, 0.1900634765625, 0.016815185546875, 0.001171112060546875, 2.796875, 5.4836273193359375e-06, 0.0244598388671875, 0.00038504600524902344, 0.007171630859375, 3.147125244140625e-05, 2.4080276489257812e-05, 0.00041985511779785156, 0.006755828857421875, 0.003528594970703125, 0.0018253326416015625, 6.568431854248047e-05, 0.0009694099426269531, 5.9604644775390625e-06, 0.002521514892578125, 0.06201171875, 0.007373809814453125, 0.00206756591796875, 4.1953125, 0.005859375, 0.0010833740234375, 0.0083770751953125, 5.4955482482910156e-05, 2.0384788513183594e-05, 4.4345855712890625e-05, 0.0007748603820800781, 2.6941299438476562e-05, 2.1457672119140625e-05, 0.0008454322814941406, 0.0003604888916015625, 0.00011205673217773438, 0.0005011558532714844, 0.323486328125, 6.00390625, 0.69384765625, 0.00020515918731689453, 0.159912109375, 0.0689697265625, 0.0030364990234375, 0.00909423828125, 0.0003590583801269531, 0.00013327598571777344, 0.0003914833068847656, 0.00676727294921875, 0.0008907318115234375, 0.0011472702026367188, 0.0003418922424316406, 0.0031833648681640625, 0.00033545494079589844, 4.565715789794922e-05, 0.322509765625, 2.12890625, 0.1279296875, 0.0220489501953125, 8.308887481689453e-05, 0.0007004737854003906, 0.89453125, 0.0007486343383789062, 0.0007405281066894531, 0.0001595020294189453, 0.00807952880859375, 0.0006246566772460938, 0.0001271963119506836, 0.0010290145874023438, 1.3828277587890625e-05, 0.00926971435546875, 0.0673828125, 0.000995635986328125, 0.000980377197265625, 0.0018892288208007812, 0.00677490234375, 0.0067901611328125, 1.6808509826660156e-05, 1.4185905456542969e-05, 0.00196075439453125, 0.04925537109375, 0.00025844573974609375, 4.7326087951660156e-05, 0.00022089481353759766, 0.0003662109375, 0.0084686279296875, 0.2037353515625, 0.0087432861328125, 0.0006961822509765625, 0.0294036865234375, 0.1929931640625, 0.160888671875, 1.5888671875, 0.1966552734375, 0.2138671875, 5.5078125, 3.064453125, 0.01763916015625, 0.0255889892578125, 0.787109375, 0.0145416259765625, 0.0033664703369140625, 0.0723876953125, 6.8515625, 3.865234375, 1.2470703125, 2.33203125, 7.74609375, 2.716796875, 1.330078125, 6.49609375, 1.669921875, 1.416015625, 0.048248291015625, 1.2666015625, 3.48046875, 2.7421875, 1.197265625, 1.419921875, 0.58447265625, 3.71875, 0.11053466796875, 0.85009765625, 6.42578125, 9.125, 6.38671875, 4.109375, 7.5546875, 8.6328125, 0.98681640625, 2.685546875, 0.34521484375, 0.047271728515625, 0.049530029296875, 1.3828125, 0.0142822265625, 0.1683349609375, 2.375, 9.578125, 1.5986328125, 3.458984375, 1.0986328125, 0.018585205078125, 5.12109375, 1.0107421875, 0.051513671875, 0.064453125, 0.8662109375, 8.75, 7.58203125, 1.1064453125, 0.56494140625, 0.1822509765625, 9.828125, 9.0546875, 0.02081298828125, 4.9765625, 5.7421875, 2.806640625, 4.58203125, 0.317138671875, 0.1807861328125, 0.1085205078125, 0.05438232421875, 0.72607421875, 7.0625, 4.13671875, 5.96484375, 0.435302734375, 0.19580078125, 0.1103515625, 6.48046875, 0.249755859375, 0.260986328125, 0.18408203125, 0.06280517578125, 0.07666015625, 0.05096435546875, 0.10626220703125, 0.0753173828125, 5.59375, 0.069091796875, 0.25244140625, 6.4296875, 7.109375, 5.5859375, 0.004215240478515625, 6.03515625, 0.0633544921875, 4.11328125, 4.3125, 8.6484375, 2.2734375, 4.4921875, 6.51953125, 0.857421875, 1.7578125, 0.039520263671875, 0.6494140625, 5.65234375, 1.080078125, 0.01515960693359375, 0.0211029052734375, 0.42626953125, 0.07440185546875, 0.005687713623046875, 0.1453857421875, 6.44921875, 3.03515625, 0.027099609375, 0.1295166015625, 2.103515625, 1.1171875]",-2.4025580022677735
107,1,test,1.6906393670652764,0.7282426072790719,1.0098990449980767,3.3280302501284966,1.4335484395257319,1.987990246059206,5.422946850556505,2.8049832606658502,3.4476072720311643,10.675092225504931,5.521620591861911,6.786628488250324,2.0757717822664348,0.8599271343402382,1.2478929944264847,4.1104391728048215,1.7028260085945313,2.4710752364880886,7.970695727394953,4.5975537486080365,5.682236446934764,15.78355589583159,9.104066828926804,11.251953360266858,1.6600333136248302,0.6952602662005597,0.9856794401656929,3.267782113434705,1.3686225712609443,1.9403138585938837,5.259486054073654,2.635294032325484,3.296721682053235,10.353319004081996,5.187586677806071,6.489609610341013,0.4824120603015075,0.017412060301507548,0.012412060301507544,0.35678391959798994,-0.00821608040201005,0.001783919597989958,0.26633165829145733,-0.013668341708542697,-0.0186683417085427,0.29718875502008035,0.0767478732565533,0.11561332110819789,0.2943548387096774,0.35678391959798994,0.1086636188461102,0.16646672427244735,0.36868686868686873,0.30522088353413657,0.08878801780267365,0.13032101704548504,0.28629032258064513,21.0,12.0,12.0,30.0,14.0,14.0,37.0,15.0,17.0,0.0007973885179790197,0.0005439355244169741,0.00011844412615362928,-0.10273982730151587,-0.1078378532004507,-0.10157701741583836,"[10.7578125, 1.8896484375, 2.212890625, 0.923828125, 3.837890625, 1.625, 1.583984375, 8.5234375, 0.68994140625, 0.50732421875, 1.4375, 5.48046875, 0.58544921875, 1.4560546875, 2.953125, 5.5625, 0.03216552734375, 1.48046875, 1.8349609375, 0.035369873046875, 0.08343505859375, 0.00260162353515625, 1.3359375, 0.037078857421875, 0.0231475830078125, 0.00273895263671875, 0.0023021697998046875, 0.009735107421875, 0.00016832351684570312, 1.4424324035644531e-05, 0.058135986328125, 0.0648193359375, 0.0076751708984375, 0.003437042236328125, 0.0002428293228149414, 0.0028533935546875, 0.0010509490966796875, 0.01262664794921875, 0.0022125244140625, 0.0018253326416015625, 2.28125, 0.00748443603515625, 0.0087738037109375, 0.0033359527587890625, 0.404052734375, 0.69580078125, 0.314208984375, 0.006946563720703125, 0.00012433528900146484, 0.00304412841796875, 0.0017337799072265625, 0.002132415771484375, 0.0002180337905883789, 0.058563232421875, 0.022613525390625, 0.0003337860107421875, 0.048919677734375, 0.02679443359375, 0.0021953582763671875, 0.03564453125, 0.026123046875, 0.0030364990234375, 0.0576171875, 0.00015497207641601562, 0.01224517822265625, 0.005657196044921875, 0.0007290840148925781, 0.0007162094116210938, 0.0023288726806640625, 0.004436492919921875, 0.00040340423583984375, 0.002056121826171875, 0.0031452178955078125, 0.10333251953125, 0.05010986328125, 0.70703125, 0.003963470458984375, 7.0703125, 0.80517578125, 0.326416015625, 0.87939453125, 8.375, 1.431640625, 0.2303466796875, 0.07183837890625, 1.6591796875, 0.46728515625, 7.2578125, 1.6808509826660156e-05, 0.369384765625, 1.4658203125, 1.224609375, 8.203125, 0.1531982421875, 0.00439453125, 6.1328125, 6.45703125, 6.14453125, 6.7421875, 5.0625, 5.30078125, 4.1953125, 1.6328125, 6.33203125, 1.044921875, 3.41796875, 3.173828125, 9.15625, 6.6796875, 5.125, 0.440185546875, 0.004253387451171875, 1.0263671875, 2.3828125, 1.62890625, 3.521484375, 2.142578125, 1.6025390625, 6.64453125, 4.1171875, 3.021484375, 6.5078125, 3.4765625, 7.22265625, 2.232421875, 0.982421875, 0.0013914108276367188, 4.3359375, 8.578125, 3.51171875, 4.24609375, 0.5634765625, 0.305419921875, 0.042938232421875, 6.4140625, 3.44140625, 2.22265625, 3.236328125, 3.248046875, 7.375, 0.253173828125, 0.0022125244140625, 1.9072265625, 5.86328125, 0.0025997161865234375, 0.5478515625, 10.1015625, 11.265625, 4.1796875, 1.052734375, 2.4921875, 2.390625, 9.3984375, 4.20703125, 1.5849609375, 0.7978515625, 0.2103271484375, 0.00826263427734375, 2.3046875, 0.0005626678466796875, 6.14453125, 1.5625, 3.57421875, 2.12109375, 3.013671875, 4.0, 5.5859375, 2.83203125, 4.30078125, 5.9921875, 0.0948486328125, 1.34765625, 0.6845703125, 4.23046875, 0.05230712890625, 0.378662109375, 0.00982666015625, 8.46875, 5.8203125, 3.93359375, 1.4111328125, 1.3662109375, 4.1171875, 6.47265625, 0.004619598388671875, 2.24609375, 0.28076171875, 0.783203125, 0.82470703125, 0.0762939453125, 1.8115234375, 0.462158203125, 0.206298828125, 0.384033203125, 0.10308837890625, 0.18212890625, 0.0037174224853515625, 0.0203399658203125, 0.0004715919494628906, 0.008453369140625, 0.01525115966796875, 0.0137176513671875, 0.0140533447265625, 1.34375, 0.0009207725524902344, 0.0011444091796875, 0.01486968994140625, 0.002048492431640625, 0.0012159347534179688, 0.1104736328125, 0.004718780517578125, 0.00039386749267578125, 0.00951385498046875, 0.0007309913635253906, 0.0003256797790527344, 0.009765625, 0.026947021484375, 0.0009889602661132812, 0.002628326416015625, 0.00921630859375, 7.474422454833984e-05, 0.0010194778442382812, 0.0004634857177734375, 0.00013458728790283203, 8.511543273925781e-05, 0.0164794921875, 0.91357421875, 0.004375457763671875, 0.0018978118896484375, 1.330078125, 3.528594970703125e-05, 0.69677734375, 0.412109375, 2.5510787963867188e-05, 0.0025482177734375, 0.0013532638549804688, 0.25244140625, 0.0012111663818359375, 0.026397705078125, 0.1923828125, 0.0274505615234375, 0.051361083984375, 0.77490234375, 0.018280029296875, 0.07891845703125, 0.005184173583984375, 0.0249481201171875, 0.0133514404296875, 0.0162200927734375]",-1.7378624773408515
225,1,test,1.4290389204461733,0.5978001071821439,0.702904914333738,3.068230623310902,1.2835119948322504,1.5091781984224377,4.174685058827898,1.8785235644324216,2.1076112130805553,8.963294391012841,4.033300594222553,4.525165251614133,0.5504972563317073,0.12459229278338646,0.2273262642414789,1.000904102421286,0.226531441424339,0.41332048043905245,1.7341151032259186,0.20313983346396536,0.3526135466767042,3.1529365513198515,0.36934515175266425,0.6411155394121892,0.9672585251339303,0.38575026399942125,0.5562997886951578,1.8601125483344814,0.7418274307681179,1.0698072859522267,2.630722504847288,0.8419882292394167,1.12245938588085,5.059081740090938,1.619208133152724,2.158575742078557,0.1306532663316583,0.005653266331658302,0.005653266331658302,0.09045226130653261,-0.009547738693467367,-0.014547738693467371,0.0653266331658291,-0.00967336683417086,-0.014673366834170865,0.2860411899313501,0.08375547564563579,0.09542535415422393,0.3142201834862385,0.16582914572864327,0.022972002871500363,0.032273219184402846,0.13636363636363635,0.2240802675585284,0.052127012132818895,0.08503688602348947,0.22818791946308725,13.0,2.0,-2.0,15.0,-2.0,-2.0,18.0,0.0,-2.0,-0.00017452045168600387,-0.000925754940625802,-0.000210381635117658,-0.10653434007681195,-0.10861339006684467,-0.10587791198959717,"[5.171875, 4.94140625, 5.26953125, 4.671875, 2.126953125, 1.6044921875, 1.03515625, 0.049072265625, 2.14453125, 0.056915283203125, 0.1319580078125, 0.7509765625, 0.006015777587890625, 0.025848388671875, 0.00756072998046875, 0.0098419189453125, 0.0001373291015625, 0.0016498565673828125, 0.46484375, 0.423828125, 0.052093505859375, 0.01265716552734375, 0.01000213623046875, 0.140869140625, 0.00399017333984375, 0.022186279296875, 0.0006804466247558594, 0.0001767873764038086, 0.0031909942626953125, 0.003978729248046875, 0.007007598876953125, 0.00647735595703125, 0.0119781494140625, 0.0019121170043945312, 0.0008177757263183594, 0.01197052001953125, 0.0156402587890625, 6.4373016357421875e-06, 0.053497314453125, 0.0006895065307617188, 0.013671875, 0.00018656253814697266, 7.915496826171875e-05, 4.5180320739746094e-05, 0.0001379251480102539, 0.0006961822509765625, 0.004123687744140625, 9.059906005859375e-06, 0.0120086669921875, 0.029266357421875, 0.002826690673828125, 0.061492919921875, 0.0160675048828125, 2.02734375, 0.1290283203125, 1.990795135498047e-05, 0.001064300537109375, 5.733966827392578e-05, 0.0001341104507446289, 3.170967102050781e-05, 7.271766662597656e-06, 0.00027561187744140625, 7.891654968261719e-05, 0.000316619873046875, 0.0014104843139648438, 6.723403930664062e-05, 0.0024890899658203125, 9.5367431640625e-07, 0.01287078857421875, 0.009857177734375, 0.0035648345947265625, 0.0018320083618164062, 0.031402587890625, 0.019622802734375, 2.4437904357910156e-05, 6.794929504394531e-06, 6.54458999633789e-05, 8.797645568847656e-05, 5.0067901611328125e-06, 0.00017070770263671875, 0.0011129379272460938, 0.00017249584197998047, 0.004791259765625, 0.0010929107666015625, 0.007808685302734375, 0.00708770751953125, 7.784366607666016e-05, 0.006744384765625, 7.939338684082031e-05, 1.9669532775878906e-05, 4.5299530029296875e-06, 2.6464462280273438e-05, 1.800060272216797e-05, 0.0009212493896484375, 0.006763458251953125, 0.001003265380859375, 0.0001939535140991211, 0.0025119781494140625, 0.0012311935424804688, 4.553794860839844e-05, 0.007129669189453125, 0.0022182464599609375, 3.325939178466797e-05, 0.01413726806640625, 3.170967102050781e-05, 5.1856040954589844e-05, 5.233287811279297e-05, 6.628036499023438e-05, 0.0001494884490966797, 4.6133995056152344e-05, 0.0005049705505371094, 7.653236389160156e-05, 5.6743621826171875e-05, 0.0026912689208984375, 0.002574920654296875, 0.0004968643188476562, 0.0070343017578125, 0.0018148422241210938, 0.0094757080078125, 0.007648468017578125, 8.058547973632812e-05, 0.0003826618194580078, 0.00015866756439208984, 3.1113624572753906e-05, 0.00024044513702392578, 0.00022041797637939453, 1.430511474609375e-06, 8.809566497802734e-05, 0.000972747802734375, 2.6226043701171875e-06, 0.00577545166015625, 0.0005054473876953125, 0.00146484375, 3.266334533691406e-05, 0.0005130767822265625, 0.01143646240234375, 0.472900390625, 0.7060546875, 9.6171875, 0.49365234375, 0.87060546875, 0.045989990234375, 0.0352783203125, 0.1270751953125, 0.006381988525390625, 0.021087646484375, 0.048980712890625, 3.3671875, 0.0711669921875, 0.1336669921875, 0.007171630859375, 0.04327392578125, 1.4677734375, 0.0030345916748046875, 0.1282958984375, 0.006999969482421875, 0.03546142578125, 4.5546875, 0.0231475830078125, 0.1285400390625, 0.019195556640625, 0.08917236328125, 3.41796875, 0.0750732421875, 0.1280517578125, 0.050201416015625, 0.06256103515625, 3.068359375, 0.0021915435791015625, 0.313720703125, 0.1322021484375, 0.06097412109375, 0.403076171875, 0.020721435546875, 1.314453125, 3.05859375, 0.00910186767578125, 0.021759033203125, 0.72802734375, 0.685546875, 4.9375, 0.7021484375, 0.0294036865234375, 9.1171875, 6.9609375, 0.6455078125, 0.005565643310546875, 0.0181732177734375, 0.003368377685546875, 4.172325134277344e-05, 0.0214691162109375, 0.00467681884765625, 0.064453125, 0.0196075439453125, 0.0005788803100585938, 2.892578125, 6.63671875, 9.59375, 2.18359375, 7.4453125, 2.455078125, 7.8046875, 7.4375, 4.07421875, 5.25390625, 1.5966796875, 0.141845703125, 0.0002880096435546875, 8.5546875, 0.04339599609375, 2.458984375, 3.72265625, 1.658203125, 0.75341796875, 0.030487060546875, 0.0011911392211914062, 5.015625, 1.7607421875, 4.40625, 1.3896484375, 0.0016355514526367188, 0.0109710693359375, 1.9521484375, 7.125, 1.4697265625, 1.1767578125, 1.0830078125, 0.86962890625, 1.54296875, 6.89453125, 0.8359375, 0.217041015625, 0.0005311965942382812, 0.6845703125, 0.1744384765625, 12.09375, 5.33984375, 10.4765625, 1.046875, 1.755859375, 0.298095703125, 0.01983642578125, 0.7431640625, 0.098876953125, 7.6875, 1.10546875, 0.84228515625, 5.171875, 0.01100921630859375, 2.923828125, 4.04296875, 0.0005755424499511719, 3.8203125, 1.8486328125, 0.1834716796875, 0.2152099609375, 0.1817626953125, 0.0294342041015625, 0.2083740234375, 4.2265625, 0.060546875, 0.0052947998046875, 0.0850830078125, 0.0002484321594238281, 0.0200347900390625, 0.0005116462707519531, 3.220703125, 2.478515625, 0.00725555419921875, 0.740234375, 0.064453125, 4.05859375, 1.2021484375, 0.91943359375, 2.16015625, 3.86328125, 0.198974609375, 0.01219940185546875, 0.053924560546875, 0.0204315185546875, 0.021240234375, 0.004024505615234375, 7.998943328857422e-05, 0.390380859375, 0.1661376953125, 0.7890625, 0.0219268798828125, 0.08502197265625, 0.023406982421875, 0.07257080078125, 7.998943328857422e-05, 0.0007162094116210938, 1.0224609375, 0.003345489501953125, 0.003055572509765625, 0.73681640625, 0.0518798828125, 0.474853515625, 0.03515625, 8.3984375, 0.09521484375, 2.353515625, 0.34912109375, 0.324951171875, 8.921875, 0.09259033203125, 4.13671875, 0.11639404296875, 11.828125, 2.015625, 2.546875, 0.451904296875, 0.0034275054931640625, 5.06640625, 0.2132568359375, 3.798828125, 4.42578125, 5.11328125, 7.19140625, 5.30859375, 4.015625, 3.23828125, 1.6884765625, 0.95166015625, 1.4658203125, 0.18408203125, 1.693359375, 0.090576171875, 0.0016536712646484375, 3.154296875, 1.888671875, 6.0703125, 0.004543304443359375, 0.12042236328125, 0.01224517822265625, 0.11669921875, 1.43359375, 0.1903076171875, 5.13671875, 0.2113037109375, 0.0116424560546875, 0.005168914794921875, 0.00018775463104248047, 0.215087890625, 0.0014314651489257812, 0.458251953125, 0.03790283203125, 0.71728515625, 1.630859375, 3.951171875, 3.162109375, 0.8466796875, 0.64306640625, 2.630859375, 1.7158203125, 1.1103515625, 0.1846923828125, 0.7919921875, 0.80322265625, 0.5673828125, 0.5625, 0.055389404296875, 0.316650390625, 0.004302978515625, 0.0192718505859375, 0.2447509765625, 0.01910400390625, 3.60546875, 5.0390625, 3.755859375, 2.984375, 2.625, 3.203125, 4.32421875, 7.09375, 9.328125, 0.53759765625, 4.71875, 11.25, 1.75390625, 1.1708984375, 0.0028514862060546875, 1.9794921875, 2.470703125, 2.185546875, 5.5546875, 0.3740234375, 3.078125, 4.03125, 5.79296875, 0.712890625, 0.40087890625, 0.0035400390625, 3.41796875, 11.078125, 0.1634521484375, 14.6328125, 3.26171875, 9.6328125, 0.724609375, 4.97265625, 0.794921875, 10.453125, 4.27734375, 8.2265625, 5.21875, 1.2353515625, 0.002071380615234375, 3.14453125, 0.01019287109375, 0.305908203125, 0.1583251953125, 0.00182342529296875, 8.8046875, 8.296875, 0.09295654296875, 3.537109375, 3.609375, 1.9677734375, 1.6689453125, 0.79638671875, 1.75390625, 0.431884765625, 1.1064453125, 0.83544921875, 0.05792236328125, 0.0034942626953125, 2.900390625, 0.63720703125, 1.4912109375, 0.00018417835235595703, 0.0850830078125, 0.0010747909545898438, 0.03369140625, 2.16015625, 0.234375, 0.004619598388671875]",-2.751583657221063
54,1,test,0.9248600885354353,0.36036486128076506,0.49588296927701336,2.2838381778119934,0.8898805758157666,1.2245273322962982,2.521515446758311,0.7629555612120447,0.9858295503950922,6.226599368525626,1.8840331205440295,2.4343954203633915,0.46859063814632856,-0.06506779015336733,0.021354011651820604,1.0649787230598375,-0.14788134125765318,0.048531844663228574,1.5977408107239992,-0.10741830314693268,0.03375647508870294,3.6312291152818164,-0.24413250715211987,0.07671926156523412,0.5262131276337997,0.1816196829035155,0.26863900232160554,1.3492644298302556,0.46569149462439874,0.6888179546707834,1.6925108351311224,0.28109485072998086,0.3987231252872119,4.339771372131083,0.7207560275127713,1.022366987915928,0.12562814070351758,-0.009371859296482432,-0.014371859296482437,0.07035175879396982,-0.004648241206030135,-0.00964824120603014,0.05025125628140703,0.005251256281406991,-0.004748743718593018,0.24033149171270718,0.06515907791960374,0.08197372045171014,0.26315789473684215,0.20603015075376885,0.04562914824750319,0.06579642788231643,0.14646464646464652,0.18394648829431437,0.022009927359422865,0.047127800863836056,0.15771812080536918,14.0,5.0,5.0,17.0,8.0,8.0,23.0,14.0,14.0,0.00016341266107716693,-0.000924926957112676,0.0001605895028267369,-0.2248013029741358,-0.2038764082885085,-0.22204715522015928,"[3.19140625, 2.6015625, 3.16796875, 0.37158203125, 0.342041015625, 0.01568603515625, 5.77734375, 0.82666015625, 4.88671875, 5.28515625, 1.7109375, 0.34814453125, 3.4453125, 1.2041015625, 1.5380859375, 0.0018854141235351562, 0.230712890625, 0.016571044921875, 1.4560546875, 1.0185546875, 5.01171875, 0.3427734375, 0.464599609375, 0.1351318359375, 0.028411865234375, 0.1278076171875, 0.058929443359375, 1.3232421875, 0.69970703125, 6.866455078125e-05, 0.09112548828125, 0.0030956268310546875, 0.0035495758056640625, 0.0005764961242675781, 0.0150146484375, 0.132080078125, 0.0007777214050292969, 0.1654052734375, 7.62939453125e-06, 0.0009179115295410156, 0.074462890625, 0.89306640625, 0.0164031982421875, 0.061981201171875, 0.0013942718505859375, 0.019378662109375, 0.13037109375, 0.0679931640625, 0.0277099609375, 0.0149078369140625, 1.7265625, 9.703636169433594e-05, 0.0116119384765625, 1.2516975402832031e-05, 0.0015478134155273438, 7.62939453125e-06, 6.4373016357421875e-06, 0.0012063980102539062, 0.0038661956787109375, 0.00034236907958984375, 0.0132598876953125, 0.0002397298812866211, 0.030364990234375, 0.0809326171875, 0.0010499954223632812, 4.0531158447265625e-05, 0.09442138671875, 0.0684814453125, 0.28955078125, 3.431640625, 2.1953125, 0.93115234375, 0.004608154296875, 0.1884765625, 0.03253173828125, 0.0026035308837890625, 2.2649765014648438e-06, 3.3736228942871094e-05, 1.4853515625, 0.1475830078125, 0.0274810791015625, 0.1881103515625, 1.654296875, 0.1988525390625, 0.0001442432403564453, 0.0709228515625, 0.09942626953125, 0.126708984375, 0.7353515625, 6.496906280517578e-05, 0.05572509765625, 0.0026035308837890625, 0.0018529891967773438, 7.462501525878906e-05, -0.0, 5.6862831115722656e-05, 0.0003132820129394531, 0.0001970529556274414, 0.00412750244140625, 0.0011749267578125, 0.0003535747528076172, 1.0728836059570312e-06, 0.0003905296325683594, 0.1395263671875, 0.19580078125, 0.10101318359375, 0.103271484375, 0.034515380859375, 2.333984375, 1.3095703125, 0.001056671142578125, 0.004871368408203125, 0.04949951171875, 0.0011243820190429688, 0.57080078125, 5.984306335449219e-05, 0.357177734375, 0.16552734375, 0.156494140625, 0.1888427734375, 0.0003063678741455078, 5.0234375, 0.482421875, 0.0010099411010742188, 0.0020427703857421875, 0.01465606689453125, 0.0022182464599609375, 0.02337646484375, 0.006969451904296875, 0.892578125, 0.0595703125, 0.04901123046875, 2.6702880859375e-05, 6.270408630371094e-05, 0.004070281982421875, 0.0003273487091064453, 0.00279998779296875, 2.181529998779297e-05, 0.0003829002380371094, 0.372802734375, 0.027923583984375, 0.0006971359252929688, 0.007808685302734375, -0.0, 0.0003204345703125, 0.0408935546875, 0.0309295654296875, 0.17724609375, 3.220703125, 0.01473236083984375, 0.00024306774139404297, 2.587890625, 2.3484230041503906e-05, 0.00013554096221923828, 0.00788116455078125, 0.025482177734375, 0.0182037353515625, 0.0135498046875, 0.0019702911376953125, 0.005123138427734375, 0.4228515625, 0.01036834716796875, 0.50439453125, 0.01030731201171875, 0.259033203125, 1.3798828125, 0.60498046875, 0.200439453125, 0.92041015625, 0.043212890625, 0.1611328125, 2.288818359375e-05, 5.817413330078125e-05, 0.1578369140625, 0.36328125, 0.261474609375, 0.1767578125, 0.0011730194091796875, 0.0225067138671875, 0.0004429817199707031, 2.326171875, 0.1990966796875, 0.00220489501953125, 0.366455078125, 0.1883544921875, 0.0259857177734375, 0.701171875, 0.76123046875, 0.08331298828125, 0.0206756591796875, 0.681640625, 0.00103759765625, 0.381103515625, 0.039703369140625, 0.269287109375, 1.087890625, -0.0, 0.429443359375, 1.7881393432617188e-06, 0.04974365234375, 3.5762786865234375e-07, 4.76837158203125e-07, 1.1920928955078125e-07, 0.315185546875, 7.021427154541016e-05, 0.08917236328125, 2.1338462829589844e-05, 0.00021827220916748047, 0.00470733642578125, 0.145263671875, 0.0004725456237792969, 0.069091796875, 0.01407623291015625, 0.03961181640625, 0.0012540817260742188, 0.0019073486328125, 1.3388671875, 0.002655029296875, 0.197265625, 0.07403564453125, 0.06402587890625, 8.821487426757812e-06, 0.0027370452880859375, 0.00015079975128173828, 0.0298309326171875, 0.20068359375, 0.049713134765625, 0.287109375, 0.039794921875, 0.191650390625, 0.020355224609375, 0.364013671875, 0.00464630126953125, 0.036773681640625, 0.1806640625, 3.068359375, 0.1043701171875, 0.2197265625, 7.18832015991211e-05, 7.152557373046875e-07, 0.003452301025390625, 3.337860107421875e-06, 0.003154754638671875, 1.1920928955078125e-07, 0.02728271484375, 0.00021517276763916016, 0.004474639892578125, 0.024932861328125, -0.0, 0.002490997314453125, 0.0295257568359375, 3.109375, 0.0030155181884765625, 0.000247955322265625, 1.1920928955078125e-07, 0.00786590576171875, 0.822265625, 0.05712890625, 0.0040283203125, 0.01348114013671875, 2.384185791015625e-06, 0.007732391357421875, 0.002422332763671875, 0.0654296875, 0.0010099411010742188, 0.00040030479431152344, 0.01224517822265625, 0.00341796875, 0.06719970703125, 0.04962158203125, 0.007518768310546875, 1.3662109375, 0.453369140625, 0.0277557373046875, 0.18310546875, 0.1292724609375, 0.00977325439453125, 0.0195159912109375, 0.138427734375, 0.0191192626953125, 0.444580078125, 0.88134765625, 0.02471923828125, 0.0095977783203125, 1.3515625, 0.265380859375, 0.07781982421875, 1.7919921875, 1.5546875, 6.1875, 12.1328125, 5.52734375, 2.94921875, 2.0703125, 6.15234375, 6.71875, 1.0986328125, 0.08624267578125, 0.08380126953125, 0.292724609375, 0.1163330078125, 4.65625, 5.8125, 5.99609375, 1.5869140625, 2.314453125, 0.01372528076171875, 1.0341796875, 0.06817626953125, 7.38671875, 3.861328125, 6.796875, 1.1005859375, 2.935546875, 3.564453125, 0.892578125, 1.0546875, 0.12451171875, 2.53515625, 2.234375, 0.546875, 0.1881103515625, 0.057830810546875, 10.25, 0.0015583038330078125, 6.56640625, 0.8125, 2.009765625, 1.8427734375, 0.6982421875, 2.404296875, 2.658203125, 2.2890625, 1.3193359375, 5.40625, 4.10546875, 10.890625, 0.87109375, 0.0849609375, 0.094970703125, 3.392578125, 1.4248046875, 5.3203125, 0.0166778564453125, 3.466796875, 3.923828125, 0.8935546875, 1.67578125, 2.939453125, 3.931640625, 6.7109375, 2.341796875, 4.59765625, 5.75, 1.7060546875, 7.765625, 3.0078125, 5.7734375, 1.734375, 0.12347412109375, 4.26953125, 0.104736328125]",-3.038091810039394
82,1,test,2.1178904756828767,0.9074018665639545,1.14372630088423,4.970813528220399,2.129725557405987,2.6843929061929868,8.313581274707781,4.958457678608581,5.664629050293368,19.51246428593179,11.637791845675434,13.295217594512081,1.1851099771470879,0.4205459843408421,0.638176039198673,2.0610608298210225,0.7313843205927688,1.1098713725194314,3.2710465420517543,1.1229889401685473,1.5430996468807296,5.688776594872617,1.9530242437713872,2.683651559792574,2.1475413567246404,0.9240554725597123,1.30163661221783,4.026640043858701,1.7326040110494607,2.4405686479084316,8.563777218977782,5.164761537821834,6.2336922261826135,16.05708228558334,9.683927883415937,11.688172924092402,0.1959798994974874,-0.014020100502512567,-0.009020100502512562,0.1507537688442211,0.0007537688442210699,-0.0042462311557789345,0.12060301507537685,-0.014396984924623157,-0.014396984924623157,0.3065326633165829,0.09574219907567949,0.12080441307220369,0.2972292191435768,0.1758793969849246,0.00044080049369654706,0.003926141559215113,0.11616161616161613,0.30434782608695654,0.10067503810698997,0.13860811529719008,0.2986577181208053,16.0,0.0,1.0,20.0,0.0,0.0,23.0,-1.0,-2.0,0.0005482362605197831,-0.001231321570124286,0.00026538422538402505,-0.12985440656249114,-0.11685063533842044,-0.1255335592814273,"[11.4765625, 3.29296875, 2.328125, 8.3203125, 1.345703125, 2.548828125, 0.0095977783203125, 4.60546875, 1.00390625, 6.53125, 3.59375, 3.171875, 0.1790771484375, 10.7734375, 0.77685546875, 10.421875, 10.7890625, 3.4375, 0.96337890625, 1.640625, 2.583984375, 0.7626953125, 0.367431640625, 0.005374908447265625, 3.1796875, 0.5810546875, 1.9970703125, 5.34765625, 1.2216796875, 0.11676025390625, 0.8818359375, 0.2364501953125, 0.6005859375, 0.0401611328125, 0.2626953125, 0.05499267578125, 0.064208984375, 0.0025482177734375, 1.4365234375, 0.1666259765625, 4.64453125, 4.8828125, 0.037139892578125, 0.0516357421875, 0.0025501251220703125, 0.0013761520385742188, 0.0029144287109375, 0.0145721435546875, 1.5576171875, 0.15673828125, 0.161865234375, 0.133544921875, 0.0299072265625, 0.0254669189453125, 3.814697265625e-06, 0.2286376953125, 0.1802978515625, 0.01055908203125, 5.984306335449219e-05, 0.81640625, 0.004398345947265625, 0.0207366943359375, 0.599609375, 0.045196533203125, 0.031982421875, 0.71435546875, 0.056121826171875, 0.019012451171875, 0.0153045654296875, 0.003467559814453125, 0.006931304931640625, 1.811981201171875e-05, 4.863739013671875e-05, 0.0010223388671875, 0.018157958984375, 0.013946533203125, 3.4570693969726562e-06, 0.001026153564453125, 7.236003875732422e-05, 5.1975250244140625e-05, 0.70556640625, 0.3173828125, 0.3134765625, 0.050048828125, 0.003284454345703125, 0.05499267578125, 0.0189056396484375, 0.33984375, 0.00351715087890625, 0.0005593299865722656, 0.055023193359375, 0.0009303092956542969, 3.707408905029297e-05, 0.0002999305725097656, 0.025177001953125, 0.3134765625, 0.0003046989440917969, 0.038360595703125, 0.09625244140625, 0.0031452178955078125, 0.1424560546875, 0.00028634071350097656, 0.01335906982421875, 0.00891876220703125, 0.004070281982421875, 0.0106353759765625, 0.0004038810729980469, 0.131591796875, 0.8642578125, 0.234375, 0.031646728515625, 0.423583984375, 0.0275421142578125, 0.037994384765625, 0.44140625, 0.09942626953125, 0.0168304443359375, 0.385986328125, 0.09332275390625, 0.240966796875, 0.2086181640625, 0.0045013427734375, 0.96875, 0.08465576171875, 0.037261962890625, 0.002605438232421875, 0.00012791156768798828, 0.003437042236328125, 1.810546875, 0.1427001953125, 0.05560302734375, 0.1378173828125, 0.0027561187744140625, 0.0010471343994140625, 1.7881393432617188e-06, 0.0140228271484375, 0.093994140625, 0.0005311965942382812, 0.60888671875, 0.004901885986328125, 0.006847381591796875, 0.72802734375, 0.00020194053649902344, 1.6689300537109375e-06, 0.0010890960693359375, 0.01549530029296875, 0.0021839141845703125, 0.71142578125, 0.0113983154296875, 0.515625, 0.0296173095703125, 0.0182342529296875, 0.1278076171875, 0.0125732421875, 0.0007047653198242188, 0.006988525390625, 0.00015103816986083984, 0.01085662841796875, 0.0562744140625, 0.12646484375, 0.18408203125, 0.611328125, 0.7392578125, 0.00176239013671875, 0.4775390625, 1.3359375, 0.0084991455078125, 0.0190887451171875, 0.260986328125, 0.0004112720489501953, 0.00803375244140625, 0.019256591796875, 4.756450653076172e-05, 1.373046875, 0.021026611328125, 0.04144287109375, 6.079673767089844e-05, 3.373046875, 0.0011682510375976562, 0.031219482421875, 0.1358642578125, 0.0251617431640625, 0.0130767822265625, 0.0106658935546875, 0.76318359375, 0.11090087890625, 2.3046875, 6.21484375, 10.7109375, 0.58984375, 9.65625, 8.8203125, 12.2578125, 9.171875, 11.5625, 0.0943603515625, 6.75, 7.6640625, 7.453125, 3.12109375, 6.87890625, 10.25, 0.130859375, 1.5322265625, 5.74609375, 10.171875, 8.4140625, 2.634765625, 8.8671875, 1.765625, 9.0546875, 6.328125, 4.49609375, 0.3427734375, 1.779296875, 8.0625, 6.625, 7.76953125, 3.65234375, 2.57421875, 0.10205078125, 0.0443115234375, 2.974609375, 4.58203125, 4.7734375, 7.19921875, 7.12890625, 4.30078125, 1.0556640625, 0.28857421875, 0.1512451171875, 1.0185546875, 0.1934814453125, 0.1068115234375, 10.703125, 1.6064453125, 7.0234375, 9.5546875, 2.666015625, 0.26220703125, 0.416015625, 7.78125, 1.1025390625, 1.1044921875, 7.9765625, 3.82421875, 5.125, 5.19921875, 3.45703125, 0.75830078125, 5.3359375, 7.84375, 3.490234375, 6.80078125, 9.8046875, 10.703125, 0.0010614395141601562, 0.90283203125, 1.8486328125, 0.395263671875, 0.044219970703125, 4.04296875, 0.66796875, 0.2490234375, 4.67578125, 0.65234375, 3.078125, 0.446533203125, 8.484375, 5.625, 9.40625, 5.18359375, 9.96875, 1.21484375, 1.24609375, 6.15625, 7.94140625, 0.9501953125, 0.096435546875, 0.1893310546875, 10.078125, 0.9326171875, 0.0020427703857421875, 0.07037353515625, 8.265625, 7.640625, 3.796875, 8.203125, 0.033172607421875, 1.8818359375, 4.30078125, 0.2337646484375, 4.13671875, 10.203125, 8.296875, 4.42578125, 6.09375, 0.74658203125, 3.046875, 2.62109375, 4.046875, 5.65625, 7.328125, 0.07330322265625, 3.294921875, 0.4951171875, 0.031524658203125, 0.041473388671875, 8.1953125, 4.171875, 0.666015625, 0.243408203125, 0.034698486328125, 3.447265625, 10.015625, 4.25390625, 0.34765625, 9.453125, 2.4765625, 1.134765625, 3.2109375, 2.28515625, 0.025115966796875, 0.0697021484375, 7.34375, 9.0078125, 4.28125, 3.6953125, 0.06610107421875, 6.7890625, 0.173095703125, 3.138671875, 1.8603515625, 1.69921875, 0.41162109375, 1.4462890625, 1.7275390625, 0.019073486328125, 2.119140625, 0.11865234375, 0.069091796875, 0.0249176025390625, 3.802734375, 1.138671875, 0.1912841796875, 0.1824951171875, 0.0389404296875, 0.051727294921875, 0.2349853515625, 0.01080322265625, 0.01512908935546875, 0.64208984375, 0.0546875, 0.042236328125, 0.0280914306640625, 0.1812744140625, 0.0036296844482421875, 0.01165008544921875, 0.763671875, 0.10809326171875, 0.1474609375, 0.1451416015625, 0.047454833984375, 8.6640625, 10.234375, 6.8828125, 6.92578125, 1.6142578125, 4.25390625, 1.140625, 0.462646484375, 4.171875, 0.0496826171875, 6.56640625, 1.1728515625, 0.03533935546875, 6.03125, 0.779296875, 0.1925048828125, 0.163330078125, 0.035003662109375, 0.01158905029296875, 0.0262603759765625, 0.0038509368896484375, 0.00494384765625, 0.85400390625, 3.09765625, 0.01375579833984375, 3.58203125, 0.32763671875, 0.167724609375, 0.453125, 0.1405029296875, 0.0297698974609375, 0.050689697265625, 0.1514892578125, 0.11944580078125, 0.0035877227783203125]",-2.1562732473090667
28,1,test,0.8869647833868421,0.3359000491741255,0.35379592004558613,2.7536488373120918,1.0428269500503897,1.0983860262853165,2.427749710841678,0.6926502563791934,0.72342517881378,7.537131455227431,2.1503847828765803,2.2459278427225193,1.2818004162467305,0.33911856291172515,0.604497881972981,2.6159192168300622,0.6920786998198474,1.2336691468836347,3.6031210069161954,1.0362648795223448,1.634560567384649,7.353308177379991,2.114826284739479,3.3358378926217327,1.2932983286005997,0.5018479198576982,0.7136387020662937,3.0550354218911804,1.1854675272229092,1.685760713542426,3.644788461783787,1.4381938913396421,1.859357847676054,8.60973652389871,3.397308404739312,4.392183892148159,0.3467336683417085,-0.003266331658291488,-0.013266331658291497,0.2160804020100503,-0.008919597989949679,0.006080402010050334,0.13567839195979903,-0.03432160804020101,-0.019321608040201,0.2257383966244726,0.03817253782573704,0.03805511216699453,0.18816067653276958,0.2814070351758794,0.02326167176735805,0.039336918314443636,0.30808080808080807,0.2642140468227425,0.04718566618835185,0.07956443614421083,0.2751677852348994,14.0,2.0,2.0,18.0,4.0,4.0,23.0,6.0,7.0,0.0012057053830589924,0.0001593702767816892,0.0005450192465022579,-0.10608918623447883,-0.1156969689115459,-0.10717093407825562,"[1.248046875, 3.29296875, 5.30859375, 0.1859130859375, 7.6171875, 0.001129150390625, 3.4765625, 0.1590576171875, 0.0019931793212890625, 0.71044921875, 2.171875, 0.001125335693359375, 0.005588531494140625, 0.3837890625, 0.27490234375, 1.2587890625, 5.1140785217285156e-05, 1.4365234375, 0.05889892578125, 0.98388671875, 0.485107421875, 1.033203125, 1.6357421875, 0.1944580078125, 0.505859375, 0.9619140625, 1.3525390625, 2.083984375, 0.0008692741394042969, 0.72021484375, 0.16259765625, 0.076171875, 0.05462646484375, 0.07244873046875, 0.09130859375, 4.05078125, 0.1944580078125, 1.046875, 0.9541015625, 2.6640625, 0.0082550048828125, 0.293701171875, 1.4765625, 0.26416015625, 0.23095703125, 0.23291015625, 3.2265625, 1.1748046875, 0.260498046875, 0.8662109375, 3.634765625, 0.325439453125, 3.111328125, 0.0029087066650390625, 0.010009765625, 0.37841796875, 0.0843505859375, 0.039276123046875, 0.0928955078125, 4.0859375, 3.111328125, 1.2490234375, 3.09765625, 0.60888671875, 1.4892578125, 0.89990234375, 1.5869140625, 1.4638671875, 0.02850341796875, 0.2435302734375, 0.6669921875, 2.3359375, 0.1815185546875, 0.09417724609375, 1.013671875, 1.00390625, 0.69189453125, 5.203125, 1.3544921875, 2.3828125, 0.5498046875, 0.6572265625, 0.0090484619140625, 1.845703125, 0.986328125, 2.927734375, 0.59619140625, 0.09210205078125, 0.1448974609375, 2.265625, 3.076171875, 0.5751953125, 0.703125, 0.71533203125, 1.0771484375, 3.376953125, 0.045379638671875, 4.0390625, 0.0704345703125, 1.7939453125, 0.2327880859375, 0.08807373046875, 0.76416015625, 0.006717681884765625, 0.0015039443969726562, 0.00026106834411621094, 0.9443359375, 0.70166015625, 0.72412109375, 0.07586669921875, 0.65625, 0.00563812255859375, 0.53173828125, 1.0908203125, 0.103271484375, 7.510185241699219e-06, 0.0521240234375, 0.0003726482391357422, 0.053314208984375, 3.9921875, 0.0215301513671875, 0.036865234375, 0.020172119140625, 0.00164031982421875, 0.734375, 0.475341796875, 0.0191802978515625, 0.10845947265625, 0.01276397705078125, 0.1552734375, 0.36376953125, 1.3134765625, 0.022125244140625, 0.40380859375, 0.0250701904296875, 1.0087890625, 0.3134765625, 1.162109375, 0.04852294921875, 6.556510925292969e-06, 0.0167083740234375, 0.298828125, 0.1451416015625, 0.05767822265625, 1.15625, 0.50439453125, 0.100830078125, 0.78271484375, 0.482421875, 0.0055389404296875, 0.0010862350463867188, 0.00567626953125, 0.020599365234375, 1.3642578125, 0.00576019287109375, 0.172607421875, 0.35595703125, 0.0022144317626953125, 1.3125, 0.712890625, 0.9111328125, 0.1322021484375, 0.09722900390625, 0.8701171875, 0.1861572265625, 3.0546875, 6.556510925292969e-06, 0.038360595703125, 0.1910400390625, 1.5751953125, 4.03515625, 0.0207977294921875, 0.039154052734375, 1.45703125, 0.0535888671875, 3.328125, 9.4296875, 1.1318359375, 7.5, 13.34375, 6.71484375, 5.4765625, 3.53515625, 7.84375, 2.869140625, 4.046875, 8.2578125, 10.3828125, 2.08203125, 8.3046875, 0.0278167724609375, 0.0023059844970703125, 1.1142578125, 0.394287109375, 2.64453125, 0.01210784912109375, 0.48681640625, 0.2451171875, 2.12109375, 0.53125, 0.1328125, 3.892578125, 0.0966796875, 8.0078125, 0.9482421875, 6.62890625, 7.9609375, 0.278564453125, 0.12347412109375, 0.25390625, 0.0186004638671875, 0.51953125, 0.00983428955078125, 2.8203125, 4.390625, 3.546875, 6.55859375, 6.171875, 2.7890625, 10.2265625, 0.86376953125, 0.04156494140625, 0.11773681640625, 0.0073699951171875, 5.328125, 0.0682373046875, 0.13671875, 8.2890625, 2.75, 4.73046875, 5.95703125, 5.12109375, 1.26953125, 2.658203125, 0.408447265625, 0.174072265625, 0.5498046875, 0.6904296875, 0.420166015625, 0.0904541015625, 5.640625, 0.72607421875, 2.482421875, 3.822265625, 4.3828125, 0.1614990234375, 0.1116943359375, 0.0655517578125, 0.00565338134765625, 0.03009033203125, 0.0660400390625, 0.085205078125, 0.0261993408203125, 0.127685546875, 0.08636474609375, 0.01009368896484375, 0.03912353515625, 0.490966796875, 0.032012939453125, 0.05743408203125, 0.27197265625, 0.1351318359375, 0.02850341796875, 0.0477294921875, 0.031005859375, 0.021392822265625, 0.057220458984375, 0.270751953125, 0.356201171875, 0.0154266357421875, 0.0455322265625, 0.08935546875, 0.01160430908203125, 0.0260009765625, 0.274169921875, 0.302734375, 0.02349853515625, 0.02008056640625, 0.0196990966796875, 0.0194244384765625, 0.0546875, 0.200927734375, 0.143798828125, 0.01000213623046875, 0.0211639404296875, 0.0194549560546875, 0.02447509765625, 0.0216522216796875, 0.191650390625, 0.09759521484375, 0.01397705078125, 0.032623291015625, 0.005275726318359375, 0.01947021484375, 0.024261474609375, 0.08026123046875, 0.1156005859375, 0.0087890625, 0.0299072265625, 0.089111328125, 0.010528564453125, 0.0093994140625, 0.07501220703125, 0.1129150390625, 0.0120849609375, 0.03411865234375, 0.019012451171875, 0.0159912109375, 0.0093994140625, 0.10931396484375, 0.127197265625, 0.0099334716796875, 0.01507568359375, 0.03985595703125, 0.010406494140625, 0.0081634521484375, 0.07537841796875, 0.106201171875, 0.0087127685546875, 0.01214599609375, 0.07537841796875, 0.018280029296875, 0.00814056396484375, 0.07391357421875, 0.1583251953125, 0.007778167724609375, 0.028289794921875, 0.01324462890625, 0.005054473876953125, 0.0034198760986328125, 0.0433349609375, 0.1466064453125, 0.00910186767578125, 0.02252197265625, 0.01013946533203125, 0.00855255126953125, 0.0034732818603515625, 0.043487548828125, 0.0726318359375, 0.0056610107421875, 0.01355743408203125, 0.01824951171875, 0.0086517333984375, 0.0034542083740234375, 0.11199951171875, 0.11798095703125, 0.00618743896484375, 0.0166778564453125, 0.01335906982421875, 0.007232666015625, 0.00331878662109375, 0.04351806640625, 0.05938720703125, 0.004199981689453125, 0.009002685546875, 0.0163116455078125, 0.00325775146484375, 0.0030384063720703125, 0.0416259765625, 0.0474853515625, 0.00621795654296875, 0.01971435546875, 0.07708740234375, 0.0034351348876953125, 0.00321197509765625, 0.10760498046875, 0.061737060546875, 0.00821685791015625, 0.025970458984375, 0.05181884765625, 0.004878997802734375, 0.0030155181884765625, 0.041229248046875, 0.0650634765625, 0.00324249267578125, 0.0230255126953125, 0.1029052734375, 0.0008873939514160156, 0.0012454986572265625, 0.0740966796875, 0.11419677734375, 0.007358551025390625, 0.01471710205078125, 0.0145416259765625, 0.005435943603515625, 0.00299835205078125, 0.042694091796875, 0.08734130859375, 0.0030117034912109375, 0.0103912353515625, 0.0311431884765625, 0.0033721923828125, 0.0030765533447265625, 0.04327392578125, 0.0955810546875, 0.00444793701171875, 0.0133056640625, 0.035858154296875, 0.002399444580078125, 0.0013885498046875, 0.040802001953125, 0.06573486328125, 0.005672454833984375, 0.0087432861328125, 0.0413818359375, 0.00269317626953125, 0.0031986236572265625, 0.04241943359375, 0.09149169921875, 0.00469970703125, 0.0128631591796875, 0.03582763671875, 0.0008144378662109375, 0.0013837814331054688, 0.043304443359375, 0.043060302734375, 0.003063201904296875, 0.00899505615234375, 0.06463623046875, 0.001865386962890625, 0.0013799667358398438, 0.040802001953125, 0.07745361328125, 0.00426483154296875, 0.0068359375, 0.03369140625, 0.001087188720703125, 0.001220703125, 0.04339599609375, 0.050018310546875, 0.0024394989013671875, 0.007495880126953125, 0.0247039794921875, 0.0014219284057617188, 0.001430511474609375, 0.027984619140625, 0.035247802734375, 0.003875732421875, 0.011993408203125, 0.0014581680297851562, 0.00078582763671875, 0.0013666152954101562, 0.0164337158203125, 0.110107421875, 0.0028553009033203125, 0.011260986328125, 1.35546875, 0.0005121231079101562, 0.0015916824340820312, 0.042266845703125, 0.043609619140625, 0.00444793701171875, 0.0071868896484375, 0.038116455078125, 0.0012998580932617188, 0.00135040283203125, 0.016510009765625, 0.07147216796875, 0.0035915374755859375, 0.00490570068359375, 0.005382537841796875, 0.0008544921875, 0.0013647079467773438, 0.0168304443359375, 0.07568359375, 0.003787994384765625, 0.005645751953125, 12.125, 6.59765625, 0.88623046875, 0.0099029541015625, 0.042999267578125, 5.23828125, 3.419921875]",-2.0356495526269516
212,1,test,1.0555565993494123,0.31223366453144596,0.35282318170604887,2.984460623160541,0.8828035157883147,0.9975655435141264,2.8735741383591096,0.7706623823888132,0.8543094739003365,8.124688784051054,2.178956140682656,2.415458333944404,0.38232262470015327,0.08222965179175085,0.13833169432758713,0.6649089125220058,0.14300809007261028,0.24057685970015158,1.4656848750053313,0.11570056129581041,0.18935212043093674,2.5490171739223153,0.20121836747097444,0.32930803553206367,0.9041493194159058,0.31433841227172554,0.44672306141255214,1.845202692685522,0.6415069638198481,0.9116797171684737,2.4698299927277407,0.6661826664014474,0.8898277634022924,5.040469372913757,1.3595564620437703,1.8159750273516173,0.11055276381909551,-0.004447236180904479,-0.004447236180904479,0.06030150753768848,-0.014698492462311474,-0.00969849246231147,0.035175879396984966,-0.009824120603015074,-0.009824120603015074,0.19831223628691985,0.02023004450609789,0.021381640001484903,0.2346723044397463,0.13567839195979903,-0.032241407538947886,-0.016241474484274376,0.16161616161616166,0.19732441471571904,0.030379506535418543,0.04604521560559671,0.24832214765100669,11.0,0.0,0.0,12.0,-3.0,-3.0,15.0,-1.0,1.0,-4.553706786122986e-05,-0.0009344505127256823,-0.0004801671787064358,-0.20744809142220433,-0.19388103240076493,-0.2252940020897869,"[2.1875, 2.275390625, 3.275390625, 3.275390625, 0.67626953125, 1.9462890625, 0.72119140625, 0.16748046875, 0.223388671875, 0.2491455078125, 0.120361328125, 0.005611419677734375, 0.06158447265625, 0.0004620552062988281, 0.0001646280288696289, 1.3486328125, 0.0006513595581054688, 0.039703369140625, 0.0212554931640625, 0.01026153564453125, 0.001483917236328125, 0.0015687942504882812, 0.0261383056640625, 0.003131866455078125, 0.0021343231201171875, 0.348388671875, 0.0022182464599609375, 0.001430511474609375, 0.8212890625, 0.0009174346923828125, 0.0184783935546875, 2.3245811462402344e-05, 0.0012311935424804688, 0.0035610198974609375, 0.0015974044799804688, 0.0023517608642578125, 0.0005002021789550781, 0.134765625, 0.009796142578125, 0.007709503173828125, 0.328857421875, 0.787109375, 2.4557113647460938e-05, 0.00543212890625, 0.0016460418701171875, 0.00714111328125, 0.024993896484375, 0.0033473968505859375, 0.0025424957275390625, 0.0003173351287841797, 0.0011339187622070312, 0.0003693103790283203, 0.000705718994140625, 0.00921630859375, 6.973743438720703e-05, 0.007732391357421875, 0.006923675537109375, 0.1787109375, 0.0187530517578125, 0.07525634765625, 0.007564544677734375, 0.16357421875, 0.0117645263671875, 0.006328582763671875, 0.01209259033203125, 0.0013246536254882812, 0.0023193359375, 0.00026488304138183594, 0.0006918907165527344, 3.528594970703125e-05, 0.0012979507446289062, 0.00020003318786621094, 0.00036025047302246094, 6.306171417236328e-05, 0.049652099609375, 2.384185791015625e-06, 2.110004425048828e-05, 2.384185791015625e-05, 0.0032863616943359375, 0.0001310110092163086, 0.01018524169921875, 0.0010557174682617188, 0.00024890899658203125, 0.0011625289916992188, 0.000431060791015625, 0.0004992485046386719, 0.003993988037109375, 0.0007014274597167969, 4.744529724121094e-05, 0.0005488395690917969, 0.0010852813720703125, 0.00084686279296875, 0.0011434555053710938, 0.0006470680236816406, 7.987022399902344e-06, 0.00011241436004638672, 0.0012722015380859375, 0.1500244140625, 0.0008416175842285156, 0.0003695487976074219, 0.00710296630859375, 3.0994415283203125e-06, 0.00015616416931152344, 5.4717063903808594e-05, 1.2516975402832031e-05, 1.633167266845703e-05, 0.008697509765625, 0.0010519027709960938, 0.0007567405700683594, 0.0042724609375, 0.00812530517578125, 0.01898193359375, 0.009674072265625, 0.0032901763916015625, 0.003795623779296875, 0.00057220458984375, 0.00093841552734375, 0.0022258758544921875, 0.00458526611328125, 0.00012826919555664062, 0.00177001953125, 0.0003085136413574219, 0.0003249645233154297, 0.000591278076171875, 0.00028634071350097656, 0.00707244873046875, 0.06939697265625, 0.00010967254638671875, 0.005275726318359375, 0.00025177001953125, 0.00543212890625, 0.01007080078125, 0.3232421875, 0.0274810791015625, 0.0006194114685058594, 0.000545501708984375, 0.1416015625, 0.06561279296875, 0.008758544921875, 0.003841400146484375, 0.0028934478759765625, 3.0546875, 0.007358551025390625, 0.0187835693359375, 4.0531158447265625e-06, 0.01215362548828125, 0.0010519027709960938, 0.322021484375, 0.0002143383026123047, 0.048736572265625, 0.0220489501953125, 8.666515350341797e-05, 4.8160552978515625e-05, 9.85860824584961e-05, 0.01166534423828125, 0.00118255615234375, 0.004955291748046875, 0.1475830078125, 2.1457672119140625e-06, 0.0192413330078125, 0.05023193359375, 0.134765625, 0.0022640228271484375, 0.0145721435546875, 0.01153564453125, 0.320068359375, 0.10357666015625, 0.31689453125, 1.97265625, 1.9443359375, 0.1734619140625, 0.3466796875, 1.369140625, 0.55859375, 0.12841796875, 0.0023975372314453125, 3.087890625, 9.0, 1.7509765625, 1.857421875, 1.7958984375, 0.1376953125, 3.970703125, 0.12890625, 0.0004868507385253906, 0.057891845703125, 0.195068359375, 1.3193359375, 0.0256805419921875, 0.1138916015625, 1.9892578125, 5.09375, 0.3212890625, 0.55126953125, 0.228759765625, 1.2919921875, 3.216796875, 0.489501953125, 9.203125, 2.556640625, 8.6875, 1.3056640625, 0.56298828125, 0.71630859375, 1.392578125, 0.327392578125, 9.7734375, 0.40478515625, 9.8828125, 7.13671875, 8.640625, 8.453125, 1.7705078125, 1.3427734375, 0.0034027099609375, 0.2120361328125, 0.1396484375, 0.46044921875, 0.716796875, 4.40625, 0.0111846923828125, 0.0003452301025390625, 0.0037479400634765625, 0.0246124267578125, 0.13330078125, 0.02099609375, 0.31787109375, 1.490234375, 0.0313720703125, 0.0014963150024414062, 0.00302886962890625, 0.01322174072265625, 1.3193359375, 0.1959228515625, 0.1370849609375, 0.70947265625, 10.09375, 1.7685546875, 6.00390625, 0.775390625, 3.96484375, 0.049285888671875, 0.00750732421875, 0.004932403564453125, 0.0164947509765625, 0.330810546875, 0.00545501708984375, 0.13818359375, 1.482421875, 0.09515380859375, 9.703125, 0.301513671875, 5.203125, 0.79248046875, 2.58984375, 0.0255126953125, 0.00598907470703125, 0.0017156600952148438, 0.01081085205078125, 0.131591796875, 0.00310516357421875, 0.055084228515625, 0.04974365234375, 0.0178375244140625, 7.328125, 0.1551513671875, 1.0029296875, 0.055694580078125, 0.001926422119140625, 0.0011091232299804688, 0.023284912109375, 3.052734375, 0.55810546875, 0.454345703125, 0.7119140625, 7.75390625, 3.892578125, 0.74169921875, 7.8828125, 7.46875, 9.140625, 0.53564453125, 0.010711669921875, 0.005035400390625, 0.01371002197265625, 2.138671875, 0.474365234375, 0.4453125, 0.32275390625, 1.009765625, 7.25390625, 0.395263671875, 11.4375, 1.4736328125, 0.010772705078125, 0.0035305023193359375, 0.025054931640625, 1.32421875, 0.386962890625, 0.1937255859375, 0.1341552734375, 3.515625, 10.0234375, 0.38427734375, 10.5, 0.787109375, 0.01491546630859375, 0.0032501220703125, 0.025665283203125, 0.323486328125, 0.007747650146484375, 0.0214385986328125, 1.4189453125, 0.314453125, 0.1356201171875, 8.15625, 0.2298583984375, 0.0035495758056640625, 0.0013990402221679688, 0.00933074951171875, 0.318603515625, 0.002658843994140625, 0.0080413818359375, 0.46142578125, 0.11767578125, 0.036285400390625, 5.94921875, 0.366943359375, 0.005695343017578125, 0.001651763916015625, 0.00981903076171875, 0.1309814453125, 0.0038585662841796875, 0.00801849365234375, 0.364990234375, 0.08477783203125, 0.02947998046875, 7.09375, 0.1788330078125, 0.0097503662109375, 0.001224517822265625, 0.00879669189453125, 0.1302490234375, 0.005100250244140625, 0.021209716796875, 0.72265625, 0.072509765625, 0.07037353515625, 8.46875, 0.155029296875, 0.01371002197265625, 0.0004742145538330078, 0.022796630859375, 0.051666259765625, 0.0036678314208984375, 0.0212554931640625, 0.599609375, 0.077392578125, 0.03961181640625, 10.328125, 0.1373291015625, 0.37109375, 0.73486328125, 0.00604248046875, 0.0005450248718261719, 0.0099945068359375, 2.130859375, 0.513671875, 0.401611328125, 0.1346435546875, 8.40625, 3.384765625, 0.234619140625, 6.265625, 3.478515625, 11.671875, 0.266357421875, 0.0201416015625, 0.002101898193359375, 0.0242767333984375, 0.1322021484375, 0.005680084228515625, 0.0204315185546875, 1.5771484375, 0.039825439453125, 0.036102294921875, 1.705078125, 0.05859375, 0.75439453125, 0.88671875, 8.3984375, 0.6201171875, 0.0106201171875, 0.0007123947143554688, 0.009674072265625, 0.1319580078125, 0.0015344619750976562, 0.00861358642578125, 0.259033203125, 0.004489898681640625, 0.00846099853515625, 1.380859375, 0.02203369140625, 0.30908203125, 0.154052734375, 7.9453125, 0.40283203125, 0.0035953521728515625, 0.0005230903625488281, 0.0226593017578125, 2.130859375, 0.3486328125, 0.2261962890625, 0.331298828125, 7.546875, 0.560546875, 7.640625, 0.99365234375, 0.00702667236328125, 0.0012655258178710938, 0.012420654296875, 0.053619384765625, 0.0065155029296875, 0.0206756591796875, 0.76806640625, 0.1065673828125, 8.671875, 1.39453125, 0.0228118896484375, 0.0014247894287109375, 0.021820068359375, 0.130126953125, 0.00408935546875, 0.00826263427734375, 0.572265625, 0.019927978515625, 6.13671875, 2.181640625, 3.02734375, 0.0096893310546875, 0.004695892333984375, 0.00133514404296875, 0.023193359375, 2.130859375, 0.4306640625, 0.1937255859375, 0.326171875, 9.6484375, 0.2359619140625, 8.3359375, 1.4013671875, 0.01232147216796875, 0.001232147216796875, 0.01187896728515625, 0.13623046875, 0.00579071044921875, 0.0219879150390625, 1.4775390625, 0.01305389404296875, 5.92578125, 0.358154296875, 0.004970550537109375, 0.0024871826171875, 0.009368896484375, 2.134765625, 0.5185546875, 0.419677734375, 0.058624267578125, 7.9765625, 0.82177734375, 5.22265625, 2.171875, 0.012969970703125, 0.0022563934326171875]",-1.8724197705083758
56,1,test,2.348936276093817,0.9729339539611717,1.056082488829184,10.051754334635703,4.1634561092933025,4.519271911656419,10.474421903694454,6.515378932440997,6.831253340960064,44.8229766149087,27.88112606224751,29.232840873477752,3.448020072438609,1.4876244524558442,2.0893547336978857,8.112988405737903,3.5002928293078686,4.916128785171496,31.438085515643817,24.335949259186556,27.547088843465644,73.97196591916192,57.26105708043896,64.81667963168385,2.950411844413017,1.2936160861751944,1.7876096486253221,8.940641952766718,3.9200487459854374,5.416998935228248,19.11382402908846,13.87133831779692,15.914939399517834,57.92067887602563,42.03435853877855,48.227089089447986,0.6432160804020101,0.00821608040201005,0.02821608040201007,0.5326633165829145,0.002663316582914521,0.002663316582914521,0.4623115577889447,-0.002688442211055242,-0.007688442211055246,0.3396624472573839,0.07938847465464416,0.09332813640694404,0.2473572938689218,0.4371859296482412,0.14896537826979506,0.20179360911401756,0.33333333333333337,0.4013377926421404,0.13255649047185658,0.18554246449975997,0.2919463087248322,25.0,7.0,5.0,35.0,8.0,4.0,43.0,5.0,0.0,0.002072400459950195,0.0014567027742953124,0.0008550013324259538,-0.07095664511664967,-0.06508602574207156,-0.07792544826159631,"[13.2109375, 10.5234375, 6.8671875, 2.9765625, 6.0703125, 4.49609375, 3.521484375, 3.640625, 1.857421875, 8.5625, 10.703125, 0.129638671875, 8.921875, 0.57666015625, 1.568359375, 8.1171875, 0.921875, 4.10546875, 7.421875, 10.40625, 3.375, 12.65625, 1.3525390625, 9.421875, 0.970703125, 0.6904296875, 4.9765625, 7.4765625, 9.1171875, 0.27978515625, 7.33984375, 3.36328125, 1.5478515625, 2.453125, 4.61328125, 6.0234375, 9.6015625, 10.28125, 6.27734375, 2.7109375, 0.232177734375, 7.8046875, 10.7734375, 8.390625, 0.006092071533203125, 0.320068359375, 6.28515625, 4.96875, 9.25, 5.5859375, 5.2890625, 0.68359375, 3.8203125, 3.900390625, 4.00390625, 7.34765625, 7.1953125, 1.4462890625, 5.71875, 1.79296875, 4.046875, 1.6298828125, 0.11297607421875, 0.580078125, 0.51513671875, 0.2298583984375, 0.64208984375, 1.125, 9.53125, 1.4208984375, 7.1171875, 0.351806640625, 5.71484375, 0.097900390625, 0.469970703125, 1.4169921875, 2.705078125, 5.4140625, 6.46484375, 0.52587890625, 0.0704345703125, 0.2271728515625, 0.389404296875, 0.1668701171875, 0.402587890625, 0.385986328125, 6.4453125, 0.52685546875, 4.2890625, 0.87451171875, 1.12109375, 0.2357177734375, 0.0377197265625, 0.223388671875, 0.38134765625, 0.0728759765625, 0.283447265625, 0.41455078125, 6.4296875, 0.55029296875, 3.99609375, 0.31787109375, 3.58984375, 2.189453125, 0.017486572265625, 3.087890625, 7.29296875, 2.2265625, 9.9453125, 7.359375, 9.09375, 5.88671875, 3.17578125, 1.8154296875, 3.080078125, 0.7880859375, 0.3193359375, 2.322265625, 0.06298828125, 1.2109375, 4.10546875, 0.49462890625, 0.046112060546875, 1.9541015625, 0.02044677734375, 7.3984375, 0.7734375, 0.9755859375, 0.030059814453125, 6.1953125, 0.52880859375, 1.8544921875, 0.0282440185546875, 3.69140625, 0.18408203125, 0.041595458984375, 5.05078125, 0.060455322265625, 4.0859375, 0.290771484375, 0.172119140625, 0.172119140625, 10.1484375, 5.9765625, 9.0, 5.109375, 2.572265625, 8.34375, 7.8125, 7.34765625, 4.0703125, 5.5, 0.0472412109375, 4.2578125, 0.2017822265625, 7.3984375, 10.40625, 1.76953125, 0.29150390625, 0.056427001953125, 1.1044921875, 8.1328125, 11.8203125, 2.33984375, 4.4375, 1.8740234375, 0.11553955078125, 4.0078125, 0.52783203125, 7.015625, 3.109375, 0.0697021484375, 5.2578125, 12.234375, 3.560546875, 3.21875, 7.46484375, 4.86328125, 0.80029296875, 1.3583984375, 1.1962890625, 0.1025390625, 2.41796875, 0.03350830078125, 0.6591796875, 0.7421875, 4.3828125, 0.017578125, 0.09161376953125, 7.38671875, 0.15478515625, 2.201171875, 0.5361328125, 0.7333984375, 0.383056640625, 0.077880859375, 3.77734375, 0.7744140625, 2.41796875, 0.20556640625, 12.203125, 6.2265625, 5.35546875, 0.2958984375, 5.00390625, 3.18359375, 2.201171875, 1.41796875, 0.67724609375, 0.142333984375, 3.083984375, 0.5380859375, 0.970703125, 0.044952392578125, 3.67578125, 0.02099609375, 5.375, 0.09490966796875, 0.814453125, 0.6220703125, 2.470703125, 0.380859375, 0.68896484375, 0.0889892578125, 7.21875, 0.0230712890625, 0.1300048828125, 1.1953125, 0.0308380126953125, 0.0665283203125, 0.3388671875, 0.1639404296875, 7.6171875, 0.0806884765625, 1.669921875, 10.8046875, 2.111328125, 0.58935546875, 0.6767578125, 0.05596923828125, 5.27734375, 9.5078125, 1.8095703125, 0.231689453125, 1.552734375, 0.035064697265625, 0.02545166015625, 4.453125, 0.61767578125, 0.0616455078125, 2.935546875, 1.2080078125, 3.099609375, 0.380859375, 0.978515625, 7.21484375, 0.5380859375, 1.53125, 6.1640625, 0.59228515625, 0.029571533203125, 2.6796875, 0.0721435546875, 1.109375, 6.1796875, 0.2369384765625, 1.2919921875, 0.65380859375, 2.3359375, 2.779296875, 0.2366943359375, 0.10107421875, 2.919921875, 0.0022945404052734375, 0.006103515625, 0.134521484375, 0.03717041015625, 0.03192138671875, 0.1689453125, 0.1473388671875, 0.216796875, 0.01971435546875, 0.263671875, 6.921875, 1.3251953125, 1.05078125, 0.31396484375, 0.525390625, 0.0160675048828125, 5.11328125, 0.086669921875, 0.7421875, 0.0128326416015625, 0.2154541015625, 2.171875, 0.341064453125, 8.5546875, 2.4453125, 0.0261383056640625, 0.0770263671875, 2.341796875, 5.35546875, 12.9296875, 1.6865234375, 0.169677734375, 0.22021484375, 0.1300048828125, 1.9169921875, 0.0011396408081054688, 0.0026607513427734375, 0.08612060546875, 0.024993896484375, 0.018280029296875, 0.0458984375, 0.053497314453125, 9.1015625, 5.36328125, 4.76171875, 6.8125, 0.2208251953125, 0.09735107421875, 0.2138671875, 0.02508544921875, 0.78173828125, 1.849609375, 0.2274169921875, 11.1640625, 0.298828125, 3.0078125, 0.373779296875, 0.0292205810546875, 2.4921875, 0.42431640625, 0.408203125, 0.09576416015625, 0.0369873046875, 2.779296875, 0.0107879638671875, 0.08282470703125, 1.115234375, 0.0174560546875, 0.0004374980926513672, 2.18359375, 4.8515625, 7.0, 8.5546875, 3.474609375, 3.384765625, 3.185546875, 0.10711669921875, 0.057647705078125, 1.3408203125, 0.0014429092407226562, 0.002292633056640625, 0.0845947265625, 0.0321044921875, 0.023468017578125, 0.0204010009765625, 0.10089111328125, 1.25, 0.05474853515625, 0.423583984375, 6.34375, 0.018035888671875, 0.218505859375, 0.09197998046875, 0.169921875, 0.0184326171875, 1.2666015625, 0.110595703125, 5.2265625, 2.4375, 0.362060546875, 0.005069732666015625, 2.830078125, 0.09124755859375, 5.26953125, 1.9287109375, 0.3349609375, 0.0771484375, 0.107177734375, 0.0287933349609375, 0.70849609375, 0.0003426074981689453, 0.0021762847900390625, 0.072509765625, 0.01068115234375, 0.0123748779296875, 0.0204010009765625, 0.032684326171875, 9.15625, 2.73046875, 0.05841064453125, 0.3505859375, 0.09930419921875, 0.0648193359375, 0.00926971435546875, 1.265625, 0.06475830078125, 0.8984375, 0.287109375, 0.35009765625, 0.0026092529296875, 4.72265625, 0.0447998046875, 0.76904296875, 2.177734375, 1.4287109375, 0.336669921875, 0.050994873046875, 0.051513671875, 0.039794921875, 1.59375, 0.0006427764892578125, 0.002410888671875, 0.07025146484375, 0.010101318359375, 0.01119232177734375, 0.00876617431640625, 0.01425933837890625, 7.55859375, 2.041015625, 0.01351165771484375, 0.062164306640625, 0.0198822021484375, 0.06231689453125, 0.00884246826171875, 0.478759765625, 0.0438232421875, 1.7626953125, 0.09954833984375, 0.157958984375, 0.000720977783203125, 3.69140625, 0.0274200439453125, 2.1796875, 0.64208984375, 0.1405029296875, 0.0244598388671875, 0.056854248046875, 0.0151214599609375, 1.1982421875, 0.0004949569702148438, 0.0024471282958984375, 0.0245361328125, 0.00513458251953125, 0.0028095245361328125, 0.0033893585205078125, 0.0292510986328125, 3.49609375, 8.21875, 5.65625, 3.966796875, 0.043731689453125, 0.0631103515625, 0.0185089111328125, 0.041839599609375, 0.0034046173095703125, 0.421142578125, 0.122314453125, 4.58203125, 0.152587890625, 0.00392913818359375, 3.3046875, 0.0175628662109375, 6.08984375, 0.71240234375, 0.77783203125, 0.443603515625, 0.004833221435546875, 3.126953125, 0.0159149169921875, 0.34130859375, 0.4482421875]",-1.1380382016741275
49,1,test,1.116480357059534,0.4625835734502405,0.647550932279562,2.182498325099428,0.9042594147671366,1.2658340258120249,3.0540859721135503,1.1310661324151097,1.4558037764570397,5.97013416017677,2.2110106317267113,2.845808512170258,0.2305429185455169,0.01835176824353818,0.05963964341711889,0.40446126060617005,0.03219608463778628,0.10463095336336647,1.2592835127426438,0.022899315037721912,0.0729075213362409,2.2092693206011296,0.04017423690828403,0.12790793216884344,0.9413292922303829,0.3751380149891138,0.5427450085989595,1.7219438272507004,0.6862280761995985,0.992826235241999,2.5633866445075073,0.8018416227363832,1.0736724532180415,4.689121910684465,1.466783456225091,1.9640349753988566,0.0653266331658291,-0.00967336683417086,-0.00967336683417086,0.045226130653266305,-0.009773869346733743,-0.004773869346733739,0.035175879396984966,0.00017587939698493482,-0.00482412060301507,0.21449275362318843,0.05675035130770367,0.08839304687832039,0.24709302325581395,0.09045226130653261,0.015264291381720585,0.01699650170720035,0.08080808080808077,0.19732441471571904,0.05542124276246363,0.08497736243540754,0.22483221476510062,13.0,4.0,4.0,15.0,4.0,4.0,15.0,3.0,3.0,-0.001601585040724637,-0.0005393795951165235,-0.0009267549177291056,-0.09489293544362454,-0.1185515506860928,-0.10356328580242913,"[1.369140625, 2.291015625, 4.27734375, 0.402099609375, 0.020477294921875, 0.114013671875, 0.00624847412109375, 0.0098876953125, 0.003322601318359375, 0.001163482666015625, 0.0203094482421875, 0.026336669921875, 0.002346038818359375, 0.0027141571044921875, 1.373046875, 0.0256195068359375, 0.069091796875, 1.3470649719238281e-05, 0.0027141571044921875, 0.0002429485321044922, 0.0011510848999023438, 0.0007967948913574219, 0.05230712890625, 0.0028133392333984375, 0.0019130706787109375, 0.00047326087951660156, 0.00012481212615966797, 0.00033092498779296875, 8.702278137207031e-06, 0.057220458984375, -0.0, 0.0208587646484375, 1.52587890625e-05, 6.759166717529297e-05, 0.004177093505859375, 4.9233436584472656e-05, 0.000396728515625, 0.0007624626159667969, 0.0027256011962890625, 0.00012600421905517578, 0.04901123046875, 0.0001239776611328125, 0.012603759765625, 0.00350189208984375, 6.890296936035156e-05, 1.5020370483398438e-05, 3.933906555175781e-06, 0.00012135505676269531, 6.377696990966797e-05, 0.048614501953125, 0.00019943714141845703, 0.0023860931396484375, 0.0027065277099609375, 0.0014286041259765625, 0.002948760986328125, 9.310245513916016e-05, 0.0013027191162109375, 1.1920928955078125e-07, 4.8041343688964844e-05, 0.0003590583801269531, 2.384185791015625e-06, 8.249282836914062e-05, 6.794929504394531e-06, 0.0007734298706054688, 1.1920928955078125e-07, 0.006809234619140625, 0.0026721954345703125, 8.344650268554688e-07, 8.344650268554688e-07, -0.0, 1.609325408935547e-05, 5.7220458984375e-06, 7.748603820800781e-06, 5.745887756347656e-05, 0.00019633769989013672, 0.0182647705078125, 0.0028972625732421875, 3.6954879760742188e-06, 0.00047898292541503906, 9.775161743164062e-06, 1.1920928955078125e-06, 0.0001475811004638672, 0.0022830963134765625, 0.00040459632873535156, 8.344650268554688e-07, 1.430511474609375e-05, 0.00011789798736572266, 3.8623809814453125e-05, 0.0011663436889648438, 3.2186508178710938e-06, 1.3232231140136719e-05, 0.0211639404296875, 0.00013267993927001953, 0.0274658203125, 0.0009207725524902344, 1.1064453125, 0.00258636474609375, 1.6689300537109375e-06, 0.0003769397735595703, 5.2809715270996094e-05, 2.384185791015625e-07, 5.364418029785156e-06, 2.7418136596679688e-06, 6.318092346191406e-06, 3.6597251892089844e-05, 9.632110595703125e-05, 0.00022530555725097656, 0.00014913082122802734, 0.0001251697540283203, 5.960464477539062e-07, 0.00025844573974609375, 0.005859375, 0.0012502670288085938, 0.0086822509765625, 3.1828880310058594e-05, 0.014068603515625, 4.935264587402344e-05, 2.1219253540039062e-05, 8.20159912109375e-05, 5.3882598876953125e-05, 1.5735626220703125e-05, 2.562999725341797e-05, 8.559226989746094e-05, 4.851818084716797e-05, 7.987022399902344e-06, 0.0002028942108154297, 0.0199432373046875, 0.0009794235229492188, 3.5762786865234375e-07, 0.00047016143798828125, 2.4437904357910156e-05, 4.0531158447265625e-06, 5.960464477539062e-07, 2.956390380859375e-05, 4.76837158203125e-07, 0.0001361370086669922, 0.0014514923095703125, 0.0023021697998046875, 2.658367156982422e-05, 0.00014448165893554688, 0.0007162094116210938, 4.5418739318847656e-05, 0.00012814998626708984, 0.0026073455810546875, -0.0, 0.0013523101806640625, 1.4662742614746094e-05, 0.00013399124145507812, 0.0001308917999267578, 0.00010538101196289062, 0.00022280216217041016, 0.00010645389556884766, 0.0004169940948486328, 5.3048133850097656e-05, 9.500980377197266e-05, 0.0005345344543457031, 0.006927490234375, 0.000762939453125, 0.0026836395263671875, 0.0009794235229492188, 0.00263214111328125, 0.0004363059997558594, 3.695487976074219e-05, 9.775161743164062e-06, 3.0994415283203125e-06, 6.16312026977539e-05, 7.987022399902344e-06, 2.6345252990722656e-05, 6.67572021484375e-06, 5.125999450683594e-05, 0.00249481201171875, 8.344650268554688e-07, 9.09566879272461e-05, 0.001361846923828125, 0.00024116039276123047, 3.695487976074219e-05, 0.0007815361022949219, 0.01922607421875, 0.00958251953125, 0.004665374755859375, 0.75048828125, 0.190673828125, 0.0009021759033203125, 0.375732421875, 0.0011577606201171875, 4.91796875, 5.85546875, 4.7578125, 0.05035400390625, 5.3515625, 2.25390625, 0.011077880859375, 0.025360107421875, 3.078125, 0.024658203125, 0.0104522705078125, 3.529296875, 1.876953125, 1.0185546875, 4.32421875, 0.0230560302734375, 3.771484375, 5.27734375, 8.875, 4.6640625, 2.359375, 0.1295166015625, 4.546875, 1.4541015625, 8.140625, 9.2890625, 7.45703125, 1.3193359375, 0.2445068359375, 0.6953125, 0.0021305084228515625, 0.151611328125, 3.404296875, 0.0181121826171875, 2.328125, 5.0546875, 6.17578125, 4.48046875, 2.744140625, 1.123046875, 0.329345703125, 0.2462158203125, 0.91552734375, 0.137939453125, 0.00344085693359375, 0.0014352798461914062, 7.328125, 5.6171875, 9.1953125, 8.2265625, 3.83203125, 0.982421875, 0.1727294921875, 0.00576019287109375, 0.3134765625, 0.01334381103515625, 0.0002532005310058594, 2.654296875, 0.09881591796875, 0.0745849609375, 0.0094757080078125, 0.0094451904296875, 0.06658935546875, 4.26953125, 0.71826171875, 0.0270233154296875, 6.36328125, 0.00627899169921875, 3.65234375, 0.30322265625, 0.18115234375, 0.002887725830078125, 0.427001953125, 4.25390625, 6.19140625, 0.771484375, 5.90234375, 0.004596710205078125, 3.48828125, 1.4228515625, 0.478271484375, 0.01149749755859375, 0.0005602836608886719, 0.0013914108276367188, 0.322021484375, 0.0010223388671875, 0.1651611328125, 0.01015472412109375, 0.0005335807800292969, 0.0009374618530273438, 12.015625, 2.236328125, 7.0546875, 10.25, 9.0234375, 0.91552734375, 0.06671142578125, 0.0018215179443359375, 0.313720703125, 0.0012369155883789062, 0.00018286705017089844, 0.92578125, 1.48046875, 0.74560546875, 0.6630859375, 3.953125, 2.84765625, 1.203125, 0.1641845703125, 4.2109375, 5.984375, 0.2030029296875, 4.71875, 0.33740234375, 0.87744140625, 7.38671875, 4.44140625, 0.69677734375, 4.58203125, 0.4765625, 0.0183563232421875, 0.64599609375, 10.6875, 3.41015625, 0.74072265625, 0.53076171875, 0.69873046875, 0.0012540817260742188, 0.06903076171875, 0.00450897216796875, 0.0004031658172607422, 0.00034427642822265625, 7.46875, 1.2314453125, 6.8046875, 7.078125, 5.3046875, 5.12109375, 0.53857421875, 0.17333984375, 0.0003540515899658203, 0.04876708984375, 0.0004115104675292969, 0.0004093647003173828, 0.104248046875, 0.035369873046875, 0.1771240234375, 0.15869140625, 2.248046875, 0.00493621826171875, 0.0301361083984375, 0.005977630615234375, 7.55078125, 0.4345703125, 6.53125, 6.68359375, 2.91015625, 0.39892578125, 5.86328125, 0.74560546875]",-2.7823553019675655
144,1,test,0.6855456287833466,0.24332221518048203,0.36387322544870754,1.2083607295221614,0.42888612675751636,0.6413725034424189,1.9848545338990553,0.42869116423388043,0.6054217295567557,3.4985567289432846,0.7556223046344663,1.0671322404813521,0.5549923732652137,0.11621646339203523,0.19602958227131778,0.8740037374255333,0.18301805258588222,0.30870800357687833,1.7419276995028328,0.19111997175639273,0.31008417639677877,2.7431932275635162,0.3009763334746345,0.48832153763272235,0.5308607059178942,0.17027158736477083,0.2687627063483228,0.8562269450288617,0.27463159252382385,0.4334882360456819,1.7003952191882605,0.26622115490208187,0.4007413174765986,2.7425729341746137,0.42938895951948686,0.6463569636719333,0.11055276381909551,-0.004447236180904479,-0.009447236180904484,0.09045226130653261,-0.0045477386934673625,-0.0045477386934673625,0.07035175879396982,-0.004648241206030135,-0.004648241206030135,0.1724137931034483,0.03898481175481128,0.052179188997876436,0.13832853025936598,0.16080402010050254,0.0405032682208033,0.0556287279469132,0.07070707070707072,0.14715719063545152,0.026956856745635194,0.03369779130285977,0.09060402684563762,16.0,7.0,7.0,19.0,10.0,10.0,21.0,10.0,10.0,0.0010641727108484226,-0.00030184618181442765,0.0002518155183410254,-0.07271765902547189,-0.07933374841697383,-0.07180291717391651,"[6.19140625, 4.203125, 4.515625, 5.65625, 0.744140625, 4.42578125, 5.18359375, 0.279541015625, 0.496337890625, 5.79296875, 0.33056640625, 0.49365234375, 0.8193359375, 0.013519287109375, 0.0014801025390625, 0.00771331787109375, 0.0229034423828125, 0.00467681884765625, 0.0002275705337524414, 0.00014221668243408203, 0.005672454833984375, 0.0080413818359375, 1.013671875, 0.1842041015625, 4.69921875, 1.388671875, 6.67578125, 8.3359375, 1.3828125, 2.822265625, 2.869140625, 0.090087890625, 0.056915283203125, 0.050872802734375, 0.0002703666687011719, 2.73828125, 1.3251953125, 2.23828125, 7.078125, 6.69921875, 6.28125, 1.505859375, 0.4765625, 0.99755859375, 7.49609375, 0.64794921875, 0.62939453125, 0.00811767578125, 0.00347900390625, 0.0157623291015625, 0.595703125, 0.0007410049438476562, 0.00010323524475097656, 0.15283203125, 0.12017822265625, 0.302490234375, 0.334228515625, 0.06951904296875, 0.0085906982421875, 0.0007562637329101562, 0.0239715576171875, 0.02294921875, 0.00092315673828125, 0.0016450881958007812, 0.0070343017578125, 0.01403045654296875, 0.0311431884765625, 0.0019779205322265625, 0.0308837890625, 0.1591796875, 0.1619873046875, 0.703125, 0.01233673095703125, 0.03228759765625, 0.0276336669921875, 0.027069091796875, 0.0261077880859375, 0.003231048583984375, 0.0023136138916015625, 0.0012979507446289062, 0.00048732757568359375, 0.01068878173828125, 0.00015723705291748047, 0.00035381317138671875, 0.05322265625, 0.00690460205078125, 0.3134765625, 0.0001461505889892578, 0.0033721923828125, 0.0025577545166015625, 0.00011980533599853516, 0.012725830078125, 0.0001513957977294922, 0.00032258033752441406, 0.0001329183578491211, 0.0006060600280761719, 0.0233917236328125, 0.0029087066650390625, 0.04986572265625, 0.00016176700592041016, 0.0200347900390625, 4.8160552978515625e-05, 0.0008320808410644531, 0.00013208389282226562, 0.005489349365234375, 0.0013141632080078125, 0.0011243820190429688, 0.0001304149627685547, 2.777576446533203e-05, 0.0006508827209472656, 0.0101776123046875, 0.003620147705078125, 0.00035953521728515625, 0.00772857666015625, 0.0068206787109375, 0.005420684814453125, 0.00015091896057128906, -0.0, 0.00200653076171875, 0.00689697265625, 0.0005488395690917969, 2.086162567138672e-05, 2.2649765014648438e-06, 0.00103759765625, 3.135204315185547e-05, 7.867813110351562e-06, 0.0037784576416015625, 0.00034332275390625, 0.00044035911560058594, 1.9073486328125e-05, 0.00026988983154296875, 5.6862831115722656e-05, 0.0001220703125, 0.0015592575073242188, 0.0072174072265625, 0.00279998779296875, 0.006946563720703125, 0.0157470703125, 0.00917816162109375, 0.0033206939697265625, 0.0172119140625, 2.86102294921875e-06, 0.0012769699096679688, 0.0021228790283203125, 1.1920928955078125e-07, 0.0016565322875976562, 0.026885986328125, 0.00362396240234375, 0.0032196044921875, 0.061676025390625, 0.004001617431640625, 0.0280303955078125, 0.0406494140625, 0.0005588531494140625, 0.0029430389404296875, 0.005802154541015625, 0.0009899139404296875, 0.0002961158752441406, 0.0011529922485351562, 0.006977081298828125, 0.001617431640625, 0.019073486328125, 0.007358551025390625, 0.1273193359375, 0.01526641845703125, 9.334087371826172e-05, 0.01030731201171875, 0.00281524658203125, 0.00019490718841552734, 0.0004756450653076172, 0.00018835067749023438, 0.0009322166442871094, 0.00875091552734375, 0.0068206787109375, 0.00019419193267822266, 0.095947265625, 0.01351165771484375, 0.0008730888366699219, 7.62939453125e-05, 0.0031452178955078125, 5.960464477539062e-07, 0.0005655288696289062, 0.12939453125, 0.0008473396301269531, 0.00019216537475585938, 0.0031528472900390625, 0.00023365020751953125, 0.0010051727294921875, 0.0013856887817382812, 0.0031566619873046875, 0.0016012191772460938, 0.006847381591796875, 0.00270843505859375, 8.58306884765625e-06, 0.0008215904235839844, 0.0036411285400390625, 0.00606536865234375, 0.0001900196075439453, 0.00014150142669677734, 0.0007543563842773438, 0.0012826919555664062, 8.58306884765625e-06, 0.0032176971435546875, 0.0024166107177734375, 0.00676727294921875, 0.0011339187622070312, 0.0004916191101074219, 0.002277374267578125, 1.2040138244628906e-05, 0.00021767616271972656, 0.0019969940185546875, 0.00019729137420654297, 0.00038433074951171875, 0.0031681060791015625, 0.01513671875, 0.00933074951171875, 0.00015401840209960938, 4.291534423828125e-06, 4.76837158203125e-07, 0.0037136077880859375, 4.08203125, 0.0003097057342529297, 0.01071929931640625, 1.430511474609375e-06, 0.0033397674560546875, 1.4287109375, 0.0004489421844482422, 0.09393310546875, 0.048583984375, 0.002048492431640625, 0.0031757354736328125, 0.00012576580047607422, 0.0032024383544921875, 0.0005121231079101562, 2.0265579223632812e-05, 0.0005402565002441406, 0.00013208389282226562, 0.0001035928726196289, 0.0005917549133300781, 0.00014662742614746094, 0.00019729137420654297, 0.0004024505615234375, 0.0009765625, 0.0046844482421875, 0.0009107589721679688, 4.76837158203125e-06, 0.0015430450439453125, 0.00019037723541259766, 3.516674041748047e-05, 0.00021016597747802734, 0.002330780029296875, 0.00017642974853515625, 0.00041222572326660156, 0.004459381103515625, 0.01026153564453125, 0.0008172988891601562, 3.612041473388672e-05, 0.00707244873046875, 0.0004162788391113281, 0.0003707408905029297, 0.0141143798828125, 0.0015048980712890625, 0.00693511962890625, 0.00018799304962158203, 2.6106834411621094e-05, 0.0003428459167480469, 0.0010728836059570312, 0.0003628730773925781, 0.0004329681396484375, 0.0008230209350585938, 0.00025653839111328125, 0.00011742115020751953, 0.0006651878356933594, 0.00012314319610595703, 0.007381439208984375, 0.00012612342834472656, 0.00745391845703125, 0.1307373046875, 0.0704345703125, 0.0002313852310180664, 0.02691650390625, 0.054443359375, 0.4140625, 0.06396484375, 0.234619140625, 2.7734375, 0.2490234375, 0.287109375, 2.685546875, 0.93603515625, 5.015625, 9.8203125, 2.572265625, 3.1953125, 3.7734375, 2.806640625, 0.9150390625, 2.703125, 0.2291259765625, 0.1300048828125, 0.8505859375, 3.14453125, 2.13671875, 0.09625244140625, 0.004657745361328125, 0.0004417896270751953, 0.40966796875, 0.01593017578125, 0.07080078125, 0.0244140625, 0.0037937164306640625, 0.0018606185913085938, 0.0004911422729492188, 0.0157928466796875, 0.02130126953125, 0.0002589225769042969, 6.663799285888672e-05, 0.140625, 0.05194091796875, 0.32177734375, 1.0439453125, 1.1796875, 1.671875, 6.40234375, 0.013458251953125, 11.859375, 4.31640625, 3.138671875, 6.96484375, 3.994140625, 9.6015625, 10.0546875, 1.8779296875, 0.163818359375, 1.3232421875, 0.01067352294921875, 0.56494140625, 0.6513671875, 0.7666015625, 0.3251953125, 1.603515625, 0.07244873046875, 0.017242431640625, 0.7197265625, 0.0379638671875, 0.3232421875, 6.45703125, 0.127685546875]",-2.547650391342996
201,1,test,1.629664655654661,0.7153865685343814,0.9980649361978644,3.0456027990923173,1.3369519477527785,1.8652361102714188,5.102163449958703,2.6071900018150096,3.2215468167379893,9.535190709758888,4.872453446014936,6.020595690297226,0.687859267445665,0.2546699428778749,0.3840664994353519,1.2067706446415176,0.44678937346995606,0.673800876202372,1.9894520865747112,0.4472839231899197,0.6344638564890233,3.4902668185521253,0.784708637175298,1.113094485068462,1.4985499242476397,0.6251193406153887,0.9005861234301437,2.724636225904799,1.1365806193007064,1.6374293153275337,4.475194991278774,2.0800815787109483,2.6567826129126955,8.136718165961407,3.781966506747179,4.830513841659446,0.12562814070351758,-0.004371859296482428,-0.009371859296482432,0.10552763819095479,-0.009472361809045204,-0.0044723618090452,0.07035175879396982,-0.004648241206030135,-0.004648241206030135,0.2697947214076246,0.08385035830367149,0.12121212121212122,0.26764705882352946,0.1507537688442211,0.037971813957003,0.04057012944522276,0.09090909090909094,0.26086956521739135,0.08557741162807586,0.1251632248391934,0.2516778523489933,14.0,0.0,0.0,16.0,0.0,0.0,19.0,0.0,0.0,-0.001322703235725212,-0.000162336879768958,-0.0005391624907556513,-0.06428774704511353,-0.06903919638173495,-0.06721577673561319,"[1.369140625, 2.291015625, 2.27734375, 0.214111328125, 1.328125, 0.001598358154296875, 3.791015625, 9.9296875, 8.28125, 2.79296875, 0.16455078125, 14.78125, 7.1953125, 5.65625, 14.25, 2.263671875, 10.0546875, 7.03515625, 0.82275390625, 5.1640625, 1.4423828125, 3.6875, 0.3427734375, 0.1474609375, 0.38623046875, 0.056304931640625, 0.99169921875, 2.640625, 0.04541015625, 0.445068359375, 0.0017309188842773438, 6.15234375, 4.52734375, 0.9541015625, 0.1990966796875, 0.0511474609375, 0.1644287109375, 0.01035308837890625, 0.1983642578125, 0.01218414306640625, 0.352294921875, 0.005573272705078125, 0.00011920928955078125, 1.314453125, 0.0038547515869140625, 0.00958251953125, 0.0029277801513671875, 0.0008044242858886719, 0.003021240234375, 5.7578086853027344e-05, 0.0001430511474609375, 0.71826171875, 0.74658203125, 0.00010192394256591797, 0.1558837890625, 0.0008339881896972656, 0.00098419189453125, 0.0028133392333984375, 0.0243988037109375, 0.026275634765625, 0.005184173583984375, 0.1357421875, 0.0036258697509765625, 0.0002009868621826172, 0.1668701171875, 0.007740020751953125, 0.128173828125, 0.0026397705078125, 3.6954879760742188e-06, 0.0036773681640625, 0.0016241073608398438, 0.0008974075317382812, 0.00044608116149902344, 0.13623046875, 0.0113525390625, 0.000980377197265625, 0.31396484375, 0.06317138671875, 0.0232086181640625, 0.0609130859375, 0.0164337158203125, 0.049163818359375, 0.019927978515625, 1.7762184143066406e-05, 0.005771636962890625, 0.00013327598571777344, 0.0004086494445800781, 0.00014519691467285156, 0.001087188720703125, 0.0007252693176269531, 0.00029778480529785156, 0.0006241798400878906, 0.0034027099609375, 0.0196990966796875, 0.0185699462890625, 0.0102081298828125, 0.0027599334716796875, 0.169677734375, 0.0060882568359375, 0.27294921875, 0.00472259521484375, 0.0012521743774414062, 0.0002014636993408203, 3.0159950256347656e-05, 0.0008192062377929688, 4.112720489501953e-05, 0.0015649795532226562, 0.00024008750915527344, 0.00296783447265625, 1.3828277587890625e-05, 0.1282958984375, 1.6689300537109375e-06, 0.00016689300537109375, 2.09808349609375e-05, 0.0019245147705078125, 0.00013840198516845703, 0.0028171539306640625, 0.0011968612670898438, 0.00022208690643310547, 0.0010042190551757812, 0.0004875659942626953, 0.000274658203125, 0.010650634765625, 0.00046825408935546875, 0.0001341104507446289, 0.0010271072387695312, 0.0010843276977539062, 0.00020825862884521484, 0.00067901611328125, 0.0006308555603027344, 2.7418136596679688e-06, 0.00030684471130371094, 0.00041031837463378906, 0.363037109375, 0.002910614013671875, 0.0010099411010742188, 0.0186767578125, 4.76837158203125e-06, 4.9114227294921875e-05, 9.942054748535156e-05, 0.00016379356384277344, 7.987022399902344e-06, 0.016204833984375, 0.00130462646484375, 0.001354217529296875, 0.009490966796875, 0.004840850830078125, 0.019073486328125, 0.00864410400390625, 0.002582550048828125, 0.021636962890625, 0.0005726814270019531, 4.76837158203125e-05, 0.0011262893676757812, 0.01041412353515625, 0.00011897087097167969, 0.0033416748046875, 0.0014705657958984375, 0.00020372867584228516, 0.0005393028259277344, 0.00025343894958496094, 0.007045745849609375, 4.03515625, 0.052490234375, 0.0001430511474609375, 0.0008344650268554688, 2.18359375, 0.0034999847412109375, 0.1611328125, 0.73046875, 0.0018434524536132812, 0.0016498565673828125, 0.1392822265625, 0.1617431640625, 0.048431396484375, 0.007625579833984375, 0.0009775161743164062, 0.003658294677734375, 0.0031833648681640625, 0.0009331703186035156, 0.0027675628662109375, 0.007610321044921875, 2.3365020751953125e-05, 0.0533447265625, 2.8848648071289062e-05, 0.0506591796875, 0.00730133056640625, 0.00012695789337158203, 4.875659942626953e-05, 0.0001232624053955078, 0.0244598388671875, 0.0014638900756835938, 0.00353240966796875, 0.1346435546875, 7.152557373046875e-07, 0.007717132568359375, 0.0189056396484375, 2.140625, 1.31640625, 0.00714111328125, 0.70361328125, 0.0227813720703125, 0.171875, 2.951171875, 9.953125, 1.7451171875, 3.537109375, 3.052734375, 3.45703125, 0.1943359375, 9.6953125, 2.216796875, 1.86328125, 4.40625, 3.546875, 5.50390625, 3.30859375, 6.015625, 0.121337890625, 0.404052734375, 6.41015625, 2.83203125, 1.5625, 12.2734375, 9.90625, 0.77197265625, 8.4296875, 3.857421875, 5.15625, 7.50390625, 6.57421875, 0.227783203125, 0.8818359375, 0.1683349609375, 3.11328125, 7.42578125, 0.3232421875, 6.49609375, 6.4375, 0.12469482421875, 6.43359375, 5.6171875, 7.26953125, 4.14453125, 11.6640625, 1.232421875, 5.546875, 3.2578125, 6.76953125, 3.064453125, 10.1015625, 4.20703125, 0.73583984375, 0.006488800048828125, 3.416015625, 3.333984375, 0.176025390625, 11.2421875, 9.7421875, 2.84375, 5.7109375, 7.2890625, 5.2265625, 3.48828125, 3.033203125, 1.17578125, 2.875, 0.383544921875, 0.0062103271484375, 7.51953125, 0.0187835693359375, 3.802734375, 0.26806640625, 4.5078125, 0.71875, 1.0166015625, 1.1962890625, 0.0251007080078125, 0.12310791015625, 1.0283203125, 1.48828125, 1.494140625, 6.08984375, 1.5224609375, 0.1112060546875, 4.15625, 0.74365234375, 0.16259765625, 1.76171875, 0.38671875, 0.02685546875, 0.0166473388671875, 0.0074920654296875, 0.33056640625, 5.6862831115722656e-05, 8.7738037109375e-05, 0.0008249282836914062, 0.00033545494079589844, 2.1338462829589844e-05, 0.002567291259765625, 0.055511474609375, 0.05517578125, 0.408203125, 0.2626953125, 0.7197265625, 6.5390625, 4.43359375, 1.884765625, 0.0386962890625, 0.023345947265625, 0.037078857421875, 1.32421875, 5.0625, 10.0625, 1.146484375, 2.576171875, 0.2359619140625, 8.953125, 4.5625, 1.474609375, 2.484375, 3.33203125, 1.322265625, 6.80859375, 4.96484375, 0.292236328125, 0.64306640625, 3.537109375, 3.28125, 5.4453125, 1.443359375, 0.0146636962890625, 0.45947265625, 0.041046142578125, 0.0040130615234375, 0.2041015625, 0.00623321533203125, 9.7890625, 0.1734619140625, 0.2398681640625, 0.376953125]",-2.3255794086763935
186,1,test,0.9578182612449673,0.3821552528007046,0.5356778741387433,1.7653905207260183,0.7043645835934558,0.9873278464518016,2.6060046453094103,0.8276954751674404,1.0807820140638351,4.803224248217345,1.5255563659948899,1.9920295945490292,0.8007665626966773,0.2627246899096798,0.39445482979790786,1.3458261557927351,0.4415541006885375,0.6629492937779965,2.227247599199656,0.5145976090854705,0.7259771242818545,3.7432732759658083,0.8648699312360848,1.2201296206417722,0.9526107298521809,0.3769477214079182,0.538197474363802,1.7557923256099022,0.6947663884773396,0.9919718154940668,2.5924690683687,0.81415989822673,1.0789866157727457,4.77827632209133,1.5006084398688748,1.9887204290713352,0.1758793969849246,-0.004120603015075441,-0.009120603015075446,0.13567839195979903,-0.00932160804020099,0.0006783919597990185,0.10552763819095479,-0.009472361809045204,-0.009472361809045204,0.22775800711743777,0.05724290942649635,0.0940301964665502,0.23928571428571432,0.18592964824120606,0.04307250538406315,0.06572931435138973,0.19191919191919193,0.22064056939501775,0.05012547170407633,0.07744530312282838,0.23571428571428577,14.0,-1.0,0.0,20.0,0.0,1.0,25.0,1.0,3.0,-0.0009300829400556589,-0.000597734321290424,-0.00019804316570192385,-0.08046905589964526,-0.07255864373058563,-0.07306971966429643,"[1.369140625, 2.291015625, 4.27734375, 1.40234375, 0.035888671875, 0.1959228515625, 0.04736328125, 0.004337310791015625, 0.0014667510986328125, 0.00962066650390625, 6.67572021484375e-06, 6.377696990966797e-05, 0.056427001953125, 0.0146942138671875, 0.0202484130859375, 0.001461029052734375, 0.01091766357421875, 0.16650390625, 0.00014150142669677734, 0.0015125274658203125, 1.1801719665527344e-05, 0.00020241737365722656, 0.00238037109375, 0.0007748603820800781, 0.0010700225830078125, 0.0007009506225585938, 0.0012178421020507812, 0.0009112358093261719, 7.069110870361328e-05, 0.007678985595703125, 0.006282806396484375, 2.5153160095214844e-05, 0.0200042724609375, 7.033348083496094e-06, 0.0006971359252929688, 6.318092346191406e-05, 0.00013446807861328125, 0.00019621849060058594, 0.00020802021026611328, 8.428096771240234e-05, 0.00139617919921875, 3.0994415283203125e-06, 0.0032863616943359375, 0.0026416778564453125, 0.0003685951232910156, 0.040924072265625, 0.00036907196044921875, 0.6064453125, 4.398822784423828e-05, 0.005573272705078125, 0.0001506805419921875, 2.4080276489257812e-05, 3.6954879760742188e-06, 3.814697265625e-06, 3.981590270996094e-05, 0.00846099853515625, 0.0007214546203613281, 0.0004665851593017578, 1.0609626770019531e-05, 0.00033974647521972656, 4.5299530029296875e-06, 0.0010137557983398438, 0.0079803466796875, 0.0026073455810546875, 0.00893402099609375, 0.0001093149185180664, 0.0061492919921875, 2.0742416381835938e-05, 0.0003447532653808594, 0.00015616416931152344, 2.9921531677246094e-05, 9.417533874511719e-06, 4.780292510986328e-05, 0.0001895427703857422, 2.0265579223632812e-05, 2.5510787963867188e-05, 3.635883331298828e-05, 0.00408172607421875, 0.00260162353515625, 3.5762786865234375e-07, 0.00015079975128173828, 1.2040138244628906e-05, 1.4066696166992188e-05, 5.960464477539062e-07, 1.33514404296875e-05, 1.9073486328125e-06, 0.0003437995910644531, 0.0017452239990234375, 0.00018334388732910156, 6.0439109802246094e-05, 0.000919342041015625, 0.0004146099090576172, 0.0001233816146850586, 0.00013113021850585938, 0.002643585205078125, -0.0, 0.0013971328735351562, 3.2901763916015625e-05, 4.863739013671875e-05, 0.0001316070556640625, 7.05718994140625e-05, 0.00016129016876220703, 0.00024390220642089844, 0.00040602684020996094, 6.902217864990234e-05, 2.9206275939941406e-05, 0.0011510848999023438, 0.00685882568359375, 0.0008983612060546875, 0.00677490234375, 0.0009627342224121094, 0.0030574798583984375, 0.0005145072937011719, 3.0994415283203125e-05, 2.110004425048828e-05, 8.821487426757812e-06, 2.3484230041503906e-05, 6.67572021484375e-05, 8.416175842285156e-05, 7.62939453125e-06, 2.1576881408691406e-05, 0.0009264945983886719, 2.86102294921875e-06, 0.00010633468627929688, 0.002040863037109375, 0.00043582916259765625, 1.1324882507324219e-05, 0.0008854866027832031, 0.006229400634765625, 0.0582275390625, 0.01397705078125, 1.369140625, 1.5107421875, 0.0001016855239868164, 6.16796875, 8.9296875, 7.2421875, 0.2198486328125, 4.87109375, 7.7734375, 1.9619140625, 9.09375, 0.810546875, 10.453125, 4.73046875, 1.8310546875, 6.31640625, 0.1624755859375, 0.0062713623046875, 0.07391357421875, 0.06109619140625, 3.322265625, 0.00039577484130859375, 1.091796875, 0.0001653432846069336, 3.798828125, 0.003265380859375, 0.57666015625, 1.9599609375, 1.166015625, 0.0006361007690429688, 0.128173828125, 0.01446533203125, 1.1563301086425781e-05, 0.0124664306640625, 1.5497207641601562e-05, 2.998046875, 0.001529693603515625, 0.345458984375, 0.002681732177734375, 0.1395263671875, 0.048675537109375, 4.3359375, 1.7412109375, 0.01032257080078125, 0.0014362335205078125, 2.12890625, 3.75, 0.29443359375, 0.051910400390625, 0.7548828125, 2.837890625, 0.006565093994140625, 0.93798828125, 5.36328125, 3.14453125, 4.29296875, 0.8095703125, 4.765625, 0.1834716796875, 0.117919921875, 0.0174560546875, 0.351806640625, 0.224609375, 7.47265625, 5.60546875, 10.0859375, 3.3828125, 0.1475830078125, 5.00390625, 0.07635498046875, 0.07757568359375, 0.352783203125, 0.181396484375, 1.4697265625, 2.146484375, 1.3017578125, 4.34375, 2.859375, 0.705078125, 0.0496826171875, 0.0220794677734375, 0.258544921875, 0.30908203125, 4.6640625, 0.0992431640625, 0.70068359375, 0.00116729736328125, 1.15234375, 0.166748046875, 0.00033926963806152344, 0.006473541259765625, 0.028594970703125, 0.15185546875, 0.174072265625, 0.10870361328125, 0.370849609375, 0.062164306640625, 0.09173583984375, 0.71875, 0.004680633544921875, 0.0115203857421875, 0.012237548828125, 1.3271484375, 0.1607666015625, 8.0859375, 0.282470703125, 0.06646728515625, 0.11065673828125, 6.69921875, 0.1812744140625, 4.04296875, 3.6796875, 1.228515625, 1.7138671875, 2.556640625, 9.1328125, 9.2734375, 0.990234375, 1.4375, 1.7724609375, 6.86328125, 4.40234375, 0.032440185546875, 0.68603515625, 0.385498046875, 0.81298828125, 2.087890625, 0.0217132568359375, 1.0732421875, 0.0194244384765625, 3.05078125, 0.1502685546875, 0.0120849609375, 0.1485595703125, 0.0191802978515625, 0.447021484375, 0.0034084320068359375, 0.020751953125, 2.126953125, 0.0291595458984375, 0.0006132125854492188, 0.06085205078125, 0.0029048919677734375, 0.0322265625, 0.001590728759765625, 0.0198822021484375, 0.1300048828125, 0.00010561943054199219, 3.0546875, 0.2442626953125]",-3.105148085495755
247,1,test,2.552727756181594,1.1466527886665376,1.3882113275995809,9.085980149120928,4.081306535931744,4.941091166032407,12.842086129139476,8.762175973426382,9.637713163833048,45.70912012066593,31.18740600711085,34.30372482042271,3.077196437509815,1.3847008318092193,1.9203728471866102,6.410825911478781,2.8847933996025406,4.000776764972105,21.69748678565267,16.26446430313929,18.51766996894739,45.20309747010973,33.88430063154019,38.57847910197373,2.9612929940622386,1.3751061201693286,1.8933159322707709,8.225813872395108,3.81973922269258,5.259210922974364,19.322940056849994,14.437854136769367,16.413452228203152,53.674833491249984,40.10515037991491,45.59292285611987,0.6984924623115578,0.013492462311557762,0.008492462311557869,0.5276381909547738,-0.007361809045226098,-0.002361809045226204,0.37688442211055273,-0.018115577889447287,-0.008115577889447279,0.36038186157517904,0.09578114643811109,0.11600258493783788,0.29186602870813394,0.3668341708542714,0.061069759826702485,0.12643350307463863,0.3282828282828283,0.37792642140468224,0.10246732290718641,0.1621310932623018,0.32885906040268453,19.0,0.0,0.0,31.0,-1.0,0.0,39.0,-1.0,-1.0,0.0011459105159289708,0.001649271616111151,0.000244261636046304,-0.02874428893049963,-0.034980951403201566,-0.03161940228347504,"[11.09375, 2.74609375, 2.18359375, 0.98974609375, 3.23828125, 2.287109375, 0.2705078125, 1.7548828125, 6.4453125, 2.97265625, 1.4755859375, 4.9375, 2.5703125, 8.7421875, 3.162109375, 6.41796875, 4.2421875, 0.8291015625, 3.083984375, 5.796875, 8.015625, 1.896484375, 3.228515625, 2.63671875, 0.09918212890625, 4.43359375, 1.3037109375, 0.01357269287109375, 1.4638671875, 6.8046875, 5.421875, 2.525390625, 0.303955078125, 0.48388671875, 0.0087890625, 0.697265625, 0.2119140625, 5.03515625, 8.140625, 14.390625, 1.2841796875, 2.630859375, 0.8056640625, 2.357421875, 6.8671875, 1.9228515625, 7.9453125, 8.4453125, 2.9765625, 1.3193359375, 9.25, 5.33203125, 3.94140625, 9.578125, 2.79296875, 5.43359375, 6.9375, 1.580078125, 4.87890625, 6.30859375, 2.193359375, 4.3125, 4.34375, 7.0, 1.2451171875, 13.2265625, 12.40625, 10.75, 0.11187744140625, 2.0859375, 2.59765625, 0.69140625, 2.634765625, 0.69140625, 0.323974609375, 0.38623046875, 2.37890625, 0.12445068359375, 8.109375, 3.595703125, 2.0703125, 10.15625, 2.119140625, 1.4521484375, 2.578125, 7.40625, 2.478515625, 3.87890625, 0.2196044921875, 0.381591796875, 6.453125, 0.09466552734375, 0.437744140625, 0.8876953125, 1.37109375, 0.01116180419921875, 1.8203125, 10.796875, 6.51171875, 3.0234375, 1.0263671875, 0.4833984375, 1.37890625, 5.609375, 5.5234375, 3.970703125, 4.28515625, 7.421875, 7.88671875, 8.8359375, 5.84765625, 1.2744140625, 6.140625, 4.80078125, 1.044921875, 1.388671875, 2.306640625, 7.125, 4.2890625, 1.6240234375, 1.73828125, 4.90234375, 2.5703125, 1.2421875, 2.67578125, 6.90625, 4.640625, 2.658203125, 6.47265625, 5.92578125, 2.853515625, 7.0390625, 1.484375, 2.6171875, 0.299072265625, 0.5283203125, 0.3193359375, 0.9033203125, 5.328125, 0.84326171875, 4.15234375, 0.57470703125, 3.890625, 0.2137451171875, 2.435546875, 4.015625, 3.998046875, 0.919921875, 1.6904296875, 0.10772705078125, 0.34619140625, 0.3974609375, 1.03125, 0.86083984375, 1.564453125, 0.65673828125, 8.9765625, 1.7705078125, 0.59521484375, 3.23828125, 4.6328125, 0.8251953125, 0.53173828125, 0.009521484375, 0.426513671875, 1.9326171875, 2.625, 0.265869140625, 1.6064453125, 0.62451171875, 0.2025146484375, 1.326171875, 2.849609375, 0.290283203125, 1.7021484375, 0.43798828125, 0.10015869140625, 0.3212890625, 0.426513671875, 0.01448822021484375, 7.33203125, 3.345703125, 0.31005859375, 0.228515625, 1.33203125, 1.029296875, 0.81640625, 0.0821533203125, 0.42626953125, 0.1016845703125, 0.101806640625, 0.70263671875, 0.06109619140625, 0.00797271728515625, 6.31640625, 0.3447265625, 7.05859375, 3.634765625, 5.91796875, 2.65234375, 1.33203125, 4.08203125, 9.125, 1.0439453125, 0.322509765625, 0.681640625, 0.6611328125, 0.89892578125, 1.1025390625, 0.138427734375, 0.86376953125, 0.417724609375, 0.5009765625, 9.5625, 1.1875, 0.91259765625, 13.4296875, 4.390625, 4.703125, 0.0670166015625, 9.0859375, 6.03515625, 5.5078125, 2.201171875, 0.2037353515625, 0.0975341796875, 4.5078125, 0.8701171875, 1.26171875, 4.6484375, 4.73046875, 0.11456298828125, 4.171875, 1.3466796875, 0.049957275390625, 10.0625, 1.205078125, 0.24365234375, 8.0859375, 5.75, 0.5068359375, 1.62109375, 1.0283203125, 6.9296875, 6.31640625, 3.43359375, 4.72265625, 0.48779296875, 1.724609375, 9.4140625, 0.7392578125, 0.08416748046875, 0.6162109375, 0.66748046875, 10.28125, 0.89208984375, 9.453125, 2.05078125, 4.80078125, 0.50927734375, 2.4140625, 0.826171875, 3.466796875, 0.91552734375, 4.6171875, 1.4287109375, 0.06976318359375, 0.4677734375, 4.42578125, 5.27734375, 1.0341796875, 5.578125, 1.6328125, 0.0849609375, 1.107421875, 1.0927734375, 1.32421875, 0.43408203125, 5.8515625, 0.5732421875, 0.070068359375, 0.163330078125, 0.76318359375, 0.45068359375, 0.0400390625, 2.0078125, 0.8603515625, 0.036468505859375, 0.06439208984375, 7.12890625, 1.71875, 0.1759033203125, 3.666015625, 8.5625, 0.861328125, 0.254638671875, 0.07965087890625, 1.1806640625, 0.7255859375, 0.0089263916015625, 0.88232421875, 5.5390625, 6.19921875, 0.385498046875, 0.079345703125, 0.3154296875, 4.48828125, 1.7421875, 0.1644287109375, 0.5751953125, 5.8984375, 2.25, 0.818359375, 0.0870361328125, 0.041168212890625, 0.1177978515625, 0.7724609375, 0.0172271728515625, 0.7216796875, 1.6630859375, 0.0246124267578125, 0.1337890625, 0.0245208740234375, 0.08880615234375, 0.265625, 1.6845703125, 0.05810546875, 0.08514404296875, 7.12890625, 2.578125, 0.447509765625, 0.06011962890625, 0.050079345703125, 3.1953125, 6.33984375, 0.005702972412109375, 2.900390625, 0.213134765625, 0.08721923828125, 0.098388671875, 2.71875, 2.51171875, 0.1715087890625, 0.340576171875, 2.4375, 1.7236328125, 0.431884765625, 0.11199951171875, 0.2149658203125, 0.11175537109375, 2.009765625, 0.01027679443359375, 0.03778076171875, 0.12188720703125, 0.01776123046875, 0.02825927734375, 0.728515625, 4.35546875, 0.15234375, 0.168701171875, 2.23046875, 1.6572265625, 0.09051513671875, 0.0924072265625, 0.07769775390625, 0.055267333984375, 2.439453125, 0.00665283203125, 10.0234375, 0.019775390625, 0.07269287109375, 0.01152801513671875, 0.040802001953125, 2.857421875, 1.05859375, 0.159912109375, 2.466796875, 0.239501953125, 0.0716552734375, 0.08782958984375, 10.5078125, 15.0234375, 0.0335693359375, 2.96875, 0.427490234375, 0.0183563232421875, 0.09429931640625, 0.207275390625, 1.24609375, 0.2047119140625, 0.6083984375, 0.56298828125, 3.732421875, 0.1942138671875, 0.0205230712890625, 0.04168701171875, 4.09375, 4.609375, 0.01318359375, 4.34375, 1.2607421875, 0.0219573974609375, 0.01143646240234375, 6.734375, 0.51318359375, 0.148193359375, 0.269775390625, 0.8662109375, 3.552734375, 0.1805419921875, 0.03399658203125, 7.046875, 0.1204833984375, 0.50048828125, 0.5439453125, 2.48828125, 0.68115234375, 3.064453125, 1.9814453125]",-1.2472798255292212
119,1,test,3.5217880808979,1.6646187983705296,2.2680899946929056,6.52625135895204,3.0847173212742014,4.203014227453519,33.84489179558687,27.439313095765915,30.341617352847088,62.718217564703345,50.84799262944192,56.22627396459799,3.9178402387916145,1.7752147599180388,2.4811863323960957,6.319097159341314,2.86324961277103,4.001913439348542,50.29170931613177,41.76992727375622,46.085112740569144,81.11566018730932,67.37085044154229,74.33082700091798,3.526822425051278,1.6634338755459073,2.2784230605140716,6.4910842178857875,3.061534740268541,4.19341667579277,34.015708242336665,27.570167399623937,30.530947582786013,62.605597992030674,50.74263938581093,56.191928066477324,0.8090452261306533,0.00404522613065339,0.00404522613065339,0.6432160804020101,0.0032160804020100464,-0.0067839195979899625,0.5226130653266332,-0.017386934673366827,-0.007386934673366818,0.42201834862385323,0.09988094404370051,0.1676948491325002,0.3711656441717791,0.4170854271356784,0.09127089079482631,0.15498192129260668,0.36868686868686873,0.4247491638795987,0.1108927365006338,0.18003281237793023,0.36241610738255037,24.0,-1.0,0.0,36.0,2.0,1.0,43.0,0.0,0.0,0.0018306953803784028,0.0001987325033338865,0.0006553113445355877,0.00039646512983626536,-4.812870849413287e-06,-0.00013843336848395893,"[6.53515625, 3.833984375, 2.26171875, 4.046875, 5.2578125, 2.556640625, 3.037109375, 11.1015625, 1.3955078125, 2.65625, 8.1875, 4.80859375, 1.03125, 4.92578125, 3.125, 5.9375, 0.361083984375, 4.67578125, 3.498046875, 10.4453125, 0.6865234375, 10.40625, 9.8125, 5.421875, 6.703125, 3.126953125, 9.3359375, 5.63671875, 4.6640625, 8.21875, 9.125, 4.83984375, 4.24609375, 9.484375, 5.08984375, 2.90625, 4.73828125, 7.41015625, 1.099609375, 3.1484375, 5.1640625, 2.91015625, 3.05078125, 9.828125, 1.1162109375, 11.1953125, 3.21484375, 3.0546875, 7.3671875, 0.7041015625, 5.6015625, 7.140625, 1.3359375, 2.517578125, 3.79296875, 0.09027099609375, 5.46484375, 1.9755859375, 8.0703125, 5.8828125, 2.822265625, 5.4921875, 5.7109375, 5.63671875, 10.109375, 2.13671875, 3.736328125, 12.421875, 1.439453125, 5.9453125, 0.252197265625, 0.2352294921875, 0.7705078125, 9.078125, 2.78515625, 0.06756591796875, 5.55078125, 0.2283935546875, 9.2421875, 1.015625, 6.00390625, 0.242919921875, 1.7197265625, 2.822265625, 1.927734375, 1.6083984375, 0.2108154296875, 4.0703125, 0.94091796875, 8.140625, 0.0411376953125, 0.0214691162109375, 5.625, 1.7587890625, 2.001953125, 7.2421875, 3.9921875, 5.55078125, 3.966796875, 3.826171875, 6.796875, 10.765625, 2.037109375, 1.3291015625, 7.6484375, 5.2734375, 0.49853515625, 1.951171875, 10.328125, 3.1484375, 2.330078125, 5.42578125, 7.53125, 1.6826171875, 1.384765625, 1.90625, 7.32421875, 0.0498046875, 0.97412109375, 2.529296875, 1.8349609375, 0.0927734375, 2.78515625, 1.6865234375, 6.59765625, 4.8125, 9.2890625, 2.05078125, 5.96484375, 1.6103515625, 4.26953125, 2.099609375, 2.51171875, 0.10980224609375, 1.025390625, 5.52734375, 1.462890625, 7.3046875, 1.734375, 6.32421875, 1.4248046875, 3.193359375, 9.25, 8.09375, 7.625, 0.0970458984375, 9.0546875, 1.3369140625, 3.59765625, 3.1328125, 6.1015625, 1.6015625, 1.41796875, 7.00390625, 2.1875, 3.197265625, 1.5234375, 3.119140625, 0.0794677734375, 1.4052734375, 12.6796875, 4.640625, 0.9384765625, 8.4609375, 1.6650390625, 9.328125, 3.419921875, 3.2890625, 0.64306640625, 0.33154296875, 5.99609375, 0.8623046875, 4.69921875, 0.09002685546875, 0.46435546875, 5.1875, 5.59765625, 2.224609375, 6.85546875, 0.56982421875, 0.153076171875, 0.340576171875, 8.3671875, 0.4560546875, 1.52734375, 0.052978515625, 0.134521484375, 3.857421875, 0.85302734375, 1.6650390625, 1.0986328125, 0.0709228515625, 0.3427734375, 7.12890625, 0.8125, 0.460205078125, 7.2578125, 0.74658203125, 5.3515625, 1.3896484375, 5.8359375, 0.0406494140625, 1.541015625, 6.33984375, 3.251953125, 0.52880859375, 3.220703125, 0.08734130859375, 0.038726806640625, 6.05859375, 9.3515625, 0.3623046875, 5.24609375, 2.63671875, 4.21875, 1.583984375, 0.46533203125, 3.0859375, 0.0369873046875, 6.98828125, 4.52734375, 0.07318115234375, 0.015869140625, 6.140625, 1.12109375, 0.1812744140625, 6.953125, 0.0083465576171875, 0.0413818359375, 0.65380859375, 7.4609375, 0.2274169921875, 0.2291259765625, 0.63232421875, 0.046630859375, 2.140625, 0.0153656005859375, 0.375, 0.79443359375, 0.132080078125, 1.490234375, 0.2000732421875, 0.07086181640625, 3.26171875, 6.80078125, 2.7734375, 0.07342529296875, 0.30615234375, 2.9140625, 0.55810546875, 9.265625, 1.619140625, 5.57421875, 1.283203125, 5.296875, 0.6142578125, 3.92578125, 4.02734375, 1.0810546875, 5.296875, 3.322265625, 1.0673828125, 5.7109375, 8.6640625, 3.162109375, 2.1875, 5.6328125, 5.40234375, 1.482421875, 5.8125, 3.94921875, 1.123046875, 2.9765625, 1.5732421875, 0.81103515625, 5.66015625, 1.8408203125, 4.6796875, 0.00904083251953125, 1.9404296875, 1.33984375, 3.685546875, 3.578125, 1.0625, 1.2431640625, 5.546875, 0.93359375, 5.36328125, 0.07952880859375, 4.34765625, 4.765625, 2.6015625, 0.716796875, 0.60205078125, 0.67578125, 2.615234375, 3.62890625, 3.08984375, 7.08984375, 0.0270843505859375, 0.025482177734375, 1.3330078125, 0.76904296875, 0.85107421875, 8.265625, 2.5078125, 8.125, 2.873046875, 3.6328125, 4.12890625, 3.384765625, 6.16796875, 2.486328125, 2.384765625, 4.8828125, 5.125, 0.0333251953125, 6.6953125, 1.8720703125, 1.224609375, 1.6259765625, 4.43359375, 4.546875, 9.34375, 3.138671875, 5.3046875, 1.228515625]",-0.7821875012249029
200,1,test,1.7231505669218448,0.6573678362748816,0.6573678362748816,6.595079867643319,2.515968984879403,2.515968984879403,5.602150640275521,2.6990401917847167,2.6990401917847167,21.441324752709185,10.33013943906093,10.33013943906093,2.096890329116553,0.9181909519299378,1.2509141559353854,5.5917075443108075,2.4485092051465007,3.3357710824943605,8.140815254513948,4.890671013567054,5.810563820892352,21.70884067870386,13.041789369512147,15.49483685571294,1.7598425213708526,0.7589026458779862,1.04465850297376,6.517935264336491,2.8107505402888378,3.869105566569482,5.811522131798755,3.0906842558714103,3.7669592469705355,21.52415604369909,11.446978725449666,13.951700914705686,0.42713567839195976,0.012135678391959726,0.01713567839195973,0.3417085427135679,0.006708542713567911,0.0017085427135679065,0.2613065326633166,0.0013065326633165952,-0.003693467336683409,0.30320150659133704,0.08423767472427934,0.08423767472427934,0.26603773584905666,0.3266331658291457,0.09355045906222836,0.1346465214218001,0.2676767676767676,0.30434782608695654,0.10568338535239896,0.12414760361754607,0.23154362416107388,21.0,-1.0,0.0,30.0,2.0,0.0,33.0,1.0,1.0,-0.0005505787000023284,0.0008579136204982289,0.0005713535161758278,-0.2274949873697638,-0.2287053706750557,-0.24250337384082243,"[6.19140625, 7.203125, 4.88671875, 5.4140625, 6.90234375, 1.5068359375, 7.6796875, 9.6015625, 8.5546875, 0.953125, 2.56640625, 0.56103515625, 0.351318359375, 0.779296875, 0.0024394989013671875, 9.882450103759766e-05, 0.0032596588134765625, 0.0104217529296875, 0.00848388671875, 0.004367828369140625, 0.001220703125, 0.00011849403381347656, 0.001979827880859375, 0.004566192626953125, 0.367431640625, 0.71875, 1.8232421875, 7.7578125, 8.25, 3.03125, 3.484375, 6.9140625, 4.09765625, 5.71484375, 0.1551513671875, 0.51318359375, 2.853515625, 0.5234375, 3.564453125, 4.765625, 1.490234375, 2.384765625, 1.7607421875, 6.97265625, 4.08984375, 3.56640625, 2.33203125, 0.021240234375, 3.1484375, 0.9765625, 0.46630859375, 2.724609375, 5.1171875, 0.1923828125, 7.20703125, 6.1875, 5.05859375, 11.7265625, 0.70458984375, 6.39453125, 7.48828125, 0.126708984375, 7.88671875, 7.8671875, 2.09765625, 0.0311126708984375, 0.9208984375, 2.068359375, 0.52880859375, 5.69140625, 2.3359375, 6.99609375, 5.953125, 0.377685546875, 7.12890625, 0.4375, 8.0625, 7.421875, 6.4609375, 0.188720703125, 0.0257568359375, 0.114501953125, 0.25, 0.1282958984375, 1.958984375, 0.1663818359375, 6.734375, 0.023193359375, 0.06805419921875, 1.2802734375, 0.014892578125, 2.05078125, 0.6513671875, 0.299560546875, 0.031158447265625, 0.055328369140625, 0.494384765625, 0.12060546875, 0.03070068359375, 0.444580078125, 0.05108642578125, 4.89453125, 5.46875, 0.223876953125, 1.232421875, 0.0025615692138671875, 4.38671875, 1.2197265625, 0.2060546875, 0.028533935546875, 0.051544189453125, 0.83154296875, 0.07781982421875, 0.03167724609375, 0.1435546875, 0.076416015625, 5.046875, 0.63330078125, 0.023773193359375, 1.416015625, 0.006168365478515625, 5.66015625, 2.8125, 0.166015625, 0.023193359375, 0.05224609375, 0.87451171875, 0.08770751953125, 4.03125, 1.4052734375, 0.04766845703125, 6.2578125, 0.64501953125, 0.76611328125, 0.0031490325927734375, 2.30859375, 12.203125, 0.98193359375, 0.0202178955078125, 0.82421875, 0.10272216796875, 0.73876953125, 0.302490234375, 0.0109405517578125, 7.73828125, 4.84375, 6.359375, 0.02032470703125, 1.2265625, 0.031890869140625, 0.041259765625, 1.73828125, 3.11328125, 0.0222320556640625, 2.23046875, 10.71875, 0.1387939453125, 0.052215576171875, 0.82177734375, 0.030792236328125, 0.0985107421875, 2.271484375, 2.099609375, 0.028717041015625, 0.25537109375, 0.0187225341796875, 7.41015625, 0.5234375, 0.00914764404296875, 0.03143310546875, 0.07647705078125, 0.15625, 0.1405029296875, 0.032135009765625, 2.498046875, 0.0087738037109375, 0.0105438232421875, 0.48291015625, 0.006694793701171875, 1.6640625, 0.7734375, 0.0987548828125, 0.003299713134765625, 0.0031032562255859375, 0.152587890625, 0.09661865234375, 0.0595703125, 0.0205230712890625, 0.004070281982421875, 0.86376953125, 0.0074920654296875, 0.01116180419921875, 0.56689453125, 0.005199432373046875, 1.3525390625, 0.153076171875, 0.022491455078125, 0.0023651123046875, 0.00754547119140625, 0.77490234375, 0.08984375, 0.06317138671875, 0.04217529296875, 0.0038356781005859375, 1.7822265625, 0.2037353515625, 0.02618408203125, 0.2408447265625, 0.0010328292846679688, 0.63671875, 2.421875, 0.0194854736328125, 0.0012464523315429688, 0.007568359375, 0.77734375, 0.07098388671875, 0.05535888671875, 0.03082275390625, 0.006702423095703125, 2.056640625, 0.030120849609375, 0.0074615478515625, 0.282958984375, 0.002529144287109375, 0.45166015625, 0.17724609375, 0.020843505859375, 0.0012292861938476562, 0.007808685302734375, 0.73779296875, 0.037689208984375, 3.0546875, 0.045623779296875, 0.00807952880859375, 6.40234375, 0.061920166015625, 0.244140625, 0.0027332305908203125, 0.01861572265625, 0.196533203125, 0.011962890625, 0.007732391357421875, 0.7373046875, 0.0304718017578125, 0.142578125, 0.045379638671875, 0.006221771240234375, 1.8505859375, 0.023895263671875, 0.034912109375, 0.0003859996795654297, 0.06036376953125, 0.003208160400390625, 0.0004973411560058594, 0.009002685546875, 0.40283203125, 0.00443267822265625, 0.0276947021484375, 0.310791015625, 0.0197601318359375, 0.019927978515625, 0.8037109375, 0.09185791015625, 0.70361328125, 0.0167083740234375, 0.00876617431640625, 6.0859375, 14.03125, 2.83203125, 0.1253662109375, 3.439453125, 0.0034656524658203125, 4.2890625, 7.578125, 1.4921875, 0.01898193359375, 0.3779296875, 0.1207275390625, 0.138916015625, 0.054290771484375, 0.0125732421875, 7.95703125, 1.5302734375, 0.0238037109375, 0.0369873046875, 0.5224609375, 0.0018091201782226562, 1.6748046875, 1.775390625, 0.2237548828125, 0.0191497802734375, 0.7978515625, 0.0264434814453125, 0.0728759765625, 1.8046875, 7.3515625, 0.96240234375, 4.7734375, 10.75, 1.3359375, 0.0032958984375, 1.078125, 0.37841796875, 0.5634765625, 0.04486083984375, 0.008514404296875, 4.859375, 9.2890625, 6.15625, 1.9033203125, 0.876953125, 0.384033203125, 0.0384521484375, 0.04241943359375, 0.0099639892578125, 0.01012420654296875, 1.75390625, 5.53515625, 5.06640625, 1.109375, 0.814453125, 0.03204345703125, 0.160888671875, 0.016937255859375, 0.049041748046875, 0.008819580078125, 0.001667022705078125, 6.58203125, 8.953125, 2.439453125, 0.40087890625, 0.0654296875, 0.15966796875, 0.01255035400390625, 0.0224456787109375, 0.00382232666015625, 0.000732421875, 2.310546875, 4.9453125, 5.8125, 2.421875, 0.1536865234375, 0.0230560302734375, 0.158203125, 0.010589599609375, 0.01348876953125, 0.0032596588134765625, 0.0011606216430664062, 6.99609375, 10.2265625, 3.517578125, 0.05322265625, 0.021942138671875, 0.1531982421875, 0.01239013671875, 0.0217742919921875, 0.003101348876953125, 0.0014801025390625, 2.544921875, 6.53515625, 1.9130859375, 0.12451171875, 0.0221405029296875, 0.14013671875, 0.027313232421875, 0.007495880126953125, 0.0027942657470703125, 0.0026874542236328125, 5.62109375, 5.62890625, 3.314453125, 0.0198516845703125, 0.0221099853515625, 0.1412353515625, 0.022674560546875, 0.01161956787109375, 0.0013637542724609375, 0.002429962158203125, 2.373046875, 8.015625, 7.28125, 1.8740234375, 0.025115966796875, 0.0101318359375, 0.056671142578125, 0.024505615234375, 0.0191192626953125, 0.003398895263671875, 0.0034008026123046875, 0.86865234375, 6.75, 2.44140625, 0.0212249755859375, 0.010986328125, 0.06280517578125, 0.021484375, 0.009918212890625, 0.002902984619140625, 0.0030803680419921875, 0.237060546875, 1.755859375, 1.869140625, 0.1212158203125, 0.008819580078125, 0.0238037109375, 0.0213775634765625, 0.0178375244140625, 0.002655029296875, 0.0020275115966796875, 7.19921875, 6.00390625, 0.88671875, 0.046539306640625, 0.007598876953125, 0.054595947265625, 0.01090240478515625, 0.00728607177734375, 0.001026153564453125, 0.0017347335815429688, 5.51953125, 7.98828125, 3.40625, 0.0240936279296875, 0.0083465576171875, 0.02484130859375, 0.00887298583984375, 0.00841522216796875, 0.0011005401611328125, 0.0015115737915039062, 1.662109375, 3.67578125, 7.734375, 2.380859375, 0.02606201171875, 0.020233154296875, 0.054534912109375, 0.0208892822265625, 0.00946044921875, 0.0010929107666015625, 0.0013065338134765625, 4.99609375, 5.2734375, 5.50390625, 1.7666015625, 0.04559326171875, 0.023895263671875, 0.0650634765625, 0.01004791259765625, 0.030914306640625, 0.0014600753784179688, 0.0044708251953125, 2.095703125, 5.52734375, 6.140625, 7.53515625, 1.5771484375, 0.057647705078125, 0.0225982666015625, 0.06158447265625, 0.00473785400390625, 0.00970458984375, 0.001117706298828125, 0.00261688232421875, 5.50390625, 9.3515625, 1.96875, 0.03985595703125, 0.00887298583984375, 0.057342529296875, 0.0034694671630859375, 0.00888824462890625, 0.0012264251708984375, 0.001346588134765625, 5.87109375, 5.1328125, 3.43359375, 2.9140625, 0.0214080810546875, 0.01200103759765625, 4.0234375, 0.513671875, 3.6953125, 0.9814453125, 5.9140625, 0.166748046875, 5.92578125, 0.148681640625, 0.0036182403564453125, 0.20166015625, 0.04486083984375, 0.392578125, 0.01259613037109375, 0.00353240966796875, 10.4921875, 8.71875, 4.1015625, 2.56640625, 11.046875, 6.15234375, 0.552734375, 0.085205078125, 0.00537109375, 0.08160400390625, 0.0015439987182617188, 0.003253936767578125, 7.328125, 0.21923828125, 6.60546875, 0.61279296875, 0.68115234375, 1.08203125, 0.0063629150390625, 0.1392822265625, 0.004901885986328125, 0.0221099853515625, 0.0033779144287109375, 0.0015306472778320312, 5.28125, 5.68359375, 2.966796875, 0.197021484375, 1.416015625, 0.005870819091796875, 0.054443359375, 0.0017595291137695312, 0.018798828125, 0.00122833251953125, 0.0006690025329589844, 5.7734375, 7.10546875, 4.8046875]",-1.1849011622804257
117,1,test,2.677438940616012,1.2392336274151097,1.6780101122917381,6.5427557210827905,3.0282680895284724,4.100489499755163,14.547787797018644,10.334660013931263,11.831058130828895,35.54987581384133,25.25441566784611,28.911106840828353,3.0960214221896836,1.3630084931911237,1.901959903678174,6.070630239587615,2.6725656729237723,3.729333144467008,22.109810458864906,16.45213603277508,18.809351561831875,43.35256952718609,32.25909026034329,36.88108149378799,2.7556212913232505,1.262355886598136,1.73709519747748,6.262775662098297,2.8689906513594,3.947943630630636,15.730811283921199,11.279203170392114,12.961700938022506,35.75184382709363,25.634552659982074,29.458411222778423,0.6381909547738693,0.0031909547738693256,-0.021809045226130586,0.5125628140703518,-0.0024371859296482556,-0.00743718592964826,0.42211055276381915,-0.0178894472361808,-0.0028894472361808976,0.3786127167630058,0.1217584599087489,0.1616039191090468,0.336231884057971,0.4170854271356784,0.13638367274971352,0.18336255568325777,0.38888888888888884,0.38795986622073575,0.1208480131322549,0.1821756615488781,0.3489932885906041,24.0,7.0,7.0,37.0,12.0,13.0,44.0,11.0,12.0,0.0008420752363665449,0.00023356041971162058,0.00045229751463872784,-0.014849548892727604,-0.013906876262538503,-0.01432335342940938,"[5.80859375, 7.48046875, 2.19140625, 5.20703125, 1.369140625, 5.57421875, 3.375, 1.0537109375, 1.6357421875, 9.6875, 0.422607421875, 0.52490234375, 7.83984375, 8.921875, 0.595703125, 2.376953125, 0.054534912109375, 7.515625, 2.544921875, 0.0034008026123046875, 0.0015316009521484375, 0.931640625, 0.958984375, 1.0625, 0.1533203125, 1.5810546875, 2.279296875, 9.1640625, 1.431640625, 6.984375, 5.390625, 5.484375, 3.357421875, 2.97265625, 5.0078125, 1.01171875, 0.88818359375, 0.018707275390625, 1.4267578125, 8.484375, 10.6015625, 0.09539794921875, 0.1361083984375, 1.958984375, 6.8828125, 4.3125, 6.53125, 9.7109375, 0.426513671875, 5.44140625, 1.23046875, 2.416015625, 1.03125, 5.29296875, 0.44091796875, 6.5703125, 11.2265625, 3.880859375, 7.10546875, 2.10546875, 3.568359375, 2.1953125, 0.685546875, 1.904296875, 10.3359375, 5.25390625, 0.003749847412109375, 0.0176849365234375, 0.267578125, 9.3828125, 0.64892578125, 1.5751953125, 0.869140625, 0.1802978515625, 0.0007562637329101562, 0.01751708984375, 3.185546875, 7.63671875, 1.732421875, 0.201904296875, 0.58203125, 0.06781005859375, 1.4873046875, 0.3779296875, 3.607421875, 9.2734375, 1.0146484375, 6.375, 8.4609375, 4.6171875, 5.109375, 7.5078125, 3.080078125, 4.046875, 4.3828125, 1.212890625, 3.16796875, 4.7109375, 2.77734375, 0.0058746337890625, 4.48828125, 5.09765625, 5.921875, 0.9814453125, 3.564453125, 1.15625, 0.7734375, 1.931640625, 0.50146484375, 5.1796875, 0.92236328125, 0.08001708984375, 1.37109375, 0.1376953125, 1.6005859375, 0.9990234375, 0.236572265625, 4.37890625, 0.066162109375, 0.81298828125, 0.90283203125, 0.41162109375, 5.28515625, 2.296875, 0.14990234375, 0.74267578125, 5.01953125, 5.0390625, 4.3125, 0.80517578125, 0.414306640625, 1.3046875, 0.0037708282470703125, 5.69921875, 4.390625, 4.13671875, 0.434814453125, 0.367431640625, 0.69677734375, 0.55810546875, 0.023406982421875, 7.19140625, 2.748046875, 0.4794921875, 6.7890625, 3.7578125, 4.28125, 2.3203125, 1.6376953125, 7.78125, 0.224365234375, 0.074951171875, 0.708984375, 5.390625, 6.6171875, 0.68896484375, 8.3671875, 1.2001953125, 0.00760650634765625, 4.046875, 0.3662109375, 7.24609375, 2.513671875, 5.20703125, 0.58447265625, 0.07562255859375, 4.0234375, 4.4609375, 11.4375, 10.328125, 2.998046875, 2.392578125, 2.03125, 0.001003265380859375, 7.734375, 9.8203125, 0.59619140625, 7.0546875, 0.97802734375, 7.1171875, 4.234375, 0.79248046875, 0.338623046875, 0.67822265625, 0.09539794921875, 4.515625, 5.7109375, 2.3359375, 0.31884765625, 0.44580078125, 3.1015625, 1.359375, 4.6484375, 5.0, 0.1380615234375, 0.1251220703125, 4.91796875, 3.029296875, 0.03741455078125, 3.083984375, 0.395263671875, 0.64306640625, 0.2391357421875, 2.140625, 0.389404296875, 5.7109375, 8.5703125, 0.303466796875, 0.05938720703125, 0.1488037109375, 1.9345703125, 0.2415771484375, 0.6162109375, 0.1773681640625, 3.294921875, 0.97314453125, 10.3359375, 3.169921875, 2.216796875, 0.7802734375, 1.1748046875, 4.83203125, 0.02191162109375, 1.0888671875, 0.113037109375, 0.319580078125, 0.1749267578125, 2.646484375, 0.2137451171875, 1.0234375, 0.07086181640625, 5.83984375, 0.5732421875, 5.09765625, 0.35205078125, 0.00324249267578125, 1.4931640625, 1.8232421875, 0.17578125, 0.71826171875, 0.227294921875, 1.314453125, 0.31591796875, 0.0780029296875, 1.529296875, 0.055938720703125, 5.63671875, 6.734375, 0.01296234130859375, 0.0006656646728515625, 6.09765625, 12.8046875, 4.59375, 6.65234375, 7.140625, 1.4716796875, 3.48828125, 4.046875, 0.83740234375, 8.65625, 5.34765625, 1.4140625, 2.78515625, 0.143798828125, 0.32861328125, 3.91015625, 4.00390625, 3.798828125, 4.37890625, 2.01171875, 0.405029296875, 0.068603515625, 0.431396484375, 0.208740234375, 9.453125, 0.01039886474609375, 0.0233612060546875, 1.6640625, 0.2113037109375, 2.1328125, 0.01580810546875, 1.6162109375, 5.4140625, 0.0208587646484375, 0.6572265625, 1.14453125, 0.489013671875, 0.142822265625, 0.06134033203125, 0.7998046875, 5.2734375, 0.55078125, 6.890625, 1.4033203125, 0.6298828125, 0.32373046875, 0.1697998046875, 0.1595458984375, 0.0579833984375, 1.236328125, 2.99609375, 0.53369140625, 4.23828125, 6.83984375, 8.0859375, 0.01082611083984375, 0.00039124488830566406, 0.035491943359375, 4.125, 7.6328125, 1.0322265625, 0.51611328125, 1.8369140625, 2.271484375, 0.336181640625, 2.3046875, 2.39453125, 1.6806640625, 3.158203125, 2.2109375, 4.5546875, 2.193359375, 0.001667022705078125, 0.0411376953125, 0.82421875, 7.6953125, 0.02490234375, 5.05859375, 5.61328125, 1.11328125, 0.36865234375, 0.97509765625, 0.05938720703125, 1.2353515625, 0.85888671875, 0.1669921875, 0.76513671875, 0.053131103515625, 0.13671875, 6.1015625, 0.049774169921875, 0.0010290145874023438, 0.01198577880859375, 2.69140625, 0.00547027587890625, 0.8857421875]",-1.7908027509733433
92,1,test,1.3523499859006782,0.46656511301601555,0.6222078824053088,5.600492876393027,1.9321881310771953,2.5767522086567682,3.8665010858437507,1.4416142131040526,1.7911255810096418,16.012357757679013,5.970163208615697,7.417596156137757,1.8402258529135929,0.705162803425095,1.0176250734836938,4.543767538058254,1.7411427245064073,2.5126545024288736,6.297960513142305,3.1865908061527124,4.021547920784142,15.550519785536554,7.868125447290646,9.929747952553438,1.4620156248277645,0.5412610442822594,0.7855490456610169,5.100054505213132,1.8881199219148583,2.740287368584943,4.31464748016217,1.8034629139501974,2.347731981139489,15.051095861030825,6.291149699826269,8.189762724905194,0.4371859296482412,0.0021859296482411583,0.0021859296482411583,0.321608040201005,-0.0033919597989949812,-0.0033919597989949812,0.25125628140703515,0.016256281407035167,0.0012562814070351536,0.29210526315789476,0.06477280586485923,0.07216391418428769,0.20052770448548818,0.3316582914572864,0.07852545937708588,0.11462991082289575,0.23232323232323238,0.2876254180602007,0.06725813926220403,0.1007511132771084,0.20134228187919467,18.0,3.0,0.0,25.0,1.0,2.0,37.0,7.0,3.0,0.0012221367369049153,0.0003906763418746529,0.0004804330895649026,-0.1418046209937378,-0.1550170746883044,-0.1523434801686916,"[11.21875, 6.87890625, 3.03515625, 1.1513671875, 0.324462890625, 3.1953125, 5.796875, 1.369140625, 0.0335693359375, 0.94775390625, 2.728515625, 2.53125, 3.525390625, 3.72265625, 6.06640625, 0.54541015625, 1.966796875, 8.9921875, 0.371826171875, 9.6875, 8.7421875, 2.95703125, 3.06640625, 1.1982421875, 2.015625, 6.39453125, 6.48046875, 2.017578125, 5.6640625, 0.043121337890625, 8.59375, 1.1953125, 3.37109375, 5.6796875, 5.2890625, 3.34375, 1.4482421875, 0.251708984375, 1.4013671875, 2.462890625, 0.33935546875, 4.98046875, 1.7607421875, 0.341064453125, 2.02734375, 2.42578125, 0.027923583984375, 0.057342529296875, 0.1668701171875, 0.57861328125, 3.060546875, 2.119140625, 0.79931640625, 0.0089569091796875, 0.00141143798828125, 0.11431884765625, 0.4521484375, 1.2275390625, 7.38671875, 0.1658935546875, 1.7041015625, 2.107421875, 1.7783203125, 0.406005859375, 0.68896484375, 6.4296875, 1.6337890625, 0.21630859375, 7.15625, 3.55078125, 0.0589599609375, 7.8359375, 4.02734375, 0.9267578125, 4.52734375, 1.134765625, 3.970703125, 0.63623046875, 0.1865234375, 0.2020263671875, 0.224609375, 0.0231170654296875, 0.056793212890625, 0.12548828125, 5.16796875, 0.060028076171875, 0.1541748046875, 2.498046875, 0.0098724365234375, 0.0078277587890625, 0.0010089874267578125, 3.20703125, 0.322509765625, 2.498046875, 0.055511474609375, 0.10479736328125, 0.0017423629760742188, 0.0005993843078613281, 0.10186767578125, 4.81640625, 0.19140625, 0.177734375, 0.00958251953125, 0.0019207000732421875, 0.320556640625, 0.0033016204833984375, 0.4384765625, 3.396484375, 0.0406494140625, 0.0037174224853515625, 0.0045318603515625, 0.07037353515625, 0.10137939453125, 0.230712890625, 6.4140625, 7.14453125, 1.5712890625, 3.62890625, 1.5205078125, 0.638671875, 4.91796875, 1.2646484375, 0.7666015625, 1.978515625, 0.368896484375, 3.63671875, 0.00023603439331054688, 2.154296875, 8.8359375, 3.751953125, 0.369384765625, 0.10968017578125, 0.0025882720947265625, 0.07965087890625, 6.1796875, 3.4375, 0.5224609375, 0.368408203125, 2.318359375, 4.12109375, 0.049652099609375, 0.1158447265625, 0.03118896484375, 0.001735687255859375, 5.40234375, 0.12384033203125, 2.095703125, 0.05279541015625, 0.439453125, 0.5185546875, 0.300048828125, 1.4853515625, 0.049774169921875, 0.038360595703125, 0.19287109375, 0.061309814453125, 0.00079345703125, 1.0126953125, 1.3984375, 0.173828125, 0.10272216796875, 0.031097412109375, 0.0357666015625, 0.09368896484375, 0.1541748046875, 0.0034084320068359375, 0.38818359375, 0.04620361328125, 0.004848480224609375, 0.0046234130859375, 0.002483367919921875, 0.0038089752197265625, 0.0011453628540039062, 0.304931640625, 1.3486328125, 0.21142578125, 0.092529296875, 0.0200042724609375, 4.45703125, 6.83203125, 1.8955078125, 0.16064453125, 0.209228515625, 0.73486328125, 0.52880859375, 0.001110076904296875, 0.0206756591796875, 0.132080078125, 0.00921630859375, 0.96630859375, 0.54638671875, 0.155029296875, 0.0021991729736328125, 0.003631591796875, 0.058868408203125, 0.07122802734375, 0.129638671875, 2.51953125, 10.734375, 0.21435546875, 0.52978515625, 0.1998291015625, 0.230224609375, 0.045257568359375, 4.328125, 0.268310546875, 0.07647705078125, 0.1627197265625, 0.0340576171875, 0.88330078125, 0.0016384124755859375, 0.37548828125, 5.16015625, 3.140625, 0.06610107421875, 0.017303466796875, 1.32421875, 0.00524139404296875, 0.0430908203125, 0.09130859375, 0.11419677734375, 3.123046875, 0.0082244873046875, 0.728515625, 0.70849609375, 4.0390625, 0.05780029296875, 0.00978851318359375, 0.0007262229919433594, 0.53515625, 0.01788330078125, 0.00862884521484375, 0.0025348663330078125, 4.046875, 0.0177154541015625, 0.00896453857421875, 0.0033206939697265625, 0.00818634033203125, 0.0037250518798828125, 0.00775146484375, 0.0001043081283569336, 0.0032596588134765625, 0.0088348388671875, 0.01055908203125, 0.0254364013671875, 0.00614166259765625, 0.0009202957153320312, 0.00896453857421875, 0.074951171875, 0.002246856689453125, 0.00838470458984375, 0.0046234130859375, 0.0002605915069580078, 0.0015926361083984375, 0.00014293193817138672, 0.0004723072052001953, 0.00017631053924560547, 7.00390625, 3.740234375, 0.0477294921875, 0.026214599609375, 0.1181640625, 1.130859375, 1.185546875, 0.0286712646484375, 0.046417236328125, 6.783008575439453e-05, 0.08685302734375, 0.02838134765625, 0.026092529296875, 0.034698486328125, 0.00128173828125, 8.53125, 1.53125, 0.0948486328125, 0.08587646484375, 0.227783203125, 0.1607666015625, 4.684925079345703e-05, 0.0003960132598876953, 0.4345703125, 0.0001176595687866211, 0.003170013427734375, 0.0282440185546875, 0.0206451416015625, 0.0185699462890625, 0.0304718017578125, 0.01702880859375, 0.0005121231079101562, 0.0017547607421875, 0.057525634765625, 0.06524658203125, 0.07275390625, 6.671875, 1.00390625, 0.2958984375, 3.1875, 4.73046875, 2.998046875, 1.5458984375, 0.71044921875, 0.10736083984375, 0.1297607421875, 3.447265625, 1.4658203125, 0.1473388671875, 2.236328125, 0.7626953125, 0.54638671875, 6.109375, 1.56640625, 0.0701904296875, 0.020782470703125, 0.015655517578125, 0.0094146728515625, 0.1829833984375, 4.06640625, 0.62353515625, 0.06268310546875, 0.09246826171875, 0.43115234375, 0.54833984375, 3.78515625, 0.08447265625, 0.005046844482421875, 4.03125, 0.0130462646484375, 0.073486328125, 0.00582122802734375, 0.0011005401611328125, 1.03515625, 0.036102294921875, 0.0125732421875, 4.01953125, 0.07452392578125, 0.033905029296875, 0.01441192626953125, 1.958984375, 0.04974365234375, 0.2020263671875, 0.035797119140625, 0.000995635986328125, 0.0830078125, 5.08203125, 1.32421875, 4.3671875, 0.017913818359375, 0.44775390625, 0.2205810546875, 0.384033203125, 0.0015668869018554688, 6.008148193359375e-05, 6.15234375, 1.240234375, 4.41015625, 1.3076171875, 8.344650268554688e-06, 1.947265625, 0.06292724609375, 1.0966796875, 0.2666015625, 0.0784912109375, 1.6455078125, 2.779296875, 0.57861328125, 0.0003376007080078125, 0.00466156005859375, 0.05194091796875, 0.00335693359375, 0.060455322265625, 0.5107421875, 0.046630859375, 0.0010747909545898438, 0.003143310546875, 0.0640869140625, 0.060882568359375, 0.17529296875, 3.5234375, 0.865234375, 0.056304931640625]",-1.702866326507769
51,1,test,1.074000178149383,0.40423522796825173,0.47683269369440495,2.614187246814158,0.9839351977468984,1.1606422159704473,2.9270648935961665,0.9732868621084387,1.1100999703681924,7.124668944302757,2.3690443951320788,2.70205652128082,0.7397465400360338,0.1400714332130376,0.21719417537939123,1.344993709156425,0.2546753331146139,0.39489850068980226,2.0954043460721934,0.27387744349063525,0.40907806494489773,3.809826083767624,0.49795898816479145,0.7437782998998141,1.2151868781915875,0.43011598263994744,0.6346648538650721,2.3827193690031128,0.8433646718430341,1.2444408899315138,3.370923957636294,1.17836157949375,1.583952927978798,6.609654818894694,2.3105129009681376,3.105790054860388,0.15577889447236182,-0.004221105527638214,-0.009221105527638218,0.10552763819095479,-0.019472361809045213,-0.014472361809045209,0.08040201005025127,-0.004597989949748693,-0.004597989949748693,0.251131221719457,0.038701843188383545,0.0566053175161334,0.2562358276643991,0.17085427135678388,0.0004282061938766235,0.01893440491271048,0.18686868686868685,0.274247491638796,0.07558305090423845,0.0929349221171053,0.28859060402684567,13.0,1.0,1.0,14.0,-1.0,-1.0,19.0,4.0,4.0,0.00010588148153101158,-0.0005617936038135213,0.00032681603439755453,-0.24418931465671623,-0.22219424547933553,-0.24273985386205332,"[2.1875, 2.275390625, 2.275390625, 5.21484375, 4.80859375, 3.2421875, 0.1796875, 0.1448974609375, 0.2464599609375, 0.140869140625, 0.1356201171875, 0.06634521484375, 4.1640625, 0.0028057098388671875, 0.1336669921875, 0.004108428955078125, 0.01105499267578125, 0.04620361328125, 0.0033397674560546875, 0.006740570068359375, 0.0012388229370117188, 0.0035190582275390625, 2.384185791015625e-06, 7.200241088867188e-05, 0.127685546875, 0.007678985595703125, 0.0047607421875, 0.0007982254028320312, 0.0104217529296875, 2.138671875, 0.00215911865234375, 0.02001953125, 0.70068359375, 0.05523681640625, 0.3212890625, 3.072265625, 0.00014770030975341797, 0.0026702880859375, 0.00431060791015625, 0.0005159378051757812, 0.0002257823944091797, 0.0032253265380859375, 0.0054931640625, 7.2479248046875e-05, 0.00785064697265625, 0.0001653432846069336, 0.00018084049224853516, 0.0033168792724609375, 0.00027871131896972656, 0.00357818603515625, 0.00522613525390625, 0.0016508102416992188, 0.00640106201171875, 0.004451751708984375, 0.00014925003051757812, 1.490234375, 9.226799011230469e-05, 0.22119140625, 3.409385681152344e-05, 0.004474639892578125, 0.00038504600524902344, 3.063678741455078e-05, 3.1113624572753906e-05, 6.222724914550781e-05, 4.38690185546875e-05, 0.0005521774291992188, 0.0007281303405761719, 0.0013303756713867188, 7.164478302001953e-05, 0.0001264810562133789, 9.417533874511719e-06, 0.005115509033203125, 0.03460693359375, 0.00928497314453125, 0.7060546875, 0.0025424957275390625, 0.0061187744140625, 9.059906005859375e-06, 4.744529724121094e-05, 0.0009350776672363281, 6.151199340820312e-05, 5.602836608886719e-05, 6.282329559326172e-05, 0.001155853271484375, 0.0001366138458251953, 9.500980377197266e-05, 0.0004315376281738281, 0.001956939697265625, 1.318359375, 0.1275634765625, 0.314697265625, 2.126953125, 5.960464477539062e-07, 0.0017194747924804688, 0.00388336181640625, 8.702278137207031e-06, 0.0009241104125976562, 0.0039520263671875, 0.00013148784637451172, 6.341934204101562e-05, 0.00091552734375, 0.0001863241195678711, 0.0001233816146850586, 1.537799835205078e-05, 0.0007224082946777344, 0.00018787384033203125, 0.00035762786865234375, 0.022125244140625, 0.00745391845703125, 0.1279296875, 1.3134765625, 0.0014209747314453125, 0.693359375, 1.1920928955078125e-07, 2.171875, 0.00018680095672607422, 0.002674102783203125, 4.5299530029296875e-06, 0.003520965576171875, 0.0218963623046875, 4.8279762268066406e-05, 3.0279159545898438e-05, 0.0004467964172363281, 2.6226043701171875e-06, 3.790855407714844e-05, 0.0008625984191894531, 0.0015001296997070312, 0.1270751953125, 4.01953125, 0.0003466606140136719, 0.03912353515625, 2.1457672119140625e-05, 0.0037937164306640625, 0.0006351470947265625, 0.00010263919830322266, 0.0002129077911376953, 0.0228729248046875, 0.01025390625, 0.006374359130859375, 1.357421875, 1.59765625, 0.00017547607421875, 13.2265625, 0.705078125, 10.3359375, 0.10784912109375, 8.5390625, 1.2978515625, 7.3828125, 14.4296875, 0.74951171875, 10.5078125, 0.81640625, 0.0176239013671875, 0.0321044921875, 0.267333984375, 4.57421875, 0.0010805130004882812, 3.611328125, 0.0238494873046875, 0.55126953125, 0.0195159912109375, 4.23046875, 0.41015625, 0.0019330978393554688, 0.316650390625, 0.29638671875, 0.0002734661102294922, 0.196533203125, 0.0047149658203125, 0.060028076171875, 0.0027523040771484375, 0.3857421875, 0.591796875, 0.0654296875, 0.01480865478515625, 0.004528045654296875, 0.1297607421875, 0.11956787109375, 0.00019824504852294922, 0.08172607421875, 0.00383758544921875, 0.04278564453125, 0.002941131591796875, 0.19189453125, 0.059478759765625, 0.130859375, 0.0172576904296875, 0.00919342041015625, 2.130859375, 0.8466796875, 1.69921875, 0.0005674362182617188, 1.447265625, 5.745887756347656e-05, 2.65234375, 0.00249481201171875, 8.28125, 0.0009307861328125, 5.6875, 8.71875, 0.052978515625, 0.00823974609375, 0.69873046875, 0.6533203125, 0.01018524169921875, 0.006145477294921875, 7.94921875, 2.724609375, 0.787109375, 4.22265625, 1.8505859375, 10.0, 5.68359375, 2.333984375, 7.30078125, 5.98046875, 5.05078125, 10.5390625, 0.8681640625, 8.3359375, 4.42578125, 0.435302734375, 3.484375, 1.26953125, 0.1629638671875, 0.31787109375, 3.3984375, 0.0208740234375, 0.5810546875, 0.1400146484375, 8.171875, 8.984375, 0.361083984375, 1.3251953125, 0.0009784698486328125, 0.354736328125, 3.376953125, 0.0169830322265625, 3.052734375, 0.25341796875, 3.087890625, 0.5927734375, 0.326904296875, 2.25, 0.9619140625, 1.9716796875, 0.68994140625, 1.615234375, 0.54541015625, 0.52197265625, 2.142578125, 0.202880859375, 0.01029205322265625, 0.0016374588012695312, 0.254638671875, 0.35400390625, 0.00910186767578125, 2.072265625, 0.2064208984375, 0.007228851318359375, 0.025115966796875, 1.5, 0.0150604248046875, 0.045196533203125, 0.0235748291015625, 3.751953125, 0.02508544921875, 2.140625, 0.51806640625, 1.0517578125, 3.796875, 0.7294921875, 9.734375, 0.053436279296875, 1.138671875, 3.533203125, 1.2353515625, 2.013671875, 1.2373046875, 4.4609375, 0.27294921875, 3.1015625, 0.0175018310546875, 0.0042572021484375, 0.07586669921875, 0.0036602020263671875, 0.359130859375, 2.302734375, 3.482421875, 0.6796875, 1.119140625, 1.587890625, 3.51171875, 2.41796875, 0.71484375, 4.85546875, 0.0224609375, 3.052734375, 0.232421875, 0.1663818359375, 0.1365966796875, 0.060577392578125, 0.003902435302734375, 1.4189453125, 0.035430908203125, 0.0235595703125, 1.3779296875, 0.0849609375, 0.58837890625, 6.4140625, 2.41796875, 3.833984375, 0.037628173828125, 0.33935546875, 0.1466064453125, 0.00335693359375, 0.00021636486053466797, 0.406982421875, 0.005840301513671875, 0.240966796875, 0.374267578125, 2.1328125, 0.080078125, 0.24462890625, 3.234375, 0.00913238525390625, 1.3154296875, 0.006595611572265625, 0.1309814453125, 0.00811767578125, 0.0105438232421875, 0.000225067138671875, 0.29931640625, 0.007137298583984375, 0.0036563873291015625, 2.216796875, 0.013397216796875, 0.08404541015625, 0.01287078857421875, 0.329833984375, 3.732421875, 2.927734375, 0.1480712890625, 0.0006537437438964844, 0.00010573863983154297, 0.060882568359375, 0.004032135009765625, 0.1717529296875, 2.298828125, 5.7421875, 0.45654296875, 5.64453125, 0.2254638671875, 1.4267578125, 0.021026611328125, 0.31884765625, 0.434814453125, 0.703125, 0.1309814453125, 0.0208587646484375, 0.0004296302795410156, 2.166015625, 6.828125, 2.3515625, 0.0924072265625, 0.2587890625, 0.0031604766845703125, 0.084716796875, 0.495361328125, 7.49826431274414e-05, 0.0853271484375, 0.355712890625, 0.0006532669067382812, 1.3154296875, 0.161865234375, 1.7978515625, 0.00141143798828125, 0.9814453125, 0.047393798828125, 0.448486328125, 0.1732177734375, 0.0209503173828125, 0.0013360977172851562, 1.79296875, 0.85498046875, 0.00229644775390625, 0.0012502670288085938, 0.0001575946807861328, 0.00011527538299560547, 0.406982421875, 0.0001609325408935547, 3.84765625, 0.007732391357421875, 0.50341796875, 0.1424560546875, 0.304931640625, 0.0850830078125, 0.187255859375, 0.0030040740966796875, 0.01500701904296875, 0.0004534721374511719, 2.162109375, 0.34033203125, 0.55078125, 0.4111328125, 3.869140625, 0.79052734375, 0.35009765625, 0.25927734375, 0.402587890625, 7.16015625, 0.08306884765625, 1.0234375, 0.475830078125, 0.0816650390625, 0.274658203125, 0.08880615234375, 0.036590576171875, 0.0006761550903320312, 3.326171875, 0.409423828125, 0.68798828125, 1.6669921875, 0.433349609375, 0.07489013671875, 0.00028252601623535156, 0.0006990432739257812, 0.198486328125, 0.0005087852478027344, 0.0097198486328125, 0.95263671875, 0.0015392303466796875, 1.7158203125, 0.366943359375, 0.00284576416015625, 0.052825927734375, 0.0008192062377929688, 0.0007047653198242188, 3.064453125, 1.1083984375, 0.070556640625]",-2.5974559204071355
157,1,test,1.228567437820525,0.4576365744062345,0.5390157921109027,5.839146361776202,2.1750592244251368,2.5618391018304694,3.416331921155375,1.2545542839650201,1.4235100784654473,16.237173063468806,5.962656877721388,6.765671496526789,1.6598455252958901,0.6467696865854589,0.9036337759945593,5.824019387003124,2.269367321352487,3.1706448280510853,5.258498476707129,2.50443943470972,3.1283072589190937,18.450871848095193,8.78750678845516,10.976516697961735,1.2764375688240281,0.47185573860507135,0.6754075105520027,5.801988949200128,2.1447988118412336,3.0700341388727392,3.5838497393314155,1.3480883638628098,1.7598530834136783,16.29022608787007,6.127674381194591,7.999332197334901,0.38190954773869346,0.0019095477386934512,0.0019095477386934512,0.29145728643216084,-0.0085427135678392,-0.013542713567839204,0.2160804020100503,-0.003919597989949675,-0.013919597989949684,0.2654028436018957,0.057118819933256626,0.045461494628288635,0.23040380047505937,0.29648241206030146,0.05838717396506332,0.09280962408033488,0.28787878787878785,0.2775919732441472,0.07558863434598362,0.08404358614737295,0.22483221476510062,13.0,0.0,0.0,18.0,0.0,1.0,23.0,1.0,-1.0,-1.6613447011740406e-05,0.0005202866751953896,-0.00015538230555811556,-0.17314369969490429,-0.17914243496093363,-0.17647004311131909,"[7.88671875, 1.7509765625, 3.654296875, 4.80078125, 2.25, 1.0185546875, 1.5009765625, 0.798828125, 0.89404296875, 0.1361083984375, 3.974609375, 4.33984375, 0.002490997314453125, 0.09710693359375, 0.568359375, 1.919921875, 2.92578125, 3.228515625, 0.03515625, 2.525390625, 0.73193359375, 1.3681640625, 3.173828125, 0.149658203125, 0.0273284912109375, 0.0830078125, 0.623046875, 0.0017528533935546875, 0.061614990234375, 0.274169921875, 3.076171875, 0.91943359375, 0.189208984375, 0.72509765625, 0.005374908447265625, 1.11328125, 2.083984375, 0.169189453125, 0.1312255859375, 3.373046875, 0.6279296875, 5.11328125, 6.94140625, 0.407958984375, 1.1005859375, 0.25244140625, 0.0601806640625, 0.035491943359375, 0.06341552734375, 0.0011196136474609375, 0.21044921875, 0.0311737060546875, 0.055145263671875, 0.320556640625, 0.006633758544921875, 0.0293731689453125, 8.0625, 2.2109375, 0.03082275390625, 0.5224609375, 3.0703125, 1.48828125, 0.4013671875, 0.0887451171875, 0.0219879150390625, 0.025665283203125, 0.1007080078125, 0.002788543701171875, 0.06439208984375, 0.136474609375, 0.80517578125, 0.06646728515625, 0.0302734375, 0.07122802734375, 0.001316070556640625, 0.1754150390625, 0.44873046875, 0.057769775390625, 0.0433349609375, 0.4580078125, 4.203125, 2.1875, 3.341796875, 3.159046173095703e-05, 9.2265625, 5.54296875, 5.88671875, 8.53125, 1.3828125, 0.76318359375, 0.4892578125, 3.125, 5.2109375, 6.56640625, 1.017578125, 4.078125, 0.1617431640625, 0.2008056640625, 0.59375, 12.7578125, 1.431640625, 2.13671875, 0.0290069580078125, 0.0947265625, 2.748046875, 5.21484375, 13.765625, 3.162109375, 3.158203125, 0.206787109375, 0.0288848876953125, 0.04473876953125, 0.80908203125, 0.003765106201171875, 0.018157958984375, 2.28515625, 4.1953125, 3.43359375, 0.60205078125, 0.11517333984375, 0.322998046875, 0.072021484375, 0.057342529296875, 0.1846923828125, 0.026611328125, 0.01473236083984375, 7.1328125, 5.7109375, 5.90625, 0.08203125, 14.2578125, 2.931640625, 2.10546875, 0.061248779296875, 0.051422119140625, 3.54296875, 2.26171875, 0.3369140625, 0.11102294921875, 3.052734375, 0.2159423828125, 2.13671875, 0.004230499267578125, 3.48046875, 3.025390625, 14.40625, 0.99169921875, 0.044677734375, 0.03668212890625, 0.0229644775390625, 1.5673828125, 0.00494384765625, 0.0206298828125, 3.39453125, 3.240234375, 2.595703125, 0.0750732421875, 0.70751953125, 0.2396240234375, 0.005218505859375, 0.019287109375, 0.445068359375, 1.1708984375, 0.32470703125, 0.1453857421875, 0.72802734375, 0.0977783203125, 0.00220489501953125, 0.0118255615234375, 0.0819091796875, 0.393310546875, 0.2174072265625, 0.057403564453125, 0.70947265625, 0.0936279296875, 0.0028076171875, 0.0170745849609375, 0.079833984375, 6.0546875, 0.1356201171875, 0.055328369140625, 0.708984375, 0.053680419921875, 0.0046539306640625, 0.01824951171875, 0.0455322265625, 2.3828125, 0.049591064453125, 0.135986328125, 1.322265625, 0.007663726806640625, 0.321533203125, 0.1630859375, 0.0270538330078125, 0.043487548828125, 1.46875, 3.828125, 3.693359375, 10.421875, 3.533203125, 0.00862884521484375, 0.005626678466796875, 1.2412109375, 0.0582275390625, 0.0084228515625, 0.004314422607421875, 0.330322265625, 0.005123138427734375, 0.1331787109375, 0.0038318634033203125, 0.158203125, 0.2939453125, 0.10882568359375, 0.04217529296875, 0.0032749176025390625, 0.003490447998046875, 0.0196990966796875, 0.205322265625, 0.000995635986328125, 0.007678985595703125, 0.2000732421875, 0.1300048828125, 0.07537841796875, 0.0113372802734375, 2.12890625, 0.007389068603515625, 0.0019702911376953125, 0.006984710693359375, 0.034088134765625, 0.079345703125, 0.022613525390625, 0.00893402099609375, 0.130859375, 0.0038013458251953125, 0.0010957717895507812, 0.0026035308837890625, 0.0291595458984375, 0.0242462158203125, 0.0212860107421875, 0.0205535888671875, 0.70458984375, 0.00399017333984375, 0.002071380615234375, 0.0031528472900390625, 0.01285552978515625, 0.147216796875, 0.01239013671875, 0.0211029052734375, 0.705078125, 0.007427215576171875, 0.004833221435546875, 0.00624847412109375, 0.0302276611328125, 0.296630859375, 0.01010894775390625, 0.0082550048828125, 0.70556640625, 0.0008721351623535156, 0.130126953125, 0.058837890625, 0.026763916015625, 0.032196044921875, 0.54296875, 9.5703125, 0.405029296875, 2.69140625, 0.0092010498046875, 0.025146484375, 0.6513671875, 3.060546875, 5.01953125, 0.63720703125, 0.50537109375, 1.3505859375, 0.1151123046875, 0.0100250244140625, 0.1298828125, 3.384765625, 0.1458740234375, 0.226318359375, 0.08856201171875, 0.455078125, 1.576171875, 0.06329345703125, 0.3212890625, 0.377685546875, 0.01105499267578125, 0.53125, 0.026458740234375, 0.10345458984375, 0.11175537109375, 0.0595703125, 1.31640625, 0.0089874267578125, 1.322265625, 0.0027256011962890625, 2.623046875, 0.407958984375, 0.03692626953125, 0.00769805908203125, 0.021453857421875, 0.004138946533203125, 1.4423828125, 0.343505859375, 0.0207366943359375, 8.515625, 1.076171875, 1.58984375, 0.006969451904296875, 0.00511932373046875, 0.0014705657958984375, 0.70166015625, 0.006206512451171875, 5.44140625, 8.1953125, 2.345703125, 4.87109375, 0.79052734375, 0.07568359375, 0.1480712890625, 0.0440673828125, 0.01395416259765625, 0.01018524169921875, 3.50390625, 8.3046875, 0.08807373046875, 1.0927734375, 1.6103515625, 1.6591796875, 1.84375, 1.6669921875, 0.035430908203125, 2.150390625, 0.2393798828125, 0.031524658203125, 0.007213592529296875, 1.109375, 0.158203125, 0.004604339599609375, 0.3212890625, 0.06146240234375, 0.1702880859375, 0.298583984375, 0.11865234375, 0.00809478759765625, 0.0277557373046875, 0.1724853515625, 3.052734375, 0.0011320114135742188, 0.70947265625, 2.025390625, 0.06732177734375, 0.94873046875, 0.15771484375, 0.1514892578125, 2.30078125, 0.9365234375, 2.63671875, 0.03369140625, 0.5126953125, 0.0259552001953125, 1.0146484375, 0.008453369140625, 0.0011816024780273438, 0.0011749267578125, 0.70068359375, 0.01111602783203125, 1.669921875, 13.2890625, 1.103515625, 1.1357421875, 6.1875, 1.0703125, 6.859375, 0.99658203125, 0.031646728515625, 0.00910186767578125, 0.0030689239501953125, 1.017578125, 3.193359375, 0.17333984375, 3.373046875, 0.82421875, 0.325927734375, 0.2342529296875, 5.1640625, 0.3544921875, 1.3310546875, 0.15283203125, 0.13232421875, 0.006984710693359375, 0.61279296875, 0.026214599609375, 0.0032634735107421875, 2.318359375, 0.02740478515625, 0.062255859375, 0.0775146484375, 1.0810546875, 0.0095062255859375, 0.02178955078125, 0.03936767578125, 1.3173828125, 0.0003924369812011719, 0.2081298828125, 0.0728759765625, 0.008331298828125, 0.12103271484375, 0.0772705078125, 0.059326171875, 0.07147216796875, 0.1600341796875, 0.61669921875, 0.10357666015625, 0.026519775390625, 0.00884246826171875, 0.74853515625, 0.007686614990234375, 0.0014095306396484375, 0.0016889572143554688, 1.31640625, 0.01461029052734375]",-1.2029852107237866
91,1,test,1.8729455132082284,0.8015534696618662,0.9781786522817393,3.9956170948442207,1.709980735278648,2.08678112486771,6.50743593607095,3.5879952748749853,4.060670649701299,13.882529996951359,7.654389919733301,8.662764052696103,1.060044701374955,0.34175926326280603,0.5307219756713542,1.737778198975336,0.5602610873160754,0.8700360256907445,2.8865000169036437,0.8355862411372272,1.1887179619064678,4.731967240825646,1.3698135100610287,1.948717970338472,1.463722479781977,0.594182156183819,0.8403384952321544,2.796921935889128,1.1353799162748135,1.6057423475773653,4.322018246214171,1.9362043471412065,2.456788964959729,8.258633591492046,3.6997535295691844,4.694501206929418,0.20100502512562812,-0.003994974874371837,0.0010050251256281673,0.16080402010050254,-0.009195979899497497,-0.004195979899497493,0.1306532663316583,-0.004346733668341707,0.0006532663316582976,0.31084337349397595,0.09905035303669552,0.1172949863972017,0.3623188405797102,0.1959798994974874,0.033072631327061286,0.04572948213521699,0.19696969696969702,0.2976588628762542,0.09231662581448463,0.13191915208648775,0.3087248322147651,16.0,-1.0,-1.0,23.0,0.0,1.0,24.0,0.0,0.0,-0.0005720634502490474,-0.002018318497727196,-7.441491785258969e-05,-0.06718881404267041,-0.05576409445591324,-0.06362573527268722,"[1.369140625, 2.291015625, 2.27734375, 6.21484375, 0.6787109375, 2.955078125, 8.5390625, 10.109375, 3.75390625, 0.38037109375, 0.0655517578125, 0.4619140625, 0.0540771484375, 0.65380859375, 0.022979736328125, 0.9638671875, 0.0161285400390625, 0.0126190185546875, 0.135009765625, 0.00667572021484375, 0.001659393310546875, 0.0028400421142578125, 0.00591278076171875, 5.245208740234375e-06, 4.2319297790527344e-05, 0.042816162109375, 0.007099151611328125, 0.004360198974609375, 0.0002636909484863281, 0.0204925537109375, 0.140380859375, 2.3603439331054688e-05, 0.0006461143493652344, 2.7179718017578125e-05, 0.0003135204315185547, 0.0012798309326171875, 0.0008339881896972656, 0.0025157928466796875, 0.006603240966796875, 0.0022869110107421875, 0.0012302398681640625, 0.0002397298812866211, 0.009063720703125, 0.00547027587890625, 6.532669067382812e-05, 0.02001953125, 6.270408630371094e-05, 0.00417327880859375, 0.00019502639770507812, 0.0025482177734375, 0.00031828880310058594, 0.00024366378784179688, 0.0002899169921875, 0.0014925003051757812, 2.467632293701172e-05, 0.005329132080078125, 0.00606536865234375, 0.0011081695556640625, 0.043426513671875, 0.0004048347473144531, 1.556640625, 0.00769805908203125, 8.821487426757812e-06, 0.003047943115234375, 0.0001531839370727539, 2.7298927307128906e-05, 9.655952453613281e-06, 3.4570693969726562e-06, 5.805492401123047e-05, 0.0004863739013671875, 0.0004973411560058594, 0.0009012222290039062, 1.4543533325195312e-05, 0.0003409385681152344, 5.9604644775390625e-06, 0.00688934326171875, 0.00855255126953125, 0.0033969879150390625, 0.0231781005859375, 8.034706115722656e-05, 0.0118255615234375, 2.0265579223632812e-05, 0.0001266002655029297, 0.0004165172576904297, 6.532669067382812e-05, 7.867813110351562e-06, 2.288818359375e-05, 0.00046253204345703125, 0.0001468658447265625, 4.887580871582031e-05, 3.3736228942871094e-05, 0.00867462158203125, 0.002696990966796875, 8.344650268554688e-07, 0.0006036758422851562, 3.2782554626464844e-05, 1.7523765563964844e-05, 1.9073486328125e-06, 2.4437904357910156e-05, 2.1457672119140625e-06, 0.0009207725524902344, 0.00180816650390625, 0.0003345012664794922, 9.584426879882812e-05, 0.0024929046630859375, 0.0004413127899169922, 4.5418739318847656e-05, 0.00012874603271484375, 0.0010623931884765625, 1.1920928955078125e-07, 0.0015583038330078125, 8.022785186767578e-05, 5.161762237548828e-05, 0.0001347064971923828, 7.259845733642578e-05, 0.00043773651123046875, 0.00010585784912109375, 0.00048160552978515625, 4.971027374267578e-05, 7.724761962890625e-05, 0.002857208251953125, 0.00260162353515625, 0.0007901191711425781, 0.006923675537109375, 0.00283050537109375, 0.004123687744140625, 0.00101470947265625, 8.094310760498047e-05, 2.5391578674316406e-05, 8.344650268554688e-06, 6.937980651855469e-05, 0.00018513202667236328, 3.8504600524902344e-05, 1.0609626770019531e-05, 0.00036787986755371094, 0.0009288787841796875, 1.3113021850585938e-06, 0.0001722574234008789, 0.0007715225219726562, 0.0002617835998535156, 2.86102294921875e-05, 0.000667572021484375, 0.007701873779296875, 0.057891845703125, 0.01146697998046875, 2.171875, 0.99609375, 0.0008912086486816406, 4.4375, 1.453125, 0.037994384765625, 0.06658935546875, 5.83203125, 0.151123046875, 7.5859375, 8.7421875, 1.58984375, 8.0, 11.1328125, 9.0859375, 4.3828125, 0.1221923828125, 0.08990478515625, 0.32470703125, 0.00077056884765625, 0.05023193359375, 0.01483154296875, 0.00048351287841796875, 0.01861572265625, 9.265625, 1.3349609375, 3.158203125, 0.71630859375, 4.0859375, 0.0012874603271484375, 0.6044921875, 9.015625, 0.0194244384765625, 0.7041015625, 2.4453125, 5.07421875, 4.3125, 1.6875, 9.546875, 0.939453125, 3.494140625, 0.042510986328125, 0.195068359375, 0.7021484375, 0.7744140625, 6.2421875, 3.447265625, 8.4375, 0.05078125, 9.7578125, 2.44140625, 7.83203125, 1.2783203125, 2.66015625, 0.74462890625, 7.72265625, 0.0849609375, 1.4384765625, 3.986328125, 0.447021484375, 5.1328125, 0.376220703125, 1.9716796875, 6.51171875, 6.296875, 0.130126953125, 0.875, 6.421875, 0.5322265625, 7.1328125, 2.705078125, 4.09765625, 1.8603515625, 1.9501953125, 1.615234375, 2.181640625, 0.031585693359375, 4.08984375, 5.875, 2.421875, 3.96875, 1.572265625, 0.0034046173095703125, 3.400390625, 3.3359375, 0.96630859375, 2.388671875, 0.900390625, 1.7841796875, 3.685546875, 0.2666015625, 1.5419921875, 5.71484375, 1.48828125, 0.290283203125, 3.669921875, 0.62939453125, 0.453125, 0.03424072265625, 0.404541015625, 5.640625, 0.06915283203125, 1.935546875, 2.2109375, 0.035369873046875, 0.178466796875, 0.418212890625, 0.63720703125, 0.4296875, 0.0263214111328125, 0.281005859375, 7.51953125, 0.435302734375, 0.006877899169921875, 0.72021484375, 2.712890625, 0.04949951171875, 0.501953125, 0.311767578125, 0.91748046875, 1.6142578125, 1.01171875, 1.095703125, 0.71484375, 0.00426483154296875, 5.9609375, 0.27001953125, 0.161376953125, 0.0222930908203125, 4.078125, 0.07684326171875, 1.8203125, 2.2265625, 12.40625, 0.133544921875, 2.38671875, 7.41015625, 7.80078125, 0.4658203125, 1.53125, 9.7421875, 7.1328125, 4.79296875, 2.341796875, 2.7265625, 1.93359375, 0.63427734375, 0.87939453125, 3.779296875, 1.0673828125, 0.049041748046875, 1.6533203125, 1.185546875, 1.54296875, 4.0546875, 10.4296875, 3.228515625, 1.0302734375, 2.494140625, 7.3046875, 0.056396484375, 0.0071258544921875, 1.376953125, 4.2109375, 6.01171875, 13.484375, 0.62646484375, 4.73828125, 3.845703125, 3.34765625, 2.876953125, 2.2421875, 0.47265625, 0.332275390625, 0.0904541015625, 4.0390625, 0.383056640625, 3.248046875, 0.03912353515625, 13.2109375, 0.426513671875, 1.7734375, 0.378662109375, 3.740234375, 7.2734375, 0.74169921875, 0.343017578125, 0.171875, 0.2021484375, 0.404052734375, 0.049163818359375, 0.88671875, 0.07965087890625, 8.9453125, 8.1875, 8.5703125, 3.912109375, 0.78662109375, 2.72265625, 0.1571044921875, 0.0751953125, 7.44140625, 1.4677734375, 2.83203125, 7.44140625, 5.70703125, 0.521484375, 3.697265625, 3.703125, 5.28125, 8.796875, 2.83203125, 7.6796875, 0.71923828125, 2.470703125, 12.0625, 4.16796875, 1.30859375, 0.1552734375, 3.486328125, 0.411376953125, 7.546875, 0.360595703125, 0.36474609375, 0.2470703125, 11.3828125, 3.986328125, 10.59375, 4.17578125, 5.48828125, 0.54052734375, 0.243896484375, 2.177734375, 0.453857421875, 0.060516357421875, 0.69677734375, 0.030487060546875, 5.1015625, 0.94287109375, 0.7587890625, 2.177734375, 6.11328125, 1.6259765625, 1.638671875, 0.1112060546875, 4.7265625, 0.60009765625, 3.728515625, 2.96484375, 10.734375, 0.26318359375, 0.256103515625, 0.335693359375, 0.0069732666015625, 1.4482421875, 0.049407958984375, 3.4921875, 0.01010894775390625, 0.031341552734375, 1.818359375, 0.45947265625, 0.0229034423828125, 4.40234375, 3.720703125, 2.533203125, 2.916015625, 0.58984375, 1.2216796875, 0.37451171875, 0.119384765625]",-2.2560780387326895
87,1,test,2.3085834743952987,1.0249456234712064,1.2901791491962646,6.726448252734503,2.9863523561571124,3.7591550749963107,10.0601640771585,6.450416484662769,7.291390901550492,29.31198885790786,18.79437896610375,21.244700108834166,2.838193205732796,1.2823966207453947,1.782215339206557,5.5650847171231295,2.5145031779321463,3.4945398807971704,17.084868790532102,12.346008863814706,14.21008385469161,33.49974272653353,24.20786051728374,27.86290951900316,2.538295780137231,1.177109823658316,1.591565934592711,6.091909872329354,2.825063576779958,3.819758243022506,12.658080426454864,8.757263667902937,10.080812626486988,30.379393023491673,21.01743280296705,24.19395030356877,0.6231155778894473,-0.016884422110552744,-0.0018844221105527303,0.4773869346733668,0.007386934673366818,0.017386934673366827,0.40201005025125625,-0.002989949748743781,0.0020100502512562235,0.3787128712871287,0.10553610985325979,0.14508628282183056,0.32506203473945405,0.4120603015075377,0.1163209531366104,0.17833743005511704,0.36868686868686873,0.3946488294314381,0.12085918001574525,0.18107819539361825,0.3355704697986577,19.0,0.0,-1.0,33.0,2.0,1.0,40.0,0.0,-2.0,0.00018789246071583663,0.0011904147586231618,0.00010014917470743284,-0.031063794521105415,-0.04474120083014643,-0.03675129203844296,"[3.591796875, 12.4453125, 0.1053466796875, 8.9140625, 3.845703125, 0.57080078125, 4.60546875, 1.2314453125, 6.546875, 1.607421875, 2.728515625, 3.53515625, 3.857421875, 6.2265625, 12.8984375, 7.75390625, 1.919921875, 3.7109375, 0.0012798309326171875, 7.89453125, 0.6884765625, 5.51953125, 0.591796875, 2.36328125, 0.039947509765625, 7.046875, 1.134765625, 0.31396484375, 1.4130859375, 0.0277862548828125, 1.5654296875, 0.0307464599609375, 0.71337890625, 3.466796875, 4.515625, 0.9970703125, 0.234130859375, 6.41796875, 1.0546875, 1.8369140625, 5.953125, 2.7421875, 1.75390625, 1.677734375, 0.256103515625, 3.056640625, 2.34765625, 5.9140625, 0.5703125, 1.6328125, 0.55419921875, 0.57275390625, 3.626953125, 6.45703125, 6.11328125, 4.23046875, 0.167236328125, 10.7109375, 0.60009765625, 0.99853515625, 3.314453125, 2.2890625, 3.796875, 2.60546875, 0.117431640625, 0.19580078125, 2.62109375, 0.08642578125, 5.70703125, 0.31884765625, 4.31640625, 9.8359375, 1.6083984375, 2.2265625, 0.0195465087890625, 3.615234375, 1.326171875, 1.822265625, 6.8984375, 1.369140625, 1.78515625, 0.357177734375, 0.003749847412109375, 5.03125, 0.8505859375, 0.7314453125, 1.80078125, 2.826171875, 0.2900390625, 0.79296875, 0.352294921875, 0.0025539398193359375, 7.015625, 7.2890625, 4.3359375, 0.32470703125, 3.125, 6.59375, 0.0277252197265625, 0.44140625, 0.10284423828125, 0.0251617431640625, 3.68359375, 7.20703125, 0.09295654296875, 5.0625, 5.8125, 0.006816864013671875, 1.1591796875, 3.685546875, 5.92578125, 3.125, 1.482421875, 0.2440185546875, 0.400146484375, 0.192138671875, 1.427734375, 5.90234375, 4.83203125, 4.62109375, 0.27734375, 0.08306884765625, 8.359375, 0.444091796875, 0.97021484375, 1.0205078125, 0.2149658203125, 0.00604248046875, 0.023590087890625, 0.01134490966796875, 0.11444091796875, 4.17578125, 7.28515625, 1.1064453125, 1.556640625, 1.0380859375, 0.2191162109375, 0.04315185546875, 3.794921875, 7.82421875, 6.25390625, 0.11669921875, 0.08636474609375, 3.697265625, 7.5390625, 5.80078125, 4.4609375, 5.22265625, 12.109375, 4.0703125, 4.71875, 2.087890625, 0.05169677734375, 0.455078125, 5.75390625, 4.72265625, 1.548828125, 0.78515625, 1.5322265625, 4.00390625, 4.95703125, 0.38720703125, 1.9150390625, 1.9384765625, 1.6748046875, 1.8603515625, 1.04296875, 5.765625, 6.01953125, 5.42578125, 0.5263671875, 0.0799560546875, 0.038055419921875, 1.0029296875, 0.94775390625, 0.0023593902587890625, 6.421875, 0.023101806640625, 0.0228729248046875, 0.002521514892578125, 2.1640625, 4.48046875, 6.875, 4.984375, 0.049835205078125, 2.31640625, 9.296875, 0.06884765625, 9.359375, 1.166015625, 2.677734375, 0.6943359375, 7.3359375, 3.37109375, 3.88671875, 1.3916015625, 0.732421875, 0.05743408203125, 3.611328125, 8.0390625, 6.05078125, 5.9453125, 1.58984375, 0.055450439453125, 0.2216796875, 7.16796875, 6.5390625, 2.54296875, 4.5078125, 2.66796875, 0.467529296875, 7.7421875, 1.4130859375, 0.6708984375, 6.6484375, 2.11328125, 2.05078125, 0.00693511962890625, 0.0193023681640625, 0.0282440185546875, 3.009765625, 3.12890625, 3.560546875, 0.0190277099609375, 3.556640625, 0.08282470703125, 0.09033203125, 1.9287109375, 7.29296875, 1.564453125, 0.1251220703125, 0.000926971435546875, 0.005771636962890625, 0.005146026611328125, 7.171875, 6.2109375, 0.268310546875, 0.1748046875, 6.90234375, 2.6484375, 0.69775390625, 0.004215240478515625, 0.004405975341796875, 0.00716400146484375, 5.96875, 1.1884765625, 0.6376953125, 2.5390625, 0.029388427734375, 0.1749267578125, 2.55859375, 1.87109375, 0.3115234375, 0.07818603515625, 0.00039267539978027344, 0.0012722015380859375, 0.0027446746826171875, 6.3984375, 0.01407623291015625, 0.02435302734375, 4.03125, 1.5810546875, 7.62890625, 1.154296875, 0.04071044921875, 2.86328125, 2.279296875, 0.160400390625, 0.04779052734375, 0.0165252685546875, 0.399658203125, 0.019775390625, 0.00782012939453125, 0.01806640625, 0.045623779296875, 0.057159423828125, 6.08203125, 1.5498046875, 0.0088348388671875, 3.02734375, 1.345703125, 5.09375, 2.822265625, 5.9375, 0.331298828125, 0.6162109375, 0.386962890625, 0.40380859375, 3.8046875, 0.7705078125, 0.0182342529296875, 0.216064453125, 0.1666259765625, 0.05206298828125, 1.7001953125, 0.4140625, 0.043304443359375, 0.055572509765625, 0.0016832351684570312, 0.006526947021484375, 0.0085906982421875, 0.301513671875, 0.466796875, 0.064453125, 0.21484375, 0.2100830078125, 0.015960693359375, 0.01009368896484375, 0.0048980712890625, 0.160400390625, 0.058380126953125, 0.466796875, 0.003787994384765625, 0.0004553794860839844, 0.0005578994750976562, 0.0025386810302734375, 1.3369140625, 0.09246826171875, 0.320068359375, 0.0036487579345703125, 0.0056915283203125, 0.002201080322265625, 0.145263671875, 0.0209503173828125, 0.014434814453125, 0.0301055908203125, 0.0098724365234375, 0.0006074905395507812, 0.003387451171875, 0.0009531974792480469, 0.97802734375, 11.0078125, 1.35546875, 0.044403076171875, 0.0038547515869140625, 0.72607421875, 9.3359375, 3.548828125, 0.042877197265625, 0.0197906494140625, 0.00048804283142089844, 0.0013751983642578125, 0.0009522438049316406, 1.515625, 0.0239105224609375, 4.42578125, 4.16796875, 0.67822265625, 0.0596923828125, 0.016632080078125, 0.36376953125, 6.33984375, 4.79296875, 0.054656982421875, 0.89453125, 2.904296875, 0.07000732421875, 0.0196533203125, 0.0003495216369628906, 0.0013790130615234375, 0.0008907318115234375, 6.37109375, 0.08709716796875, 3.025390625, 0.25244140625, 3.400390625, 0.128173828125, 0.008209228515625, 0.38232421875, 8.078125, 5.21875, 2.939453125, 0.0265655517578125, 0.07025146484375, 5.53515625, 4.70703125, 3.619140625, 3.728515625, 1.90234375, 0.1348876953125, 0.0003314018249511719, 0.0019121170043945312, 0.0070953369140625, 3.380859375, 7.54296875, 5.14453125, 0.01496124267578125, 4.01953125, 3.962890625, 3.359375, 1.7353515625, 4.30078125, 5.1796875, 0.1380615234375, 2.826171875, 0.036773681640625, 1.529296875, 2.3515625, 2.40625, 0.0206451416015625, 2.220703125, 4.1640625, 6.18359375, 8.078125]",-1.0339458224797013
158,1,test,2.0969119531136973,0.8591469131452654,1.0822720979833702,4.892794557265294,2.004676130672286,2.5253015619611974,8.14099129338309,4.693092362550006,5.382621487648731,18.99564635122721,10.950548845950014,12.55945013784704,1.7475943385656156,0.6584848917962454,0.9771894365197814,3.065954979939677,1.155236652274115,1.714367432490845,5.740775688471493,2.769149186216403,3.5801347638458405,10.071536295564025,4.858156467046322,6.280938182185686,1.827693996620816,0.750861156858786,1.067772482733468,3.679920798565402,1.511800986963999,2.1498774820136943,6.219527856910156,3.2841598245129116,4.081419454815867,12.52253930921508,6.61240233123405,8.217623063387652,0.3266331658291457,-0.01336683417085427,-0.0033668341708542604,0.2814070351758794,-0.013592964824120646,-0.013592964824120646,0.2211055276381909,-0.003894472361809065,0.0011055276381909396,0.3358024691358025,0.10645598331582717,0.13150139386698523,0.2846534653465347,0.2864321608040201,0.08091837634286725,0.12449559986912861,0.1515151515151515,0.29096989966555187,0.0839582135219793,0.12078080066666419,0.2046979865771812,17.0,3.0,3.0,24.0,5.0,3.0,28.0,7.0,5.0,0.0014848080500340084,-2.500249664786155e-05,0.00034790460061875786,-0.05653891375099729,-0.05673237815936982,-0.057397397316229615,"[4.19140625, 11.125, 4.0390625, 9.34375, 2.294921875, 1.3994140625, 9.6171875, 3.19140625, 4.1328125, 8.9140625, 8.4765625, 5.171875, 4.81640625, 0.7822265625, 15.2421875, 11.578125, 7.13671875, 6.84375, 0.55029296875, 0.9521484375, 8.1328125, 0.8154296875, 6.0234375, 2.482421875, 0.52099609375, 5.74609375, 0.63671875, 0.69384765625, 1.619140625, 0.2264404296875, 0.72265625, 0.00847625732421875, 3.6328125, 0.87890625, 2.697265625, 6.1171875, 7.16015625, 3.08984375, 9.1640625, 0.8203125, 6.6875, 1.1484375, 0.204345703125, 2.427734375, 0.061126708984375, 0.1466064453125, 0.0016536712646484375, 3.203125, 0.6064453125, 1.447265625, 2.107421875, 4.87890625, 2.560546875, 0.329345703125, 6.875, 5.9765625, 4.7265625, 0.09320068359375, 2.25, 0.061004638671875, 6.94921875, 2.900390625, 7.4375, 0.65673828125, 2.763671875, 9.828125, 10.53125, 0.0116424560546875, 4.70703125, 6.6484375, 0.73193359375, 3.46875, 3.1953125, 3.330078125, 12.0703125, 2.783203125, 3.025390625, 0.2281494140625, 3.27734375, 1.517578125, 1.353515625, 4.0234375, 4.31640625, 5.5546875, 0.6611328125, 0.77197265625, 0.040679931640625, 2.849609375, 2.61328125, 0.11865234375, 0.481689453125, 1.310546875, 0.16015625, 2.443359375, 1.650390625, 0.1922607421875, 0.32080078125, 0.0006499290466308594, 2.154296875, 0.12322998046875, 0.040374755859375, 0.008758544921875, 0.0213470458984375, 0.00782012939453125, 0.00045490264892578125, 6.461143493652344e-05, 0.055755615234375, 0.0308074951171875, 0.0008258819580078125, 0.0107269287109375, 0.00034356117248535156, 0.00238037109375, 0.002960205078125, 0.0030193328857421875, 0.010833740234375, 0.00243377685546875, 0.1265869140625, 0.0025177001953125, 0.00020933151245117188, 0.24169921875, 0.0228118896484375, 0.050018310546875, 0.007488250732421875, 0.009674072265625, 0.025177001953125, 0.003032684326171875, 0.00519561767578125, 0.0004317760467529297, 0.1685791015625, 0.052276611328125, 0.00017189979553222656, 0.01861572265625, 0.039093017578125, 0.0003292560577392578, 0.01154327392578125, 0.035797119140625, 0.048858642578125, 0.020172119140625, 0.0104522705078125, 0.0287017822265625, 0.004970550537109375, 0.004329681396484375, 0.004192352294921875, 0.02862548828125, 0.04730224609375, 0.00612640380859375, 0.00868988037109375, 0.00502777099609375, 0.042236328125, 1.3955078125, 0.360107421875, 0.039581298828125, 0.2008056640625, 0.052734375, 0.026397705078125, 0.00482940673828125, 0.0017986297607421875, 0.0027484893798828125, 0.0007147789001464844, 0.0040283203125, 0.00032210350036621094, 0.00743865966796875, 0.002170562744140625, 0.003551483154296875, 0.0009217262268066406, 0.0190277099609375, 0.001522064208984375, 0.0005474090576171875, 0.00021374225616455078, 0.01357269287109375, 0.0010538101196289062, 0.0078277587890625, 0.047149658203125, 0.00650787353515625, 0.005001068115234375, 0.002628326416015625, 0.0017757415771484375, 0.01386260986328125, 0.00225067138671875, 0.0020999908447265625, 0.001384735107421875, 0.000682830810546875, 9.47713851928711e-05, 0.0001659393310546875, 0.002582550048828125, 6.198883056640625e-06, 5.91278076171875e-05, 0.0007605552673339844, 0.10040283203125, 0.0006575584411621094, 0.00021076202392578125, 0.049835205078125, 0.0030994415283203125, 0.0013952255249023438, 0.0006208419799804688, 1.1682510375976562e-05, 5.245208740234375e-06, 0.01354217529296875, 0.0002760887145996094, 0.0008497238159179688, 0.00411224365234375, 0.05328369140625, 1.443359375, 2.14453125, 0.0208892822265625, 0.002593994140625, 0.0025615692138671875, 0.0005340576171875, 0.0014390945434570312, 0.004642486572265625, 0.0003750324249267578, 0.0020275115966796875, 0.00107574462890625, 0.00027298927307128906, 0.0005078315734863281, 0.00020313262939453125, 0.007137298583984375, 0.06781005859375, 0.002471923828125, 0.0002911090850830078, 0.0018520355224609375, 0.053131103515625, 0.02996826171875, 0.1727294921875, 0.14501953125, 0.0193328857421875, 0.0014972686767578125, 0.00281524658203125, 0.0288543701171875, 0.1109619140625, 0.058135986328125, 0.00023663043975830078, 0.0005960464477539062, 0.002544403076171875, 9.119510650634766e-05, 6.318092346191406e-06, 1.1920928955078125e-07, 0.0001227855682373047, 2.6464462280273438e-05, 0.1307373046875, 0.05401611328125, 1.0693359375, 0.69873046875, 1.0556640625, 2.07421875, 4.74609375, 1.158203125, 0.64990234375, 0.89404296875, 0.55078125, 2.3046875, 0.50390625, 9.3984375, 7.27734375, 3.306640625, 11.5625, 0.5380859375, 6.8203125, 12.3203125, 1.9130859375, 9.203125, 0.0059661865234375, 4.3046875, 4.3203125, 0.0009350776672363281, 5.57421875, 0.18212890625, 7.91015625, 10.5, 1.88671875, 0.11065673828125, 0.379638671875, 6.43359375, 0.0888671875, 1.830078125, 0.00603485107421875, 0.2281494140625, 0.035858154296875, 0.003513336181640625, 4.50390625, 1.6015625, 13.828125, 0.09124755859375, 4.0703125, 7.671875, 1.8701171875, 2.978515625, 3.0078125, 2.541015625, 4.97265625, 2.7578125, 0.62548828125, 0.0452880859375, 11.0859375, 1.2685546875, 12.0625, 0.258056640625, 4.3671875, 0.0130615234375, 0.07867431640625, 0.0266876220703125, 0.0018138885498046875, 2.369140625, 8.046875, 1.5595703125, 0.8359375, 1.66796875, 1.6181640625, 2.833984375, 5.3515625, 1.09765625, 0.1419677734375, 1.58984375, 0.6015625, 4.05859375, 1.4404296875, 3.384765625, 0.0178985595703125, 2.619140625, 0.1734619140625, 0.546875, 2.5625, 0.144287109375, 0.1903076171875, 0.00665283203125, 1.892578125, 6.99609375, 0.33447265625, 0.03656005859375, 0.1668701171875, 0.380615234375, 0.043792724609375, 0.0246734619140625, 0.00742340087890625, 0.333740234375, 7.4140625, 1.076171875, 0.014862060546875, 0.1260986328125, 0.46435546875, 0.0214691162109375, 19.03125, 5.0234375, 0.0167999267578125, 0.2259521484375, 7.51953125, 2.6015625, 6.34765625, 0.95947265625, 3.8203125, 3.376953125, 4.19140625, 0.06689453125, 3.791015625, 0.483154296875, 2.802734375, 2.42578125, 0.048858642578125, 2.21484375, 0.4111328125, 1.923828125, 5.0, 7.07421875, 0.048614501953125, 2.669921875, 0.0039520263671875, 0.1322021484375, 0.095703125, 0.002696990966796875, 0.373046875, 7.55859375, 0.56494140625, 6.8671875, 7.13671875, 2.65625, 0.33740234375, 1.7666015625, 4.74609375, 4.359375, 2.5, 8.75, 3.87109375, 4.859375, 4.21484375, 11.3203125, 11.15625, 3.001953125, 0.2069091796875, 0.22265625, 5.1171875, 4.671875, 3.302734375, 7.734375, 0.005222320556640625, 0.421875, 7.2421875, 3.271484375, 0.88330078125, 0.6064453125, 5.55078125, 0.873046875, 5.58203125, 8.6328125, 3.876953125, 6.6875]",-1.9689020651358144
9,1,test,2.8393741357633924,1.3126228685526133,1.7709359283477342,6.134450293315971,2.835913604897621,3.826096141492018,17.105056743089182,12.501858798897947,14.194226907454983,36.95536950667416,27.01018876305112,30.666539614871876,3.0566759972117055,1.3537745471955593,1.889910517321452,5.713413078900384,2.530419714384223,3.532543023030752,21.25678199614337,15.766929156395069,18.045194121317607,39.73230279652966,29.47089561943003,33.72933480620113,2.819687462171982,1.2683407400212974,1.7549251400993917,6.174498092347406,2.7773884817984613,3.842901766641004,16.771608090964964,12.053788592694628,13.871458490373948,36.72614910430284,26.39515750225101,30.37545654826412,0.6582914572864322,0.003291457286432209,0.003291457286432209,0.5175879396984925,-0.002412060301507535,0.0025879396984924696,0.39698492462311563,-0.008015075376884395,-0.018015075376884404,0.35243553008595985,0.072034957839894,0.1295616297927047,0.3275862068965517,0.3919597989949749,0.086195387967406,0.15155913121534215,0.38383838383838387,0.3812709030100334,0.08243951736729549,0.14656567497888773,0.3422818791946308,23.0,0.0,0.0,36.0,2.0,3.0,41.0,-2.0,0.0,0.0005055736143055445,6.108988523466511e-05,0.00031641046261445736,-0.004358042442851762,-0.004328125659300852,-0.004038346285822669,"[4.80859375, 9.4296875, 3.01171875, 5.30078125, 1.6708984375, 1.96875, 0.68017578125, 3.708984375, 0.83935546875, 0.8994140625, 7.8515625, 1.091796875, 2.794921875, 0.75732421875, 1.1787109375, 1.158203125, 0.07818603515625, 0.09027099609375, 6.10546875, 7.08203125, 0.296142578125, 0.90625, 0.1419677734375, 1.677734375, 0.054473876953125, 2.30859375, 0.1510009765625, 1.662109375, 2.8125, 9.1640625, 2.8828125, 2.11328125, 4.68359375, 9.15625, 4.25, 0.058807373046875, 4.95703125, 2.46484375, 6.59375, 8.171875, 3.1953125, 6.359375, 1.2041015625, 0.64599609375, 0.036895751953125, 2.57421875, 6.56640625, 4.91796875, 0.7470703125, 3.75390625, 1.4853515625, 7.25, 0.517578125, 1.6298828125, 5.07421875, 2.54296875, 1.6025390625, 3.818359375, 0.0274200439453125, 0.2476806640625, 4.14453125, 8.328125, 0.408935546875, 0.031494140625, 4.234375, 7.296875, 4.31640625, 7.44921875, 4.09765625, 2.25, 1.6865234375, 2.744140625, 3.119140625, 6.55859375, 4.4609375, 12.2734375, 0.061065673828125, 0.60986328125, 0.85107421875, 0.94580078125, 0.08416748046875, 0.0147705078125, 2.0234375, 8.5546875, 9.28125, 1.162109375, 4.0859375, 0.029937744140625, 0.322265625, 1.65625, 0.057891845703125, 0.55517578125, 0.908203125, 1.8779296875, 0.1483154296875, 5.1171875, 0.541015625, 12.3828125, 4.640625, 3.083984375, 1.978515625, 9.4609375, 10.46875, 3.1328125, 4.6796875, 0.59033203125, 4.6328125, 6.3046875, 2.515625, 10.546875, 0.81787109375, 1.4892578125, 0.324951171875, 8.6015625, 5.49609375, 1.1083984375, 0.876953125, 0.78662109375, 1.720703125, 1.931640625, 0.8916015625, 5.58984375, 0.054718017578125, 0.28759765625, 1.345703125, 2.978515625, 0.0109100341796875, 3.23828125, 0.294677734375, 2.60546875, 4.85546875, 0.0740966796875, 0.137451171875, 7.765625, 1.1689453125, 1.580078125, 1.73828125, 9.765625, 0.33349609375, 3.521484375, 2.77734375, 4.8046875, 1.791015625, 0.06683349609375, 8.2734375, 4.16015625, 0.7744140625, 0.344970703125, 9.609375, 2.1484375, 3.66796875, 3.470703125, 0.6181640625, 7.6796875, 0.1376953125, 0.266357421875, 0.1429443359375, 6.98046875, 3.853515625, 6.22265625, 0.52099609375, 0.1917724609375, 0.334228515625, 8.609375, 1.5087890625, 2.66015625, 7.6640625, 3.615234375, 1.4873046875, 4.40625, 2.07421875, 4.01953125, 0.151611328125, 0.053070068359375, 3.478515625, 0.56884765625, 2.080078125, 3.876953125, 0.7734375, 0.003986358642578125, 1.275390625, 9.46875, 4.140625, 7.0390625, 0.000492095947265625, 0.061187744140625, 3.541015625, 0.3330078125, 0.70263671875, 1.6298828125, 7.75, 0.169677734375, 7.078125, 0.5498046875, 3.39453125, 1.763671875, 2.966796875, 0.0421142578125, 2.912109375, 6.359375, 0.771484375, 0.09686279296875, 4.1640625, 1.06640625, 2.748046875, 4.61328125, 4.703125, 1.654296875, 1.3115234375, 1.8515625, 0.07025146484375, 0.1783447265625, 0.9677734375, 9.4375, 2.322265625, 0.2744140625, 0.0135498046875, 2.31640625, 1.4775390625, 1.984375, 0.0272369384765625, 0.12164306640625, 4.77734375, 1.712890625, 4.53125, 0.71728515625, 1.1865234375, 4.3125, 3.390625, 0.81103515625, 0.11273193359375, 2.01953125, 0.75439453125, 0.39111328125, 0.32763671875, 2.333984375, 0.060546875, 6.90625, 2.37109375, 0.62255859375, 2.09375, 1.201171875, 15.1796875, 0.65771484375, 2.615234375, 0.0548095703125, 4.93359375, 0.283203125, 0.38671875, 8.8046875, 0.6123046875, 3.923828125, 1.935546875, 0.1365966796875, 1.8955078125, 4.07421875, 0.08721923828125, 1.490234375, 3.90625, 1.9375, 0.054107666015625, 2.29296875, 0.7353515625, 2.62890625, 0.00896453857421875, 0.2227783203125, 0.269775390625, 6.37890625, 8.1015625, 2.10546875, 1.2021484375, 2.08203125, 0.020751953125, 0.371826171875, 0.595703125, 1.0224609375, 0.01715087890625, 1.8212890625, 7.34765625, 0.10772705078125, 0.17724609375, 4.6328125, 0.498291015625, 1.23046875, 1.4189453125, 0.05267333984375, 1.533203125, 0.13525390625, 1.0107421875, 0.06317138671875, 0.7822265625, 0.030426025390625, 5.3125, 2.515625, 11.1015625, 7.5390625, 6.640625, 8.2109375, 1.1767578125, 5.0546875, 0.449951171875, 1.0361328125, 7.557868957519531e-05, 7.796875, 1.806640625, 19.015625, 0.0428466796875, 2.193359375, 0.26513671875, 4.72265625, 0.63525390625, 9.78125, 1.4482421875, 0.6962890625, 3.5703125, 0.0111541748046875, 9.0703125, 0.66845703125, 0.07830810546875, 0.50830078125, 10.7109375, 0.2142333984375, 7.2890625, 2.05859375, 1.671875, 2.26171875, 0.32763671875, 2.189453125, 2.591796875, 9.921875, 1.8212890625, 7.5859375, 0.50341796875, 0.8525390625, 9.875, 6.16015625, 0.77587890625, 1.1171875, 0.04083251953125, 0.0556640625, 0.955078125, 9.46875, 0.0016469955444335938, 0.0013589859008789062, 1.0048828125, 0.1514892578125, 0.154541015625, 0.77392578125, 0.024078369140625]",-1.519834924905553
266,1,test,3.530538532591086,1.6158024117613006,1.8787302891313489,9.196312944174386,4.208826641414166,4.893698657318184,34.142349432611816,27.357201331116542,28.925945600334536,88.93366468973737,71.25977592236944,75.34602596494327,3.650484593070332,1.6192179420123742,2.236662146548121,8.391918604759384,3.7223400965801714,5.1417520610301635,38.49331512382408,30.869578263883902,34.3816731878987,88.49037959499789,70.96454773306644,79.03832916758321,3.543991522645472,1.6493796015897848,2.2466637310220072,9.165495317186565,4.265636900663236,5.810337235401743,34.6047696128456,27.954802421284974,30.945264981510043,89.49509382632483,72.29690281366803,80.03085771080184,0.6834170854271358,-0.0015829145728643024,-0.0015829145728643024,0.5678391959798995,0.012839195979899576,-0.0021608040201005485,0.4974874371859297,0.0024874371859296973,-0.002512562814070307,0.4124423963133641,0.10289118802797859,0.13482753805334458,0.37644341801385683,0.4321608040201005,0.13391518998501273,0.19509903440407372,0.38888888888888884,0.4280936454849499,0.11924556535139397,0.1956131115583648,0.37248322147651003,20.0,0.0,-2.0,29.0,0.0,-4.0,41.0,1.0,-1.0,0.0005224888658239708,0.00044949404360155226,0.00013993831068416032,-0.004693701200128686,-0.0031880431708248835,-0.0042482705999100645,"[6.19140625, 7.6640625, 0.638671875, 7.58984375, 3.744140625, 2.962890625, 9.046875, 4.27734375, 1.0986328125, 1.61328125, 12.6171875, 9.2734375, 1.1171875, 2.34765625, 15.046875, 6.625, 8.234375, 7.58984375, 2.484375, 8.484375, 4.30859375, 2.06640625, 1.1337890625, 3.810546875, 5.078125, 3.3984375, 1.01953125, 2.697265625, 2.666015625, 5.38671875, 0.63037109375, 5.703125, 4.8359375, 0.01007080078125, 0.98193359375, 5.0078125, 0.06988525390625, 8.84375, 4.484375, 5.61328125, 8.046875, 3.490234375, 11.5234375, 1.8408203125, 1.47265625, 6.30859375, 6.95703125, 8.890625, 2.359375, 6.1640625, 0.80517578125, 2.724609375, 0.3203125, 4.07421875, 0.322021484375, 3.37890625, 0.23583984375, 0.1396484375, 0.03021240234375, 4.734375, 0.1427001953125, 2.619140625, 0.1771240234375, 0.1201171875, 0.0162811279296875, 4.109375, 0.060699462890625, 4.3515625, 0.0440673828125, 0.1002197265625, 0.018585205078125, 4.515625, 0.048492431640625, 2.77734375, 0.03143310546875, 4.078125, 0.80908203125, 4.73828125, 1.560546875, 0.0999755859375, 0.44873046875, 10.2734375, 6.52734375, 9.90625, 1.1689453125, 0.1251220703125, 11.9609375, 0.10675048828125, 0.365966796875, 8.6875, 12.9921875, 10.4140625, 3.65625, 1.107421875, 4.37890625, 0.302001953125, 8.6171875, 5.5703125, 8.953125, 1.8955078125, 3.646484375, 3.486328125, 1.8017578125, 0.271484375, 0.4921875, 0.439697265625, 2.12109375, 1.1640625, 0.029815673828125, 0.282958984375, 10.671875, 0.34619140625, 5.16796875, 3.283203125, 9.515625, 2.576171875, 9.5859375, 3.693359375, 0.28662109375, 0.1859130859375, 0.99853515625, 1.99609375, 1.107421875, 1.2119140625, 0.06951904296875, 2.4375, 0.1019287109375, 11.1015625, 8.234375, 5.98828125, 1.908203125, 4.3203125, 4.66015625, 1.5625, 0.6865234375, 5.05859375, 7.19921875, 6.84375, 6.8828125, 4.0078125, 4.40234375, 0.0802001953125, 0.29931640625, 0.13623046875, 8.2109375, 0.8349609375, 8.4765625, 1.369140625, 3.00390625, 5.7734375, 0.05780029296875, 7.48828125, 7.3046875, 6.48046875, 5.8828125, 3.748046875, 0.57861328125, 0.76220703125, 3.3828125, 0.79150390625, 3.98046875, 1.7783203125, 0.63671875, 0.142822265625, 1.919921875, 0.137451171875, 0.338134765625, 1.30078125, 3.083984375, 4.86328125, 5.1640625, 0.66845703125, 0.0638427734375, 0.40966796875, 1.0087890625, 0.26953125, 0.0162506103515625, 0.1405029296875, 0.8388671875, 10.90625, 4.8125, 0.87744140625, 0.52880859375, 0.07818603515625, 4.0859375, 4.9375, 3.787109375, 3.5625, 6.26171875, 0.5498046875, 8.2578125, 10.46875, 7.1171875, 6.0390625, 3.63671875, 2.267578125, 12.625, 7.75390625, 4.55859375, 2.06640625, 5.24609375, 2.421875, 4.265625, 9.3125, 0.8662109375, 2.29296875, 1.2724609375, 8.6015625, 0.1455078125, 0.7763671875, 8.984375, 3.84375, 4.2265625, 7.875, 3.87890625, 2.103515625, 9.859375, 6.8984375, 3.96875, 3.69921875, 8.8515625, 4.75390625, 2.1875, 10.4921875, 5.8984375, 7.94921875, 6.12109375, 0.8857421875, 4.328125, 0.0511474609375, 7.39453125, 4.421875, 0.270263671875, 1.1826171875, 8.453125, 0.3896484375, 0.73974609375, 2.359375, 0.048919677734375, 0.1917724609375, 1.8076171875, 6.5625, 10.9609375, 2.658203125, 2.064453125, 1.0400390625, 3.2265625, 3.595703125, 0.7548828125, 0.1451416015625, 3.837890625, 1.9609375, 0.2310791015625, 0.0261383056640625, 2.8515625, 2.95703125, 4.6875, 10.6484375, 12.0078125, 8.9140625, 3.251953125, 6.80078125, 2.076171875, 6.8125, 2.248046875, 9.703125, 0.435791015625, 1.111328125, 0.28662109375, 6.87890625, 1.380859375, 0.09613037109375, 2.42578125, 0.65673828125, 0.343505859375, 0.049102783203125, 3.419921875, 1.6259765625, 0.1956787109375, 0.027557373046875, 0.712890625, 4.3828125, 2.83203125, 0.318603515625, 0.012786865234375, 0.97119140625, 0.38623046875, 0.2257080078125, 0.01180267333984375, 1.48046875, 2.171875, 2.232421875, 0.01180267333984375, 1.5068359375, 1.654296875, 2.49609375, 0.88720703125, 4.046875, 0.0153656005859375, 0.316650390625, 5.96484375, 8.09375, 2.51171875, 4.00390625, 9.75, 9.546875, 3.697265625, 2.041015625, 4.99609375, 4.63671875, 6.24609375, 0.845703125, 3.166015625, 0.247802734375, 5.05078125, 0.7109375, 0.197509765625, 2.234375, 7.62890625, 8.25, 7.9375, 10.96875, 4.39453125, 1.740234375, 2.57421875, 11.2890625, 2.484375, 2.267578125, 0.515625, 0.1339111328125, 0.34326171875, 4.16015625, 0.05133056640625, 0.63671875, 2.482421875, 3.01171875, 0.60888671875, 2.294921875, 3.22265625, 8.6875, 2.982421875, 11.1953125, 5.296875, 5.4296875, 2.314453125, 0.4912109375, 1.26171875, 1.0166015625, 1.22265625, 2.65625, 8.6875, 1.43359375, 0.1787109375, 6.36328125, 0.388916015625, 0.047637939453125, 2.802734375, 0.341552734375, 0.444091796875, 9.3828125, 0.82861328125, 0.364013671875, 3.546875, 10.9375, 0.434326171875, 3.32421875, 5.59765625, 5.58984375, 3.17578125, 0.2437744140625, 0.12481689453125, 0.419189453125, 0.7099609375, 5.6171875, 1.8486328125, 0.11480712890625, 0.08721923828125, 0.3134765625, 0.3486328125, 0.36669921875, 7.0078125, 1.611328125, 0.962890625, 5.625, 1.2333984375, 1.482421875, 14.7890625, 1.908203125, 0.669921875, 3.326171875, 0.88525390625, 3.337890625, 0.0167694091796875, 0.320556640625, 4.9375, 1.70703125, 1.2841796875, 6.625, 7.078125, 5.06640625, 0.43994140625, 3.056640625, 3.09765625, 1.0908203125, 3.310546875, 2.974609375, 8.9453125, 2.365234375, 0.69970703125, 1.671875, 8.3359375, 3.333984375, 0.486328125, 4.63671875, 5.78515625, 2.623046875, 4.72265625, 4.7109375, 2.8515625, 2.837890625, 5.5546875, 0.448486328125, 3.09765625, 8.09375, 0.68359375, 0.70556640625, 4.05859375, 9.796875, 7.3359375, 3.62890625, 7.80078125, 3.970703125, 8.953125, 3.248046875]",-1.1490540768144317
261,1,test,1.5756608311031528,0.6803047554683936,0.7418760553365769,5.059264709392436,2.1843798951094,2.3820782184956752,4.833934977442195,2.3857275961680875,2.531920093889311,15.521206186072897,7.660295410825423,8.129702614392889,2.121438494878798,0.9108181486541014,1.2512534283356391,4.159683323291761,1.785917938537454,2.4534380947757635,8.343130410108987,4.987564790622921,5.955777778366297,16.359079235507817,9.77953880514298,11.677995643855485,2.0243763209984054,0.86343184385183,1.2167359104945046,4.566262378191891,1.9475906252296915,2.7445170913409873,7.57138735648141,4.37843983806942,5.328777257000938,17.078317345446788,9.876180085870871,12.019798324062265,0.5025125628140703,-0.0024874371859296973,-0.012487437185929706,0.3417085427135679,-0.008291457286432102,-0.013291457286432107,0.27638190954773867,-0.008618090452261362,-0.008618090452261362,0.3121019108280255,0.0692599171906978,0.08238539078892482,0.22765957446808516,0.33668341708542715,0.0685129910202642,0.11297724012382448,0.2525252525252525,0.34448160535117056,0.08070865042629582,0.13091097131335072,0.27181208053691275,18.0,0.0,0.0,28.0,2.0,2.0,35.0,3.0,3.0,0.0009478511007995499,0.0006558226560250258,0.0007190601228482126,-0.10951667523690478,-0.10463339932360505,-0.11990032595334821,"[6.2109375, 7.1953125, 4.2265625, 7.19140625, 0.2880859375, 1.990234375, 1.814453125, 11.3671875, 4.6953125, 10.8671875, 6.44140625, 1.0810546875, 4.70703125, 4.06640625, 3.267578125, 3.56640625, 4.0390625, 4.58203125, 6.9375, 1.3271484375, 3.818359375, 3.431640625, 6.76953125, 2.59765625, 5.890625, 5.01171875, 8.0078125, 5.171875, 3.484375, 3.27734375, 7.39453125, 1.4736328125, 1.287109375, 1.4462890625, 0.0220794677734375, 0.0004048347473144531, 0.001171112060546875, 0.002513885498046875, 0.00421905517578125, 0.013275146484375, 0.0806884765625, 0.04364013671875, 0.008575439453125, 0.0014905929565429688, 0.0007700920104980469, 0.004505157470703125, 0.001529693603515625, 0.0009307861328125, 0.00040650367736816406, 0.00027060508728027344, 0.00670623779296875, 0.0037479400634765625, 0.00012040138244628906, 0.019622802734375, 0.004547119140625, 0.00301361083984375, 0.0017604827880859375, 0.01187896728515625, 0.01103973388671875, 0.002941131591796875, 0.0148162841796875, 0.0012884140014648438, 0.005718231201171875, 0.00251007080078125, 1.6884765625, 1.353515625, 0.91748046875, 3.9296875, 1.0830078125, 2.107421875, 1.892578125, 0.10479736328125, 0.029571533203125, 0.1044921875, 1.6064453125, 12.171875, 9.140625, 4.26171875, 0.0224456787109375, 1.8330078125, 2.7734375, 0.378173828125, 0.9677734375, 3.51171875, 0.061767578125, 0.02264404296875, 0.7080078125, 3.162109375, 0.8427734375, 0.021484375, 0.7353515625, 0.556640625, 1.7373046875, 1.0458984375, 2.21484375, 0.869140625, 0.019561767578125, 2.26171875, 0.131591796875, 0.028961181640625, 0.732421875, 2.560546875, 2.173828125, 1.458984375, 1.4521484375, 1.9169921875, 0.00818634033203125, 5.37109375, 2.515625, 0.11895751953125, 0.033233642578125, 1.328125, 5.10546875, 1.19140625, 3.765625, 5.3046875, 2.900390625, 7.57421875, 7.08203125, 5.81640625, 6.92578125, 10.5546875, 0.45947265625, 11.2578125, 5.79296875, 4.89453125, 1.0439453125, 2.384765625, 1.2705078125, 0.0992431640625, 6.67578125, 1.5595703125, 0.346435546875, 0.16259765625, 0.125, 0.4970703125, 0.3916015625, 0.331787109375, 1.205078125, 0.330322265625, 3.662109375, 1.5771484375, 0.1380615234375, 0.05670166015625, 0.04620361328125, 1.33984375, 3.2734375, 7.47265625, 2.12109375, 0.455078125, 0.07550048828125, 3.419921875, 5.15234375, 8.53125, 6.2421875, 1.8837890625, 0.09722900390625, 2.06640625, 0.008514404296875, 0.0196685791015625, 0.09228515625, 1.041015625, 0.453857421875, 0.049468994140625, 0.471923828125, 1.1259765625, 0.30126953125, 0.69140625, 3.1953125, 1.44140625, 5.0234375, 0.0033740997314453125, 4.28515625, 0.0002567768096923828, 0.056365966796875, 2.384765625, 0.98046875, 0.71142578125, 0.98095703125, 0.01148223876953125, 3.5390625, 0.0899658203125, 0.51171875, 0.297607421875, 0.41015625, 0.484375, 0.74560546875, 0.0005559921264648438, 1.1728515625, 0.2242431640625, 0.295166015625, 1.3779296875, 0.654296875, 0.000591278076171875, 6.2109375, 0.1544189453125, 3.33203125, 0.78564453125, 0.434814453125, 2.142578125, 0.419677734375, 7.80078125, 3.1875, 1.080078125, 0.83251953125, 0.261962890625, 0.1673583984375, 1.025390625, 0.002277374267578125, 4.328125, 2.97265625, 2.525390625, 0.0014734268188476562, 0.70556640625, 0.1990966796875, 0.02490234375, 0.390380859375, 0.63134765625, 7.12890625, 6.44921875, 4.27734375, 1.0810546875, 0.787109375, 0.00667572021484375, 1.591796875, 0.0015888214111328125, 0.0014820098876953125, 3.8515625, 0.176025390625, 0.8173828125, 0.0711669921875, 0.1729736328125, 0.37939453125, 0.00040459632873535156, 2.583984375, 2.05859375, 7.07421875, 0.00836944580078125, 2.033203125, 2.5390625, 0.484375, 0.60205078125, 0.0819091796875, 0.71240234375, 1.1064453125, 3.232421875, 0.0960693359375, 3.34765625, 1.7392578125, 0.1416015625, 0.00933074951171875, 0.0174560546875, 3.16796875, 9.421875, 0.09368896484375, 0.0018129348754882812, 0.146728515625, 1.953125, 0.10009765625, 5.65234375, 2.474609375, 0.9814453125, 0.387451171875, 1.337890625, 0.5498046875, 2.576171875, 1.6552734375, 1.1142578125, 0.387939453125, 5.80078125, 5.03515625, 4.57421875, 3.970703125, 0.07635498046875, 0.07635498046875, 0.043212890625, 3.14453125, 0.0469970703125, 3.865234375, 1.3720703125, 0.1011962890625, 5.71484375, 7.0078125, 0.036865234375, 0.093017578125, 0.183837890625, 0.1326904296875, 2.4453125, 0.444580078125, 6.13671875, 0.00647735595703125, 0.001712799072265625, 0.01174163818359375, 3.537109375, 0.01441192626953125, 6.54296875, 2.853515625, 5.08203125, 0.0263824462890625, 1.900390625, 1.19140625, 3.73046875, 1.33984375, 5.296875, 1.765625, 0.1993408203125, 1.51171875, 0.15673828125, 3.412109375, 0.3173828125, 0.56640625, 0.00412750244140625, 0.1910400390625, 1.5576171875, 1.06640625, 0.1253662109375, 0.1583251953125, 0.373291015625, 1.90234375, 0.55712890625, 0.1341552734375, 0.087158203125, 0.0562744140625, 0.01154327392578125, 0.00012993812561035156, 0.01236724853515625, 3.189453125, 1.57421875, 0.0260772705078125, 0.1676025390625, 0.73828125, 0.9716796875, 2.24609375, 1.3994140625, 0.03814697265625, 0.0528564453125, 0.05560302734375, 0.32568359375, 0.2041015625, 2.43359375, 1.0888671875, 0.034881591796875, 4.40625, 0.15966796875, 4.0234375, 1.939453125, 1.36328125, 1.359375, 0.010711669921875, 6.46484375, 0.373291015625, 0.00829315185546875, 0.262939453125, 0.184326171875, 0.038177490234375, 0.05340576171875, 0.5595703125, 3.681640625, 0.06488037109375, 0.34423828125, 0.02752685546875, 0.007965087890625, 0.006992340087890625, 0.3330078125, 0.1883544921875, 1.23046875, 0.5146484375, 0.0297393798828125, 0.2052001953125, 0.00276947021484375, 3.291015625, 0.2822265625, 1.6162109375, 0.0013742446899414062, 3.44140625, 0.00057220458984375, 7.021427154541016e-05, 7.74609375, 0.109130859375, 0.2374267578125, 0.1796875, 0.010528564453125, 2.912109375, 0.000934600830078125, 0.5693359375, 2.330078125, 0.90673828125, 0.15771484375, 0.032623291015625, 0.051361083984375, 0.51220703125, 0.24658203125, 0.003940582275390625, 0.0537109375, 0.0161285400390625, 0.0030612945556640625, 0.00756072998046875, 0.135009765625, 3.078125, 0.08209228515625, 0.0309906005859375, 0.059112548828125, 3.642578125, 0.93310546875, 0.2337646484375, 1.3369140625, 0.0099639892578125, 1.3642578125, 0.7978515625, 0.06011962890625, 0.06707763671875, 2.87109375, 0.0005559921264648438, 0.260986328125, 0.00048732757568359375, 0.00019156932830810547, 2.251953125, 0.004940032958984375, 0.9130859375, 0.0222015380859375, 0.1370849609375, 0.339111328125, 0.460693359375, 0.001312255859375, 0.049072265625, 0.004230499267578125, 0.0009064674377441406, 0.392822265625, 0.0035533905029296875, 0.301025390625, 0.09619140625, 0.13623046875, 1.3642578125, 0.041107177734375, 5.1015625, 1.064453125, 0.54931640625, 1.2802734375, 0.052459716796875, 2.3125, 0.387451171875, 3.890625, 0.0240631103515625, 0.012664794921875, 0.0283966064453125, 0.00688934326171875, 0.197998046875, 0.200439453125, 0.0265045166015625, 0.2276611328125, 0.0413818359375, 0.033294677734375, 0.043487548828125, 0.01861572265625, 0.005634307861328125, 0.0299835205078125, 0.23876953125, 0.0240936279296875, 0.06341552734375, 0.162841796875, 0.035125732421875, 0.060699462890625, 0.0036525726318359375, 0.062744140625, 0.007015228271484375, 0.005786895751953125, 0.0165252685546875, 0.054840087890625, 0.0044403076171875, 0.014434814453125, 0.0017442703247070312]",-1.8014906581546597
199,1,test,2.243217362443062,0.992161405577759,1.312752744658873,5.22941117614115,2.3129367798819094,3.0603025767206846,9.423601708087679,5.929571152387959,6.887914678827492,21.9683963385993,13.823076699197408,16.05717689459148,2.4672792904341043,1.0374993046405532,1.4524835130384133,4.744767866219431,1.9951909704626019,2.793237525073871,11.790325124164857,7.612545204298146,9.03152519362953,22.673702161855495,14.639510008265667,17.36831768005679,2.276050587561617,0.9752702798921444,1.3788078116806313,4.808557579355528,2.0604301687862203,2.912974250029503,9.738144413673997,6.065983448352041,7.285313638823394,20.573544535930978,12.815457989476144,15.391507687655057,0.5276381909547738,-0.002361809045226204,-0.017361809045226106,0.38190954773869346,0.0019095477386934512,-0.013090452261306562,0.3316582914572864,0.02165829145728637,0.011658291457286474,0.33698630136986296,0.07570039165714071,0.11215736686350908,0.33241758241758246,0.3417085427135679,0.08857571063336733,0.11967181483376821,0.3484848484848485,0.33444816053511706,0.08069190010106031,0.1264392617586988,0.33221476510067116,22.0,1.0,1.0,29.0,2.0,2.0,39.0,5.0,6.0,-6.923277623342823e-05,0.0004251447401107414,0.00014013881747264935,-0.048371075758606,-0.04966216621354036,-0.045613685621193945,"[5.203125, 4.98828125, 4.92578125, 5.28125, 1.671875, 6.04296875, 0.326171875, 0.00604248046875, 0.01763916015625, 0.33447265625, 0.99365234375, 2.154296875, 0.1134033203125, 0.11260986328125, 1.1064453125, 0.060821533203125, 0.2218017578125, 0.18212890625, 0.021087646484375, 0.0758056640625, 0.07330322265625, 0.0176544189453125, 0.0016717910766601562, 0.75927734375, 0.01367950439453125, 0.0214691162109375, 0.01715087890625, 0.0654296875, 0.01934814453125, 0.12005615234375, 0.0159454345703125, 0.0026416778564453125, 0.00969696044921875, 0.07000732421875, 0.0833740234375, 0.05609130859375, 0.1737060546875, 1.8330078125, 5.3515625, 8.3125, 5.01171875, 8.75, 6.82421875, 0.33642578125, 6.875, 0.9794921875, 4.5, 1.5546875, 0.04083251953125, 10.1953125, 0.9306640625, 5.78125, 2.318359375, 0.54296875, 0.50927734375, 1.1982421875, 0.5966796875, 0.44677734375, 2.1171875, 2.4296875, 1.53515625, 9.8359375, 1.7021484375, 0.0262603759765625, 0.0338134765625, 1.2373046875, 9.3984375, 1.9677734375, 7.05078125, 1.7587890625, 7.078125, 0.72705078125, 0.00444793701171875, 3.55078125, 0.026214599609375, 6.4453125, 8.46875, 4.8203125, 8.7421875, 2.2890625, 5.15625, 0.70068359375, 1.3017578125, 10.8515625, 8.765625, 2.10546875, 7.51953125, 8.03125, 5.1953125, 2.138671875, 3.734375, 0.60595703125, 0.0693359375, 11.0078125, 0.0885009765625, 1.09375, 0.149658203125, 0.564453125, 0.13330078125, 0.0036163330078125, 0.0214080810546875, 0.0899658203125, 3.185546875, 0.025482177734375, 0.055206298828125, 0.018890380859375, 0.029205322265625, 4.26171875, 0.439208984375, 1.3564453125, 0.07757568359375, 0.051025390625, 4.01953125, 0.023773193359375, 0.10699462890625, 0.81640625, 5.87109375, 4.80859375, 1.5732421875, 2.12890625, 3.30078125, 6.7578125, 5.109375, 5.640625, 3.345703125, 6.859375, 4.46484375, 3.798828125, 0.69970703125, 0.0005936622619628906, 8.7734375, 1.583984375, 2.6640625, 2.232421875, 4.8359375, 7.46484375, 4.6484375, 0.626953125, 7.2421875, 0.282958984375, 0.7158203125, 4.72265625, 2.181640625, 11.4140625, 1.453125, 0.352294921875, 0.270263671875, 0.1463623046875, 0.473876953125, 0.044952392578125, 9.234375, 0.0085601806640625, 0.572265625, 10.296875, 1.322265625, 5.78515625, 1.451171875, 3.015625, 1.5947265625, 0.9267578125, 0.054656982421875, 0.66357421875, 0.08123779296875, 0.01045989990234375, 0.302978515625, 0.8515625, 0.277099609375, 0.8974609375, 0.1761474609375, 0.15185546875, 3.287109375, 1.0712890625, 0.005550384521484375, 0.2247314453125, 0.05157470703125, 0.0293121337890625, 0.005588531494140625, 0.9931640625, 6.6171875, 1.20703125, 1.7802734375, 4.9921875, 2.513671875, 2.951171875, 5.234375, 4.45703125, 7.76953125, 1.2333984375, 0.239990234375, 0.00818634033203125, 1.53515625, 1.966796875, 2.98046875, 0.0013036727905273438, 0.38134765625, 7.1171875, 1.24609375, 0.4091796875, 5.79296875, 3.626953125, 1.0751953125, 0.55712890625, 0.2335205078125, 0.006221771240234375, 2.703125, 3.876953125, 6.734375, 0.5986328125, 8.96875, 0.355712890625, 5.10546875, 1.8916015625, 1.060546875, 2.94921875, 1.0869140625, 0.1243896484375, 0.0623779296875, 1.349609375, 4.51171875, 0.171142578125, 10.53125, 6.4296875, 0.218505859375, 1.9716796875, 0.71826171875, 0.0027256011962890625, 0.1256103515625, 0.81982421875, 1.4033203125, 2.607421875, 0.0318603515625, 0.463623046875, 0.01253509521484375, 0.02630615234375, 9.25, 7.03515625, 1.1875, 1.060546875, 5.45703125, 0.322509765625, 1.103515625, 0.002300262451171875, 0.06524658203125, 0.5947265625, 1.7392578125, 0.5419921875, 0.0007367134094238281, 2.177734375, 0.01442718505859375, 0.024169921875, 0.02117919921875, 0.00423431396484375, 0.00975799560546875, 0.0010356903076171875, 8.6484375, 0.164794921875, 3.318359375, 0.01483917236328125, 4.578125, 2.4765625, 0.0010271072387695312, 1.232421875, 3.6171875, 1.4658203125, 0.11297607421875, 0.09869384765625, 0.004512786865234375, 0.0008287429809570312, 3.521484375, 0.80224609375, 3.091796875, 0.0026092529296875, 0.880859375, 0.168701171875, 2.015625, 0.0008234977722167969, 2.462890625, 1.8740234375, 0.97265625, 0.049530029296875, 0.0286407470703125, 0.07257080078125, 2.300739288330078e-05, 1.80078125, 0.30419921875, 0.720703125, 3.513671875, 0.0295562744140625, 0.0716552734375, 0.1204833984375, 9.171875, 6.11328125, 3.837890625, 2.240234375, 1.8037109375, 5.44921875, 6.37890625, 2.94140625, 6.58203125, 5.06640625, 1.205078125, 0.0279998779296875, 0.0001996755599975586, 0.0011072158813476562, 0.64501953125, 0.0017995834350585938, 0.00858306884765625, 0.36181640625, 0.01898193359375, 7.45703125, 5.50390625, 0.2039794921875, 4.2421875, 4.50390625, 1.4130859375, 0.0075531005859375, 8.96875, 0.1585693359375, 0.8349609375, 0.64013671875, 1.7685546875, 5.94921875, 2.7109375, 5.78125, 2.818359375, 0.171142578125, 0.0021114349365234375, 2.513671875, 0.4228515625, 2.935546875, 1.7880859375, 5.234375, 0.336669921875, 4.20703125, 0.1192626953125, 1.7294921875, 0.25537109375, 0.344482421875, 0.001636505126953125, 3.36328125, 0.0936279296875, 0.370361328125, 2.44140625, 0.119384765625, 5.75390625, 1.4599609375, 1.873046875, 2.546875, 0.85595703125, 5.14453125, 0.65576171875, 0.32666015625, 0.008697509765625, 1.65234375, 3.75390625, 1.1806640625, 3.525390625, 4.0859375, 0.0007643699645996094, 6.8984375, 1.6455078125, 0.01068115234375, 1.2158203125, 0.0282745361328125, 0.060791015625]",-2.0732112989033737
94,1,test,1.4694770139473483,0.6611236209578012,0.9131033702134416,3.522576104356055,1.5848211622960058,2.1888577243414415,4.346961146429832,2.102751535082082,2.6026257111527284,10.420374946760873,5.040638431615203,6.2389183714157594,1.7031483009232948,0.7199519581251909,1.0171385875975396,3.0966332744059906,1.3090035602276198,1.8493428865409811,5.491208182178778,2.818221799364839,3.505432294195052,9.984014876688686,5.124039635208797,6.373513262172821,1.4536456376015143,0.6328104452666434,0.8795839494870553,3.3289594754233156,1.4491842258014738,2.014314388138295,4.278684650034648,2.006287716331795,2.503220843742,9.798514465728202,4.5945520221338825,5.732566817729772,0.40703517587939697,-0.022964824120603078,-0.032964824120602976,0.31155778894472363,0.0015577889447235815,0.0015577889447235815,0.2361809045226131,-0.013819095477386911,0.011180904522613111,0.3234421364985163,0.1101088031651829,0.1497007742082892,0.3214285714285714,0.3417085427135679,0.10862583594665054,0.1447135510608133,0.3737373737373737,0.3177257525083612,0.10236682095577354,0.13975022414351135,0.325503355704698,23.0,3.0,3.0,29.0,0.0,2.0,36.0,0.0,0.0,-0.0001996763087498747,0.00013737131794432856,-5.6528537630527396e-05,-0.17123602796525095,-0.1783195879554187,-0.1747333986827817,"[5.2109375, 4.0078125, 0.74462890625, 0.0965576171875, 5.85546875, 0.306640625, 1.1787109375, 1.32421875, 5.7265625, 0.1334228515625, 0.0009479522705078125, 0.01030731201171875, 0.1849365234375, 0.6591796875, 1.947265625, 0.0218963623046875, 0.09332275390625, 2.521484375, 0.0044708251953125, 0.01531219482421875, 0.00304412841796875, 0.0036144256591796875, 1.0967254638671875e-05, 0.00011324882507324219, 0.363525390625, 0.207275390625, 0.67333984375, 0.0011157989501953125, 0.04595947265625, 0.0975341796875, 0.0199127197265625, 0.179931640625, 0.004619598388671875, 0.0284271240234375, 0.004230499267578125, 0.00676727294921875, 0.01079559326171875, 0.16796875, 1.03125, 1.880859375, 7.328125, 0.1722412109375, 0.0001329183578491211, 0.33349609375, 0.40625, 0.7431640625, 0.05145263671875, 0.0015964508056640625, 0.69970703125, 2.638671875, 4.7326087951660156e-05, 0.9228515625, 0.00255584716796875, 0.53466796875, 0.0083160400390625, 0.0181884765625, 0.0199432373046875, 0.0084228515625, 1.3173828125, 0.08172607421875, 1.6748046875, 0.0112762451171875, 3.583984375, 0.032257080078125, 0.0262908935546875, 0.07183837890625, 6.52734375, 1.78125, 0.0012903213500976562, 0.019317626953125, 0.05401611328125, 1.0712890625, 0.00348663330078125, 0.0051116943359375, 0.00838470458984375, 0.0192413330078125, 7.62939453125e-05, 0.00116729736328125, 3.873046875, 3.146484375, 0.9794921875, 0.049407958984375, 1.9794921875, 0.35498046875, 0.0010986328125, 2.513671875, 1.9892578125, 7.70703125, 1.42578125, 3.337890625, 4.44140625, 0.2215576171875, 0.00417327880859375, 0.01378631591796875, 1.2275390625, 4.63671875, 6.98828125, 6.90234375, 1.369140625, 5.62890625, 5.1328125, 7.5625, 3.1875, 0.0169525146484375, 4.69921875, 1.8251953125, 0.0985107421875, 0.013153076171875, 0.0101318359375, 3.21875, 0.1829833984375, 0.69384765625, 0.0014295578002929688, 0.0284423828125, 0.0003521442413330078, 0.0897216796875, 3.111328125, 0.329345703125, 0.15478515625, 0.0274810791015625, 0.228271484375, 0.019805908203125, 0.0015354156494140625, 0.07830810546875, 2.107421875, 6.59375, 9.21875, 2.833984375, 1.9072265625, 0.11407470703125, 0.04150390625, 0.0298919677734375, 5.89453125, 0.68994140625, 0.70263671875, 4.17578125, 8.078125, 0.1494140625, 2.416015625, 0.0093231201171875, 0.9638671875, 4.265625, 3.919921875, 5.2109375, 2.689453125, 1.158203125, 3.248046875, 0.041534423828125, 0.0037384033203125, 0.939453125, 4.30078125, 3.796875, 3.134765625, 5.70703125, 4.1875, 0.01206207275390625, 0.0245208740234375, 0.003833770751953125, 7.625, 2.00390625, 1.6962890625, 0.045867919921875, 3.59375, 0.828125, 2.548828125, 5.08984375, 3.521484375, 1.7744140625, 5.5625, 0.09954833984375, 0.1839599609375, 1.5546875, 0.295654296875, 0.0372314453125, 0.0160675048828125, 1.470703125, 2.9453125, 6.20703125, 4.80078125, 7.40234375, 0.0731201171875, 7.09375, 7.546875, 2.896484375, 3.89453125, 0.019073486328125, 0.0258331298828125, 0.0012664794921875, 2.681640625, 0.232421875, 0.00373077392578125, 0.87255859375, 8.0546875, 1.599609375, 1.779296875, 0.0252685546875, 1.4052734375, 0.5458984375, 0.0286102294921875, 0.0197906494140625, 1.482421875, 0.052032470703125, 0.00260162353515625, 0.0021514892578125, 0.040374755859375, 0.0024356842041015625, 0.04644775390625, 0.841796875, 0.08282470703125, 0.00013649463653564453, 0.00640869140625, 0.0016002655029296875, 0.8955078125, 2.58203125, 1.5849609375, 0.650390625, 0.0153656005859375, 0.9091796875, 0.11932373046875, 0.00966644287109375, 0.1607666015625, 0.12060546875, 0.02978515625, 4.80078125, 0.35302734375, 0.364501953125, 0.0172271728515625, 0.0242462158203125, 0.0237579345703125, 0.11053466796875, 0.223876953125, 0.0921630859375, 0.00565338134765625, 0.09405517578125, 0.0023193359375, 0.0137786865234375, 2.037109375, 5.6328125, 0.0243682861328125, 0.344482421875, 1.306640625, 1.513671875, 0.00330352783203125, 0.003002166748046875, 0.0017137527465820312, 0.8349609375, 0.041656494140625, 0.5888671875, 0.328125, 0.0019893646240234375, 0.0222320556640625, 0.02978515625, 0.053985595703125, 0.9130859375, 0.005611419677734375, 3.849609375, 6.4765625, 3.40625, 0.0274658203125, 0.02679443359375, 0.00046515464782714844, 2.09375, 11.046875, 1.7802734375, 2.93359375, 1.005859375, 0.00617218017578125, 1.1943359375, 0.1654052734375, 0.006427764892578125, 0.00574493408203125, 0.34619140625, 0.0001615285873413086, 7.593631744384766e-05, 0.0009975433349609375, 0.00691986083984375, 0.52978515625, 0.1329345703125, 0.67041015625, 0.0006880760192871094, 0.00408935546875, 3.400390625, 3.755859375, 0.0025577545166015625, 0.06982421875, 0.49072265625, 4.953125, 1.8720703125, 3.068359375, 0.09027099609375, 2.47265625, 2.462890625, 3.3828125, 2.845703125, 0.0027103424072265625, 0.001007080078125, 0.0018701553344726562, 0.051910400390625, 0.053009033203125, 0.04962158203125, 0.454833984375, 0.08953857421875, 4.03515625, 5.1171875, 9.2265625, 2.060546875, 0.52490234375, 0.002666473388671875, 6.258487701416016e-05, 0.005138397216796875, 0.050262451171875, 4.64453125, 0.4951171875, 1.1318359375, 0.1583251953125, 0.002941131591796875, 0.00353240966796875, 0.032257080078125, 0.042388916015625, 3.09375, 8.84375, 4.6015625, 1.76953125, 2.73828125, 3.470703125, 0.0005631446838378906, 0.0019044876098632812, 5.65234375, 0.18408203125, 0.0033779144287109375, 0.0027923583984375, 1.052734375, 0.05108642578125, 0.1326904296875, 0.00783538818359375, 0.142822265625, 0.055633544921875]",-2.517850323317666
223,1,test,0.3410152938149192,0.039094418584071144,0.10956016723357725,0.6192119808744585,0.07098723374476079,0.1989381983978113,1.4063747495328203,0.053920539684267244,0.1459419841514178,2.553680466256963,0.09790834837406415,0.26499991859073235,0.4210086306135858,0.01628504342209247,0.08662135746993849,0.7258769493337687,0.028077661072573257,0.14934716805161807,1.5234974270696053,0.02460929615657248,0.12641333510101727,2.6267197018441473,0.04242982095960768,0.21795402603623648,0.3365456789190119,0.03190758478718214,0.10817815466819258,0.6110961011950479,0.0579374565872518,0.19642875452908654,1.4001028229926507,0.043968701704076185,0.1435557708994366,2.5422919680656024,0.07983790572582228,0.260667057685819,0.09547738693467334,0.005477386934673367,0.0004773869346733628,0.06030150753768848,-0.0046984924623114654,0.000301507537688428,0.045226130653266305,-0.004773869346733739,0.00522613065326627,0.10909090909090913,-0.0016168949018313672,0.0063097724524568966,0.058394160583941646,0.11557788944723613,0.012820997216659635,0.013741495457252784,0.06060606060606055,0.10909090909090913,-0.005246658967167139,0.007518962295262166,0.058394160583941646,11.0,-1.0,-1.0,14.0,3.0,3.0,15.0,3.0,3.0,0.00010581204894708271,0.0005145877524181152,0.00021021793155453472,-0.13033817439199735,-0.13590077703117465,-0.13972399028379745,"[10.3671875, 5.35546875, 0.45849609375, 0.75341796875, 0.01415252685546875, 2.51171875, 1.9921875, 11.96875, 12.390625, 3.9140625, 0.382568359375, 1.0966796875, 3.154296875, 0.055328369140625, 0.00011646747589111328, 0.0158233642578125, 5.203125, 0.09857177734375, 0.01148223876953125, 0.02789306640625, 0.010528564453125, 0.324462890625, 0.056732177734375, 0.01122283935546875, 0.004638671875, 0.0285797119140625, 0.0034332275390625, 0.0279998779296875, 0.01401519775390625, 0.01401519775390625, 0.2047119140625, 0.0295867919921875, 0.01194000244140625, 0.033447265625, 0.00656890869140625, 0.0004112720489501953, 0.005092620849609375, 0.0037078857421875, 0.024078369140625, 0.01311492919921875, 0.32568359375, 0.1358642578125, 0.0009737014770507812, 1.462890625, 0.68115234375, 0.012725830078125, 0.13818359375, 0.017242431640625, 0.041656494140625, 0.006824493408203125, 0.0014467239379882812, 0.00321197509765625, 0.0002727508544921875, 0.013214111328125, 0.0002968311309814453, 0.132568359375, 0.01861572265625, 0.32080078125, 0.70703125, 1.6103515625, 0.0009899139404296875, 0.00025463104248046875, 0.0066375732421875, 0.00160980224609375, 0.00023555755615234375, 9.310245513916016e-05, 0.01007080078125, 0.197998046875, 0.0064849853515625, 5.2809715270996094e-05, 0.003589630126953125, 0.0023593902587890625, 0.0005865097045898438, 0.0184783935546875, 0.006649017333984375, 0.015106201171875, 0.0034923553466796875, 0.005634307861328125, 0.0208587646484375, 0.7041015625, 0.01348876953125, 0.1502685546875, 0.2291259765625, 0.00102996826171875, 0.00016129016876220703, 0.000659942626953125, 0.00494384765625, 0.0029125213623046875, 0.00029587745666503906, 0.0005278587341308594, 0.0005903244018554688, 0.0058441162109375, 0.02239990234375, 0.0562744140625, 1.1787109375, 0.007450103759765625, 8.344650268554688e-07, 0.0001150369644165039, 0.0005197525024414062, 0.00036644935607910156, 0.01837158203125, 7.033348083496094e-06, 0.0012292861938476562, 0.009796142578125, 2.1796875, 2.513671875, 0.00421142578125, 0.023651123046875, 0.0169219970703125, 0.07379150390625, 0.420654296875, 0.02825927734375, 0.004108428955078125, 0.0020503997802734375, 1.0371208190917969e-05, 0.03985595703125, 0.0018367767333984375, 0.00023221969604492188, 0.000186920166015625, 0.70068359375, 0.0186767578125, 0.07086181640625, 2.0742416381835938e-05, 0.0054168701171875, 9.5367431640625e-07, 9.453296661376953e-05, 1.0848045349121094e-05, 0.00015783309936523438, 4.935264587402344e-05, 0.0004115104675292969, 9.894371032714844e-06, 3.707408905029297e-05, 0.0003724098205566406, 1.4781951904296875e-05, 0.007122039794921875, 0.005657196044921875, 0.127685546875, 0.005413055419921875, 0.0004024505615234375, 0.0017261505126953125, 0.0018367767333984375, 1.3589859008789062e-05, 0.0007581710815429688, 0.0011005401611328125, 2.2411346435546875e-05, 0.0001513957977294922, 0.050140380859375, 0.0076751708984375, 0.07464599609375, 0.00339508056640625, 7.748603820800781e-05, 0.027313232421875, 0.0008616447448730469, 0.00014007091522216797, 0.000431060791015625, 0.028900146484375, 0.00606536865234375, 1.345703125, 1.3470649719238281e-05, 0.0013933181762695312, 4.589557647705078e-05, 5.650520324707031e-05, 0.126953125, 1.3154296875, 0.05029296875, 4.291534423828125e-05, 0.0003771781921386719, 3.5762786865234375e-07, 4.410743713378906e-06, 2.2649765014648438e-06, 8.344650268554688e-07, 2.86102294921875e-06, 1.704692840576172e-05, 0.00013375282287597656, 8.344650268554688e-07, 0.0004944801330566406, 4.0531158447265625e-06, 4.649162292480469e-05, 0.0014181137084960938, 0.00018346309661865234, 0.0018444061279296875, 0.0087738037109375, 0.05181884765625, 2.1484375, 0.0001722574234008789, 1.2516975402832031e-05, 0.00034499168395996094, 0.0009398460388183594, 2.7894973754882812e-05, 0.0010728836059570312, 5.316734313964844e-05, 4.2438507080078125e-05, 2.384185791015625e-07, 0.002475738525390625, 0.0006823539733886719, 0.0013685226440429688, -0.0, 1.1920928955078125e-07, 0.0015153884887695312, 0.000591278076171875, 0.0028400421142578125, 0.1304931640625, 0.0107879638671875, 0.00026679039001464844, 0.00013458728790283203, 6.592273712158203e-05, 4.482269287109375e-05, 0.0028743743896484375, 3.933906555175781e-06, 1.8358230590820312e-05, 8.344650268554688e-07, 4.4465065002441406e-05, 0.00023376941680908203, 0.00025844573974609375, 1.4066696166992188e-05, 0.0003581047058105469, 0.00255584716796875, 0.00704193115234375, 0.002826690673828125, 0.00013875961303710938, 0.014862060546875, 0.1285400390625, 0.71337890625, 0.01416015625, 0.0002149343490600586, 0.00012886524200439453, 7.212162017822266e-05, 9.655952453613281e-05, 0.0005898475646972656, 3.24249267578125e-05, 2.9802322387695312e-05, 6.4849853515625e-05, 6.914138793945312e-05, 0.0003631114959716797, 0.00091552734375, 0.00905609130859375, 0.003780364990234375, 0.0194091796875, 0.314453125, 0.0009250640869140625, 0.0009355545043945312, 7.963180541992188e-05, 1.2159347534179688e-05, 5.221366882324219e-05, 0.003170013427734375, 0.0009627342224121094, 0.0031147003173828125, 1.5497207641601562e-06, 0.0027141571044921875, 0.0013456344604492188, 0.0001512765884399414, 0.00075531005859375, 0.0022716522216796875, 0.056549072265625, 0.04864501953125, 0.0211029052734375, 0.01483154296875, 1.7881393432617188e-06, 0.00043845176696777344, 0.00036263465881347656, 1.537799835205078e-05, 0.00012803077697753906, 0.0004940032958984375, 2.5033950805664062e-06, 1.6808509826660156e-05, 2.7418136596679688e-06, 0.0004982948303222656, 8.463859558105469e-06, 0.0016393661499023438, 1.396484375, 5.09375, 5.0859375, 0.001056671142578125, 0.1385498046875, 0.05908203125]",-1.678748414299705
31,1,test,2.801657604430006,1.2279473916978119,1.5799226418081476,5.957370840189079,2.6110749482805122,3.359505837251391,16.471928095009762,11.64741308956652,13.07885861644895,35.02547347675153,24.766752009133207,27.810540025086507,2.3621613308412943,0.9821223108503112,1.407573586090254,4.921169439252696,2.0460881476048147,2.9324449710213623,10.6138667573037,6.638810026157237,8.01626726917491,22.112222411049377,13.83085422116091,16.700556810781062,2.7824463640965744,1.2510651747709585,1.7210069243261974,5.9200986470139885,2.661840797385018,3.6617168602685055,16.15850221523374,11.53394240936353,13.267973477075111,34.379791947305826,24.540302998645807,28.22973080228747,0.5326633165829145,-0.017336683417085497,-0.012336683417085381,0.44723618090452266,0.002236180904522711,0.012236180904522609,0.33668341708542715,-0.008316582914572823,-0.008316582914572823,0.41709844559585496,0.11567541842897267,0.16098896367992144,0.4155844155844156,0.3919597989949749,0.1012329819523684,0.15990637662435725,0.3535353535353535,0.4180602006688964,0.12423716227156745,0.1855796667423113,0.4261744966442953,18.0,-1.0,0.0,28.0,-4.0,-1.0,37.0,1.0,-1.0,0.0002220722942741131,-0.000628816662528829,4.65013294455318e-05,-0.011856424960499545,-0.009234246932865453,-0.010736718427940772,"[6.2109375, 2.59765625, 6.2109375, 4.19140625, 0.421142578125, 4.45703125, 4.68359375, 0.51611328125, 5.4765625, 2.240234375, 3.578125, 8.625, 8.78125, 6.98828125, 2.76953125, 0.55712890625, 3.77734375, 2.23828125, 0.136474609375, 3.861328125, 6.953125, 0.292236328125, 0.71337890625, 0.001605987548828125, 2.994140625, 0.1644287109375, 0.01000213623046875, 0.0224761962890625, 0.0023784637451171875, 0.3203125, 0.0003478527069091797, 0.0272216796875, 1.3330078125, 0.0161590576171875, 0.9482421875, 0.0011835098266601562, 0.01331329345703125, 9.5, 5.78125, 6.17578125, 0.437744140625, 6.09375, 6.85546875, 2.26171875, 1.0859375, 5.90625, 1.19921875, 0.68994140625, 5.5546875, 2.189453125, 1.60546875, 5.19921875, 5.83203125, 3.69140625, 2.421875, 0.578125, 2.505859375, 0.2939453125, 1.64453125, 0.01263427734375, 7.31640625, 5.7890625, 9.328125, 0.311767578125, 3.5703125, 1.3974609375, 0.42578125, 0.6884765625, 0.12103271484375, 4.10546875, 0.1142578125, 0.9208984375, 5.7734375, 4.46484375, 0.0706787109375, 3.384765625, 0.2125244140625, 0.04473876953125, 3.173828125, 0.030609130859375, 5.1953125, 1.595703125, 4.04296875, 3.064453125, 0.1297607421875, 4.87109375, 4.609375, 1.2587890625, 1.9404296875, 0.4482421875, 0.0938720703125, 5.7734375, 0.339111328125, 0.47314453125, 4.0390625, 0.08233642578125, 1.3212890625, 0.327880859375, 0.0209197998046875, 0.30908203125, 0.09234619140625, 0.0063018798828125, 3.568359375, 4.76837158203125e-05, 0.69921875, 0.316650390625, 0.0238037109375, 0.09893798828125, 0.062225341796875, 0.0006966590881347656, 3.365234375, 0.0025501251220703125, 0.05059814453125, 1.7607421875, 0.1353759765625, 0.0208892822265625, 0.131591796875, 0.015899658203125, 0.1746826171875, 0.09051513671875, 0.0017337799072265625, 2.625, 0.0240325927734375, 1.1357421875, 0.0004200935363769531, 0.007282257080078125, 7.1328125, 0.1697998046875, 2.80078125, 2.193359375, 0.050140380859375, 0.149169921875, 4.6796875, 6.5390625, 3.44140625, 4.4453125, 3.982421875, 1.9638671875, 9.6953125, 2.607421875, 5.859375, 1.54296875, 5.125, 2.078125, 6.2109375, 1.12109375, 2.189453125, 12.5703125, 0.58544921875, 0.66796875, 6.81640625, 0.33642578125, 0.3837890625, 0.044525146484375, 0.490966796875, 3.193359375, 1.353515625, 7.7421875, 3.201171875, 2.177734375, 4.90234375, 5.1015625, 1.0751953125, 2.1875, 2.765625, 0.0237884521484375, 0.035614013671875, 0.53857421875, 0.0043182373046875, 2.240234375, 5.83203125, 4.921875, 6.97265625, 5.765625, 0.287109375, 0.94140625, 3.984375, 0.468994140625, 0.028656005859375, 0.0299072265625, 0.359619140625, 0.00829315185546875, 3.013671875, 3.419921875, 1.0595703125, 0.8466796875, 1.9248046875, 0.50341796875, 1.111328125, 6.44921875, 4.42578125, 5.33203125, 1.4052734375, 2.28125, 0.29248046875, 0.03216552734375, 0.0184173583984375, 0.44580078125, 0.0261688232421875, 3.513671875, 8.9375, 5.16015625, 3.44921875, 3.630859375, 1.021484375, 0.1456298828125, 0.69189453125, 6.796875, 0.06439208984375, 6.4921875, 5.828125, 2.005859375, 2.58984375, 5.23046875, 0.75341796875, 9.1875, 4.07421875, 0.25634765625, 0.02227783203125, 0.048797607421875, 3.791015625, 0.0703125, 0.06011962890625, 3.287109375, 7.27734375, 4.11328125, 2.40234375, 8.8359375, 0.609375, 0.043609619140625, 1.3818359375, 0.45166015625, 0.60791015625, 6.265625, 7.16015625, 2.28125, 3.6015625, 3.171875, 3.4296875, 4.40625, 3.45703125, 8.484375, 7.2890625, 6.00390625, 2.455078125, 6.48828125, 4.14453125, 6.40625, 3.84765625, 4.82421875, 3.583984375, 0.7685546875, 2.048828125, 7.3125, 2.5703125, 0.0212860107421875, 0.01308441162109375, 8.7734375, 2.05859375, 3.623046875, 9.9765625, 7.265625, 0.25439453125, 9.9921875, 3.1015625, 4.4453125, 0.0555419921875, 0.42578125, 1.4814453125, 5.07421875, 0.00665283203125, 0.069091796875, 5.0859375, 2.2890625, 1.0693359375, 3.849609375, 1.4765625, 5.43359375, 1.5576171875, 4.62890625, 8.8125, 6.7109375, 4.640625, 0.04486083984375, 0.04205322265625, 5.51171875, 1.583984375, 6.8515625, 7.68359375, 7.3125, 3.111328125, 1.806640625, 0.026947021484375, 0.1087646484375, 5.8359375, 4.78125, 4.0, 5.015625, 0.198974609375, 0.662109375, 0.044769287109375, 0.873046875, 2.6484375, 1.6650390625, 5.2421875, 8.9296875, 6.42578125, 2.25390625, 4.5625, 2.46484375, 0.04302978515625, 0.04730224609375, 0.62158203125, 0.10205078125, 2.853515625, 1.02734375, 4.140625, 3.248046875, 4.1640625, 1.4873046875, 3.072265625, 4.22265625, 0.33056640625, 0.01544952392578125, 0.048431396484375, 7.703125, 0.041656494140625, 0.05975341796875, 4.98828125, 3.3828125, 6.703125, 1.150390625, 0.146240234375, 1.26953125, 2.14453125, 1.2783203125, 7.32421875, 0.70556640625, 1.7978515625, 0.1500244140625, 7.03125, 8.0390625, 0.90185546875, 1.68359375, 4.94140625, 7.6015625, 3.740234375, 10.28125, 2.431640625, 1.0517578125, 0.72412109375, 0.0247039794921875, 0.1710205078125, 3.763671875, 0.033935546875, 8.09375, 7.8359375, 1.5048828125, 5.71484375, 7.83203125, 7.45703125, 0.388427734375, 2.576171875, 1.4794921875, 1.015625, 5.1875, 1.318359375, 0.0182342529296875, 0.54541015625, 0.262939453125, 6.3203125, 3.40234375, 3.556640625, 1.048828125, 1.3525390625, 0.006450653076171875, 1.203125, 5.55078125, 1.7900390625, 9.703125, 1.4296875, 0.1646728515625, 0.004608154296875, 5.53515625, 7.24609375, 0.6455078125]",-2.117217613007738
4,1,test,1.9819515597768675,0.7943330428033206,0.9021692968516888,4.476310108178974,1.7940302381362803,2.0375823631333265,7.256891432324773,3.977629039161593,4.312852977373255,16.389954795933512,8.983620707960085,9.740736236701547,1.7040712126535387,0.6088573312421894,0.8948141933112531,2.8882562926331166,1.0319615783765923,1.5166342259512766,5.496278421955316,2.5064563395755064,3.250039967141525,9.315726138907316,4.248231084026282,5.5085423171890255,1.8981393950440015,0.7081139788831379,1.0239806991568612,3.6738181839561315,1.370543184935105,1.9818981274003764,6.673466199555079,3.386301446125516,4.276608240523956,12.916386192687247,6.554131831210674,8.277306271981848,0.4170854271356784,-0.007914572864321623,-0.0029145728643216184,0.3266331658291457,-0.018366834170854274,-0.008366834170854265,0.22613065326633164,-0.013869346733668353,-0.008869346733668348,0.35930735930735935,0.09444249444249453,0.11004049713727138,0.30368763557483736,0.35678391959798994,0.0986385561894686,0.13808608988179627,0.2222222222222222,0.35785953177257523,0.09074767868409439,0.14206420363019479,0.2818791946308725,20.0,5.0,5.0,31.0,8.0,6.0,35.0,7.0,3.0,0.00042599416168465645,0.00012423794383991676,-0.00025149582824753725,-0.07223245868514105,-0.07166250883103409,-0.06634754689468281,"[8.1875, 7.04296875, 3.01953125, 1.861328125, 4.5703125, 6.92578125, 6.42578125, 4.0234375, 4.5859375, 3.91796875, 0.24755859375, 1.3349609375, 0.050140380859375, 5.26953125, 0.5185546875, 3.798828125, 5.6171875, 8.0546875, 8.3046875, 5.96484375, 4.203125, 1.2412109375, 0.0614013671875, 1.8623046875, 2.25, 0.0261383056640625, 7.01953125, 0.0267791748046875, 2.7265625, 3.6875, 0.8369140625, 2.56640625, 0.00695037841796875, 1.1689453125, 1.3154296875, 0.0030002593994140625, 1.2119140625, 2.919921875, 6.25, 3.810546875, 0.00788116455078125, 1.466796875, 0.296142578125, 0.0163726806640625, 0.1871337890625, 4.4296875, 0.958984375, 0.058135986328125, 7.9140625, 0.048187255859375, 2.921875, 1.2255859375, 2.255859375, 0.482177734375, 2.568359375, 3.103515625, 0.11785888671875, 2.380859375, 3.77734375, 4.57421875, 0.001979827880859375, 2.0625, 2.6875, 0.10272216796875, 0.0259857177734375, 0.48486328125, 6.2421875, 0.08740234375, 0.0262603759765625, 0.1607666015625, 2.396484375, 3.48828125, 2.45703125, 2.806640625, 0.8291015625, 2.185546875, 1.392578125, 2.361328125, 0.50537109375, 0.0096893310546875, 2.673828125, 0.05010986328125, 0.356689453125, 0.029815673828125, 2.486328125, 2.884765625, 9.7265625, 2.48046875, 8.1953125, 6.30859375, 4.99609375, 0.96142578125, 0.64599609375, 0.98583984375, 5.28125, 2.310546875, 0.4052734375, 0.70849609375, 3.453125, 0.055938720703125, 1.84375, 0.1324462890625, 0.330810546875, 1.0751953125, 0.623046875, 0.038787841796875, 0.0016021728515625, 0.00241851806640625, 0.0002129077911376953, 0.00965118408203125, 0.0017633438110351562, 0.004665374755859375, 0.00012445449829101562, 3.0703125, 0.0013866424560546875, 9.012222290039062e-05, 0.00010967254638671875, 0.004329681396484375, 0.0008020401000976562, 0.1666259765625, 0.0008606910705566406, 0.001262664794921875, 0.006744384765625, 0.0014619827270507812, 0.0005116462707519531, 0.010040283203125, 0.348388671875, 0.0004165172576904297, 0.0005192756652832031, 0.0004684925079345703, 6.747245788574219e-05, 0.0010251998901367188, 0.0001519918441772461, 6.842613220214844e-05, 1.2040138244628906e-05, 0.0009379386901855469, 0.58935546875, 0.007076263427734375, 0.0006628036499023438, 2.46875, 6.42538070678711e-05, 0.34130859375, 0.0330810546875, 0.0028743743896484375, 1.146484375, 0.00376129150390625, 0.53955078125, 0.0024356842041015625, 0.058135986328125, 0.007625579833984375, 0.178466796875, 9.0078125, 0.043365478515625, 0.259521484375, 0.493408203125, 1.4287109375, 6.41015625, 2.626953125, 4.71875, 5.4609375, 0.5380859375, 5.3984375, 1.765625, 8.2109375, 2.955078125, 1.1435546875, 5.4765625, 2.212890625, 0.01323699951171875, 0.01306915283203125, 0.00696563720703125, 0.0021152496337890625, 4.57763671875e-05, 3.552436828613281e-05, 0.00241851806640625, 0.006824493408203125, 5.137920379638672e-05, 0.003765106201171875, 3.933906555175781e-05, 0.0027103424072265625, 0.0024871826171875, 1.6845703125, 0.07305908203125, 0.323974609375, 0.177734375, 0.423095703125, 0.7119140625, 5.09765625, 0.2462158203125, 0.017974853515625, 0.13232421875, 0.0313720703125, 0.049957275390625, 3.083984375, 0.006198883056640625, 0.0124664306640625, 1.326171875, 0.371826171875, 0.1845703125, 1.3203125, 5.16015625, 1.248046875, 0.89208984375, 8.640625, 6.6953125, 4.15625, 0.0198822021484375, 0.328369140625, 0.01873779296875, 0.054443359375, 0.68994140625, 0.08935546875, 0.0181732177734375, 4.03125, 2.732421875, 0.02691650390625, 0.13037109375, 0.01010894775390625, 0.01145172119140625, 0.2249755859375, 0.015289306640625, 0.00537872314453125, 7.08984375, 7.76171875, 0.904296875, 0.0104217529296875, 2.130859375, 0.99072265625, 0.2469482421875, 0.322509765625, 0.783203125, 0.02301025390625, 13.0078125, 0.94189453125, 5.34765625, 1.0546875, 0.25830078125, 1.2470703125, 0.010650634765625, 2.134765625, 1.576171875, 2.892578125, 0.041748046875, 4.56640625, 3.060546875, 0.01430511474609375, 0.0246734619140625, 4.4375, 5.51171875, 0.12396240234375, 6.5625, 7.734375, 3.0625, 1.70703125, 8.453125, 7.9375, 2.314453125, 2.103515625, 2.03125, 7.20703125, 3.8828125, 0.6923828125, 0.265625, 2.447265625, 9.4765625, 0.1915283203125, 0.07330322265625, 0.045867919921875, 0.23779296875, 6.31640625, 2.7734375, 7.58984375, 0.58740234375, 1.2578125, 0.0771484375, 8.40625, 4.82421875, 0.00229644775390625, 0.003910064697265625, 9.3125, 0.3271484375, 0.0504150390625, 0.0228424072265625, 0.64892578125, 0.0010614395141601562, 0.06671142578125, 0.57080078125, 4.421875, 0.012847900390625, 0.0010242462158203125, 0.60302734375, 5.17578125, 0.0038547515869140625, 0.001483917236328125, 2.185546875, 4.17578125, 0.00710296630859375, 1.02734375, 2.08203125, 5.16015625, 2.85546875, 0.0013437271118164062, 0.0012111663818359375, 5.140625, 1.2119140625, 6.0078125, 3.0703125, 1.83203125, 0.96435546875, 0.37451171875, 2.197265625, 0.00658416748046875, 4.40625, 0.049591064453125, 0.0024814605712890625, 0.0019435882568359375, 4.1640625, 0.1854248046875, 0.59912109375, 0.0024700164794921875, 0.65283203125, 2.5078125, 0.289306640625, 2.1875, 1.3310546875, 0.364501953125, 5.24609375, 8.5, 1.6875, 0.712890625, 0.220947265625, 0.7255859375, 6.25, 0.82275390625, 9.5, 0.039886474609375, 0.204833984375, 1.802734375, 0.20068359375, 1.666015625, 4.58984375, 0.2349853515625, 0.92822265625, 0.712890625, 0.1845703125, 7.4453125, 2.55078125, 0.00035309791564941406, 4.74609375, 0.49560546875, 1.21484375, 0.02587890625, 0.0216827392578125, 0.8193359375, 3.4453125, 0.86669921875, 6.1953125, 0.1925048828125, 0.352783203125, 0.362060546875, 3.861328125, 0.50439453125, 1.294921875, 2.21875, 1.751953125, 0.200439453125, 2.384765625, 4.0546875, 0.74951171875, 5.38671875, 1.4765625, 0.317138671875, 0.11767578125, 2.13671875, 0.427978515625, 3.638671875, 0.0032787322998046875, 0.345458984375, 0.0228118896484375, 3.408203125, 4.1328125, 4.75, 2.623046875, 0.68408203125, 0.086181640625, 0.349853515625, 0.76416015625, 0.086669921875, 0.1788330078125, 1.392578125, 6.37109375, 4.84375, 7.8359375, 3.720703125, 8.0703125, 8.2109375, 0.491943359375, 0.99462890625, 4.3671875, 7.20703125, 9.65625, 1.3115234375, 0.2022705078125, 3.359375, 1.2822265625, 0.0838623046875, 5.8984375, 1.3828125, 7.29296875, 4.4296875, 1.416015625, 3.458984375, 7.7421875, 5.171875, 2.439453125, 1.8359375, 0.291015625, 2.826171875, 3.578125, 0.036956787109375, 0.004993438720703125, 0.01178741455078125, 0.032928466796875, 0.294921875, 9.1484375, 4.56640625, 5.93359375, 0.1953125, 0.0271453857421875, 4.31640625, 2.337890625, 0.00042557716369628906, 0.568359375, 0.01209259033203125, 0.009857177734375, 0.255615234375, 0.0005855560302734375, 0.056793212890625, 0.0382080078125, 0.454345703125, 0.10040283203125, 0.384033203125, 0.77197265625, 5.50390625, 0.004608154296875, 0.0006365776062011719, 0.1702880859375, 0.10284423828125, 0.001239776611328125, 5.42578125, 3.162109375, 1.94921875, 1.443359375, 0.71435546875, 0.0097198486328125, 8.328125, 0.006778717041015625, 0.000995635986328125, 0.062225341796875, 0.91552734375, 0.0013427734375, 0.406005859375]",-1.9891294586710084
202,1,test,1.041394579085664,0.4176723900761623,0.4537323092099801,2.844494907445414,1.1408422997508891,1.239337393156403,2.833165333710472,0.9673051169081917,1.0333892308319221,7.738588740077747,2.6421248336120895,2.8226288705009077,0.5178213005688921,0.09271421614880027,0.1830491153563094,0.9863262867978897,0.17659850695009582,0.34866498163106563,1.6783670061843583,0.14861278244763643,0.28074505618006995,3.196889535589254,0.28307196656692657,0.534752487962038,0.9976642590302688,0.331234962471462,0.5166443588695525,2.0360495082250383,0.6759897193295141,1.0543762425909233,2.71194003550109,0.7646682734180463,1.0942165579625123,5.534571501022633,1.5605474967715236,2.2330950162500254,0.11557788944723613,-0.014422110552763878,-0.009422110552763874,0.09547738693467334,0.0004773869346733628,0.0004773869346733628,0.06030150753768848,0.000301507537688428,-0.0046984924623114654,0.2368972746331237,0.04317999714621268,0.05214654149529385,0.2457983193277311,0.15577889447236182,0.015428017279379369,0.0038590280282884137,0.11616161616161613,0.21070234113712372,0.02038514581158113,0.053861406765599806,0.23154362416107388,13.0,3.0,3.0,18.0,6.0,6.0,20.0,6.0,6.0,8.778500264352399e-05,-0.0006359183028436941,-0.0004343231057880259,-0.17561396211825553,-0.1713496093321174,-0.18079749550146484,"[2.1875, 2.275390625, 2.275390625, 0.2142333984375, 0.327880859375, 0.00911712646484375, 2.61328125, 1.3359375, 6.65234375, 4.0546875, 1.283203125, 2.61328125, 0.2939453125, 2.427734375, 0.71630859375, 0.0012989044189453125, 0.466796875, 0.0008654594421386719, 0.229248046875, 0.15234375, 0.01207733154296875, 0.067138671875, 0.318359375, 0.97265625, 4.1328125, 0.72509765625, 0.0008363723754882812, 0.07305908203125, 0.08392333984375, 0.1741943359375, 0.127197265625, 0.029815673828125, 4.171875, 0.027191162109375, 0.00783538818359375, 1.36328125, 0.1776123046875, 2.021484375, 0.050872802734375, 0.0036716461181640625, 0.0237274169921875, 0.05108642578125, 0.0010280609130859375, 0.0029144287109375, 0.33251953125, 0.22998046875, 0.02374267578125, 0.7392578125, 6.73532485961914e-05, 0.0867919921875, 0.053497314453125, 4.0531158447265625e-06, 0.0009889602661132812, 0.00478363037109375, 0.0005960464477539062, 0.004428863525390625, 6.92605972290039e-05, 0.049896240234375, 0.00510406494140625, 0.00034880638122558594, 8.106231689453125e-06, 4.494190216064453e-05, 0.0002187490463256836, 0.00011038780212402344, 0.010345458984375, 0.127685546875, 5.3048133850097656e-05, 0.23193359375, 0.0103302001953125, 2.300739288330078e-05, 0.0037937164306640625, 0.0014286041259765625, 3.2782554626464844e-05, 0.371337890625, 0.0009355545043945312, 0.343505859375, 0.0003197193145751953, 0.0003991127014160156, 0.0026798248291015625, 0.0008358955383300781, 0.0004150867462158203, 0.00560760498046875, 2.288818359375e-05, 0.0022735595703125, 0.0305938720703125, 0.0010766983032226562, 0.075927734375, 0.0009541511535644531, 1.5625, 0.0201416015625, 9.5367431640625e-07, 0.0066680908203125, 6.401538848876953e-05, 4.291534423828125e-06, 0.0003707408905029297, 2.586841583251953e-05, 4.315376281738281e-05, 0.0011882781982421875, 0.00027942657470703125, 0.0008234977722167969, 6.842613220214844e-05, 0.0009298324584960938, 0.00015497207641601562, 0.002368927001953125, 0.004268646240234375, 0.0012483596801757812, 0.0242767333984375, 5.14984130859375e-05, 0.041748046875, 5.447864532470703e-05, 4.9114227294921875e-05, 0.0006690025329589844, 0.0002162456512451172, 2.2172927856445312e-05, 3.0875205993652344e-05, 0.0006709098815917969, 0.00015592575073242188, 7.271766662597656e-05, 0.0001627206802368164, 1.322265625, 6.556510925292969e-06, 0.0008869171142578125, 5.4836273193359375e-06, 0.0002562999725341797, 0.00010514259338378906, 2.6226043701171875e-06, 1.0728836059570312e-05, 0.00013303756713867188, 0.0004405975341796875, 0.031036376953125, 0.007236480712890625, 1.4662742614746094e-05, 0.00605010986328125, 0.0070953369140625, 0.0009150505065917969, 0.0006995201110839844, 1.1920928955078125e-07, 2.2649765014648438e-06, 0.00037217140197753906, 0.0004305839538574219, 0.0001329183578491211, 0.001132965087890625, 0.0002357959747314453, 0.007232666015625, 0.006732940673828125, 7.152557373046875e-06, 2.384185791015625e-06, 2.6226043701171875e-06, 0.0009832382202148438, 5.841255187988281e-06, 0.0010118484497070312, 3.814697265625e-06, 0.007663726806640625, 0.06671142578125, 6.0677528381347656e-05, 0.0010461807250976562, 0.0005006790161132812, 0.0181884765625, 0.0024929046630859375, 1.1920928955078125e-07, 0.0005545616149902344, 8.165836334228516e-05, 3.0875205993652344e-05, 2.384185791015625e-06, 2.562999725341797e-05, 0.0006456375122070312, 0.0185089111328125, 0.00247955322265625, 0.0004813671112060547, 0.0016241073608398438, 4.7206878662109375e-05, 0.0012874603271484375, 0.00524139404296875, 0.0194854736328125, 0.0080108642578125, 0.7431640625, 0.1351318359375, 2.974609375, 0.0107879638671875, 4.98828125, 8.1015625, 5.00390625, 0.200927734375, 4.82421875, 0.2088623046875, 3.6875, 0.79052734375, 7.48046875, 0.90869140625, 10.234375, 0.46533203125, 0.0246734619140625, 0.01143646240234375, 0.065673828125, 0.39990234375, 0.00014960765838623047, 0.156494140625, 0.0012674331665039062, 0.0006222724914550781, 0.0013265609741210938, 0.1976318359375, 0.0036869049072265625, 6.375, 0.03106689453125, 5.01953125, 4.5703125, 0.09967041015625, 5.48828125, 3.6015625, 0.314208984375, 0.0018815994262695312, 0.31689453125, 0.050872802734375, 0.00027871131896972656, 0.0250396728515625, 0.00020229816436767578, 0.00020051002502441406, 0.0005211830139160156, 0.2113037109375, 0.0014390945434570312, 8.4296875, 0.36962890625, 7.67578125, 0.1468505859375, 8.2109375, 0.204345703125, 1.8974609375, 7.421875, 0.1708984375, 0.0016946792602539062, 2.12890625, 0.912109375, 1.6240234375, 0.0014591217041015625, 1.619140625, 0.019073486328125, 2.4140625, 0.0194244384765625, 2.375, 0.004268646240234375, 0.94580078125, 0.039459228515625, 0.01343536376953125, 0.0016984939575195312, 0.701171875, 0.919921875, 0.036041259765625, 0.0148773193359375, 10.21875, 4.0703125, 3.853515625, 4.296875, 0.340087890625, 1.962890625, 0.034332275390625, 0.47021484375, 11.4765625, 0.75732421875, 1.14453125, 0.10626220703125, 0.697265625, 0.0018587112426757812, 0.2391357421875, 0.464111328125, 1.25, 0.052642822265625, 9.3828125, 6.50390625, 6.5859375, 0.44921875, 3.708984375, 5.21875, 0.051513671875, 0.50732421875, 1.3271484375, 0.84619140625, 0.1951904296875, 1.5908203125, 8.1796875, 7.55078125, 0.2349853515625, 0.96875, 4.63671875, 0.022613525390625, 0.11700439453125, 2.384765625, 1.357421875, 1.3212890625, 0.0008878707885742188, 1.08984375, 4.09765625, 0.0185089111328125, 5.2578125, 1.3466796875, 0.076171875, 0.69091796875, 2.890625, 0.1385498046875, 0.0021114349365234375, 0.090087890625, 0.005458831787109375, 5.35546875, 3.755859375, 0.0183258056640625, 0.260009765625, 0.062744140625, 0.81201171875, 0.02679443359375, 0.07501220703125, 0.0335693359375, 0.7197265625, 0.076171875, 2.318359375, 0.0002830028533935547, 0.73046875, 0.72900390625, 0.00433349609375, 0.0282745361328125, 0.00649261474609375, 0.00421142578125, 0.1630859375, 0.128662109375, 0.6953125, 0.0019168853759765625, 0.055908203125, 0.0007472038269042969, 1.791015625, 1.0810546875, 2.388671875, 0.006622314453125, 0.37255859375, 0.20751953125, 0.03582763671875, 2.515625, 4.19140625, 1.591796875, 0.492431640625, 0.0037555694580078125, 0.00307464599609375, 0.016357421875, 0.00885772705078125, 0.1552734375, 0.0865478515625, 0.0095367431640625, 0.01006317138671875, 0.00732421875, 0.135986328125, 0.0693359375, 0.00893402099609375, 0.00307464599609375, 6.64453125, 0.00794219970703125, 0.196533203125, 0.003448486328125, 0.392822265625, 5.19921875, 0.59521484375, 6.92578125, 0.65185546875, 0.0305328369140625, 0.27001953125, 3.34765625, 2.240234375, 2.28515625, 0.1455078125, 2.91015625, 0.001178741455078125, 0.004947662353515625, 0.0120849609375, 0.01425933837890625, 0.0300140380859375, 0.9609375, 5.37109375, 0.02960205078125, 0.050048828125, 6.0859375, 7.33984375, 1.4169921875, 8.125, 1.3525390625, 3.66796875, 0.48828125, 0.671875, 0.7958984375, 0.1292724609375, 0.130859375, 6.58203125, 0.181884765625, 0.248046875, 7.51953125, 1.1904296875, 0.047607421875, 0.19677734375, 0.54638671875, 0.001369476318359375, 0.187744140625, 0.43603515625, 0.402099609375, 2.759765625, 6.78515625, 0.0009908676147460938, 0.34033203125, 0.13134765625, 0.1478271484375, 3.1953125, 0.197265625, 0.50927734375, 0.09393310546875, 0.06414794921875, 1.7216796875, 0.026763916015625, 0.12322998046875, 0.099365234375, 0.0113525390625, 0.0009431838989257812, 3.166015625, 0.059173583984375, 0.00899505615234375, 0.35791015625, 0.78369140625, 4.31640625, 0.003757476806640625, 2.8046875, 0.199951171875, 0.022369384765625, 0.91552734375, 1.0751953125, 0.0007724761962890625, 0.0010595321655273438, 0.005893707275390625, 0.00665283203125, 0.2978515625, 0.00789642333984375, 1.3212890625, 5.57421875, 0.0020999908447265625, 1.6474609375, 0.057403564453125, 2.220703125, 8.171875, 1.2109375, 0.048004150390625, 0.447265625, 3.162109375, 0.0005178451538085938, 0.1878662109375, 3.15234375, 0.04144287109375, 0.014984130859375, 0.09808349609375, 0.01068878173828125, 0.697265625, 0.00217437744140625, 0.7705078125, 0.318603515625, 0.24267578125, 4.37109375, 5.1171875, 0.005443572998046875, 2.591796875, 0.2109375, 0.0071258544921875, 0.56787109375, 2.005859375, 0.0016393661499023438, 0.26708984375, 2.17578125, 0.5615234375, 0.947265625, 0.67724609375, 6.902217864990234e-05, 0.09979248046875, 0.0005645751953125, 0.0002689361572265625, 0.00156402587890625, 3.056640625, 0.05706787109375]",-2.138741863098784
19,1,test,1.3184794151120716,0.5142187566217279,0.7253443645640514,2.65905625058915,1.0370557046952167,1.4628453385900702,3.737733512821753,1.5026900854003942,1.9280806279940415,7.5381106040706864,3.030564920835432,3.888475456457257,1.083843004763426,0.35198478504544894,0.5300326851256115,1.901478955725309,0.6175171667464017,0.929881903729143,2.956017741011841,0.8770775928095671,1.2161478769893161,5.185996036862879,1.5387326189641528,2.133592766647923,1.1442784748747197,0.4714038789110234,0.6700822746312292,2.2147325320155864,0.9123946043439164,1.296933434770121,3.1401748242239313,1.1803117789051754,1.5334526288335035,6.077757724304383,2.28447441078421,2.9679728300003294,0.25125628140703515,-0.008743718592964855,-0.018743718592964864,0.1959798994974874,-0.009020100502512562,-0.009020100502512562,0.1306532663316583,-0.009346733668341711,0.0006532663316582976,0.2694444444444445,0.07943057481892435,0.10522157054415127,0.2089136490250696,0.24623115577889443,0.08081762194430797,0.09931963658023002,0.13131313131313127,0.25083612040133785,0.07721341589382535,0.11179273886629892,0.16442953020134232,16.0,7.0,7.0,22.0,12.0,12.0,29.0,17.0,17.0,0.00193793912200849,-0.0008659162710452749,0.0003619201576538479,-0.05843656639597761,-0.05844166951400975,-0.05887087937819224,"[1.2294921875, 3.287109375, 11.296875, 7.15625, 4.0, 5.4453125, 1.4150390625, 5.68359375, 6.73046875, 4.609375, 2.865234375, 8.28125, 1.818359375, 2.521484375, 0.065185546875, 0.001682281494140625, 2.05078125, 8.6328125, 2.52734375, 0.0035400390625, 1.482421875, 5.5625, 4.8359375, 0.275390625, 6.57421875, 0.78759765625, 5.84765625, 0.39990234375, 3.6015625, 1.376953125, 1.216796875, 0.034210205078125, 3.775390625, 0.09185791015625, 2.904296875, 0.50439453125, 0.2900390625, 0.0494384765625, 2.51171875, 0.18017578125, 2.96484375, 8.265625, 0.476806640625, 0.77490234375, 0.0210418701171875, 2.458984375, 0.018798828125, 2.400390625, 1.638671875, 2.408203125, 2.1953125, 0.0313720703125, 2.705078125, 0.031158447265625, 4.453125, 1.7529296875, 0.1444091796875, 0.7705078125, 0.134033203125, 2.96484375, 0.6181640625, 0.73779296875, 0.01055145263671875, 2.9375, 0.84375, 3.357421875, 4.82421875, 2.783203125, 0.0298614501953125, 0.0037174224853515625, 5.578125, 5.171875, 1.3916015625, 0.00403594970703125, 8.71875, 1.9677734375, 4.40234375, 0.259521484375, 0.0877685546875, 5.23828125, 0.97998046875, 0.1260986328125, 0.0657958984375, 0.329345703125, 0.0273895263671875, 0.669921875, 0.49365234375, 0.042388916015625, 0.026031494140625, 0.0001157522201538086, 0.3212890625, 0.001735687255859375, 0.00786590576171875, 0.0018310546875, 0.01050567626953125, 0.0088348388671875, 0.00045490264892578125, 0.0004677772521972656, 0.356689453125, 0.14697265625, 0.0002930164337158203, 0.05780029296875, 0.0018568038940429688, 0.0052947998046875, 0.0013580322265625, 0.005733489990234375, 0.01165771484375, 0.00875091552734375, 0.06781005859375, 0.0014581680297851562, 0.0005688667297363281, 0.39404296875, 0.0033779144287109375, 0.1280517578125, 0.007015228271484375, 1.6450881958007812e-05, 0.0007309913635253906, 0.0012922286987304688, 0.0024013519287109375, 0.00022161006927490234, 0.1427001953125, 0.00960540771484375, 0.0015306472778320312, 0.69384765625, 0.150634765625, 0.0074615478515625, 0.027679443359375, 0.01161956787109375, 0.01983642578125, 0.007785797119140625, 2.682209014892578e-05, 0.01934814453125, 0.00034880638122558594, 0.0002765655517578125, 0.0004220008850097656, 0.0011777877807617188, 0.0011167526245117188, 0.00016510486602783203, 0.0007715225219726562, 0.00992584228515625, 0.05010986328125, 0.04998779296875, 0.0595703125, 0.0207672119140625, 0.0732421875, 0.036407470703125, 0.00853729248046875, 0.001239776611328125, 0.0014085769653320312, 0.0015697479248046875, 0.00024127960205078125, 0.0016565322875976562, 0.00018024444580078125, 0.0029926300048828125, 0.00432586669921875, 0.0005679130554199219, 0.0004076957702636719, 0.049774169921875, 3.075599670410156e-05, 5.9604644775390625e-05, 3.135204315185547e-05, 0.00405120849609375, 0.00013244152069091797, 0.0010166168212890625, 0.0008831024169921875, 0.00032329559326171875, 0.0013017654418945312, 0.0002579689025878906, 0.0015363693237304688, 0.004848480224609375, 0.0007452964782714844, 5.555152893066406e-05, 0.00226593017578125, 0.0026493072509765625, 0.00021827220916748047, 0.0010805130004882812, 0.0006589889526367188, 9.298324584960938e-06, 0.00034332275390625, 0.002407073974609375, 0.36474609375, 0.001781463623046875, 0.0009670257568359375, 0.007122039794921875, 9.655952453613281e-06, 0.00012814998626708984, 0.00011730194091796875, 0.00012111663818359375, 1.2159347534179688e-05, 0.00890350341796875, 0.0015268325805664062, 0.0021533966064453125, 0.004154205322265625, 0.01377105712890625, 0.0186309814453125, 0.00872802734375, 0.003040313720703125, 0.0185089111328125, 0.0021114349365234375, 0.0009775161743164062, 0.0025463104248046875, 0.00623321533203125, 0.0001596212387084961, 0.002025604248046875, 0.0004925727844238281, 0.00031566619873046875, 0.0007834434509277344, 0.0004405975341796875, 0.0026397705078125, 0.1588134765625, 0.00020456314086914062, 0.0038852691650390625, 0.00020241737365722656, 0.00704193115234375, 0.020172119140625, 0.322509765625, 0.0292510986328125, 0.0009088516235351562, 0.0016241073608398438, 0.13623046875, 0.03021240234375, 0.0263824462890625, 0.003292083740234375, 0.001049041748046875, 0.1373291015625, 0.00021266937255859375, 0.0003426074981689453, 0.0013446807861328125, 0.0014181137084960938, 5.328655242919922e-05, 1.41796875, 0.0013942718505859375, 0.00066375732421875, 0.315185546875, 0.0023021697998046875, 0.0013275146484375, 2.682209014892578e-05, 0.0011539459228515625, 0.0018911361694335938, 0.054962158203125, 0.701171875, 0.00699615478515625, 0.0252685546875, 0.0009150505065917969, 0.0043792724609375, 0.0034847259521484375, 2.375, 0.00225067138671875, 0.12548828125, 0.70361328125, 0.2437744140625, 0.31982421875, 13.265625, 0.037750244140625, 0.0238800048828125, 4.649162292480469e-05, 5.8770179748535156e-05, 1.0673828125, 4.24609375, 2.619140625, 10.6015625, 0.09112548828125, 0.015289306640625, 1.1920928955078125e-05, 0.00029087066650390625, 9.15625, 3.5, 0.002452850341796875, 0.0033435821533203125, 9.4296875, 2.529296875, 7.125, 0.64013671875, 2.08984375, 0.00135040283203125, 1.6396484375, 11.1953125, 1.3544921875, 4.3828125, 3.791015625, 0.60107421875, 8.4765625, 0.313232421875, 3.62890625, 1.865234375, 0.59130859375, 0.0850830078125, 0.74267578125, 0.720703125, 0.028656005859375, 0.23974609375, 0.990234375, 0.54638671875, 0.32666015625, 7.08203125, 1.4287109375, 0.02947998046875, 0.006298065185546875, 0.0782470703125, 0.332275390625, 0.0163421630859375, 0.69970703125, 7.4140625, 1.421875, 0.0152740478515625, 0.001567840576171875, 0.025848388671875, 0.1387939453125, 0.01251983642578125, 0.051177978515625, 4.14453125, 6.953125, 0.1793212890625, 0.013580322265625, 0.0040435791015625, 0.0262451171875, 2.13671875, 3.9765625, 3.130859375, 0.48779296875, 0.2010498046875, 9.609375, 4.6640625, 9.8984375, 8.6953125, 2.529296875, 0.40185546875, 0.00250244140625, 0.0115814208984375, 1.2099609375, 1.9814453125, 10.2890625, 2.4140625, 7.4609375, 5.671875, 0.52783203125, 0.1607666015625, 5.6796875, 4.3515625, 5.4375, 3.51953125, 7.99609375, 2.162109375, 1.5263671875, 0.6435546875, 0.3369140625, 0.70849609375, 0.0408935546875, 0.03814697265625, 0.58642578125, 0.05841064453125, 0.01617431640625, 0.0010957717895507812, 1.919921875, 0.2587890625, 2.822265625, 1.6796875, 0.3603515625, 0.0297088623046875, 0.000240325927734375]",-2.58841765291161
132,1,test,1.9971948681650935,0.7445562323013204,0.7445562323013204,5.2133349610318875,1.9435364561480477,1.9435364561480477,7.368357866645243,3.8687930038043907,3.8687930038043907,19.233835558003545,10.098821174249958,10.098821174249958,1.076493424985876,0.30907447725214265,0.4467740350879229,2.474697528703163,0.7105160396600978,1.0270667473285582,2.9343718941751775,0.7801729221608946,1.0572881174905666,6.745682515345235,1.793500970484815,2.430547396530038,1.7279940568483794,0.6306832986541167,0.9099988732558684,4.081875724838691,1.4898030676868896,2.1496036376122873,5.62935041821969,2.6332524697708948,3.3633979561651843,13.297678153274857,6.220281424655657,7.945034542122483,0.26633165829145733,0.01633165829145733,-0.008668341708542693,0.18592964824120606,-0.02907035175879391,-0.014070351758793898,0.13567839195979903,-0.014321608040200995,-0.004321608040200986,0.32432432432432434,0.063327256875644,0.063327256875644,0.3592057761732852,0.26633165829145733,0.058311608166144,0.04930327765706666,0.2525252525252525,0.29096989966555187,0.055577579131328214,0.08518569499369422,0.3355704697986577,11.0,-1.0,0.0,17.0,-2.0,-1.0,22.0,1.0,-2.0,-0.0010607205199396079,-0.0005084924656961048,-0.0008617138864855767,-0.06812673010826487,-0.07582552460013048,-0.06158462627441974,"[5.171875, 3.943359375, 0.74658203125, 0.10076904296875, 3.84375, 3.85546875, 2.76171875, 0.366455078125, 0.72265625, 0.0263671875, 4.546875, 1.3134765625, 0.00945281982421875, 0.003551483154296875, 0.261474609375, 0.01320648193359375, 0.052093505859375, 7.998943328857422e-05, 0.00719451904296875, 0.004062652587890625, 0.08282470703125, 0.00254058837890625, 0.0193023681640625, 0.006114959716796875, 0.007762908935546875, 0.0004239082336425781, 0.0016841888427734375, 0.00035381317138671875, 0.00014841556549072266, 0.0086212158203125, 0.01299285888671875, 0.0030364990234375, 0.006359100341796875, 0.002780914306640625, 0.004634857177734375, 0.0227203369140625, 0.001087188720703125, 0.0025463104248046875, 0.02496337890625, 0.06903076171875, 0.007678985595703125, 0.047515869140625, 0.08880615234375, 1.3515625, 4.67578125, 0.677734375, 4.953125, 1.9794921875, 0.042724609375, 0.07080078125, 6.5703125, 4.03125, 0.49755859375, 0.06671142578125, 4.1796875, 0.0810546875, 0.0020008087158203125, 0.11065673828125, 2.734375, 0.076416015625, 8.0078125, 0.302001953125, 5.82421875, 4.2421875, 0.359130859375, 2.287109375, 0.1373291015625, 0.25048828125, 0.0010328292846679688, 0.022491455078125, 0.00011992454528808594, 0.0002206563949584961, 0.00014650821685791016, 1.1920928955078125e-07, 1.633167266845703e-05, 4.935264587402344e-05, 0.0002815723419189453, 5.745887756347656e-05, 0.1341552734375, 1.5020370483398438e-05, 0.001972198486328125, -0.0, 1.1324882507324219e-05, 0.0017261505126953125, 0.01024627685546875, 2.396106719970703e-05, 0.003887176513671875, 0.00018775463104248047, 0.0018568038940429688, 0.00127410888671875, 0.001277923583984375, 0.0020847320556640625, 0.00763702392578125, 0.002838134765625, 0.127685546875, 0.024932861328125, 0.0110321044921875, 1.3203125, 2.91015625, 0.346923828125, 0.264404296875, 3.0994415283203125e-05, 0.0067291259765625, 0.003993988037109375, 2.12890625, 0.389892578125, 0.031036376953125, 1.31640625, 3.546875, 0.0003991127014160156, 0.00846099853515625, 1.3173828125, 0.787109375, 0.041534423828125, 0.128662109375, 1.02734375, 0.0024471282958984375, 2.76171875, 0.066650390625, 1.09375, 0.358154296875, 0.00788116455078125, 0.0009474754333496094, 0.0242767333984375, 0.330810546875, 0.0006985664367675781, 0.0189208984375, 2.609375, 0.0034027099609375, 3.5703125, 0.099609375, 0.41650390625, 0.009002685546875, 0.0005564689636230469, 0.0229339599609375, 0.321533203125, 0.0006327629089355469, 0.007038116455078125, 0.6396484375, 0.001567840576171875, 1.69140625, 0.170654296875, 1.998046875, 0.82958984375, 0.9990234375, 2.181640625, 0.322021484375, 0.0275115966796875, 0.00030303001403808594, 0.025970458984375, 0.320556640625, 0.000743865966796875, 0.0189361572265625, 1.12890625, 0.0006880760192871094, 1.73046875, 0.006900787353515625, 0.406005859375, 8.3359375, 0.411865234375, 0.010284423828125, 0.0011301040649414062, 0.0218048095703125, 0.133056640625, 0.000598907470703125, 0.0069732666015625, 2.92578125, 0.01088714599609375, 6.25, 0.027435302734375, 2.703125, 0.464111328125, 9.28125, 0.37646484375, 0.019317626953125, 0.000888824462890625, 0.0248870849609375, 2.130859375, 3.224609375, 5.6640625, 4.37890625, 2.58203125, 0.0267486572265625, 0.380859375, 1.0751953125, 0.86669921875, 0.0806884765625, 0.0210723876953125, 3.478515625, 6.78125, 1.7333984375, 4.90234375, 0.11322021484375, 0.0228271484375, 1.9453125, 13.25, 7.72265625, 5.3984375, 0.25439453125, 0.025665283203125, 0.9384765625, 1.8515625, 4.86328125, 9.484375, 8.515625, 0.036041259765625, 5.8203125, 5.96484375, 4.734375, 6.2109375, 3.66796875, 8.796875, 0.347412109375, 2.998046875, 7.52734375, 11.609375, 6.30859375, 0.75634765625, 0.135986328125, 1.4541015625, 9.7578125, 0.4755859375, 3.4140625, 5.4609375, 0.82421875, 7.00390625, 1.2841796875, 0.004459381103515625, 1.90625, 8.96875, 0.06915283203125, 1.154296875, 0.14013671875, 2.294921875, 0.00047516822814941406, 0.0133209228515625, 0.0067291259765625, 2.62109375, 6.26953125, 1.8447265625, 2.427734375, 11.1015625, 7.203125, 1.26171875, 0.269775390625, 0.069091796875, 4.74609375, 4.58984375, 0.0811767578125, 0.640625, 0.7041015625, 0.052398681640625, 0.0178375244140625, 8.6171875, 14.796875, 7.44921875, 7.78515625, 1.9072265625, 0.143798828125, 5.6875, 0.783203125, 0.0008258819580078125, 0.0264892578125, 0.162841796875, 4.40625, 5.47265625, 0.72216796875, 6.65234375, 3.771484375, 8.46875, 1.2626953125, 0.099853515625, 0.156005859375, 3.03515625, 1.0556640625, 0.57080078125, 5.1640625, 0.3662109375, 2.396484375, 3.162109375, 0.485595703125, 0.01010894775390625, 0.60498046875, 0.06378173828125, 0.171142578125, 1.73046875, 0.04254150390625, 0.024627685546875, 0.228515625, 6.05859375, 1.70703125, 0.0252685546875, 0.057952880859375, 12.125, 0.408447265625, 6.328125, 1.880859375, 4.26171875, 0.92578125, 0.035400390625, 0.1812744140625, 2.205078125, 0.01413726806640625, 1.2109375, 0.07305908203125, 0.86181640625, 0.81591796875, 2.7421875, 0.6689453125, 0.01959228515625, 2.181640625, 0.00864410400390625, 0.70166015625, 0.1527099609375, 8.7578125, 7.7109375, 0.358642578125, 2.77734375, 1.8623046875, 0.71435546875, 0.1632080078125, 0.98828125, 6.734375, 0.47705078125, 7.6796875, 7.4375, 0.18212890625, 9.734375, 0.3271484375, 5.2890625, 2.517578125, 4.9375, 0.85498046875, 0.0019063949584960938, 1.6787109375, 0.030303955078125, 7.18359375, 3.3203125, 0.8935546875, 1.4111328125, 5.40625, 7.27734375, 0.1173095703125, 3.939453125, 0.810546875, 0.411376953125, 0.0731201171875, 0.57958984375, 4.78125, 0.67578125, 0.546875, 0.365966796875, 5.53125, 2.646484375, 0.7626953125, 8.171875, 1.2841796875, 2.35546875, 0.576171875, 3.419921875, 14.140625, 9.5625, 7.1328125, 9.1875, 1.142578125, 1.8212890625, 2.439453125, 1.3232421875, 0.00994873046875, 0.00588226318359375, 4.44921875, 2.1953125, 4.2734375, 3.4296875, 0.5947265625, 10.6171875, 1.478515625, 0.9794921875, 1.546875, 3.255859375, 0.52880859375, 1.0400390625, 0.454833984375, 1.626953125, 2.099609375, 6.93359375, 7.24609375, 0.98583984375, 0.50634765625, 0.0018568038940429688, 0.0015897750854492188, 2.478515625, 7.9296875, 0.03399658203125, 0.57568359375, 4.96484375, 0.25439453125, 9.03125, 4.390625, 2.173828125, 2.0078125, 7.609375, 2.9140625, 0.30419921875, 0.27783203125, 0.0635986328125, 2.4609375, 2.044921875, 7.76953125, 0.01232147216796875, 1.21875, 0.01129913330078125, 3.296875, 1.5810546875, 3.9453125, 0.006443023681640625, 0.474365234375, 0.3388671875, 4.66796875, 0.89697265625, 1.2470703125, 0.158447265625, 2.408203125, 6.96484375, 0.1629638671875, 0.289306640625, 0.01396942138671875, 1.916015625, 7.6171875, 1.45703125, 0.330810546875, 0.006954193115234375, 0.0198516845703125, 2.2421875, 0.0022296905517578125, 0.27197265625, 2.755859375, 1.6748046875, 1.736328125, 0.1173095703125, 0.006229400634765625, 0.0180816650390625, 3.10546875, 1.38671875, 5.6171875, 1.212890625, 0.78662109375, 0.023345947265625, 0.004383087158203125, 0.72412109375, 0.2047119140625, 0.91357421875, 2.9375, 0.108154296875, 0.234375, 8.8203125, 3.48046875, 7.015625, 0.493896484375, 1.869140625, 0.0307464599609375, 0.83544921875, 1.1435546875, 3.73046875, 0.2301025390625, 1.6572265625, 7.5859375, 0.028106689453125, 1.76953125, 9.1640625, 1.0322265625, 3.87109375, 0.4443359375, 0.1689453125, 0.003215789794921875, 0.0124664306640625, 0.325439453125, 0.058868408203125, 0.330810546875, 1.779296875, 0.045867919921875, 9.1875, 4.2890625, 2.85546875, 1.6591796875, 1.8291015625, 0.70458984375, 8.359375, 10.15625, 4.1171875, 3.447265625, 0.191162109375, 5.203125, 0.8681640625, 6.4921875, 0.11114501953125, 0.99462890625, 0.032745361328125, 2.23828125, 3.06640625, 2.744140625, 4.83203125, 2.900390625, 0.5595703125, 1.57421875, 8.40625, 2.1640625, 2.294921875, 2.849609375, 0.919921875, 0.712890625, 0.01265716552734375, 0.1351318359375, 0.9609375, 3.201171875, 0.7353515625, 0.115478515625, 3.86328125, 1.7958984375, 0.34619140625, 0.054901123046875, 1.373046875, 2.818359375, 0.4765625, 0.00275421142578125, 0.239501953125, 0.06549072265625, 0.1265869140625, 2.73046875, 0.305908203125, 0.061492919921875, 0.007232666015625, 0.005374908447265625, 0.32861328125, 5.05859375, 4.51171875, 0.041748046875, 0.064208984375, 0.3642578125, 2.14453125, 3.7890625, 10.59375, 0.0355224609375, 0.00043964385986328125, 1.3173828125, 0.238037109375, 0.70361328125, 1.388671875, 0.1710205078125, 0.73046875, 0.08245849609375, 0.57080078125, 4.70703125, 1.525390625, 1.0224609375]",-2.346464532774848
116,1,test,2.3589337871499256,1.0125377233374715,1.3584009330454874,4.427537262035245,1.9004554191872542,2.549614058946915,10.579665261710659,6.7361166257331675,7.859934599648114,19.85721787582616,12.64317274368379,14.75249263318569,1.3662415173784572,0.47392042015507496,0.7203504523859251,2.33545558526232,0.8101203763334612,1.231368294676795,3.9205875092402755,1.4797991205789494,2.0129013647517287,6.701858990154317,2.529571146288802,3.440857033763639,2.1912605339866817,0.9229381268819477,1.299081304353253,3.8443167262924245,1.6191896962841188,2.279090007637286,8.946483356277028,5.391599446996401,6.506041211820991,15.695584835573735,9.458946398239302,11.414107389159636,0.29145728643216084,-0.0035427135678391952,-0.0085427135678392,0.2361809045226131,0.001180904522613102,0.001180904522613102,0.18592964824120606,-0.004070351758793889,-0.004070351758793889,0.34246575342465757,0.07981185465584772,0.1254569557706986,0.35989010989010994,0.27135678391959794,0.06584299945844507,0.10274242665749445,0.202020202020202,0.3511705685618729,0.10075320629142215,0.15762218146509865,0.3523489932885906,19.0,0.0,1.0,24.0,1.0,0.0,29.0,0.0,0.0,-0.0006631866756985763,-0.0012068556294397054,-0.0006812508044927061,-0.06715273146405831,-0.06193993649972995,-0.06114112286506401,"[5.203125, 5.98828125, 1.6298828125, 2.7890625, 11.796875, 9.8125, 5.3359375, 3.6484375, 2.013671875, 0.0033092498779296875, 5.23046875, 2.9921875, 2.6171875, 0.0029850006103515625, 0.01561737060546875, 7.91796875, 0.8994140625, 8.0703125, 1.349609375, 0.15380859375, 1.068359375, 2.126953125, 4.87109375, 0.48388671875, 1.0126953125, 7.25, 9.1484375, 2.72265625, 8.1953125, 2.5390625, 8.34375, 1.951171875, 3.76171875, 0.372314453125, 0.1444091796875, 0.07244873046875, 5.765625, 0.654296875, 0.0631103515625, 2.044921875, 0.055694580078125, 0.0560302734375, 0.390625, 0.00566864013671875, 0.01274871826171875, 0.0016307830810546875, 0.00548553466796875, 1.3709068298339844e-05, 0.0003407001495361328, 0.1688232421875, 1.388671875, 0.0143280029296875, 0.0009965896606445312, 0.004589080810546875, 0.06475830078125, 0.0046539306640625, 0.00820159912109375, 0.0019426345825195312, 0.0006856918334960938, 0.003437042236328125, 0.0080108642578125, 0.0012807846069335938, 0.002414703369140625, 0.00716400146484375, 0.002780914306640625, 0.0004687309265136719, 0.00621795654296875, 0.006168365478515625, 1.4543533325195312e-05, 0.00794219970703125, 0.002574920654296875, 0.052337646484375, 0.0004868507385253906, 7.390975952148438e-05, 0.00019490718841552734, 0.00022530555725097656, 0.0011796951293945312, 0.0018472671508789062, 2.1338462829589844e-05, 0.00299835205078125, 0.01477813720703125, 0.0029773712158203125, 6.70703125, 8.702278137207031e-06, 0.0028629302978515625, 0.00049591064453125, 0.00032329559326171875, 4.2438507080078125e-05, 1.1086463928222656e-05, 0.00024509429931640625, 0.00020301342010498047, 0.0013017654418945312, 0.0025157928466796875, 0.0001646280288696289, 0.0025119781494140625, 1.1682510375976562e-05, 0.0252838134765625, 0.0052947998046875, 0.146240234375, 2.142578125, 0.0006680488586425781, 0.00411224365234375, 0.017547607421875, 0.00014674663543701172, 2.384185791015625e-05, 0.00011444091796875, 0.00016129016876220703, 6.198883056640625e-06, 0.0003921985626220703, 0.003108978271484375, 0.00015878677368164062, 0.00041556358337402344, 0.00023543834686279297, 0.05072021484375, 0.002582550048828125, 7.748603820800781e-05, 0.006855010986328125, 0.0002257823944091797, 2.2411346435546875e-05, 9.417533874511719e-06, 1.3589859008789062e-05, 2.0623207092285156e-05, 0.000919342041015625, 0.00501251220703125, 0.0008716583251953125, 0.00033593177795410156, 0.0024852752685546875, 0.0004761219024658203, 0.00033545494079589844, 0.00255584716796875, 0.0005702972412109375, 3.3020973205566406e-05, 0.0291900634765625, 4.887580871582031e-05, 4.982948303222656e-05, 2.1457672119140625e-05, 7.069110870361328e-05, 0.00014543533325195312, 0.0001735687255859375, 0.00014579296112060547, 6.54458999633789e-05, 2.9087066650390625e-05, 0.002765655517578125, 0.0005125999450683594, 0.0005345344543457031, 0.007205963134765625, 0.01160430908203125, 0.0535888671875, 0.0011072158813476562, 8.356571197509766e-05, 6.29425048828125e-05, 0.00018680095672607422, 7.033348083496094e-06, 0.000568389892578125, 5.257129669189453e-05, 1.7881393432617188e-06, 0.0001615285873413086, 0.0009851455688476562, 1.5020370483398438e-05, 0.0019083023071289062, 0.0011644363403320312, 0.00033283233642578125, 1.8835067749023438e-05, 0.00045990943908691406, 0.0270843505859375, 2.35546875, 4.89453125, 3.259765625, 4.0703125, 0.478759765625, 2.916015625, 9.75, 11.2265625, 1.9443359375, 0.0221405029296875, 2.15234375, 5.11328125, 6.03125, 6.8046875, 1.03125, 9.984375, 3.306640625, 1.90625, 0.299560546875, 3.544921875, 5.96484375, 6.921875, 5.0390625, 0.267578125, 0.56201171875, 0.1319580078125, 0.67138671875, 2.314453125, 3.25, 0.96923828125, 2.68359375, 5.2578125, 4.38671875, 1.4384765625, 12.8203125, 5.4609375, 5.78125, 7.72265625, 7.19140625, 4.7109375, 7.57421875, 7.390625, 1.5322265625, 1.0380859375, 0.6953125, 0.24560546875, 10.9140625, 7.39453125, 1.595703125, 0.310302734375, 4.34765625, 1.5302734375, 0.30078125, 5.71484375, 7.6953125, 1.2373046875, 0.2213134765625, 0.5615234375, 5.9609375, 1.908203125, 3.4296875, 0.06689453125, 7.5234375, 3.068359375, 3.404296875, 4.0703125, 2.16796875, 0.0838623046875, 1.7041015625, 3.09765625, 0.1453857421875, 3.107421875, 3.05859375, 10.5703125, 2.693359375, 2.404296875, 5.5859375, 7.94140625, 3.50390625, 2.146484375, 0.394775390625, 0.09295654296875, 10.90625, 4.41796875, 1.68359375, 0.1424560546875, 0.55712890625, 2.072265625, 6.59765625, 2.30859375, 9.125, 0.56396484375, 5.33984375, 0.461181640625, 6.92578125, 3.048828125, 4.6015625, 7.4765625, 0.99560546875, 9.75, 5.640625, 4.31640625, 15.1796875, 10.390625, 4.2890625, 3.708984375, 3.767578125, 4.90625, 1.205078125, 2.109375, 2.169921875, 7.33984375, 4.2890625, 6.08984375, 0.57861328125, 0.66748046875, 0.1317138671875, 0.1341552734375, 2.880859375, 4.609375, 0.3525390625, 7.328125, 3.763671875, 1.701171875, 1.376953125, 5.40625, 1.130859375, 5.76953125, 1.8681640625, 2.251953125, 10.0625, 0.3662109375, 0.275390625, 0.115478515625, 0.314208984375, 0.8681640625, 0.5029296875, 0.08465576171875, 4.71875, 0.4013671875, 1.5546875, 0.057891845703125, 6.8671875, 2.32421875, 0.40283203125, 0.64013671875, 0.7685546875, 4.1015625, 0.5048828125, 1.8828125, 8.2734375, 0.9873046875, 6.671875, 3.7890625, 0.342529296875, 1.3759765625, 8.0234375, 2.083984375, 11.140625, 0.0213165283203125, 4.734375, 1.3271484375, 1.890625, 0.260009765625, 1.0419921875, 1.6806640625, 12.4609375, 5.26953125, 1.40234375, 3.439453125, 0.02227783203125, 8.015625, 1.404296875, 2.939453125, 0.98583984375, 0.064453125, 3.716796875, 5.0234375, 9.3046875, 0.96044921875, 1.119140625, 5.57421875, 0.2091064453125, 3.849609375, 0.44580078125, 0.75439453125, 1.3642578125, 2.55859375, 6.890625, 0.84765625, 0.8935546875, 11.140625, 4.0390625, 5.28125, 5.78515625, 0.029205322265625, 1.3798828125, 3.443359375, 6.05859375, 6.828125]",-1.4341646625571056
226,1,test,1.3390582159439228,0.5893787024488251,0.8079899007532056,2.653471188649614,1.1679099441163834,1.6011088217379474,3.815448484216036,1.699126828830948,2.1147002105653865,7.560673990194966,3.3669813847386267,4.19047955835963,0.8757645886148041,0.2790384635692763,0.4261292069241563,1.4843467603640748,0.47294654842250217,0.7222528930917903,2.400710148070091,0.5845469824629745,0.8329696936793844,4.069000250966256,0.9907575973948717,1.4118130401345494,1.3007661311522773,0.5288566580148915,0.7640812689189022,2.501473329138995,1.0170320346440223,1.4693870556132735,3.6721089072378894,1.5082146979525097,1.9617814250446666,7.061747898534403,2.9004128806779033,3.772656586624359,0.16080402010050254,-0.014195979899497502,-0.014195979899497502,0.10552763819095479,-0.009472361809045204,-0.009472361809045204,0.09547738693467334,0.0004773869346733628,-0.004522613065326642,0.23913043478260865,0.06083586113919781,0.0903701042040963,0.2710280373831776,0.17085427135678388,0.015465800178839029,0.04063724297614946,0.18181818181818177,0.2441471571906354,0.0705244526831229,0.0995420403941949,0.2651006711409396,16.0,2.0,2.0,18.0,0.0,0.0,22.0,2.0,2.0,-0.0017212184717810958,0.00022724783288044642,-0.0006706721517195437,-0.061085984212388755,-0.0689377053023481,-0.0670878813533049,"[2.1875, 2.294921875, 2.265625, 0.213623046875, 0.327880859375, 0.0090484619140625, 3.61328125, 11.2578125, 10.921875, 7.43359375, 0.65478515625, 0.85107421875, 0.1864013671875, 0.3818359375, 0.02923583984375, 0.94384765625, 0.029754638671875, 1.3154296875, 0.0234375, 0.0196685791015625, 0.387451171875, 0.004863739013671875, 0.0009074211120605469, 0.001026153564453125, 0.0037403106689453125, 5.364418029785156e-06, 4.1484832763671875e-05, 0.01641845703125, 0.00606536865234375, 0.004627227783203125, 0.0002624988555908203, 0.00954437255859375, 0.1357421875, 1.919269561767578e-05, 0.0014066696166992188, 2.7298927307128906e-05, 0.00018906593322753906, 0.004940032958984375, 0.00135040283203125, 0.0010557174682617188, 0.00540924072265625, 0.0028171539306640625, 0.001293182373046875, 0.0002808570861816406, 0.005710601806640625, 0.0080413818359375, 6.103515625e-05, 0.00841522216796875, 3.3736228942871094e-05, 0.0022258758544921875, 0.00010597705841064453, 0.0009379386901855469, 0.0002529621124267578, 9.739398956298828e-05, 0.0002636909484863281, 0.00449371337890625, 2.086162567138672e-05, 0.004604339599609375, 0.004978179931640625, 0.00101470947265625, 0.0207366943359375, 0.0010728836059570312, 1.416015625, 0.0206298828125, 7.033348083496094e-06, 0.016326904296875, 0.0001354217529296875, 9.417533874511719e-06, 3.075599670410156e-05, 3.0994415283203125e-06, 0.00012862682342529297, 0.00045752525329589844, 0.00027680397033691406, 0.00135040283203125, 5.733966827392578e-05, 0.0003409385681152344, 2.9802322387695312e-06, 0.0033206939697265625, 0.0032634735107421875, 0.004974365234375, 0.0277862548828125, 0.0001405477523803711, 0.0170135498046875, 2.0265579223632812e-05, 0.00012731552124023438, 0.0003733634948730469, 6.651878356933594e-05, 7.867813110351562e-06, 2.288818359375e-05, 0.0005536079406738281, 5.614757537841797e-05, 6.258487701416016e-05, 6.091594696044922e-05, 0.00864410400390625, 0.0026149749755859375, 3.5762786865234375e-07, 0.0002579689025878906, 5.5789947509765625e-05, 2.3126602172851562e-05, 5.960464477539062e-07, 1.7404556274414062e-05, 1.5497207641601562e-06, 0.0009260177612304688, 0.0017480850219726562, 0.00034165382385253906, 3.540515899658203e-05, 0.0024929046630859375, 0.00019931793212890625, 0.0001233816146850586, 0.00012934207916259766, 0.0004172325134277344, 1.1920928955078125e-07, 0.0018358230590820312, 6.628036499023438e-05, 0.00013363361358642578, 0.0001348257064819336, 7.62939453125e-05, 0.00043773651123046875, 0.00011944770812988281, 0.0005116462707519531, 8.118152618408203e-05, 3.445148468017578e-05, 0.0012311935424804688, 0.0069732666015625, 0.0009760856628417969, 0.002559661865234375, 0.0026340484619140625, 0.0052490234375, 0.0010976791381835938, 3.8743019104003906e-05, 2.682209014892578e-05, 8.344650268554688e-06, 6.127357482910156e-05, 0.00040435791015625, 7.843971252441406e-05, 7.987022399902344e-06, 5.936622619628906e-05, 0.0003516674041748047, 3.2186508178710938e-06, 0.00041604042053222656, 0.0007734298706054688, 0.00033926963806152344, 1.1682510375976562e-05, 0.0009222030639648438, 0.01239013671875, 0.057769775390625, 0.0134429931640625, 0.361083984375, 0.229248046875, 1.037109375, 0.00020122528076171875, 1.4306640625, 6.96484375, 0.58251953125, 8.0625, 1.5361328125, 0.134765625, 5.8515625, 6.6015625, 11.1328125, 2.287109375, 0.02734375, 0.0269775390625, 0.06536865234375, 1.5498046875, 0.0006074905395507812, 0.79833984375, 0.04901123046875, 3.888671875, 0.028472900390625, 0.0013990402221679688, 0.315185546875, 0.0562744140625, 0.00030612945556640625, 0.367919921875, 0.006748199462890625, 1.3896484375, 0.005626678466796875, 0.0036029815673828125, 1.314453125, 5.4453125, 9.8671875, 0.97314453125, 4.4453125, 1.478515625, 1.333984375, 0.77099609375, 12.9296875, 7.3515625, 0.4775390625, 0.7255859375, 0.052459716796875, 12.4375, 7.28515625, 3.806640625, 1.1513671875, 0.07965087890625, 0.156982421875, 1.326171875, 0.0020313262939453125, 4.66796875, 4.37890625, 0.53515625, 0.278564453125, 0.75830078125, 1.578125, 11.71875, 6.59765625, 0.62060546875, 2.154296875, 0.06304931640625, 0.141357421875, 0.057037353515625, 0.01068115234375, 2.9140625, 4.6875, 0.2440185546875, 7.04296875, 0.041351318359375, 0.53369140625, 0.028167724609375, 0.3330078125, 7.17578125, 6.359375, 0.9130859375, 0.1385498046875, 0.01335906982421875, 1.5380859375, 7.625, 1.7314453125, 9.1640625, 4.45703125, 8.2578125, 1.7529296875, 0.7138671875, 0.043182373046875, 0.216064453125, 0.1324462890625, 0.00875091552734375, 8.5859375, 0.744140625, 0.58203125, 0.75634765625, 8.6171875, 2.826171875, 2.1328125, 2.7109375, 2.357421875, 0.371337890625, 0.7412109375, 0.389892578125, 0.1295166015625, 0.130615234375, 2.65625, 0.0127716064453125, 0.328369140625, 4.4375, 9.296875, 0.00554656982421875, 0.0030364990234375, 0.07415771484375, 2.939453125, 0.5068359375, 1.8896484375, 2.4375, 0.1329345703125, 1.328125, 0.0158538818359375, 0.33447265625, 0.0019283294677734375, 4.65625, 2.11328125, 4.87109375, 0.55224609375, 0.8369140625, 0.09576416015625, 1.185546875, 4.88671875, 2.59765625, 0.375244140625, 0.00818634033203125, 0.11297607421875, 0.0220184326171875, 0.00325775146484375, 3.349609375, 4.0546875, 1.107421875, 5.37890625, 0.49609375, 11.15625, 0.0004897117614746094, 0.203125, 0.121826171875, 3.2421875, 0.438232421875, 0.213134765625, 1.9921875, 0.98486328125, 0.1121826171875, 0.9287109375, 0.5380859375, 0.96630859375, 0.1263427734375, 0.02325439453125, 0.0079345703125, 1.921875, 11.65625, 12.03125, 1.318359375, 4.515625, 1.591796875, 1.490234375, 2.1171875, 0.8056640625, 0.003070831298828125, 0.0089874267578125, 0.0005159378051757812, 0.73876953125, 0.31689453125, 0.004634857177734375, 2.1484375, 0.1845703125]",-2.5170096799453594
258,1,test,2.004057780126246,0.8774527578536113,1.079354624797911,5.841615231431822,2.557681443105207,3.1462039063258254,7.419100178831352,4.333935543674871,4.897980410530497,21.625887755316917,12.632961052839518,14.277091834950596,1.8798504223176582,0.7546311052390677,1.1076640257950094,4.5850010300430695,1.8405636713147997,2.7016195751097793,6.552524677431356,3.4716322102679933,4.388031152257728,15.981767505930138,8.467395634799985,10.702515005506655,2.270347022691299,1.030601473131706,1.4253456356773229,5.92264440702078,2.6885255820827108,3.718292962636494,9.68276036868063,6.2280260744285325,7.35477932517039,25.25937487481903,16.247024541987475,19.18638084827058,0.3869346733668342,0.001934673366834172,-0.008065326633165837,0.3015075376884422,-0.013492462311557762,-0.018492462311557767,0.25125628140703515,-0.003743718592964851,-0.003743718592964851,0.3219512195121951,0.0883745771764286,0.11667262713682847,0.30073349633251834,0.31658291457286436,0.09908291457286433,0.15185745700214892,0.2828282828282829,0.3311036789297659,0.1027703455964325,0.14797382321389463,0.3389261744966443,21.0,0.0,-3.0,31.0,1.0,0.0,36.0,0.0,1.0,0.0007745712167469346,6.728360257218909e-05,0.00029040416409834545,-0.09689181489759946,-0.09011362158348835,-0.09709750015810403,"[3.279296875, 5.75, 1.1767578125, 2.9140625, 8.484375, 11.109375, 7.3984375, 4.08984375, 4.8359375, 1.9189453125, 0.461669921875, 2.23046875, 5.765625, 0.74267578125, 0.432373046875, 0.132080078125, 0.01171875, 0.00385284423828125, 0.32666015625, 0.3798828125, 2.1328125, 1.65625, 9.015625, 0.01971435546875, 0.04156494140625, 0.150390625, 0.044403076171875, 3.412109375, 0.0275421142578125, 5.066394805908203e-05, 0.310791015625, 0.0008535385131835938, 1.1920928955078125e-06, 0.0045013427734375, 4.76837158203125e-07, 0.065673828125, 0.30322265625, 2.372264862060547e-05, 0.007266998291015625, 1.0848045349121094e-05, 0.5830078125, 0.41748046875, 0.0777587890625, 0.0584716796875, 0.164306640625, 0.69873046875, 0.0006570816040039062, 0.83251953125, 3.568359375, 0.0013666152954101562, 0.018341064453125, 1.05859375, 1.3134765625, 0.031341552734375, 0.400390625, 0.0819091796875, 0.027587890625, 0.0015354156494140625, 0.227294921875, 0.083251953125, 0.045166015625, 0.00478363037109375, 0.060760498046875, 0.03118896484375, 7.015625, 1.873046875, 0.0028972625732421875, 5.53131103515625e-05, 0.0004787445068359375, 2.302734375, 7.87890625, 0.0263519287109375, 1.2421875, 7.73828125, 0.37939453125, 3.390625, 0.625, 9.796875, 0.56201171875, 3.3203125, 4.98046875, 0.272216796875, 4.4765625, 0.29833984375, 3.41015625, 7.3515625, 0.240478515625, 6.6484375, 11.0625, 0.1376953125, 3.244140625, 0.437744140625, 6.21484375, 8.1015625, 0.0948486328125, 7.296875, 7.65234375, 0.458984375, 6.765625, 0.56201171875, 3.986328125, 0.1749267578125, 2.69921875, 3.359375, 7.71484375, 6.08203125, 8.6875, 0.291259765625, 0.060516357421875, 4.73828125, 5.0234375, 0.313720703125, 1.81640625, 3.56640625, 0.97802734375, 0.0679931640625, 0.1475830078125, 0.0003437995910644531, 0.0157470703125, 0.01396942138671875, 0.020660400390625, 0.171630859375, 4.06640625, 0.00638580322265625, 0.6904296875, 8.984375, 0.626953125, 2.8203125, 0.04290771484375, 0.443603515625, 2.736328125, 0.0097503662109375, 0.27001953125, 2.447265625, 0.0078887939453125, 2.298828125, 0.02923583984375, 0.7998046875, 4.67578125, 1.54296875, 2.66796875, 0.87841796875, 0.08258056640625, 1.03125, 3.5390625, 0.01275634765625, 0.0016202926635742188, 0.00022411346435546875, 0.00689697265625, 1.455078125, 8.8515625, 0.31884765625, 2.66015625, 0.023468017578125, 1.955078125, 0.541015625, 0.259521484375, 0.0116424560546875, 0.28955078125, 0.01611328125, 0.916015625, 0.07586669921875, 0.0003421306610107422, 0.0009775161743164062, 0.0108795166015625, 0.01306915283203125, 0.0997314453125, 0.958984375, 0.0010366439819335938, 0.1390380859375, 7.0, 0.054901123046875, 4.31640625, 4.24609375, 0.9208984375, 0.2144775390625, 0.01073455810546875, 0.79296875, 6.1640625, 0.0004622936248779297, 0.054290771484375, 7.903575897216797e-05, 0.000152587890625, 0.216064453125, 5.4375, 3.73046875, 4.6875, 0.407470703125, 0.381591796875, 1.49609375, 2.177734375, 7.85546875, 0.03997802734375, 0.27294921875, 1.8779296875, 0.005115509033203125, 0.83642578125, 0.015625, 0.52197265625, 3.26953125, 0.8369140625, 8.4140625, 0.2109375, 4.22265625, 0.419189453125, 0.057037353515625, 0.0335693359375, 1.689453125, 0.15283203125, 0.215087890625, 0.0157470703125, 4.4921875, 5.90234375, 0.05426025390625, 4.4609375, 2.138671875, 1.12890625, 1.759765625, 1.9091796875, 0.12396240234375, 0.85302734375, 0.0218353271484375, 0.73486328125, 1.3681640625, 0.99951171875, 0.69482421875, 0.10894775390625, 0.048828125, 0.447265625, 0.490234375, 0.0155029296875, 0.14599609375, 0.3203125, 0.06256103515625, 0.0081329345703125, 5.2578125, 0.483642578125, 0.00847625732421875, 12.546875, 0.10211181640625, 1.74609375, 8.5859375, 7.25390625, 5.55078125, 6.0390625, 1.1923828125, 2.7734375, 3.4375, 6.53515625, 11.0234375, 4.55078125, 10.15625, 3.6484375, 1.384765625, 0.048858642578125, 8.3359375, 0.98486328125, 5.76171875, 9.5546875, 1.099609375, 2.130859375, 4.34375, 8.2890625, 2.12109375, 3.501953125, 1.1572265625, 0.1968994140625, 4.66015625, 4.0078125, 1.923828125, 5.96875, 3.23828125, 6.6484375, 2.1796875, 5.69140625, 0.27685546875, 4.12109375, 1.3662109375, 2.08203125, 9.2890625, 6.78125, 1.3349609375, 1.326171875, 6.2734375, 4.34765625, 0.83544921875, 0.69287109375, 10.875, 7.421875, 1.580078125, 1.2353515625, 0.361572265625, 0.319580078125, 1.1640625, 0.3251953125, 2.9609375, 7.7421875, 6.7890625, 0.25830078125, 0.08416748046875, 4.33203125, 0.71484375, 0.7822265625, 6.13671875, 9.375, 6.296875, 3.603515625, 1.8603515625, 0.254150390625, 1.6025390625, 4.91796875, 6.66796875, 3.9609375, 1.6787109375, 0.128173828125, 13.2109375, 0.212646484375, 1.2666015625, 3.431640625, 7.140625, 1.2490234375, 0.79931640625, 0.329833984375, 3.30859375, 0.90576171875, 1.919269561767578e-05, 2.5153160095214844e-05, 0.1905517578125, 1.3447265625, 0.04644775390625, 0.364990234375, 0.1298828125, 2.0546875, 0.029632568359375, 0.0154876708984375, 0.315185546875, 0.0797119140625, 0.12457275390625, 0.051116943359375, 2.12890625, 0.04705810546875, 0.0028591156005859375, 0.96142578125, 0.56396484375, 0.11468505859375, 0.2841796875, 0.08111572265625, 1.6005859375, 2.49609375, 0.049957275390625, 0.33056640625, 1.3876953125, 0.00032901763916015625, 0.0428466796875, 0.002925872802734375, 2.6015625, 1.248046875, 0.291015625, 3.13671875, 0.373291015625, 0.0182952880859375, 0.07818603515625, 2.318359375, 1.361328125, 0.0070953369140625, 2.646484375, 1.564453125, 0.4609375, 0.085205078125, 4.1171875, 0.6376953125, 1.630859375, 3.646484375, 4.93359375, 0.97802734375, 0.61279296875, 0.55908203125, 0.007053375244140625, 2.287109375, 0.1064453125, 0.00012636184692382812, 2.1457672119140625e-06, 0.0221099853515625, 0.70068359375, 0.036407470703125, 0.00714111328125, 0.0228424072265625, 0.994140625, 0.015380859375, 0.371826171875, 0.057342529296875, 2.564453125, 0.2420654296875, 0.021636962890625, 0.034637451171875, 0.0404052734375, 0.00012159347534179688, 0.00957489013671875, 0.00040435791015625, 0.0243377685546875, 0.5205078125, 0.1165771484375, 0.089111328125, 0.0176239013671875, 0.0009350776672363281, 0.021514892578125, 0.063720703125, 0.7470703125, 0.00244140625, 1.1376953125]",-2.1707025615180413
40,1,test,2.596871946372238,1.1860276380081822,1.452974020951531,7.809710485781216,3.5668037054804893,4.369605695361589,13.42168854122072,9.322273427417677,10.28270848146375,40.36375450999466,28.03536641039581,30.923733594990246,2.9744396497256793,1.3434323536247856,1.8620375318165838,7.081999166013523,3.1986484610113948,4.43342269480139,19.57864927375657,14.469630851935202,16.53699323128254,46.61583160418232,34.45150202841715,39.373793407815576,2.8242941253560043,1.2972286679498568,1.7799188493473814,7.432352961463169,3.413759652499623,4.683996971966794,16.84904747212027,12.244403021040387,14.007424732997917,44.33959861084281,32.22211321326418,36.86164403420505,0.6030150753768844,0.0030150753768843908,0.008015075376884395,0.49246231155778897,-0.007537688442211032,-0.002537688442211028,0.39698492462311563,0.006984924623115618,0.0019849246231156137,0.375,0.12408200734394126,0.15799120234604103,0.3218673218673219,0.40201005025125625,0.12130829586529135,0.18164277145325958,0.33333333333333337,0.39799331103678925,0.13588980519371752,0.19665849457405293,0.3557046979865772,22.0,0.0,1.0,30.0,1.0,1.0,39.0,1.0,1.0,0.0005396375597079432,0.0009770421454801334,0.00023044621608006612,-0.051693035687115696,-0.051936125596477645,-0.05218841663721285,"[3.591796875, 7.44921875, 7.25390625, 3.134765625, 2.03515625, 8.1328125, 7.12890625, 3.38671875, 3.22265625, 8.2109375, 4.1484375, 5.24609375, 8.734375, 1.4951171875, 0.2196044921875, 1.50390625, 1.9921875, 0.62646484375, 6.70703125, 8.2109375, 2.73828125, 0.7587890625, 0.453857421875, 3.41015625, 7.06640625, 3.93359375, 0.73828125, 1.26953125, 0.339111328125, 2.517578125, 6.19921875, 6.69921875, 9.828125, 10.8046875, 7.69921875, 4.03125, 2.23046875, 6.0625, 2.083984375, 4.84765625, 4.46484375, 9.25, 0.6279296875, 3.630859375, 5.44140625, 0.74853515625, 0.015106201171875, 2.0234375, 2.435546875, 4.4765625, 6.875, 4.07421875, 1.0234375, 2.59375, 3.865234375, 4.5859375, 0.8974609375, 2.87890625, 2.720703125, 7.74609375, 0.0911865234375, 9.5234375, 0.4140625, 0.22314453125, 0.098876953125, 1.2314453125, 9.3515625, 0.320556640625, 0.035675048828125, 1.0078125, 1.171875, 0.052032470703125, 1.892578125, 4.75, 0.3447265625, 7.203125, 7.21484375, 0.70556640625, 1.7431640625, 0.01490020751953125, 2.44921875, 2.67578125, 5.3671875, 9.2265625, 2.962890625, 2.474609375, 0.57080078125, 13.3984375, 1.044921875, 0.304931640625, 0.045562744140625, 1.1376953125, 0.1956787109375, 0.0623779296875, 0.5, 0.9619140625, 0.0888671875, 0.06768798828125, 0.7978515625, 0.08154296875, 0.08001708984375, 0.122314453125, 0.370361328125, 0.02935791015625, 0.03570556640625, 0.442138671875, 0.66015625, 0.07635498046875, 0.05706787109375, 0.054962158203125, 0.04071044921875, 0.029205322265625, 0.096435546875, 4.328125, 2.4296875, 0.0240631103515625, 0.693359375, 0.496337890625, 0.06378173828125, 0.093994140625, 0.006473541259765625, 0.322998046875, 0.039794921875, 0.01702880859375, 0.33984375, 1.0576171875, 0.036712646484375, 0.033355712890625, 0.2301025390625, 0.0345458984375, 0.03668212890625, 0.0182037353515625, 5.0546875, 4.1015625, 7.74609375, 11.578125, 9.2109375, 2.83203125, 2.345703125, 3.140625, 6.41015625, 1.1591796875, 6.27734375, 9.1796875, 0.6484375, 0.67333984375, 8.2109375, 0.27783203125, 7.92578125, 2.341796875, 0.08258056640625, 0.583984375, 1.8955078125, 3.09375, 5.046875, 4.171875, 2.095703125, 3.900390625, 0.007030487060546875, 4.0859375, 4.04296875, 1.2666015625, 0.83203125, 9.609375, 7.03125, 2.373046875, 1.0947265625, 2.279296875, 2.650390625, 8.8359375, 0.64990234375, 0.005321502685546875, 0.262939453125, 0.1336669921875, 0.47802734375, 9.2890625, 4.19140625, 0.1204833984375, 3.93359375, 10.375, 0.468017578125, 6.58984375, 4.78515625, 1.8056640625, 1.3935546875, 3.140625, 0.53662109375, 4.3984375, 5.07421875, 3.64453125, 5.45703125, 4.63671875, 0.375244140625, 0.0316162109375, 0.324462890625, 0.026641845703125, 1.3896484375, 10.703125, 0.2034912109375, 0.88623046875, 9.5390625, 0.70751953125, 2.72265625, 0.31103515625, 0.76953125, 0.0305633544921875, 0.57568359375, 6.68359375, 0.30712890625, 0.60205078125, 1.98046875, 0.55517578125, 0.007381439208984375, 1.0166015625, 0.99169921875, 7.52734375, 4.390625, 8.7578125, 12.0390625, 3.357421875, 0.0225982666015625, 0.51318359375, 0.0234527587890625, 0.59814453125, 0.2127685546875, 0.1553955078125, 0.09185791015625, 0.103271484375, 0.04388427734375, 0.2227783203125, 0.01097869873046875, 0.5361328125, 0.1148681640625, 0.1123046875, 0.04180908203125, 0.043426513671875, 0.019287109375, 2.501953125, 0.638671875, 7.06640625, 0.31982421875, 8.15625, 2.5, 0.5908203125, 0.5654296875, 5.234375, 3.37109375, 0.028350830078125, 4.41015625, 3.927734375, 8.90625, 0.06439208984375, 6.96875, 1.140625, 0.0156707763671875, 0.48046875, 0.43603515625, 0.35791015625, 6.15625, 4.25390625, 0.49853515625, 0.022064208984375, 0.74169921875, 10.5859375, 7.03125, 4.953125, 5.3046875, 1.8828125, 5.1015625, 2.603515625, 7.1171875, 2.908203125, 4.6015625, 0.408203125, 2.982421875, 3.86328125, 0.5498046875, 0.80517578125, 2.232421875, 2.140625, 1.84765625, 10.34375, 6.078125, 0.90478515625, 0.00537872314453125, 0.385498046875, 0.07568359375, 0.277587890625, 4.78515625, 2.685546875, 4.2421875, 3.078125, 0.277099609375, 1.5634765625, 0.42578125, 6.7578125, 1.5859375, 5.3671875, 6.8359375, 0.173583984375, 0.64306640625, 8.2578125, 6.73046875, 3.330078125, 0.59228515625, 0.0018939971923828125, 0.78857421875, 0.2374267578125, 0.142333984375, 9.828125, 2.875, 2.12109375, 8.46875, 4.9921875, 0.69287109375, 7.296875, 0.71044921875, 7.1953125, 0.0322265625, 7.3984375, 0.272216796875, 1.7001953125, 1.267578125, 1.0947265625, 0.0711669921875, 0.61669921875, 4.234375, 0.148193359375, 2.828125, 0.53662109375, 0.11456298828125, 0.0077667236328125, 0.1756591796875, 0.273681640625, 3.47265625, 5.40234375, 2.935546875, 4.32421875, 2.962890625, 0.62255859375, 0.28125, 2.171875, 0.1474609375, 3.3984375, 0.8564453125, 0.1175537109375, 0.061737060546875, 0.420166015625, 0.0745849609375, 0.168701171875, 0.08172607421875, 0.08740234375, 0.07135009765625, 0.281494140625, 0.1685791015625, 0.0098114013671875, 0.038299560546875, 0.0017528533935546875, 0.058563232421875, 0.01284027099609375, 0.01084136962890625, 0.10028076171875, 0.68017578125, 0.00846099853515625, 0.016510009765625, 0.1343994140625, 0.2142333984375, 0.0253753662109375, 0.195068359375, 0.08758544921875, 0.006107330322265625, 0.033111572265625, 0.001682281494140625, 0.09912109375, 0.0080108642578125, 0.0084228515625, 0.1806640625, 1.9814453125, 0.5224609375, 8.9609375, 1.3798828125, 7.67578125, 1.8818359375, 0.9755859375, 4.94140625, 3.373046875, 2.869140625, 9.09375, 6.17578125, 2.78515625, 6.4765625, 0.059600830078125, 1.5107421875, 0.022705078125, 0.1134033203125, 9.0546875, 0.06170654296875, 0.94140625, 0.08355712890625, 0.01003265380859375, 0.11358642578125, 0.063720703125, 13.9375, 0.00530242919921875, 5.8828125, 4.1640625, 0.69970703125, 0.004756927490234375]",-1.299399043999466
11,1,test,0.942851073665706,0.30145374464808417,0.46648957952178144,1.7728823607389341,0.5668361010476795,0.8771598931178796,2.5672905283902927,0.6681577889922803,0.9570855379538157,4.827383899537302,1.256365073318817,1.7996480200840974,0.9681238289454475,0.27590098634892013,0.43059257863817013,1.7134935025583142,0.48832032982109763,0.7621107586516286,2.632999864219551,0.6348476860089072,0.9212241684540396,4.660176750831064,1.1236242230246143,1.6304852539009551,0.9406117500235501,0.30927616188117246,0.45638219584866674,1.7686716667109488,0.5815449197765634,0.8581545562966382,2.5615479661411977,0.6814279970685699,0.9386238142311654,4.816585919239858,1.2813176013255156,1.7649336677850966,0.18592964824120606,-0.004070351758793889,-0.014070351758793898,0.1507537688442211,0.0007537688442210699,-0.009246231155778939,0.11055276381909551,-0.004447236180904479,-0.004447236180904479,0.19634703196347036,0.036893729002194786,0.061293921189570555,0.11926605504587151,0.18592964824120606,0.03304744272742155,0.05070427261516264,0.11111111111111116,0.1917808219178082,0.03460542328455085,0.058245161826761205,0.12385321100917435,14.0,2.0,2.0,18.0,3.0,3.0,21.0,3.0,2.0,0.0011026241851820088,0.0006610579860245455,0.0003166291159176272,-0.14236471940977546,-0.14812266630177495,-0.1510190804220457,"[10.2109375, 5.58203125, 12.703125, 2.365234375, 7.6796875, 0.5458984375, 1.583984375, 5.234375, 0.1497802734375, 5.90234375, 2.361328125, 0.1590576171875, 1.4716796875, 5.0859375, 0.61865234375, 0.08831787109375, 3.244140625, 0.34814453125, 0.7021484375, 0.0013217926025390625, 3.591796875, 0.62939453125, 2.373046875, 15.9453125, 8.625, 2.30859375, 2.263671875, 0.12841796875, 0.0011529922485351562, 0.0230865478515625, 0.023101806640625, 0.0185394287109375, 5.3671875, 2.467632293701172e-05, 8.640625, 0.0268402099609375, 0.08087158203125, 0.004833221435546875, 0.00730133056640625, 2.287109375, 0.15771484375, 0.6435546875, 0.31689453125, 0.321044921875, 0.007396697998046875, 1.1005859375, 1.1416015625, 0.1322021484375, 0.061920166015625, 3.266334533691406e-05, 0.330322265625, 0.0019855499267578125, 0.003509521484375, 0.00862884521484375, 0.0008640289306640625, 0.025299072265625, 0.0010623931884765625, 0.00010204315185546875, 1.328125, 0.322509765625, 0.00014972686767578125, 0.022979736328125, 0.000461578369140625, 0.00394439697265625, 0.0028705596923828125, 0.025634765625, 0.00853729248046875, 0.002513885498046875, 0.06158447265625, 0.0008134841918945312, 0.0003190040588378906, 0.1614990234375, 0.003406524658203125, 0.018646240234375, 0.007053375244140625, 7.748603820800781e-06, 0.00031375885009765625, 0.0023250579833984375, 0.001617431640625, 0.00015234947204589844, 3.064453125, 0.057220458984375, 0.0003769397735595703, 0.1273193359375, 0.021209716796875, 0.0007424354553222656, 0.011444091796875, 0.020263671875, 0.007236480712890625, 0.00798797607421875, 0.0001544952392578125, 0.00555419921875, 0.003662109375, 0.000881195068359375, 0.00023221969604492188, 0.00215911865234375, 0.001861572265625, 0.0009179115295410156, 0.002872467041015625, 0.00879669189453125, 0.0258636474609375, 0.314453125, 0.021209716796875, 0.01971435546875, 0.1754150390625, 0.034698486328125, 0.011077880859375, 0.0031299591064453125, 0.0016632080078125, 0.0009617805480957031, 0.0003027915954589844, 0.001491546630859375, 4.851818084716797e-05, 0.0022125244140625, 0.00014019012451171875, 0.0005860328674316406, 0.00011408329010009766, 0.1280517578125, 1.6927719116210938e-05, 9.298324584960938e-06, 3.3020973205566406e-05, 0.002132415771484375, 0.00013208389282226562, 0.0007715225219726562, 0.0009403228759765625, 0.00011515617370605469, 0.00115203857421875, 0.0002677440643310547, 0.0012426376342773438, 0.00670623779296875, 0.0006113052368164062, 0.0001360177993774414, 0.0012826919555664062, 0.0028324127197265625, 0.00021076202392578125, 0.00091552734375, 0.0006804466247558594, 4.172325134277344e-06, 0.00012290477752685547, 0.0003809928894042969, 0.15234375, 0.00162506103515625, 0.0003693103790283203, 0.00714111328125, 9.179115295410156e-06, 0.00012242794036865234, 9.822845458984375e-05, 6.23464584350586e-05, 3.3855438232421875e-05, 0.021270751953125, 0.0009307861328125, 0.001956939697265625, 0.0094451904296875, 0.0020313262939453125, 3.048828125, 0.0088958740234375, 0.153076171875, 6.61328125, 0.1444091796875, 6.046875, 3.25, 2.0859375, 0.75244140625, 10.40625, 3.25, 0.08233642578125, 0.010833740234375, 0.213623046875, 0.72119140625, 0.4052734375, 1.8271484375, 2.3671875, 0.005329132080078125, 0.0037555694580078125, 0.494384765625, 3.95703125, 2.4375, 10.15625, 1.03125, 0.048309326171875, 0.019775390625, 0.0679931640625, 0.03851318359375, 0.0225372314453125, 0.325927734375, 0.028228759765625, 0.02056884765625, 0.31494140625, 0.0010013580322265625, 0.1353759765625, 0.0003809928894042969, 0.56396484375, 1.2236328125, 0.0033817291259765625, 0.00428009033203125, 0.2205810546875, 0.060455322265625, 0.11627197265625, 0.2939453125, 1.3525390625, 0.179443359375, 5.625, 0.004268646240234375, 0.634765625, 0.0225982666015625, 0.03466796875, 0.0082244873046875, 0.01241302490234375, 0.0089569091796875, 0.0283355712890625, 0.1295166015625, 3.05859375, 0.290771484375, 0.021514892578125, 0.00769805908203125, 0.049713134765625, 2.7418136596679688e-05, 3.056640625, 0.05670166015625]",-2.8921413350867353
118,1,test,1.586797131501235,0.6608316627939834,0.8423940225613715,2.8096499667865906,1.1700964304517323,1.4915784069205937,4.888067990753789,2.3637637697737968,2.7828834966685925,8.6550194698668,4.185379885929751,4.927490961991178,1.4834911373991464,0.5292921495387177,0.7838309460462894,2.77288063065261,0.9893311206331172,1.4651045720491391,4.408308859758021,1.8117190100646248,2.39524032661999,8.239829644407516,3.3863906730179902,4.477084722654187,1.3262336788368863,0.5150255733913811,0.7020962525920847,2.3267257523454146,0.9035536375287387,1.2317478115650609,3.7668295475848463,1.5162042099359252,1.900194395264779,6.608472890499731,2.6600073858525004,3.3336743776575073,0.3668341708542714,-0.00816582914572861,-0.018165829145728618,0.27638190954773867,0.006381909547738651,0.011381909547738656,0.17085427135678388,-0.009145728643216167,0.005854271356783847,0.2883116883116883,0.06522478818198663,0.08107806172322296,0.28385416666666663,0.3065326633165829,0.05590609690054282,0.08449593543678324,0.2727272727272727,0.30434782608695654,0.07062495463453589,0.11413648014702327,0.25503355704697983,15.0,5.0,5.0,20.0,6.0,6.0,25.0,9.0,9.0,-6.22064791208401e-05,-0.000683888372747502,-5.886188723221993e-05,-0.09721579672117908,-0.1030569204830254,-0.10235405075908321,"[5.24609375, 2.19921875, 4.29296875, 0.49462890625, 2.134765625, 0.0025634765625, 2.712890625, 0.791015625, 2.876953125, 3.08203125, 5.23828125, 8.03125, 10.203125, 1.208984375, 4.2734375, 1.3095703125, 0.48779296875, 0.28076171875, 0.133544921875, 4.6796875, 7.06640625, 0.0019683837890625, 0.72314453125, 0.0731201171875, 3.2109375, 0.050506591796875, 1.3125, 0.02545166015625, 3.787109375, 0.26123046875, 0.0006966590881347656, 0.032196044921875, 0.1309814453125, 0.049072265625, 0.2098388671875, 0.053558349609375, 4.0234375, 0.1605224609375, 0.007293701171875, 0.00016951560974121094, 0.0243988037109375, 0.068115234375, 14.0, 0.06195068359375, 0.71484375, 0.024261474609375, 0.130859375, 0.06396484375, 0.0193634033203125, 0.11932373046875, 5.13671875, 0.0026035308837890625, 2.505859375, 3.0546875, 0.136962890625, 3.310546875, 1.703125, 0.16015625, 6.015625, 0.05535888671875, 1.3125, 0.552734375, 3.39453125, 7.6484375, 0.89599609375, 0.79638671875, 7.421875, 0.91455078125, 1.33984375, 0.912109375, 0.8212890625, 0.0006537437438964844, 2.283203125, 0.01593017578125, 0.01013946533203125, 0.89501953125, 3.0546875, 0.9140625, 1.203125, 1.369140625, 1.0615234375, 0.2232666015625, 2.166015625, 1.2021484375, 2.158203125, 0.018402099609375, 1.3984375, 4.1171875, 1.5908203125, 0.0002186298370361328, 0.373046875, 0.1588134765625, 2.197265625, 0.080810546875, 0.126708984375, 0.337646484375, 1.443359375, 2.01171875, 0.04986572265625, 0.72802734375, 0.002124786376953125, 2.205078125, 0.0215301513671875, 0.72265625, 2.65625, 0.0015821456909179688, 6.60546875, 0.011383056640625, 0.142822265625, 3.063678741455078e-05, 1.3984375, 0.09771728515625, 3.92578125, 9.296875, 0.068115234375, 0.10260009765625, 0.07818603515625, 0.59814453125, 0.5087890625, 2.5033950805664062e-06, 0.396484375, 1.765625, 0.342529296875, 0.313232421875, 0.00728607177734375, 1.5537109375, 0.85791015625, 0.343017578125, 1.3017578125, 2.482421875, 1.7998046875, 0.9599609375, 0.26416015625, 0.0004057884216308594, 6.87109375, 0.08489990234375, 0.1124267578125, 0.0020198822021484375, 0.1610107421875, 0.024658203125, 6.1484375, 0.050933837890625, 0.01078033447265625, 0.1527099609375, 0.1309814453125, 0.0016717910766601562, 0.1845703125, 0.3095703125, 0.447998046875, 0.0657958984375, 0.001361846923828125, 0.11083984375, 0.050018310546875, 0.1448974609375, 0.00737762451171875, 0.14794921875, 0.001369476318359375, 0.00804901123046875, 0.01126861572265625, 0.8603515625, 4.38671875, 6.59375, 7.06640625, 0.263427734375, 0.78271484375, 0.257080078125, 2.302734375, 2.255859375, 0.3017578125, 1.6162109375, 3.82421875, 1.833984375, 5.4453125, 3.2109375, 0.8193359375, 2.75, 0.0338134765625, 0.59375, 0.00113677978515625, 3.01953125, 0.039581298828125, 0.25390625, 0.09283447265625, 0.37939453125, 0.845703125, 0.0203857421875, 0.1378173828125, 0.986328125, 0.099853515625, 1.25, 0.06427001953125, 0.052154541015625, 0.01149749755859375, 0.01131439208984375, 2.287109375, 6.03515625, 2.302734375, 1.6689300537109375e-05, 0.75439453125, 0.76611328125, 2.6015625, 0.004283905029296875, 0.0030956268310546875, 0.82568359375, 3.513671875, 0.60791015625, 0.7509765625, 2.0390625, 2.63671875, 1.78515625, 4.1171875, 3.001953125, 2.384185791015625e-06, 0.35009765625, 1.7861328125, 2.685546875, 4.08984375, 2.20703125, 7.62890625, 0.376953125, 0.78564453125, 0.425048828125, 0.0010709762573242188, 0.53125, 0.44677734375, 1.3193359375, 0.09521484375, 2.276897430419922e-05, 0.162109375, 0.2005615234375, 0.287353515625, 0.269287109375, 1.3212890625, 0.0194854736328125, 1.318359375, 0.0006256103515625, 0.1014404296875, 1.0595703125, 3.517578125, 0.0023899078369140625, 0.3212890625, 0.023101806640625, 0.97412109375, 0.0006127357482910156, 1.51953125, 0.317626953125, 7.0625, 0.10906982421875, 0.0007052421569824219, 8.344650268554688e-07, 7.00390625, 0.1292724609375, 0.59375, 0.10797119140625, 2.931640625, 0.007495880126953125, 0.058685302734375, 0.072509765625, 4.5390625, 4.0859375, 0.45458984375, 0.0009298324584960938, 3.04296875, 3.7265625, 1.716796875, 0.0006656646728515625, 1.28515625, 0.58740234375, 0.0004012584686279297, 2.384185791015625e-06, 0.0001666545867919922, 0.411376953125, 1.642578125, 0.006317138671875, 3.898143768310547e-05, 0.0131683349609375, 0.345947265625, 0.1396484375, 0.00180816650390625, 0.10888671875, 0.03680419921875, 0.77490234375, 0.0718994140625, 0.0282745361328125, 3.0159950256347656e-05, 0.002197265625, 0.013336181640625, 0.0017852783203125, 0.003894805908203125, 0.0004093647003173828, 0.0005841255187988281, 0.00014030933380126953, 0.0008397102355957031, 0.01155853271484375, 6.16312026977539e-05, 7.82012939453125e-05, 0.130126953125, 0.0265960693359375, 0.1571044921875, 0.07763671875, 0.00017511844635009766, 0.00420379638671875, 0.04034423828125, 9.66787338256836e-05, 0.12890625, 0.00348663330078125, 0.00429534912109375, 0.00339508056640625, 6.00390625, 0.308837890625, 0.0021076202392578125, 0.00218963623046875, 0.00614166259765625, 0.053680419921875, 0.0025386810302734375, 0.054229736328125, 0.067138671875, 0.055511474609375, 0.01496124267578125, 2.1796875, 0.004161834716796875, 0.0194091796875, 0.0135955810546875, 1.3447265625, 0.0013446807861328125, 0.0037631988525390625, 5.030632019042969e-05, 0.0037860870361328125, 0.001560211181640625, 0.007457733154296875, 0.0009202957153320312, 0.0032024383544921875, 0.333740234375, 0.326904296875, 0.03961181640625, 0.096435546875, 0.32177734375, 1.6953125, 0.03192138671875, 0.260009765625, 8.3984375, 1.328125, 8.65625, 7.828125, 8.0078125, 0.580078125, 7.890625, 4.28125, 0.1370849609375, 5.33203125, 9.5, 5.578125, 0.5771484375, 6.21484375, 1.166015625, 0.748046875, 11.5, 1.1005859375, 5.48828125, 0.83642578125, 0.38330078125, 0.0012273788452148438, 0.201904296875, 0.8935546875, 0.0003952980041503906, 3.4609375, 4.515625, 2.341796875, 2.263671875, 0.0033664703369140625, 8.4765625, 0.0122833251953125, 10.640625, 2.66796875, 6.1328125, 0.0390625, 6.0703125, 13.453125, 0.2607421875, 8.921875, 0.212158203125, 12.9921875, 9.1640625, 11.484375, 4.1171875]",-1.585000382460557
0,1,test,1.9880130355714134,0.8698992446782892,1.198368494691454,3.6175319171873257,1.5829314124473783,2.1806377526352683,7.30101248835267,4.241933792349608,5.0983991402671265,13.285448954215514,7.7189287041115815,9.277414829010674,2.0370864275112823,0.769035040436685,1.1479315409487247,3.5122179784677283,1.3259224835115258,1.97919231198056,7.6682346622408035,4.114314067159784,5.23516210238091,13.221094245242766,7.093644943378939,9.026141555829156,1.9549926470847152,0.8351395159648385,1.1732947143250931,3.5574456364984157,1.5196801028212632,2.135011693280087,7.0638670834940065,3.9994629788520317,4.8786876784257815,12.853922069964502,7.277711322173369,8.877612005004291,0.36180904522613067,-0.028190954773869348,-0.01819095477386934,0.29145728643216084,-0.013542713567839204,-0.013542713567839204,0.22613065326633164,0.0011306532663316604,0.0011306532663316604,0.30316742081447967,0.10000714993411852,0.13324260878440453,0.2727272727272727,0.29145728643216084,0.06338711099356431,0.10948733651563325,0.25757575757575757,0.27601809954751133,0.06382848329468971,0.09857449052495493,0.24545454545454548,18.0,0.0,0.0,28.0,0.0,0.0,28.0,-1.0,-1.0,0.00019696020682055638,0.0002584323909632903,0.0001765929452725642,-0.0706252108215244,-0.07289824406688972,-0.07419858577400085,"[2.13671875, 2.83984375, 7.24609375, 8.4375, 9.140625, 10.7890625, 5.265625, 8.65625, 10.375, 3.69140625, 6.30078125, 12.828125, 11.8984375, 10.5546875, 0.86083984375, 0.70361328125, 4.29296875, 0.1798095703125, 0.7177734375, 0.0120697021484375, 3.875, 1.3857421875, 0.92041015625, 2.830078125, 0.359375, 0.042572021484375, 3.76171875, 0.58154296875, 0.11083984375, 0.4873046875, 0.135498046875, 0.5087890625, 0.0227203369140625, 1.255859375, 0.98193359375, 0.030548095703125, 0.0169219970703125, 5.6862831115722656e-05, 0.7060546875, 0.004169464111328125, 0.004016876220703125, 0.004085540771484375, 0.0013780593872070312, 0.06390380859375, 0.0028228759765625, 0.00020372867584228516, 1.3564453125, 0.0574951171875, 0.00027561187744140625, 0.02044677734375, 0.0011749267578125, 0.0026702880859375, 0.00336456298828125, 0.016387939453125, 0.01107025146484375, 0.0018568038940429688, 0.1419677734375, 0.002178192138671875, 8.463859558105469e-05, 0.390380859375, 0.0196380615234375, 0.1298828125, 0.007122039794921875, 1.4185905456542969e-05, 0.0006604194641113281, 0.0014438629150390625, 0.0023479461669921875, 0.0002567768096923828, 0.14208984375, 0.00975799560546875, 0.001739501953125, 0.314697265625, 0.03253173828125, 0.00379180908203125, 0.0657958984375, 0.0252685546875, 0.04937744140625, 0.05194091796875, 3.921985626220703e-05, 0.01483917236328125, 0.0004146099090576172, 0.0003693103790283203, 0.00045490264892578125, 0.0011224746704101562, 0.0006890296936035156, 0.0005617141723632812, 0.0012006759643554688, 0.009490966796875, 0.0244903564453125, 0.3154296875, 0.0282440185546875, 0.019683837890625, 12.1640625, 8.9921875, 0.515625, 0.50927734375, 0.7119140625, 15.1484375, 0.80078125, 7.41796875, 0.332275390625, 1.5517578125, 0.03118896484375, 0.70556640625, 0.0104217529296875, 6.19921875, 0.74951171875, 9.3984375, 8.4765625, 3.38671875, 0.6845703125, 0.0084991455078125, 0.88330078125, 0.94677734375, 2.578125, 2.7109375, 1.3779296875, 0.00968170166015625, 0.1463623046875, 11.1328125, 2.171875, 0.2685546875, 2.6328125, 0.4130859375, 2.08203125, 0.90576171875, 0.01198577880859375, 5.34375, 5.08984375, 0.6708984375, 2.123046875, 0.31884765625, 0.0029296875, 2.88671875, 1.720703125, 1.986328125, 2.0546875, 3.3359375, 6.25, 0.13134765625, 0.1002197265625, 2.8671875, 6.50390625, 0.11529541015625, 0.055908203125, 0.8017578125, 6.1328125, 0.033477783203125, 4.50390625, 0.1068115234375, 0.109619140625, 2.16796875, 5.0390625, 14.1171875, 0.3779296875, 0.96484375, 3.80078125, 0.00637054443359375, 0.0158843994140625, 0.173095703125, 0.2802734375, 0.06610107421875, 0.11236572265625, 0.0275726318359375, 2.884765625, 0.090576171875, 0.0433349609375, 0.25390625, 0.88037109375, 0.0184326171875, 0.024566650390625, 0.10015869140625, 2.341796875, 0.9736328125, 1.091796875, 7.1953125, 1.49609375, 0.336669921875, 0.5849609375, 7.484375, 0.7353515625, 0.18408203125, 6.87109375, 0.397705078125, 0.00344085693359375, 0.039031982421875, 0.0038661956787109375, 2.44921875, 3.587890625, 0.1488037109375, 7.73828125, 0.0596923828125, 6.640625, 6.9765625, 6.359375, 2.1328125, 6.28515625, 2.591796875, 8.15625, 0.450439453125, 0.396240234375, 0.36962890625, 0.13525390625, 0.00966644287109375, 3.755859375, 6.25390625, 5.21875, 3.517578125, 0.96435546875, 2.2578125, 0.2822265625, 0.306396484375, 0.09588623046875, 0.053131103515625, 0.69677734375, 0.89599609375, 0.0660400390625, 0.17529296875, 0.09185791015625, 0.69775390625, 0.73388671875]",-2.4476163322569557
191,1,test,1.6830028724400248,0.7100422216034633,0.9693924669935275,4.052945692814753,1.7098975948818094,2.334455328678291,5.3816922667663984,2.7359262021340767,3.3403442024670484,12.959993622008877,6.588556976567776,8.044094201859423,1.2186948678002285,0.4416202188785775,0.6400893781410385,2.5127729232994405,0.9105571523269642,1.3197719136928632,3.382769889405986,1.2076698710776803,1.5992203719057048,6.974783277125744,2.490040971294186,3.297361591558154,1.661929691914332,0.6992710487888394,0.9994790554600989,3.6660213792227916,1.5425096664459694,2.204733210573748,5.2694694924365075,2.650820211717215,3.3299298708467653,11.62382976272759,5.847397525846797,7.34543353863257,0.2864321608040201,-0.00856783919597992,0.0014321608040200884,0.1959798994974874,0.0009798994974874464,0.005979899497487451,0.1507537688442211,-0.0042462311557789345,0.0007537688442210699,0.30028328611898014,0.06548837805674534,0.10086979638290972,0.36931818181818177,0.24623115577889443,0.0331985743252603,0.05758340953515484,0.31313131313131315,0.2976588628762542,0.07061378775104554,0.10299812872719971,0.3926174496644296,14.0,0.0,-1.0,21.0,1.0,0.0,24.0,0.0,0.0,-0.001018412098824938,-0.00014981279876843882,-0.0006495921685264183,-0.11362918238358333,-0.11482836132184726,-0.10498716364843474,"[2.13671875, 2.83984375, 2.248046875, 0.212646484375, 0.327392578125, 0.006748199462890625, 4.609375, 0.9072265625, 0.89697265625, 0.1746826171875, 0.129638671875, 0.00131988525390625, 0.005359649658203125, 0.022674560546875, 0.021759033203125, 1.8212890625, 0.004184722900390625, 0.013092041015625, 0.0229034423828125, 0.1336669921875, 0.1787109375, 0.775390625, 0.343505859375, 0.03369140625, 0.0006728172302246094, 0.076416015625, 0.0007991790771484375, 0.014739990234375, 0.0011310577392578125, 0.01093292236328125, 0.7900390625, 6.830692291259766e-05, 0.428955078125, 0.0016183853149414062, 0.00669097900390625, 0.1199951171875, 2.134765625, 0.45361328125, 0.0211639404296875, 2.0, 0.607421875, 0.03179931640625, 0.03253173828125, 0.005451202392578125, 0.032806396484375, 0.05975341796875, 0.0977783203125, 0.1875, 0.0848388671875, 0.00399017333984375, 0.0019359588623046875, 0.10980224609375, 0.0020008087158203125, 1.3154296875, 0.003047943115234375, 0.00038361549377441406, 0.00899505615234375, 0.0009737014770507812, 0.5234375, 0.0006747245788574219, 0.006153106689453125, 0.003978729248046875, 0.00014710426330566406, 0.006847381591796875, 0.053314208984375, 0.0001888275146484375, 0.2427978515625, 0.438720703125, 2.7298927307128906e-05, 0.0007700920104980469, 0.0041656494140625, 0.003261566162109375, 0.001667022705078125, 0.048980712890625, 0.015228271484375, 0.1011962890625, 4.12109375, 0.01544189453125, 0.2744140625, 0.0196533203125, 0.0093994140625, 0.154541015625, 2.66796875, 8.109375, 4.43359375, 1.556640625, 0.5048828125, 0.35791015625, 0.80517578125, 4.7109375, 0.04766845703125, 0.861328125, 0.00501251220703125, 2.185546875, 2.6171875, 0.2310791015625, 9.765625, 0.440185546875, 0.09918212890625, 0.13232421875, 0.0209503173828125, 0.040863037109375, 0.0200958251953125, 0.8623046875, 0.01367950439453125, 0.80126953125, 0.0034809112548828125, 1.3515625, 8.21875, 5.23046875, 1.0556640625, 5.08203125, 0.0110321044921875, 5.1640625, 1.091796875, 0.167236328125, 1.37890625, 0.056060791015625, 0.7705078125, 1.7041015625, 0.0240631103515625, 0.014190673828125, 5.66796875, 3.82421875, 1.1044921875, 8.1015625, 8.3125, 2.16015625, 1.626953125, 4.0546875, 10.96875, 1.2822265625, 0.07598876953125, 0.12744140625, 0.312255859375, 0.00862884521484375, 0.303466796875, 0.89453125, 0.4921875, 1.4375, 0.149658203125, 3.828125, 3.583984375, 2.890625, 0.331298828125, 0.08197021484375, 0.1470947265625, 1.0654296875, 0.853515625, 1.369140625, 0.06317138671875, 0.318115234375, 3.08203125, 0.007129669189453125, 0.0584716796875, 0.6083984375, 0.034210205078125, 0.93798828125, 0.0645751953125, 5.84375, 1.095703125, 0.060028076171875, 0.19091796875, 0.03302001953125, 0.06396484375, 0.56982421875, 0.54833984375, 0.07415771484375, 0.12744140625, 0.72314453125, 0.049560546875, 0.040069580078125, 1.111328125, 0.01287841796875, 3.423828125, 0.167724609375, 5.2734375, 3.599609375, 0.2135009765625, 3.541015625, 4.921875, 1.8466796875, 0.059661865234375, 0.1302490234375, 0.76904296875, 0.0191802978515625, 0.0821533203125, 1.0869140625, 0.022613525390625, 1.529296875, 0.030303955078125, 0.92578125, 0.315673828125, 5.2734375, 6.76171875, 4.61328125, 0.6044921875, 11.453125, 0.03717041015625, 3.513671875, 1.2509765625, 0.654296875, 3.76953125, 0.5556640625, 0.2344970703125, 2.94921875, 0.0013971328735351562, 5.5234375, 4.609375, 0.314453125, 0.80517578125, 0.049041748046875, 0.0633544921875, 0.75732421875, 0.0117950439453125, 4.25, 1.306640625, 3.1328125, 7.48828125, 1.7734375, 0.18212890625, 2.943359375, 0.31591796875, 0.1278076171875, 1.349609375, 0.0194091796875, 0.0242156982421875, 2.888671875, 0.052337646484375, 1.6962890625, 0.274658203125, 4.65234375, 5.58984375, 4.359375, 0.41455078125, 5.1171875, 2.20703125, 4.6953125, 1.5537109375, 3.416015625, 0.89111328125, 0.58837890625, 2.1484375, 1.15234375, 0.318603515625, 11.125, 1.14453125, 6.8359375, 1.8017578125, 4.71875, 8.609375, 5.78515625, 5.39453125, 1.1357421875, 4.3984375, 4.38671875, 5.30078125, 3.501953125, 0.1240234375, 0.7265625, 3.4921875, 6.01171875, 2.740234375, 1.4521484375, 0.022918701171875, 0.13427734375, 0.93359375, 0.019866943359375, 1.84375, 0.1075439453125, 8.34375, 0.11224365234375, 3.109375, 5.44921875, 0.4091796875, 4.90234375, 0.166015625, 0.62890625, 10.8671875, 0.26220703125, 1.6025390625, 3.267578125, 3.447265625, 1.517578125, 1.1103515625, 0.11627197265625, 7.01953125, 0.384521484375, 0.278076171875, 0.63671875, 0.048858642578125, 0.0193939208984375, 1.5244140625, 10.0390625, 5.65234375, 0.1802978515625, 12.1484375, 1.861328125, 0.432861328125, 4.9375, 7.11328125, 1.201171875, 0.35986328125, 1.193359375, 9.390625, 0.0494384765625, 1.05859375, 2.03515625, 0.52734375, 0.1658935546875, 0.049835205078125, 0.6279296875, 0.007495880126953125, 3.328125, 0.3291015625, 3.662109375, 0.06854248046875, 0.255615234375, 4.63671875, 0.281005859375, 2.234375, 0.1505126953125, 0.4130859375, 6.4765625, 3.841796875, 1.6220703125, 1.2587890625, 0.638671875, 0.09967041015625, 6.046875, 0.0665283203125, 0.052978515625, 0.1805419921875, 0.064208984375, 0.051177978515625, 0.462158203125, 0.007312774658203125, 0.1417236328125, 0.35888671875, 6.0, 0.4228515625, 1.4541015625, 1.23828125, 0.30224609375, 5.3828125, 0.5185546875, 2.857421875, 1.4482421875, 4.3828125, 2.060546875, 0.35107421875, 0.05987548828125, 2.244140625]",-1.9153104591639791
27,1,test,2.3332140694366643,1.0409371619583434,1.4218480340579553,5.052721858978737,2.2542149136448897,3.07910137176789,10.311028694530672,6.669961196009245,7.823310169678974,22.32918134510947,14.4442206032783,16.941870367450495,2.1687492503592716,0.915299177262884,1.2717154674066555,4.130950953065279,1.7434270043102549,2.4223151760126767,8.747336467887063,5.244930775396952,6.295018263759197,16.661593272165835,9.990344334089432,11.990510978588947,2.4609836359885224,1.122155782777742,1.5443173205406229,4.988480343219978,2.2746401002251524,3.130372947041803,11.716330478142764,7.901760829838308,9.215391342857549,23.74931853677587,16.01708276318576,18.679847316603137,0.5125628140703518,-0.0024371859296482556,-0.0024371859296482556,0.371859296482412,0.006859296482412014,-0.013140703517588004,0.3015075376884422,-0.013492462311557762,-0.008492462311557869,0.35582822085889576,0.10774246281907951,0.14868536371603858,0.3784615384615385,0.3467336683417085,0.0961071019256684,0.12970528770731782,0.38888888888888884,0.3712374581939799,0.10913395235090817,0.1543297829993192,0.3959731543624161,14.0,0.0,-1.0,25.0,2.0,1.0,32.0,3.0,2.0,-0.001754741477329994,0.00013664482808669974,-0.0002523878427942607,-0.03803261560136573,-0.047831895023623616,-0.049325297531385814,"[5.203125, 3.990234375, 3.4921875, 5.54296875, 2.380859375, 0.374755859375, 4.5, 0.32373046875, 0.00948333740234375, 0.0027713775634765625, 0.025787353515625, 0.22412109375, 0.094482421875, 0.055389404296875, 0.1396484375, 0.471435546875, 0.004573822021484375, 0.085693359375, 0.01282501220703125, 0.009429931640625, 0.022491455078125, 0.0251312255859375, 0.0081329345703125, 0.0009360313415527344, 0.329345703125, 0.059539794921875, 0.018890380859375, 0.007656097412109375, 0.0687255859375, 0.018463134765625, 0.07537841796875, 0.0091552734375, 0.0025691986083984375, 0.01364898681640625, 0.02783203125, 0.0133056640625, 0.034942626953125, 0.0855712890625, 1.11328125, 9.2734375, 0.326904296875, 0.07623291015625, 0.10247802734375, 0.54931640625, 0.0046539306640625, 0.0215606689453125, 0.06707763671875, 3.05859375, 0.00838470458984375, 0.1322021484375, 0.00734710693359375, 0.062744140625, 6.25, 0.4111328125, 0.09185791015625, 0.315673828125, 0.019378662109375, 0.0251922607421875, 0.9521484375, 0.0007867813110351562, 0.69482421875, 0.002933502197265625, 0.0517578125, 2.40625, 0.06927490234375, 0.00032138824462890625, 0.00823211669921875, 0.03460693359375, 0.0137786865234375, 5.1484375, 0.51708984375, 7.34375, 0.35888671875, 5.30859375, 0.884765625, 0.1307373046875, 3.052734375, 0.0279998779296875, 0.041656494140625, 0.82763671875, 8.1328125, 4.12109375, 2.080078125, 4.8671875, 1.9423828125, 6.14453125, 1.1357421875, 0.2215576171875, 6.859375, 2.798828125, 6.96484375, 2.041015625, 3.3671875, 0.0025959014892578125, 4.34375, 1.4453125, 8.2578125, 0.44873046875, 0.28955078125, 5.390625, 2.48828125, 10.5078125, 7.2578125, 9.2578125, 1.5419921875, 0.79833984375, 5.0390625, 1.60546875, 0.04522705078125, 2.123046875, 1.3369140625, 1.6748046875, 1.8134765625, 0.187744140625, 0.302734375, 2.11328125, 0.06146240234375, 0.00439453125, 4.484375, 0.0281829833984375, 0.0036602020263671875, 0.06500244140625, 4.18359375, 7.03515625, 0.004550933837890625, 1.5009765625, 7.47265625, 1.3330078125, 3.44140625, 0.67919921875, 3.5859375, 0.66943359375, 3.1015625, 1.326171875, 1.1640625, 3.486328125, 3.244140625, 0.29638671875, 0.1878662109375, 0.0149993896484375, 1.3994140625, 0.375, 2.42578125, 2.15234375, 0.1998291015625, 0.15185546875, 0.00531005859375, 0.111083984375, 0.92529296875, 4.81640625, 9.859375, 0.22412109375, 1.01171875, 3.43359375, 8.9296875, 7.48828125, 13.765625, 4.78515625, 1.5185546875, 0.91455078125, 1.91796875, 2.916015625, 9.2890625, 1.19921875, 5.1171875, 6.6171875, 0.84130859375, 0.005523681640625, 4.8203125, 3.78515625, 0.8857421875, 2.787109375, 1.375, 4.7578125, 5.23828125, 6.33203125, 0.05609130859375, 0.44921875, 6.69140625, 4.76953125, 4.44921875, 0.75927734375, 2.15625, 1.7607421875, 0.06683349609375, 0.77099609375, 3.693359375, 2.423828125, 5.328125, 4.45703125, 4.69921875, 5.21484375, 4.3828125, 3.564453125, 2.318359375, 1.1240234375, 1.54296875, 0.99560546875, 2.8203125, 0.00458526611328125, 8.9140625, 0.054962158203125, 1.009765625, 3.427734375, 8.390625, 3.509765625, 4.51953125, 1.3203125, 0.59033203125, 0.79541015625, 6.2890625, 10.640625, 1.2001953125, 1.125, 8.6640625, 0.132080078125, 0.09454345703125, 0.6435546875, 0.380615234375, 6.30859375, 2.931640625, 2.953125, 1.158203125, 6.2578125, 0.67041015625, 6.16015625, 6.62890625, 7.28125, 4.06640625, 1.056640625, 5.09375, 0.07135009765625, 1.6591796875, 5.2421875, 0.9013671875, 0.082275390625, 1.5322265625, 10.5078125, 2.212890625, 2.22265625, 5.03515625, 8.859375, 1.685546875, 5.6875, 0.034698486328125, 2.39453125, 0.0005173683166503906, 3.7578125, 0.01137542724609375, 6.2890625, 0.033843994140625, 0.00402069091796875, 0.06689453125, 1.4443359375, 0.00954437255859375, 0.00530242919921875, 4.1484375, 5.24609375, 5.97265625, 1.861328125, 3.26171875, 7.609375, 1.5048828125, 5.63671875, 0.0202484130859375, 6.10546875, 1.1611328125, 7.4375, 0.273681640625, 1.09765625, 1.599609375, 0.95361328125, 3.568359375, 5.40234375, 4.18359375, 0.921875, 9.2578125, 2.666015625, 3.943359375, 0.8837890625, 2.689453125, 8.3359375, 1.1865234375, 5.2890625, 1.076171875, 0.1424560546875, 1.5927734375, 0.33935546875, 1.4150390625, 5.41015625, 0.91650390625, 0.7978515625, 1.6826171875, 3.484375, 14.0546875, 0.393798828125, 0.7626953125, 0.0114288330078125, 0.03643798828125, 0.0232391357421875, 0.01383209228515625, 0.01181793212890625, 1.1630859375, 10.1328125, 5.2109375, 0.45458984375, 0.64794921875, 0.2010498046875, 0.5625, 0.0206451416015625, 0.0030345916748046875, 0.0038356781005859375, 0.184814453125, 0.3759765625, 1.048828125, 0.580078125, 0.006500244140625, 0.281005859375, 0.08660888671875, 1.677734375, 0.0135955810546875, 0.0841064453125, 0.377197265625, 0.181396484375, 0.050048828125, 0.11517333984375]",-2.141812061239605
244,1,test,0.45392784369077616,0.1321325759573101,0.22599281042415195,0.8223757687644581,0.23938304345512673,0.4094285331710285,1.5744843843940093,0.19488208645733085,0.3184806600713923,2.8524749561423937,0.35306559819217753,0.57698768935012,0.509925501430454,0.06068285400129608,0.13994165041637885,0.8498758357174234,0.10113809000216023,0.23323608402729812,1.6651671377550843,0.09804226786546621,0.21745590234889867,2.7752785629251404,0.16340377977577702,0.3624265039148309,0.45511201045496,0.14054154456235318,0.22116915496678974,0.8245211098502198,0.25461747359023723,0.40068957295931384,1.576349940819695,0.20667907658471152,0.3127776568963776,2.8558547629136033,0.37443806731905527,0.5666556251564243,0.09547738693467334,-0.004522613065326642,-0.004522613065326642,0.07537688442211055,0.0003768844221105905,0.0003768844221105905,0.055276381909547756,-0.00972361809045219,-0.004723618090452297,0.1151079136690647,0.0037973212094596365,0.01582561701834695,0.06859205776173283,0.11557788944723613,0.025352325537461695,0.04045268076610087,0.0505050505050505,0.1151079136690647,0.0037973212094596365,0.013433272520739337,0.06859205776173283,13.0,4.0,4.0,15.0,4.0,3.0,16.0,3.0,3.0,-0.00011850830552303753,0.0007646271536867057,0.0002987819631567915,-0.02366551475520695,-0.018313094465933544,-0.0209447250064958,"[2.171875, 3.02734375, 7.875, 7.625, 10.6328125, 1.515625, 3.125, 10.7265625, 9.4921875, 1.9619140625, 0.1708984375, 0.626953125, 0.09515380859375, 2.81640625, 0.67431640625, 1.333984375, 0.00144195556640625, 2.99609375, 10.1484375, 6.21875, 6.375, 5.1015625, 1.0849609375, 0.1822509765625, 0.716796875, 0.01415252685546875, 0.63134765625, 0.0675048828125, 1.205078125, 0.0283203125, 0.006927490234375, 0.0010023117065429688, 0.00039196014404296875, 0.00022995471954345703, 0.0007410049438476562, 0.0033721923828125, 7.271766662597656e-06, 0.0262451171875, 0.0036144256591796875, 0.00576019287109375, 0.0242462158203125, 0.140380859375, 0.375, 0.31982421875, 0.0007839202880859375, 0.007598876953125, 0.00811767578125, 0.0005373954772949219, 0.0013761520385742188, 0.0257568359375, 0.0008220672607421875, 0.0003743171691894531, 0.0004150867462158203, 3.170967102050781e-05, 0.0028591156005859375, 0.0003364086151123047, 0.00016987323760986328, 0.0027599334716796875, 0.0025196075439453125, 0.3134765625, 1.895427703857422e-05, 0.0009889602661132812, 8.702278137207031e-06, 0.0010385513305664062, 0.00026726722717285156, 0.0037097930908203125, 0.0005288124084472656, 8.511543273925781e-05, 2.5153160095214844e-05, 0.0018796920776367188, 0.0111541748046875, 0.019378662109375, 0.1285400390625, 0.00015294551849365234, 0.0013933181762695312, 0.1561279296875, 4.172325134277344e-06, 0.002948760986328125, 2.384185791015625e-06, 9.894371032714844e-05, 0.002559661865234375, 0.00032401084899902344, 7.414817810058594e-05, 3.6716461181640625e-05, 0.0035152435302734375, 0.00266265869140625, 0.003185272216796875, 0.0003247261047363281, 0.01424407958984375, 0.018218994140625, 0.032440185546875, 0.0014619827270507812, -0.0, 0.00749969482421875, 0.0028591156005859375, 2.384185791015625e-06, 0.00022470951080322266, 0.0002491474151611328, 0.00026702880859375, 0.00010669231414794922, 2.110004425048828e-05, 0.00571441650390625, 2.86102294921875e-06, 0.0009503364562988281, 0.0004360675811767578, 0.0002651214599609375, 0.0002084970474243164, 0.0006909370422363281, 0.0026645660400390625, 0.0012416839599609375, 0.0018110275268554688, -0.0, 0.015899658203125, 3.814697265625e-06, 1.609325408935547e-05, 1.1920928955078125e-07, 0.0003337860107421875, 0.00012791156768798828, 4.76837158203125e-07, 0.0054168701171875, 0.0012617111206054688, 0.0006389617919921875, 0.0015964508056640625, 0.0097808837890625, 0.0011463165283203125, 0.0190582275390625, 3.9458274841308594e-05, 0.007198333740234375, 0.0005183219909667969, 1.3232231140136719e-05, 0.002353668212890625, 0.0005316734313964844, 0.00189971923828125, 0.00010132789611816406, 0.0003337860107421875, 0.029815673828125, 0.004138946533203125, 0.054534912109375, 0.007320404052734375, 0.1280517578125, 5.0067901611328125e-06, 0.050537109375, 0.01425933837890625, 0.0036792755126953125, 5.91278076171875e-05, 0.0002818107604980469, 7.617473602294922e-05, 0.0003523826599121094, 0.0025234222412109375, 0.00754547119140625, 0.00797271728515625, 0.0194854736328125, 0.00830841064453125, 0.0014772415161132812, 0.002582550048828125, 0.002323150634765625, 5.6743621826171875e-05, 0.0003972053527832031, 0.007663726806640625, 1.1920928955078125e-07, 0.0003998279571533203, 0.020660400390625, 0.00749969482421875, 7.295608520507812e-05, 0.0006508827209472656, 9.834766387939453e-05, 0.00013768672943115234, 0.0002925395965576172, 0.0010585784912109375, 0.0032520294189453125, 0.0182952880859375, 8.821487426757812e-06, 1.811981201171875e-05, 0.0001518726348876953, 8.58306884765625e-06, 0.007198333740234375, 3.695487976074219e-05, 0.00012946128845214844, 0.0007243156433105469, 0.0005602836608886719, 1.6689300537109375e-06, 0.0009164810180664062, 0.053924560546875, 0.0014829635620117188, 0.00847625732421875, 5.924701690673828e-05, 0.0002167224884033203, 0.00015354156494140625, 0.0004973411560058594, 3.5762786865234375e-07, 2.5033950805664062e-06, 0.00861358642578125, 0.0212554931640625, 0.052032470703125, 0.00041556358337402344, 2.384185791015625e-06, 3.933906555175781e-06, 0.002704620361328125, 0.017303466796875, 0.00036907196044921875, 5.054473876953125e-05, 0.010772705078125, 0.07171630859375, 0.00696563720703125, 1.5616416931152344e-05, 0.0005350112915039062, 3.0159950256347656e-05, 0.001079559326171875, 0.0001138448715209961, 1.0728836059570312e-05, 5.650520324707031e-05, 0.00431060791015625, 5.0902366638183594e-05, 0.00013363361358642578, 0.00013387203216552734, 6.973743438720703e-05, 0.0002199411392211914, 5.221366882324219e-05, 0.0003147125244140625, 0.0031337738037109375, 1.3828277587890625e-05, 3.4689903259277344e-05, 0.0008096694946289062, 1.0848045349121094e-05, 0.0002295970916748047, 4.100799560546875e-05, 8.404254913330078e-05, 0.0011587142944335938, 0.006572723388671875, 0.00018846988677978516, 0.0013151168823242188, 0.00917816162109375, 0.006641387939453125, 0.0001691579818725586, 4.601478576660156e-05, 0.00743865966796875, 0.0011682510375976562, 0.00713348388671875, 3.0994415283203125e-05, 0.0031337738037109375, 6.604194641113281e-05, 0.00096893310546875, 0.0001633167266845703, 0.0002486705780029297, 0.00012791156768798828, 0.0009427070617675781, 0.0005173683166503906, 0.0005769729614257812, 0.0002932548522949219, 0.0009794235229492188, 0.00020205974578857422, 0.0006890296936035156, 9.34600830078125e-05, 0.0018167495727539062, 0.0003414154052734375, 0.0037097930908203125, 0.0538330078125, 0.004375457763671875, 0.024444580078125, 0.00027823448181152344, 0.00284576416015625, 0.007457733154296875, 0.755859375, 0.20361328125, 4.875, 5.1171875, 0.08367919921875, 0.055877685546875, 0.005542755126953125, 1.3291015625, 0.974609375, 2.263671875, 0.423583984375, 0.00984954833984375, 0.71142578125, 0.6171875, 7.453125, 0.06005859375]",-2.5963768075696
175,1,test,2.3014083070414406,0.9922533126272992,1.2015510225151191,6.37429537673978,2.748280556684822,3.3279801347293763,9.988239061884569,6.2851957643681295,6.984501748322721,27.664793717456604,17.40833826841436,19.345231816078066,2.234304392578626,0.9457878525544772,1.3573877547911737,5.0525747059448465,2.1387702574811467,3.06954730913004,9.3399826307719,5.712581173198991,6.9365051528179755,21.121097085495546,12.918223334847719,15.685960516031558,2.2616823078397923,0.9724069584612065,1.3661095754954728,6.112654886053493,2.6281269147600175,3.692188041879657,9.599224441242981,5.969069432933862,7.15048658194959,25.943849841197245,16.132620089010437,19.32563941067457,0.4444444444444444,-0.01055555555555554,-0.015555555555555545,0.3484848484848485,-0.0015151515151514694,-0.0015151515151514694,0.2676767676767676,-0.017323232323232407,-0.012323232323232403,0.3642857142857143,0.0946895147607737,0.12283898896802126,0.350835322195704,0.3232323232323232,0.08705141870971012,0.13761359413533325,0.2690355329949239,0.36454849498327757,0.10454849498327756,0.16033095891224536,0.325503355704698,16.0,0.0,0.0,21.0,-1.0,-1.0,30.0,0.0,0.0,0.00046650857445847984,0.0002646155306382026,0.0001782088271276943,-0.07359795551544135,-0.06537276091722255,-0.07000196688032911,"[3.744140625, 4.20703125, 3.7890625, 8.8984375, 0.0506591796875, 0.040924072265625, 6.03125, 7.12109375, 0.56005859375, 3.935546875, 6.87109375, 15.8046875, 10.3203125, 5.66796875, 3.1640625, 2.24609375, 0.7099609375, 3.853515625, 3.376953125, 12.4921875, 6.1484375, 0.64404296875, 1.5673828125, 0.01158905029296875, 7.94921875, 0.0760498046875, 14.6484375, 17.46875, 0.35986328125, 0.1859130859375, 0.01250457763671875, 10.3984375, 0.37548828125, 4.5546875, 1.818359375, 10.9140625, 4.08984375, 0.422119140625, 2.09765625, 1.0849609375, 1.375, 0.420166015625, 0.0007162094116210938, 0.0997314453125, 0.01041412353515625, 1.7275390625, 0.0013341903686523438, 0.0019121170043945312, 0.0063018798828125, 0.034454345703125, 0.60595703125, 0.0228729248046875, 0.1033935546875, 0.0172271728515625, 0.12200927734375, 0.02294921875, 0.12432861328125, 3.55078125, 0.134521484375, 0.294189453125, 1.5615234375, 0.050994873046875, 4.99609375, 5.37890625, 0.058929443359375, 1.3642578125, 0.00018310546875, 8.890625, 0.058197021484375, 2.2265625, 1.56640625, 0.0006570816040039062, 0.022125244140625, 0.0003464221954345703, 0.002803802490234375, 0.315185546875, 0.002742767333984375, 5.4453125, 0.06494140625, 0.2203369140625, 0.037445068359375, 0.6611328125, 0.0309906005859375, 0.204833984375, 0.30224609375, 0.193603515625, 0.045684814453125, 0.71630859375, 4.029273986816406e-05, 5.0625, 8.726119995117188e-05, 0.0001901388168334961, 0.05950927734375, 0.00015783309936523438, 0.0006108283996582031, 0.0056610107421875, 0.009765625, 0.01099395751953125, 0.00823974609375, 0.003505706787109375, 0.011138916015625, 0.0036029815673828125, 0.004863739013671875, 0.006641387939453125, 0.049072265625, 0.03326416015625, 0.1412353515625, 11.8359375, 2.615234375, 3.95703125, 0.03271484375, 0.12158203125, 4.21484375, 6.67578125, 0.0704345703125, 3.1796875, 5.96484375, 0.55615234375, 4.7109375, 0.3037109375, 2.75390625, 0.6025390625, 1.3720703125, 0.75244140625, 0.0999755859375, 1.419921875, 0.047271728515625, 1.3818359375, 8.90625, 0.066650390625, 3.1484375, 9.2890625, 1.3603515625, 0.4287109375, 0.26806640625, 0.1505126953125, 0.537109375, 0.2159423828125, 0.56689453125, 0.087158203125, 0.5625, 0.250244140625, 3.591796875, 0.04766845703125, 2.08984375, 3.65625, 0.7529296875, 0.131591796875, 2.13671875, 0.012176513671875, 0.10430908203125, 1.732421875, 2.1015625, 1.5751953125, 5.69140625, 0.8642578125, 1.6689453125, 0.8662109375, 0.055450439453125, 0.417724609375, 0.80615234375, 0.447998046875, 1.0693359375, 6.75, 2.5546875, 6.55859375, 3.9609375, 3.44921875, 3.7109375, 4.74609375, 2.484375, 2.9609375, 2.748046875, 1.5791015625, 4.046875, 1.5361328125, 2.220703125, 0.90087890625, 0.05975341796875, 1.3837890625, 2.705078125, 0.2239990234375, 3.86328125, 0.10943603515625, 0.305908203125, 0.02740478515625, 4.19921875, 0.005619049072265625, 9.03125, 1.1826171875, 9.0078125, 1.0400390625, 0.08642578125, 1.2294921875, 0.08819580078125, 0.336181640625, 8.453125, 3.55078125, 0.278076171875, 4.59765625, 3.259765625, 4.22265625, 13.0859375, 2.2109375, 3.962890625, 3.400390625, 2.59765625, 1.025390625, 1.892578125, 2.783203125, 2.29296875, 0.454345703125, 1.3173828125, 0.33349609375, 2.96875, 0.58251953125, 0.7666015625, 1.5302734375, 3.07421875, 2.455078125, 2.234375, 0.1624755859375, 1.4072265625, 0.91064453125, 1.0546875, 0.405029296875, 0.430908203125, 0.2071533203125, 3.095703125, 2.330078125, 1.2236328125, 4.125, 0.12353515625, 1.9169921875, 0.05181884765625, 0.14453125, 10.9375, 1.04296875, 3.791015625, 0.023040771484375, 0.021636962890625, 3.017578125, 0.11944580078125, 0.032958984375, 2.806640625, 0.251953125, 0.01263427734375, 0.0469970703125, 0.060546875, 0.08819580078125, 0.153076171875, 0.030426025390625, 0.1015625, 0.00655364990234375, 4.08203125, 0.018768310546875, 2.7109375, 0.03558349609375, 0.1439208984375, 6.22265625, 0.1427001953125, 1.91796875, 4.9921875, 0.21142578125, 7.2265625, 1.759765625, 0.75634765625, 9.2578125, 0.287841796875, 0.8056640625, 8.9375, 3.3125, 1.39453125, 0.2432861328125, 4.14453125, 0.375244140625, 3.201171875, 4.87890625, 3.8828125, 2.115234375, 7.40234375, 3.79296875, 2.296875, 1.5830078125, 5.9609375, 0.2431640625, 1.109375, 3.369140625, 1.4501953125, 0.671875, 3.80859375, 4.51171875, 3.673828125, 1.0087890625, 2.16796875, 5.59765625, 7.3984375, 3.134765625, 0.88818359375, 0.1861572265625, 2.666015625, 1.0498046875, 2.302734375, 4.05078125, 3.62109375, 1.58203125, 0.77880859375, 0.10528564453125, 5.2734375, 1.29296875, 1.4033203125, 0.552734375, 0.06494140625, 0.4130859375, 0.314208984375, 0.06787109375, 0.11376953125, 2.38671875, 1.7880859375, 0.1497802734375, 2.341796875, 4.44140625, 5.33203125, 1.5537109375, 0.52197265625, 3.22265625, 0.00820159912109375, 2.34765625, 0.763671875, 3.33984375, 3.6015625, 3.671875, 1.5205078125, 3.037109375, 1.12109375, 0.529296875, 0.043548583984375, 0.08282470703125, 0.07159423828125, 0.21337890625, 0.03863525390625, 0.06744384765625, 0.11419677734375, 5.71484375, 1.8642578125, 0.37158203125, 4.91015625, 3.59375, 0.70654296875, 0.2998046875, 6.99609375, 0.69775390625, 6.78515625, 1.302734375, 2.841796875, 0.1611328125, 0.5703125, 4.875, 0.2420654296875, 0.69189453125, 0.412109375, 0.260009765625, 12.7734375, 1.40625, 2.806640625, 0.011444091796875, 0.1885986328125, 6.3203125, 4.109375, 5.171875, 0.5712890625, 0.359619140625, 0.0003592967987060547, 3.853515625, 0.01242828369140625, 0.135986328125, 3.201171875, 8.859375, 3.85546875, 0.12176513671875, 0.509765625, 0.8291015625, 3.17578125, 1.65625, 0.5576171875, 8.890625, 0.01116943359375, 4.2265625, 0.04315185546875, 0.42138671875, 0.767578125, 0.0303955078125, 0.3251953125, 9.5546875, 0.525390625, 4.55078125, 0.01418304443359375, 0.123291015625, 6.58203125, 1.763671875, 0.41064453125, 12.3671875, 0.306396484375, 4.03125, 0.03375244140625, 0.09283447265625, 2.69921875, 3.955078125, 4.23828125, 3.2734375, 8.21875, 8.3515625, 9.9296875, 3.673828125, 0.75, 6.2890625, 3.068359375, 2.6796875, 5.09765625, 1.12890625]",-0.9952537851674217
73,1,test,0.6822881752085463,0.26716344784100726,0.26716344784100726,3.417817401044681,1.3383140938577562,1.3383140938577562,1.9783994816265786,0.4638398456786066,0.4638398456786066,9.91048712291445,2.323534180221805,2.323534180221805,0.5200744106541926,0.03472141913656873,0.13495616079443845,1.824822493523483,0.12182954083006581,0.4735303887524156,1.6821528151334337,0.057404385087489684,0.21236470172965127,5.902290579415557,0.20141889504382338,0.7451393043145655,0.4930562642107042,0.08256219518451502,0.18335459182535796,1.7821310754603765,0.2984175729560783,0.6627274403326191,1.6373126409010466,0.12975019985188885,0.2742942134649746,5.917997497232698,0.4689766259706829,0.9914248679456916,0.14572864321608037,-0.004271356783919655,-0.00927135678391966,0.10050251256281406,-0.009497487437185925,-0.01449748743718593,0.0653266331658291,0.0003266331658291488,0.005326633165829042,0.20186915887850465,0.05230904157645189,0.05230904157645189,0.18913857677902624,0.19095477386934678,0.050603896676364335,0.06741554181592446,0.13636363636363635,0.2006688963210702,0.062104622531420794,0.06829959709971312,0.15100671140939592,13.0,-1.0,1.0,18.0,-1.0,0.0,23.0,0.0,1.0,-0.0006401593337905766,9.864897011826562e-05,-3.717576503669261e-05,-0.29215110913285525,-0.2732451529808344,-0.2870788038691745,"[2.935546875, 2.3984375, 4.3359375, 8.265625, 3.994140625, 4.0859375, 0.9462890625, 0.5888671875, 0.09527587890625, 0.13232421875, 0.449462890625, 0.0009150505065917969, 0.002773284912109375, 0.05523681640625, 0.25048828125, 0.0033893585205078125, 0.1290283203125, 0.0006666183471679688, 0.019134521484375, 2.78515625, 0.322021484375, 0.0855712890625, 0.1875, 0.00978851318359375, 0.00695037841796875, 0.1690673828125, 0.0004773139953613281, 0.0006084442138671875, 0.0006608963012695312, 2.3671875, 0.0005450248718261719, 0.1171875, 0.00013935565948486328, 0.77001953125, 1.6845703125, 0.79248046875, 0.2066650390625, 1.25, 0.126953125, 1.314453125, 3.255859375, 0.00954437255859375, 1.7265625, 0.2310791015625, 2.5390625, 0.034698486328125, 0.0599365234375, 0.0024814605712890625, 0.46337890625, 0.00017833709716796875, 0.000980377197265625, 1.3134765625, 0.0046234130859375, 6.473064422607422e-05, 0.0003859996795654297, 0.00173187255859375, 0.003276824951171875, 0.0003097057342529297, 0.00795745849609375, 7.033348083496094e-06, 0.8232421875, 0.00019741058349609375, 3.072265625, 2.791015625, 0.0008211135864257812, 0.0328369140625, 0.0035762786865234375, 3.048828125, 2.05859375, 0.058135986328125, 2.978515625, 1.9073486328125e-06, 0.021636962890625, 0.0015869140625, 1.4765625, 0.0009379386901855469, 0.0010776519775390625, 0.2132568359375, 0.05108642578125, 0.048583984375, 0.00012373924255371094, 4.601478576660156e-05, 0.0090789794921875, 0.0029125213623046875, 0.0036067962646484375, 0.021728515625, 0.03778076171875, 0.0027217864990234375, 0.093017578125, 0.27587890625, 6.198883056640625e-06, 1.0728836059570312e-05, 0.126953125, 0.0016298294067382812, 0.0024929046630859375, 0.0004496574401855469, 0.0004935264587402344, 0.0004935264587402344, 0.00023663043975830078, 0.002323150634765625, 2.2649765014648438e-06, 4.744529724121094e-05, 1.0371208190917969e-05, 0.134765625, 0.038055419921875, 8.463859558105469e-05, 0.000354766845703125, 0.001399993896484375, 0.00716400146484375, 0.1715087890625, 0.4228515625, 0.35400390625, 0.402099609375, 1.3193359375, 3.1948089599609375e-05, 0.0034332275390625, 0.002529144287109375, 0.00321197509765625, 6.473064422607422e-05, 2.7418136596679688e-06, 0.0011434555053710938, 0.055206298828125, 4.649162292480469e-05, -0.0, 1.430511474609375e-06, 0.0411376953125, 2.682209014892578e-05, 0.0003707408905029297, 0.00762939453125, 0.0008940696716308594, 4.76837158203125e-06, 2.1328125, 0.004058837890625, 0.0012302398681640625, 0.09075927734375, 5.841255187988281e-06, 4.76837158203125e-07, 0.313720703125, 0.00020563602447509766, 0.0009150505065917969, 0.0011453628540039062, 0.00020778179168701172, 6.67572021484375e-05, 8.916854858398438e-05, 0.00030422210693359375, 2.2649765014648438e-06, 0.0001609325408935547, 2.9921531677246094e-05, 0.019683837890625, 0.02313232421875, 8.463859558105469e-05, 0.00017392635345458984, 0.01114654541015625, 0.000995635986328125, 2.150390625, 0.007328033447265625, 0.3583984375, 0.0221099853515625, 0.319091796875, 3.96484375, 5.29296875, 0.1390380859375, 1.78125, 5.078125, 0.26171875, 6.10546875, 0.4501953125, 0.0330810546875, 0.026336669921875, 5.805492401123047e-05, 2.13671875, 0.00022029876708984375, 0.019012451171875, 0.0039005279541015625, 1.430511474609375e-06, 2.1457672119140625e-05, 0.1280517578125, 1.1920928955078125e-06, 0.0028438568115234375, 0.693359375, 0.00894927978515625, 0.0258636474609375, 0.32373046875, 0.0019073486328125, 9.524822235107422e-05, 0.0025157928466796875, 0.431396484375, 0.0001779794692993164, 2.2649765014648438e-06, 0.0025348663330078125, 0.00017595291137695312, 0.00031495094299316406, 0.0035305023193359375, 7.867813110351562e-06, 0.00039315223693847656, 2.0384788513183594e-05, 0.29296875, 0.0035114288330078125, 7.510185241699219e-05, 0.0037384033203125, 8.4609375, 13.84375, 2.076171875, 4.6253204345703125e-05, 0.00021004676818847656, -0.0, 0.61962890625, 0.7119140625, 1.400390625, 0.324951171875, 0.0657958984375, 0.110595703125, 0.70361328125, 0.1201171875, 0.5654296875, 1.5029296875, 2.76953125, 4.5418739318847656e-05, 7.033348083496094e-06, 1.1920928955078125e-07, 0.9482421875, 0.72119140625, 0.0013341903686523438, 0.03619384765625, 0.018096923828125, 0.0030651092529296875, 0.0141754150390625, 0.007266998291015625, 0.0006628036499023438, 0.006053924560546875, 1.52587890625e-05, 0.0007915496826171875, 7.987022399902344e-06, 0.0020904541015625, 0.007480621337890625, 0.02642822265625, 0.0010576248168945312, 0.25048828125, 0.10406494140625, 0.74755859375, 0.003292083740234375, 0.53955078125, 0.3037109375, 2.572265625, 0.0012502670288085938, 0.00881195068359375, 0.006725311279296875, 4.982948303222656e-05, 6.198883056640625e-06, 0.2213134765625, 1.919269561767578e-05, 0.2261962890625, 0.0027942657470703125, 0.009735107421875, 0.125, 2.086162567138672e-05, 8.976459503173828e-05, 0.0003933906555175781, 0.004528045654296875, 1.3828277587890625e-05, 0.000652313232421875, 0.03546142578125, 0.0236053466796875, 0.0016851425170898438, 1.7762184143066406e-05, 0.0013227462768554688, 1.6689300537109375e-05, 0.00185394287109375, 0.00042319297790527344, 0.76513671875, 0.83349609375, 0.186279296875, 3.119140625, 0.75244140625, 1.0251998901367188e-05, 0.001239776611328125, 0.048583984375, 0.00017702579498291016, 0.0220184326171875, 0.69970703125, 0.0033969879150390625, 0.0007662773132324219, 0.0181732177734375, 0.007228851318359375, 0.0011644363403320312, 0.362060546875, 0.0001289844512939453, 0.002483367919921875, 0.0009126663208007812, 0.1578369140625, 0.0137481689453125, 0.00786590576171875, 0.0013637542724609375, 1.1920928955078125e-05, 7.95125961303711e-05, 0.0094146728515625, 0.0003647804260253906, 0.00013363361358642578, 6.091594696044922e-05, 0.0941162109375, 1.8715858459472656e-05, 0.0011129379272460938, 1.1396484375, 2.341796875, 0.105712890625, 0.00013768672943115234, 0.00011289119720458984, 4.76837158203125e-07, 3.75390625, 0.436767578125, 0.0038890838623046875, 0.06402587890625, 1.63671875, 4.7421875, 7.53125, 9.1015625, 0.0894775390625, 0.0001361370086669922, 0.00038933753967285156, 1.6689300537109375e-06, 3.79296875, 0.0026531219482421875, 3.119140625, 0.03363037109375, 9.322166442871094e-05, 0.697265625, 0.0003647804260253906, 0.01904296875, 6.854534149169922e-05, 3.612041473388672e-05, 9.059906005859375e-06, 5.4717063903808594e-05, 0.09246826171875, 8.702278137207031e-06, 7.104873657226562e-05, 5.37890625, 0.01276397705078125, 9.5367431640625e-07, 9.5367431640625e-07, 6.318092346191406e-06, 0.048248291015625, 0.037750244140625, 0.015167236328125, 0.013824462890625, 3.51171875, 0.51025390625, 1.3709068298339844e-05, 0.0001266002655029297, 3.933906555175781e-06, 1.986328125, 0.0015249252319335938, 0.053955078125, 0.0012111663818359375, 0.0001277923583984375, 1.3134765625, 0.001026153564453125, 0.01904296875, 0.0001533031463623047, 3.814697265625e-05, 1.990795135498047e-05, 6.961822509765625e-05, 0.007610321044921875, 9.059906005859375e-06, 0.00016701221466064453, 5.8359375, 7.25390625, 0.252197265625, 0.0207061767578125, 7.033348083496094e-06, 1.0728836059570312e-06, 1.0848045349121094e-05, 0.10809326171875, 0.0183258056640625, 0.01214599609375, 0.0091400146484375, 7.38671875, 0.06842041015625, 2.6702880859375e-05, 0.0003390312194824219, 2.3365020751953125e-05, 6.015625, 0.7734375, 0.0223846435546875, 0.00036215782165527344, 0.134033203125, 1.3173828125, 0.00010311603546142578, 0.69482421875, 0.00020694732666015625, 0.0182647705078125, 5.626678466796875e-05, 2.4557113647460938e-05, 8.821487426757812e-06, 4.2438507080078125e-05, 10.0078125, 0.00617218017578125, 0.1275634765625, 0.00016379356384277344, 0.0045013427734375, 0.0087890625, 2.140625, 0.1390380859375, 5.364418029785156e-05, 0.0279083251953125, 5.69921875, 0.65576171875, 0.81884765625, 0.172119140625, 0.0086669921875, 0.018157958984375, 0.0012683868408203125, 0.1329345703125, 0.0024852752685546875, 3.302734375, 1.5497207641601562e-06, 0.0022563934326171875, 4.125, 0.015777587890625, 3.943359375, 4.13671875, 5.09375, 0.006908416748046875, 0.64892578125, 8.702278137207031e-06, 0.002529144287109375, 1.1920928955078125e-07, 5.4296875, 0.06903076171875, 0.328125, 0.0284423828125, 2.158203125, 0.002655029296875, 0.0009617805480957031, 6.0677528381347656e-05, 0.1019287109375, 0.0033397674560546875, 0.301513671875, 0.00010585784912109375, 0.049591064453125, 0.0003447532653808594, 0.0002894401550292969, 0.0002613067626953125, 0.297119140625, 0.061248779296875, 0.005847930908203125, 0.049102783203125, 1.3134765625, 0.0007166862487792969, 0.313232421875, 0.00033974647521972656, 0.0083160400390625, 0.313232421875, 0.00133514404296875, 9.548664093017578e-05, 0.693359375, 0.00380706787109375, 0.00762939453125, 0.323486328125, 5.1021575927734375e-05, 0.0185394287109375, 0.00016582012176513672, 2.974609375, 0.0010776519775390625, 0.0010080337524414062, 0.00897979736328125, 9.0625, 4.76953125, 8.234375, 10.21875, 4.15234375, 0.0014638900756835938, 0.0004520416259765625, 3.048828125, 0.0008859634399414062, 0.006717681884765625, 0.003143310546875, 9.72747802734375e-05, 0.00035881996154785156, 0.0002753734588623047, 2.205078125, 0.5107421875, 1.578125, 0.0001329183578491211, 0.01201629638671875, 0.62158203125, 2.47265625, 4.609375, 0.7919921875, 0.07672119140625, 1.9669532775878906e-05, 1.6808509826660156e-05, 1.0728836059570312e-05, 0.2208251953125, 0.0020542144775390625, 3.166015625, 3.72265625, 0.00792694091796875, 0.095458984375, 1.57421875, 1.3310546875, 0.00356292724609375, 0.00020968914031982422, 0.6962890625, 0.000553131103515625, 0.006740570068359375, 0.0005412101745605469, 0.00013828277587890625, 0.0009784698486328125, 5.9723854064941406e-05, 0.002773284912109375, 0.0002275705337524414, 1.23828125, 5.4836273193359375e-05, 0.0050201416015625, 6.25390625, 0.1259765625, 6.9141387939453125e-06, 1.7404556274414062e-05, 2.3603439331054688e-05, 0.58642578125, 1.4424324035644531e-05, 0.137451171875, 1.1708984375, 0.0007205009460449219, 0.0460205078125, 0.134765625, 0.1365966796875, 0.0007123947143554688, 8.225440979003906e-06, 2.1328125, 0.005420684814453125, 0.00029969215393066406, 1.3173828125, 0.003231048583984375, 0.0079498291015625]",-2.288061136620067
46,1,test,1.9840441551186772,0.8371609101756552,0.9695707942310732,4.796590265122076,2.0239054971279575,2.3440173047344626,7.272093069422289,4.12372814977998,4.514182478150543,17.58088434365828,9.969452669797752,10.913408188935378,1.6844476461410522,0.6091946073642052,0.9158837361407399,3.1485002731608454,1.1386815090919726,1.7119322170854954,5.389473213720733,2.458738817557693,3.2328063526184527,10.073781707889221,4.595773490762044,6.0426286964830895,1.728536894887586,0.6910941396660617,0.9808663006286995,3.576283230801902,1.4298499441366794,2.0293785530248956,5.632407073321995,2.810415816454525,3.520332669599232,11.653256013769646,5.814653413354191,7.283446902619101,0.37688442211055273,-0.003115577889447274,-0.013115577889447283,0.29648241206030146,-0.013517587939698594,-0.00851758793969859,0.2361809045226131,-0.0038190954773869024,0.001180904522613102,0.3325740318906606,0.10162977705562082,0.11263268291705353,0.3470319634703196,0.31155778894472363,0.08098134784196676,0.11289334821016606,0.3282828282828283,0.31438127090301005,0.08399729761419539,0.12305757791079652,0.3221476510067114,16.0,-1.0,-1.0,25.0,-2.0,-1.0,31.0,1.0,0.0,-0.0008649899109672464,-0.000649031708000708,-0.00013733289609597096,-0.08421004709512037,-0.07999933558665617,-0.08546464989043212,"[5.171875, 4.94140625, 3.52734375, 4.43359375, 0.62890625, 0.464111328125, 0.06427001953125, 5.0703125, 0.69384765625, 0.01030731201171875, 0.0025997161865234375, 0.52978515625, 0.003925323486328125, 0.6982421875, 0.00455474853515625, 0.00867462158203125, 0.0120086669921875, 0.00559234619140625, 0.007038116455078125, 0.0013132095336914062, 0.003490447998046875, 0.0193023681640625, 0.0006766319274902344, 0.0015268325805664062, 0.00018131732940673828, 0.0006799697875976562, 0.0082244873046875, 0.0309295654296875, 0.050048828125, 0.0016927719116210938, 0.0027313232421875, 0.002422332763671875, 0.00470733642578125, 0.0026721954345703125, 0.00261688232421875, 0.0245819091796875, 0.0745849609375, 0.0242462158203125, 0.08160400390625, 0.1522216796875, 0.77978515625, 6.734375, 3.458984375, 3.580078125, 0.0443115234375, 5.125, 0.420654296875, 0.0252838134765625, 5.77734375, 4.55078125, 0.049285888671875, 0.288330078125, 5.76953125, 0.079345703125, 2.42578125, 0.037353515625, 6.8046875, 4.578125, 0.0024662017822265625, 0.382080078125, 2.091796875, 0.1898193359375, 0.338134765625, 0.014007568359375, 0.0100860595703125, 9.179115295410156e-06, 0.006870269775390625, 0.0028781890869140625, 0.00010669231414794922, 5.459785461425781e-05, 1.1920928955078125e-07, 5.4836273193359375e-06, 0.0012149810791015625, 3.6835670471191406e-05, 1.1920928955078125e-07, 0.0004417896270751953, 0.00042819976806640625, 2.6106834411621094e-05, 4.0234375, 0.00015032291412353516, 0.0009355545043945312, 8.356571197509766e-05, 6.198883056640625e-06, 0.0016813278198242188, 0.002162933349609375, 0.00713348388671875, 0.0197906494140625, 0.1334228515625, 0.035400390625, 0.056427001953125, 0.705078125, 4.96875, 2.2578125, 0.289794921875, 4.74609375, 0.6787109375, 6.3359375, 0.28564453125, 4.4765625, 1.8037109375, 7.71484375, 0.91845703125, 0.0157928466796875, 0.0009069442749023438, 0.0093231201171875, 1.3154296875, 0.86328125, 2.7421875, 0.00931549072265625, 0.234619140625, 0.0231170654296875, 0.1932373046875, 0.7490234375, 8.296875, 1.21875, 8.875, 1.787109375, 0.0176239013671875, 1.4990234375, 2.515625, 3.677734375, 1.4609375, 2.53515625, 2.80859375, 3.53515625, 1.0478515625, 10.359375, 0.197021484375, 5.0546875, 3.384765625, 0.409423828125, 1.4345703125, 6.890625, 1.4482421875, 4.734375, 10.03125, 1.4072265625, 0.0474853515625, 2.2421875, 1.0009765625, 0.85888671875, 0.75927734375, 0.236572265625, 5.63671875, 4.54296875, 7.1328125, 2.49609375, 0.01496124267578125, 1.3935546875, 0.014068603515625, 0.01030731201171875, 0.01068115234375, 2.546875, 2.43359375, 10.40625, 2.310546875, 1.5556640625, 0.474853515625, 0.1083984375, 0.19482421875, 3.58984375, 6.125, 1.0068359375, 6.7109375, 3.130859375, 0.08929443359375, 2.376953125, 0.1258544921875, 0.02239990234375, 6.56640625, 4.2578125, 0.357666015625, 0.673828125, 0.0279541015625, 0.0020275115966796875, 0.52001953125, 0.0309600830078125, 1.3154296875, 0.046051025390625, 1.326171875, 0.4423828125, 3.048828125, 4.37890625, 0.00634765625, 6.9296875, 0.04913330078125, 0.028350830078125, 6.08203125, 0.10516357421875, 0.033935546875, 0.1304931640625, 8.8125, 0.859375, 1.1455078125, 0.029571533203125, 0.32861328125, 4.67578125, 0.07440185546875, 2.53125, 0.01995849609375, 0.31884765625, 0.004993438720703125, 0.32275390625, 0.1614990234375, 3.73046875, 1.3662109375, 0.2607421875, 0.235595703125, 0.0126953125, 0.71923828125, 1.0380859375, 0.345947265625, 0.1904296875, 1.5361328125, 3.5, 0.646484375, 1.1259765625, 5.3125, 0.00702667236328125, 0.982421875, 0.003265380859375, 0.0184478759765625, 3.978515625, 1.2421875, 8.28125, 2.59375, 0.64453125, 5.13671875, 0.58056640625, 0.01505279541015625, 0.009857177734375, 5.828125, 2.005859375, 4.72265625, 0.1361083984375, 7.0546875, 0.4521484375, 3.5859375, 5.92578125, 2.947265625, 9.484375, 0.9453125, 0.2452392578125, 0.002307891845703125, 0.00014495849609375, 6.234375, 3.265625, 0.375, 0.01471710205078125, 0.4140625, 0.74755859375, 6.2265625, 3.86328125, 1.0693359375, 1.4267578125, 5.4140625, 1.93359375, 4.94921875, 3.1015625, 0.88330078125, 8.0, 1.94921875, 0.74072265625, 0.09228515625, 2.783203125, 4.14453125, 4.53515625, 0.96044921875, 0.80419921875, 0.0179443359375, 0.0203094482421875, 12.0546875, 0.07537841796875, 0.011962890625, 0.87548828125, 1.5517578125, 2.177734375, 1.0048828125, 2.2265625, 0.02667236328125, 0.0697021484375, 1.32421875, 0.069091796875, 0.861328125, 0.607421875, 0.107177734375, 0.36865234375, 0.65087890625, 0.0015821456909179688, 0.03839111328125, 0.0004527568817138672, 0.000980377197265625, 0.25146484375, 0.351806640625, 7.3984375, 0.0182647705078125, 0.2061767578125, 0.83447265625, 0.37744140625, 0.00109100341796875, 0.00028228759765625, 1.6298828125, 0.1292724609375, 0.01165008544921875, 0.00279998779296875, 1.6953125, 0.06817626953125, 0.281005859375, 0.0653076171875, 0.1278076171875, 0.1275634765625, 0.1328125, 0.0245208740234375, 0.0009708404541015625, 0.0001976490020751953, 0.6953125, 0.01560211181640625, 0.2509765625, 0.02935791015625, 5.02734375, 17.46875, 7.2109375, 2.978515625, 0.095458984375, 3.49609375, 5.85546875, 0.0156402587890625, 10.046875, 2.67578125, 7.48828125, 5.44140625, 4.73828125, 0.82080078125, 0.057220458984375, 0.007419586181640625, 3.115234375, 7.69921875, 2.056640625, 0.68359375, 2.76953125, 6.60546875, 2.59375, 8.5, 1.1357421875, 1.251953125, 0.1441650390625, 0.006252288818359375, 0.54248046875, 0.80712890625, 4.7109375, 3.654296875, 2.16796875, 0.47119140625, 0.23486328125, 0.11279296875, 0.84912109375, 5.22265625, 3.400390625, 3.494140625, 0.5439453125, 8.4140625, 0.413818359375, 0.06390380859375, 0.035858154296875, 10.71875, 0.0009860992431640625, 16.328125, 0.4560546875, 0.007457733154296875, 0.0546875, 2.0625, 0.2347412109375, 0.0106964111328125, 5.0, 0.01282501220703125, 0.00588226318359375, 0.1370849609375, 0.0994873046875, 0.00940704345703125, 0.3642578125, 0.0946044921875, 0.005977630615234375, 0.003932952880859375, 0.32421875, 0.072509765625, 0.091064453125, 0.2366943359375, 0.0955810546875, 3.212890625, 4.703125, 2.8515625, 5.01953125, 4.52734375, 3.58984375, 7.625, 0.4052734375, 9.828125, 1.70703125, 4.390625, 3.69140625, 5.578125, 1.6611328125, 0.007038116455078125, 0.0005373954772949219, 7.75390625, 3.525390625, 3.61328125, 0.46875, 9.0859375, 1.43359375, 0.57373046875, 6.67578125, 4.1484375, 9.5625, 2.359375, 1.107421875, 7.69140625, 0.433349609375, 0.75390625, 0.1761474609375, 0.01116180419921875, 1.458984375, 1.9892578125, 6.97265625, 3.974609375, 5.69921875, 0.9814453125, 2.673828125, 1.1953125, 9.09375, 0.78662109375, 1.662109375, 0.266357421875, 0.0124664306640625, 1.388671875, 1.765625, 0.00492095947265625, 0.226318359375, 5.6328125]",-2.252641120912817
81,1,test,1.355341421233283,0.5229872216534531,0.7116044060964077,2.725414814436493,1.051659087020531,1.4309436426938635,3.8780847911198784,1.5793607607715852,1.9745034751057378,7.798322677795407,3.1758884863341654,3.970468944506103,0.6924731743395628,0.20439834732461104,0.32323095655602496,1.1638204610748955,0.3435266341590101,0.5432453051361764,1.9986524417415739,0.3694756898966638,0.5520144790592356,3.359079734019452,0.6209675460448127,0.9277554269903119,1.0158251567827818,0.3776332802758172,0.546821139953237,2.0049180725975955,0.7453288426496392,1.0792522499077046,2.761641244461027,0.8685863385631565,1.1632398252132363,5.450607719330974,1.714315141900967,2.2958680760787558,0.15577889447236182,-0.014221105527638223,-0.009221105527638218,0.12562814070351758,-0.004371859296482428,-0.004371859296482428,0.08040201005025127,-0.009597989949748698,-0.029597989949748715,0.2737127371273713,0.07885482102452968,0.08896200398954146,0.2744565217391305,0.20100502512562812,0.053135350940164416,0.0657796494995847,0.12121212121212122,0.21739130434782605,0.04376859984031356,0.07612322870822652,0.1912751677852349,16.0,6.0,6.0,20.0,5.0,6.0,27.0,10.0,10.0,-0.00018175437994673695,-0.0011154536173084077,-0.00013101357439989064,-0.1250851513283413,-0.1272319525839869,-0.12844877602971305,"[8.140625, 7.6171875, 0.39306640625, 3.15234375, 4.6015625, 5.1484375, 0.253173828125, 2.61328125, 1.1005859375, 2.40625, 5.17578125, 7.23828125, 1.619140625, 5.90625, 0.0105133056640625, 0.0034809112548828125, 0.0034618377685546875, 0.0004177093505859375, 0.071044921875, 1.0439453125, 0.24072265625, 0.135009765625, 1.5126953125, 0.08856201171875, 2.55078125, 1.1953125, 0.75244140625, 3.13671875, 1.4541015625, 4.42578125, 5.29296875, 6.84765625, 0.2471923828125, 0.126953125, 0.010833740234375, 0.05206298828125, 0.44775390625, 2.126953125, 0.08294677734375, 0.44921875, 0.0209197998046875, 2.169921875, 0.00013506412506103516, 5.0390625, 1.5634765625, 0.12744140625, 0.0340576171875, 3.5762786865234375e-07, 0.1341552734375, 0.0096282958984375, 0.007080078125, 0.0007596015930175781, 7.855892181396484e-05, 0.0074005126953125, 0.0003597736358642578, 0.00016558170318603516, 0.71044921875, 0.319091796875, 9.584426879882812e-05, 0.06964111328125, 0.0001481771469116211, 0.0006480216979980469, 0.00025391578674316406, 0.004398345947265625, 0.0084075927734375, 0.0017290115356445312, 0.051300048828125, 0.0005235671997070312, 0.00010657310485839844, 3.080078125, 0.127197265625, 0.3779296875, 0.3154296875, 1.6689300537109375e-06, 0.003086090087890625, 5.3882598876953125e-05, 0.0008020401000976562, 0.0018148422241210938, 0.0023097991943359375, 0.0001710653305053711, 2.146484375, 6.0546875, 0.1280517578125, 1.720703125, 0.0026721954345703125, 0.16015625, 0.02484130859375, 0.0148468017578125, 0.0030841827392578125, 0.0024051666259765625, 9.298324584960938e-05, 0.00019562244415283203, 0.0027370452880859375, 6.4849853515625e-05, 0.0018739700317382812, 0.0006589889526367188, 0.00015497207641601562, 7.510185241699219e-06, 0.12841796875, 3.814697265625e-06, 0.0001232624053955078, 1.0609626770019531e-05, 0.002655029296875, 0.00013959407806396484, 0.00167083740234375, 0.0002923011779785156, 0.00014603137969970703, 0.0009565353393554688, 0.002300262451171875, 0.0008730888366699219, 0.004253387451171875, 0.0011920928955078125, 0.00013506412506103516, 0.0004801750183105469, 0.0010051727294921875, 8.738040924072266e-05, 0.0006794929504394531, 0.00023865699768066406, 7.867813110351562e-06, 6.020069122314453e-05, 0.0003597736358642578, 0.333251953125, 0.0013551712036132812, 8.165836334228516e-05, 0.007343292236328125, 5.5670738220214844e-05, 9.882450103759766e-05, 0.00035834312438964844, 0.00016820430755615234, 4.76837158203125e-06, 0.0195770263671875, 0.0016908645629882812, 0.0021495819091796875, 0.0268402099609375, 0.00994110107421875, 0.01849365234375, 0.00832366943359375, 0.00289154052734375, 0.0035533905029296875, 0.0008053779602050781, 5.7220458984375e-05, 0.0002808570861816406, 0.01087188720703125, 0.0001385211944580078, 0.004161834716796875, 0.0006732940673828125, 0.00112152099609375, 0.0006895065307617188, 0.0007081031799316406, 0.0027294158935546875, 0.1685791015625, 0.000331878662109375, 0.007396697998046875, 0.00028824806213378906, 0.007625579833984375, 0.00684356689453125, 0.331298828125, 0.0599365234375, 0.0008955001831054688, 0.0014524459838867188, 0.057403564453125, 0.03021240234375, 0.0192108154296875, 0.0021152496337890625, 0.0024871826171875, 0.175537109375, 4.3511390686035156e-05, 0.0005359649658203125, 0.00165557861328125, 0.0028629302978515625, 5.328655242919922e-05, 1.4248046875, 0.0012216567993164062, 0.0004780292510986328, 0.31396484375, 0.00356292724609375, 0.0015554428100585938, 5.4836273193359375e-06, 0.0011138916015625, 0.0008015632629394531, 0.052459716796875, 0.7001953125, 0.006954193115234375, 0.032073974609375, 0.001232147216796875, 0.00140380859375, 0.0020084381103515625, 1.5732421875, 0.001873016357421875, 0.184814453125, 0.69970703125, 0.28662109375, 0.1334228515625, 4.64453125, 0.0281219482421875, 5.38671875, 6.35546875, 0.78271484375, 0.7255859375, 10.125, 0.05950927734375, 9.421875, 5.78125, 0.68212890625, 2.572265625, 0.289306640625, 0.1552734375, 1.3447265625, 0.5361328125, 1.33203125, 0.02490234375, 0.1563720703125, 0.2958984375, 1.4921875, 6.609375, 6.31640625, 0.382568359375, 9.4296875, 0.57275390625, 0.0943603515625, 8.2890625, 0.4248046875, 5.296875, 3.765625, 0.90234375, 0.0105133056640625, 2.326171875, 0.0171661376953125, 0.0131988525390625, 0.01192474365234375, 0.0013427734375, 0.0012912750244140625, 0.0008158683776855469, 8.821487426757812e-06, 7.867813110351562e-06, 0.00013208389282226562, 0.0002872943878173828, 0.0012273788452148438, 1.1801719665527344e-05, 0.00023186206817626953, 9.179115295410156e-06, 0.19580078125, 0.14111328125, 0.234130859375, 0.36474609375, 0.705078125, 10.890625, 3.861328125, 6.046875, 1.8369140625, 9.3125, 1.99609375, 2.52734375, 4.6796875, 0.380615234375, 0.03314208984375, 0.006336212158203125, 0.037506103515625, 1.32421875, 0.8154296875, 0.2105712890625, 0.7001953125, 5.19140625, 0.449951171875, 1.2421875, 4.3359375, 1.49609375, 0.0132293701171875, 0.010406494140625, 0.01187896728515625, 0.1343994140625, 0.034332275390625, 0.020233154296875, 0.2066650390625, 0.06707763671875, 0.0938720703125, 7.921875, 1.2822265625, 0.0056304931640625, 0.002899169921875, 0.01007843017578125, 0.1318359375, 0.01354217529296875, 0.01025390625, 0.1953125, 0.056121826171875, 0.0308685302734375, 7.44921875, 0.44970703125, 0.0034580230712890625, 0.0023517608642578125, 0.01013946533203125, 2.1328125, 0.57177734375, 0.1944580078125, 0.31982421875, 6.89453125, 0.0711669921875, 0.0082855224609375, 1.333984375, 1.701171875, 1.486328125, 0.0271759033203125, 0.1458740234375, 0.11785888671875, 0.61767578125, 2.626953125, 0.172119140625, 0.07086181640625, 2.728515625, 3.3203125, 0.052093505859375, 4.17578125, 6.41015625, 0.78173828125, 0.72314453125, 5.9140625, 0.33935546875, 0.83154296875, 0.57666015625, 7.6796875, 0.490234375, 5.58984375, 0.1998291015625, 3.771484375, 5.40234375, 6.0625, 2.048828125, 1.64453125, 3.322265625, 0.76513671875, 0.16552734375, 0.3212890625, 3.427734375, 0.06756591796875, 5.80859375, 3.35546875, 9.1328125, 1.748046875, 2.8828125, 4.9609375, 7.234375, 3.99609375, 5.49609375, 1.462890625, 3.37109375, 1.3359375, 1.7412109375, 0.00409698486328125, 4.953125, 5.00390625, 0.257080078125, 1.8115234375, 2.59375, 3.763671875, 2.583984375, 6.25390625, 3.875, 2.859375, 0.455810546875, 1.2236328125, 1.044921875, 0.0027523040771484375, 6.70703125, 7.140625, 8.890625, 5.32421875, 4.27734375, 0.38525390625]",-2.8556776179207697
196,1,test,2.029171912810382,0.8840068403255754,1.0318674277028181,4.856332780096757,2.115656820105029,2.4695254168618015,7.6077838412827745,4.464823711024046,4.89681931559438,18.20739278868799,10.685476971327212,11.719354092377563,0.6657937148108555,0.14162560079402864,0.23633201869875925,1.6238871092947695,0.34542829461958213,0.5764195578018518,1.9460345049234473,0.256981340799874,0.4096042703903775,4.746425621764506,0.6267837580484734,0.9990348058301892,1.6313314669108312,0.662209394020704,0.9428842767046026,3.5722586866660535,1.4500935635489864,2.064710094973582,5.110674884935145,2.4750453322278614,3.1200528103000815,11.191258872120756,5.419807296849331,6.832232431314048,0.17085427135678388,0.0008542713567838423,0.0008542713567838423,0.11557788944723613,0.010577889447236144,-0.009422110552763874,0.0653266331658291,-0.004673366834170856,-0.00967336683417086,0.3294117647058824,0.08969378585746879,0.11631303547812089,0.375,0.20603015075376885,0.025579022934219986,0.04743248798248334,0.16161616161616166,0.2876254180602007,0.09063042640744612,0.11632397200903277,0.31543624161073824,12.0,3.0,3.0,16.0,5.0,5.0,18.0,6.0,6.0,0.00012103562124913973,-0.0020738736589389233,-0.00020678301712819013,-0.15416726224441657,-0.12999997649243955,-0.14100100055619524,"[3.484375, 1.8896484375, 0.74853515625, 6.83203125, 0.54296875, 0.07427978515625, 0.1922607421875, 0.25244140625, 0.1494140625, 4.4453125, 0.007419586181640625, 0.00696563720703125, 0.326171875, 0.52490234375, 0.0073089599609375, 1.4345703125, 0.00925445556640625, 2.341796875, 0.0006437301635742188, 0.049224853515625, 0.00522613525390625, 0.70361328125, 0.09942626953125, 0.0010347366333007812, 0.476806640625, 0.006610870361328125, 0.047882080078125, 0.0011262893676757812, 8.153915405273438e-05, 0.0183563232421875, 0.004650115966796875, 0.705078125, 0.2744140625, 0.0014858245849609375, 4.44921875, 0.7802734375, 0.0021610260009765625, 1.3203125, 2.279296875, 4.265625, 1.5537109375, 0.049957275390625, 0.70263671875, 0.348876953125, 0.00984954833984375, 0.4384765625, 2.185546875, 0.05633544921875, 0.148681640625, 3.05859375, 0.0299224853515625, 7.62939453125e-06, 0.01275634765625, 0.003376007080078125, 0.037841796875, 0.060638427734375, 0.5693359375, 0.062103271484375, 0.1107177734375, 0.0241241455078125, 0.08514404296875, 3.076171875, 1.4287109375, 0.81982421875, 0.217041015625, 0.00860595703125, 10.0, 0.00040435791015625, 2.771484375, 0.02740478515625, 0.048095703125, 0.346923828125, 2.39453125, 0.00577545166015625, 0.322265625, 0.027252197265625, 0.5673828125, 0.06610107421875, 9.3125, 12.3984375, 4.55078125, 0.031494140625, 0.40625, 0.0016193389892578125, 0.0006151199340820312, 0.0031681060791015625, 0.0753173828125, 0.0004787445068359375, 2.408203125, 0.004505157470703125, 0.312255859375, 0.0277557373046875, 0.0028209686279296875, 0.0273895263671875, 0.73388671875, 0.00696563720703125, 0.2266845703125, 0.0006198883056640625, 0.111328125, 0.000942230224609375, 0.0013647079467773438, 0.00836944580078125, 0.3515625, 0.0182647705078125, 0.564453125, 0.0011043548583984375, 0.2371826171875, 0.0023632049560546875, 0.0006704330444335938, 0.212646484375, 0.057861328125, 0.0418701171875, 3.818359375, 4.1015625, 0.052398681640625, 0.01140594482421875, 0.10504150390625, 0.00615692138671875, 2.8848648071289062e-05, 0.03118896484375, 1.75, 0.0250396728515625, 0.0234222412109375, 0.022705078125, 2.041015625, 3.34375, 0.10101318359375, 0.01296234130859375, 0.272705078125, 0.0033512115478515625, 0.0007214546203613281, 0.004467010498046875, 0.001220703125, 0.00261688232421875, 0.01837158203125, 0.01361846923828125, 0.1129150390625, 0.006000518798828125, 0.1517333984375, 0.002044677734375, 0.0005497932434082031, 0.1199951171875, 0.0557861328125, 0.0005035400390625, 0.0297393798828125, 0.0009250640869140625, 1.3798828125, 0.06396484375, 2.140625, 0.92333984375, 0.06219482421875, 0.33740234375, 0.003566741943359375, 1.26171875, 0.18359375, 0.213623046875, 0.410888671875, 0.07525634765625, 0.16015625, 0.00984954833984375, 0.321044921875, 0.021728515625, 4.76837158203125e-07, 3.4809112548828125e-05, 0.00975799560546875, 0.024871826171875, 0.11920166015625, 1.8477439880371094e-05, 1.06640625, 0.1552734375, 0.063720703125, 2.736328125, 0.06866455078125, 0.000949859619140625, 0.3515625, 0.140625, 0.05096435546875, 0.032470703125, 3.218650817871094e-05, 0.36328125, 0.387451171875, 1.5497207641601562e-06, 2.1457672119140625e-06, 0.308349609375, 0.0986328125, 0.01558685302734375, 0.007091522216796875, 0.0008726119995117188, 0.0029430389404296875, 0.1390380859375, 0.79443359375, 0.026702880859375, 0.00959014892578125, 0.1563720703125, 2.173828125, 0.0048980712890625, 0.0113677978515625, 0.02667236328125, 5.793571472167969e-05, 0.004878997802734375, 0.07080078125, 0.0011043548583984375, 0.044891357421875, 0.0026760101318359375, 0.00019931793212890625, 0.00341796875, 0.9150390625, 0.44384765625, 16.96875, 8.015625, 0.0004360675811767578, 12.828125, 3.603515625, 11.25, 5.10546875, 9.3203125, 0.313720703125, 4.6484375, 5.234375, 0.0015249252319335938, 0.0006146430969238281, 12.1015625, 7.21484375, 1.8427734375, 0.8388671875, 9.1484375, 11.109375, 2.435546875, 4.73828125, 3.4296875, 4.0625, 3.03125, 0.0926513671875, 0.0011472702026367188, 0.00763702392578125, 4.40234375, 3.9609375, 7.625, 3.16015625, 0.466552734375, 0.27392578125, 1.806640625, 0.6396484375, 8.7421875, 3.201171875, 5.57421875, 4.77734375, 6.0390625, 6.1328125, 3.345703125, 1.923828125, 0.131103515625, 2.341796875, 0.288818359375, 2.8984375, 0.82958984375, 7.734375, 11.6640625, 3.109375, 0.09912109375, 5.48828125, 1.62109375, 5.95703125, 2.869140625, 0.74609375, 1.818359375, 1.3759765625, 4.9921875, 1.017578125, 0.0011463165283203125, 0.1820068359375, 5.15234375, 8.453125, 3.47265625, 0.356689453125, 2.09375, 1.7685546875, 3.466796875, 7.81640625, 2.5390625, 1.32421875, 0.0165252685546875, 1.2919921875, 11.2890625, 3.349609375, 7.38671875, 8.4453125, 3.7578125, 5.875, 1.1455078125, 0.84521484375, 7.95703125, 1.1533203125, 3.921875, 3.94921875, 0.236572265625, 0.019439697265625, 0.31884765625, 3.96875, 1.4990234375, 0.02301025390625, 1.283203125, 5.8125, 2.572265625, 1.9208984375, 5.3515625, 0.73779296875, 3.880859375, 0.42431640625, 0.2066650390625, 4.484375, 2.5390625, 1.1767578125, 4.39453125, 2.595703125, 0.45361328125, 0.479248046875, 2.322265625, 0.953125, 5.3125, 0.07867431640625, 0.0102691650390625, 5.171875, 0.0020389556884765625, 2.31640625, 0.126953125, 1.849609375, 1.58203125, 0.08367919921875, 0.0933837890625, 1.646484375, 14.28125, 4.4453125, 10.796875, 0.0721435546875, 7.34765625, 1.3134765625, 12.4375, 0.80517578125, 4.65625, 0.025604248046875, 3.1796875, 2.39453125, 2.58203125, 6.30859375, 2.236328125, 0.93115234375, 2.94140625, 0.02618408203125, 0.0007534027099609375, 7.69921875, 5.9453125, 1.6376953125, 5.66796875, 0.70654296875, 6.57421875, 3.6796875, 7.51171875, 1.4853515625, 6.26171875, 0.33154296875, 6.0703125, 8.2890625, 7.6171875, 6.16796875, 3.71875, 8.953125, 0.685546875, 1.798828125, 3.75390625, 1.19140625, 0.1431884765625, 3.71875, 5.58203125, 5.97265625, 6.0, 4.2109375, 2.306640625, 0.962890625, 2.0078125, 3.478515625, 1.498046875, 0.74853515625, 7.2890625, 3.138671875, 7.3984375, 0.131103515625, 0.0097503662109375, 4.1328125, 8.796875, 3.57421875, 3.615234375, 0.0020771026611328125, 3.650390625, 0.0887451171875, 1.4560546875, 7.6953125, 0.0191192626953125, 0.25341796875, 0.315673828125, 6.15234375, 7.8984375, 8.1484375, 2.10546875, 2.259765625, 7.9765625, 0.705078125, 2.884765625, 1.2001953125, 1.6630859375, 0.6796875, 0.53955078125, 0.64306640625, 0.85986328125, 0.11724853515625, 0.68896484375, 0.53564453125, 0.1422119140625, 0.11077880859375, 0.494384765625, 0.1915283203125, 0.100830078125, 0.0369873046875, 0.48681640625, 0.484130859375]",-2.079049618103925
180,1,test,3.3082226488325333,1.5233874593341707,2.0318285887852756,7.326799854162849,3.3738826553351875,4.499939389886407,27.336495716052863,21.377897888896882,23.752801902247644,60.542791125736706,47.34614195025628,52.60589869148098,3.6076013191261485,1.6256705241122438,2.2681431760696187,6.114578506993472,2.755373769681769,3.8443104679146076,36.877489311208684,29.620748564949864,33.06051462053173,62.50421917154014,50.20465858466079,56.03477054327411,3.502253605769231,1.6387898519100288,2.216932588420293,7.051517327052143,3.2995768830403267,4.463622661248912,33.19016528785114,26.744139694176777,29.57433677323921,66.82583615003585,53.84726112921499,59.54564450987761,0.728643216080402,0.01864321608040198,0.008643216080401972,0.5477386934673367,-0.002261306532663321,-0.002261306532663321,0.44221105527638194,-0.017788944723618028,-0.017788944723618028,0.4111111111111111,0.11609726069559867,0.17357445421961548,0.35376044568245124,0.3919597989949749,0.10695979899497488,0.15402302694838588,0.3434343434343434,0.4013377926421404,0.09800445930880708,0.16604367499508155,0.3557046979865772,23.0,-1.0,-1.0,34.0,-1.0,1.0,41.0,-1.0,-2.0,0.0012736645632693319,0.000636256000969965,0.0005225237561281875,-0.0027482878803057886,-0.004643665579505019,-0.0034852696437415176,"[7.31640625, 13.5625, 2.080078125, 2.9375, 1.484375, 1.541015625, 1.6220703125, 0.200927734375, 8.9921875, 1.064453125, 9.875, 2.326171875, 4.27734375, 1.4853515625, 3.849609375, 2.73828125, 5.4609375, 0.1837158203125, 3.966796875, 9.5703125, 8.109375, 1.47265625, 2.849609375, 3.44921875, 1.1923828125, 7.96875, 12.828125, 5.87109375, 7.99609375, 7.53515625, 14.25, 0.02569580078125, 3.208984375, 1.384765625, 0.40869140625, 0.1016845703125, 6.8203125, 1.705078125, 9.1953125, 3.75, 6.27734375, 8.3515625, 3.25390625, 0.089111328125, 1.060546875, 2.24609375, 6.7109375, 10.359375, 6.40234375, 1.380859375, 1.853515625, 14.265625, 2.158203125, 0.040557861328125, 1.439453125, 2.013671875, 1.52734375, 6.07421875, 1.375, 6.5234375, 0.052154541015625, 1.095703125, 8.09375, 4.77734375, 4.81640625, 3.61328125, 9.9140625, 4.31640625, 6.30859375, 0.035308837890625, 0.1541748046875, 3.59765625, 0.007049560546875, 4.48828125, 0.004650115966796875, 6.33203125, 0.080322265625, 0.140625, 0.1671142578125, 0.06719970703125, 4.01171875, 0.0855712890625, 5.4765625, 2.8828125, 0.7529296875, 0.39111328125, 7.2265625, 1.9404296875, 11.5, 1.416015625, 1.9697265625, 5.33203125, 2.640625, 9.2109375, 1.873046875, 4.0625, 1.099609375, 6.265625, 2.482421875, 13.65625, 11.8203125, 1.349609375, 8.5625, 5.20703125, 9.265625, 7.8359375, 0.014892578125, 0.0281982421875, 3.876953125, 10.4375, 4.71875, 4.41796875, 2.541015625, 0.55419921875, 6.41015625, 2.744140625, 6.0625, 0.80126953125, 0.93701171875, 0.529296875, 8.1953125, 10.046875, 0.46484375, 0.9208984375, 1.5087890625, 1.4619140625, 6.82421875, 6.55859375, 5.265625, 3.478515625, 1.2822265625, 0.2198486328125, 5.45703125, 4.55859375, 6.94140625, 3.421875, 5.66015625, 0.56591796875, 0.6484375, 0.187255859375, 2.18359375, 0.9189453125, 6.91796875, 0.27099609375, 8.4609375, 0.7314453125, 6.765625, 5.81640625, 3.513671875, 0.389404296875, 4.30859375, 0.28466796875, 0.1895751953125, 7.2109375, 3.767578125, 0.408447265625, 1.375, 0.20947265625, 4.49609375, 0.024932861328125, 3.30078125, 1.529296875, 0.83447265625, 0.091796875, 0.43505859375, 6.5859375, 2.388671875, 1.28125, 0.234130859375, 2.095703125, 0.0259857177734375, 1.7529296875, 0.08807373046875, 0.0853271484375, 11.5390625, 10.53125, 3.119140625, 1.19140625, 4.4921875, 0.260009765625, 0.640625, 2.30078125, 4.96875, 0.364013671875, 1.326171875, 3.6171875, 9.453125, 0.84130859375, 1.232421875, 7.84765625, 1.1982421875, 0.08270263671875, 0.024871826171875, 3.359375, 0.08770751953125, 0.12420654296875, 1.0009765625, 2.193359375, 0.053558349609375, 9.5078125, 10.8203125, 7.31640625, 2.728515625, 7.328125, 2.54296875, 0.047027587890625, 4.546875, 3.7109375, 0.17822265625, 1.939453125, 7.390625, 7.16015625, 4.2421875, 2.107421875, 1.8505859375, 0.55126953125, 5.6953125, 0.01318359375, 1.7841796875, 1.8671875, 0.00862884521484375, 2.41796875, 2.0703125, 0.5654296875, 0.5, 0.55859375, 2.755859375, 0.36376953125, 0.141845703125, 0.0689697265625, 0.537109375, 5.2265625, 10.3359375, 2.388671875, 7.0625, 0.79345703125, 2.45703125, 5.71484375, 1.9345703125, 4.33203125, 8.6796875, 0.966796875, 0.022735595703125, 6.2734375, 3.18359375, 2.88671875, 0.033721923828125, 0.90380859375, 1.8984375, 2.228515625, 4.34375, 0.68603515625, 0.1484375, 0.004627227783203125, 0.5751953125, 0.55029296875, 10.8125, 3.654296875, 0.4580078125, 4.73828125, 5.4140625, 1.439453125, 0.0284576416015625, 5.3046875, 3.34765625, 0.17431640625, 0.111572265625, 2.0546875, 0.115234375, 11.8984375, 3.234375, 0.619140625, 2.546875, 6.28515625, 1.171875, 4.171875, 0.288818359375, 5.25, 3.7421875, 7.8984375, 5.38671875, 4.6875, 2.177734375, 5.92578125, 3.91015625, 3.89453125, 0.7197265625, 3.376953125, 0.00424957275390625, 0.042266845703125, 4.2109375, 3.87109375, 5.671875, 9.453125, 3.337890625, 5.0, 3.42578125, 4.1875, 1.533203125, 10.71875, 0.83349609375, 8.640625, 0.90625, 6.7421875, 4.15625, 7.3046875, 2.357421875, 0.0105133056640625, 8.0078125, 1.5927734375, 3.625, 6.9921875, 2.4765625, 8.8203125, 5.4609375, 0.04803466796875, 5.4296875, 0.9921875, 0.5068359375, 0.1339111328125, 6.64453125, 6.99609375, 1.046875, 2.37890625, 0.1390380859375, 0.2222900390625, 0.00919342041015625, 0.794921875, 5.23828125, 0.3232421875, 0.21337890625, 0.11370849609375, 1.8291015625, 1.09765625, 2.580078125, 0.32373046875, 2.28125, 3.39453125, 0.1273193359375, 0.054962158203125, 10.9375, 0.46923828125, 0.2880859375, 0.060150146484375, 0.477294921875, 0.0330810546875, 0.0177154541015625, 1.09375, 6.51953125, 0.11737060546875, 1.119140625, 0.7685546875, 0.7685546875, 0.14892578125, 0.002513885498046875, 0.003448486328125, 0.78515625, 0.20263671875, 0.046630859375, 0.0025539398193359375]",-0.7450767781999375
15,1,test,1.2154580862112017,0.5073148686163387,0.7200841461395662,2.416864633853488,1.008764825456766,1.4318436200694267,3.371838303230439,1.341620219698318,1.7307265014336661,6.704695816828155,2.6677303790533022,3.441444604006827,0.5383273650653398,0.1195120677736487,0.2243269672939917,0.9969025278987774,0.22131864402527535,0.41542030980368827,1.7131390082639972,0.19297945699176955,0.34424872721139743,3.172479644933328,0.3573693647995735,0.6374976429840693,1.1436719711010273,0.45506696964666593,0.6576887391290234,2.157871643586844,0.8586169238616339,1.2409221493000442,3.1382708737779144,1.147334631799774,1.5124981387978662,5.92126579958097,2.164782324150517,2.853770073203521,0.12060301507537685,-0.009396984924623153,-0.019396984924623162,0.09045226130653261,0.00045226130653264196,0.005452261306532646,0.05025125628140703,-0.004748743718593018,-0.004748743718593018,0.2536443148688047,0.067326993180304,0.10799426599294937,0.24561403508771928,0.17085427135678388,0.05055351947708464,0.05065393746696756,0.09595959595959591,0.23745819397993306,0.058827142227011575,0.09841481244489414,0.2348993288590604,14.0,3.0,3.0,15.0,3.0,2.0,18.0,4.0,4.0,-0.0002708040855359096,-0.0004188981194132225,-0.0006392336353171332,-0.050086244791552215,-0.05931315568765383,-0.04807147923916677,"[1.369140625, 2.291015625, 2.27734375, 0.214111328125, 0.327880859375, 0.009033203125, 2.61328125, 7.8359375, 4.296875, 1.5439453125, 2.095703125, 1.0224609375, 4.03515625, 0.07568359375, 2.337890625, 5.3515625, 1.16796875, 0.0021228790283203125, 4.6015625, 0.0208282470703125, 0.0010128021240234375, 0.031982421875, 0.451171875, 1.8388671875, 0.0433349609375, 0.1461181640625, 0.34033203125, 0.058380126953125, 0.58544921875, 1.650390625, 0.046630859375, 0.4482421875, 0.005596160888671875, 1.4287109375, 0.0004124641418457031, 8.344650268554688e-07, 7.96875, 12.390625, 2.58203125, 7.7578125, 0.82275390625, 2.1457672119140625e-06, 6.18359375, 0.0006418228149414062, -0.0, 1.430511474609375e-05, 0.09326171875, 0.0170135498046875, 0.0008606910705566406, 1.439453125, 5.83203125, 0.1553955078125, 0.036590576171875, 0.06585693359375, 0.0017719268798828125, 0.2841796875, 0.9375, 0.28662109375, 0.1561279296875, 0.1033935546875, 1.333984375, 0.07867431640625, 0.319580078125, 1.3466796875, 0.0225372314453125, 0.038299560546875, 0.00583648681640625, 0.00039315223693847656, 1.109375, 0.07489013671875, 0.0015621185302734375, 0.734375, 0.06048583984375, 0.0006909370422363281, 0.050628662109375, 0.00757598876953125, 0.0016689300537109375, 0.00428009033203125, 0.0013828277587890625, 0.003978729248046875, 0.0003993511199951172, 9.417533874511719e-05, 0.130859375, 0.053314208984375, 4.6253204345703125e-05, 0.07440185546875, 1.704692840576172e-05, 0.00024211406707763672, 0.00013828277587890625, 0.0014467239379882812, 0.003063201904296875, 0.0328369140625, 0.250732421875, 0.0007762908935546875, 0.00019621849060058594, 0.05902099609375, 0.0007305145263671875, 0.007232666015625, 0.0499267578125, 1.6689300537109375e-06, 0.0004277229309082031, 0.0022983551025390625, 0.0009179115295410156, 0.00018262863159179688, 0.032806396484375, 0.02325439453125, 0.00010752677917480469, 0.018218994140625, 0.0204010009765625, 0.0027618408203125, 0.0253753662109375, 0.0184326171875, 0.006977081298828125, 0.00782012939453125, 5.173683166503906e-05, 0.004558563232421875, 0.0011911392211914062, 0.0005402565002441406, 5.7578086853027344e-05, 0.001277923583984375, 0.0006256103515625, 0.00312042236328125, 0.0005407333374023438, 0.0004131793975830078, 0.00739288330078125, 0.00685882568359375, 0.0014019012451171875, 0.0027008056640625, 0.3857421875, 0.3876953125, 0.003337860107421875, 0.0004935264587402344, 0.001384735107421875, 0.0008263587951660156, 9.965896606445312e-05, 0.001911163330078125, 2.6226043701171875e-05, 0.0016574859619140625, 8.034706115722656e-05, 0.00019991397857666016, 3.3736228942871094e-05, 0.1278076171875, 7.3909759521484375e-06, 7.748603820800781e-06, 3.838539123535156e-05, 0.003070831298828125, 0.00012958049774169922, 0.002727508544921875, 0.0023555755615234375, 0.00019443035125732422, 0.0007662773132324219, 0.0003719329833984375, 0.00024306774139404297, 0.00304412841796875, 0.0013742446899414062, 0.00036072731018066406, 0.0004119873046875, 0.0028591156005859375, 0.00033545494079589844, 0.0008454322814941406, 0.0012378692626953125, 2.0503997802734375e-05, 0.0001188516616821289, 0.00014889240264892578, 0.1494140625, 0.00223541259765625, 0.00042557716369628906, 0.0027561187744140625, 4.649162292480469e-06, 0.00010085105895996094, 5.650520324707031e-05, 7.30752944946289e-05, 1.3113021850585938e-05, 0.00997161865234375, 0.0004911422729492188, 0.0020580291748046875, 0.001918792724609375, 0.006038665771484375, 0.007190704345703125, 0.00803375244140625, 0.0010480880737304688, 0.005672454833984375, 0.0007758140563964844, 0.0001308917999267578, 0.0009522438049316406, 0.00865936279296875, 9.906291961669922e-05, 0.0004181861877441406, 0.0004057884216308594, 0.00010216236114501953, 0.0005440711975097656, 0.00022876262664794922, 0.0025730133056640625, 0.0748291015625, 0.00020241737365722656, 0.00533294677734375, 0.00011348724365234375, 0.31884765625, 0.0031833648681640625, 0.0330810546875, 0.322998046875, 0.0034999847412109375, 0.00029397010803222656, 0.0007009506225585938, 0.0011205673217773438, 0.1070556640625, 0.00695037841796875, 9.703636169433594e-05, 0.003757476806640625, 0.0001399517059326172, 0.0007662773132324219, 8.344650268554688e-07, 1.1920928955078125e-07, 2.6345252990722656e-05, 5.424022674560547e-05, 0.0426025390625, 0.017913818359375, 0.1358642578125, 0.010101318359375, 3.078125, 1.216796875, 0.0019216537475585938, 0.0178985595703125, 0.005130767822265625, 0.0003876686096191406, 0.085693359375, 11.625, 0.42431640625, 2.318359375, 0.1387939453125, 8.2890625, 10.2265625, 1.0693359375, 6.21484375, 0.53955078125, 0.016510009765625, 0.0655517578125, 5.06640625, 3.466796875, 0.1295166015625, 6.56640625, 1.427734375, 6.0, 8.5, 0.9921875, 6.5, 0.9091796875, 0.7255859375, 0.1732177734375, 0.97021484375, 0.55224609375, 0.293701171875, 6.9296875, 6.66796875, 6.0703125, 9.6328125, 3.435546875, 1.36328125, 1.3955078125, 0.4912109375, 5.58984375, 0.006893157958984375, 0.0030155181884765625, 11.015625, 0.2445068359375, 0.105712890625, 6.32421875, 8.921875, 1.689453125, 4.68359375, 2.177734375, 2.1015625, 1.3291015625, 8.140625, 1.1572265625, 2.236328125, 2.234375, 1.7490234375, 4.48046875, 6.03125, 5.0625, 3.1171875, 0.311279296875, 0.2191162109375, 4.140625, 7.71484375, 1.3017578125, 2.201171875, 0.323974609375, 0.0003681182861328125, 0.8515625, 5.12109375, 0.0028553009033203125, 0.0267333984375, 1.056640625, 0.0029621124267578125, 0.7333984375, 2.71875, 3.08203125, 0.34619140625, 0.0004019737243652344, 1.4052734375, 2.7421875, 10.40625, 7.93359375, 3.556640625, 4.0546875, 4.078125, 0.6142578125, 2.10546875, 3.2578125, 1.4423828125, 3.419921875, 6.42578125, 1.0732421875, 0.395751953125, 0.0771484375, 0.022491455078125, 0.0132904052734375, 0.7900390625, 4.12890625, 8.484375, 0.0694580078125, 0.045806884765625, 0.7421875, 2.41796875, 0.0006079673767089844, 0.0016803741455078125, 0.3701171875, 2.80078125, 2.361328125, 0.161865234375, 0.2266845703125, 0.6220703125, 0.83447265625, 0.1253662109375, 0.0016317367553710938, 0.14453125, 0.0005316734313964844, 0.00010025501251220703, 0.00023257732391357422, 1.3291015625, 0.09735107421875]",-2.319420167725566
182,1,test,2.5806623930680126,1.1083537666323546,1.1943088318120738,6.2355091324892085,2.6780527559238623,2.885741136764199,13.205882748350652,8.846595248960991,9.205645940797009,31.908630397030002,21.37552963708341,22.24308359299176,2.56389553223423,0.9903923421195466,1.3922421218050796,5.286382540689134,2.0420460662258693,2.870602313000164,12.986307488069444,8.162791162972574,9.758983166794458,26.775891727978237,16.83049724324242,20.12161477689579,2.6487081680808178,1.0770349238926715,1.5329330687603584,5.675803217316038,2.3079319797700104,3.284856575915054,14.135765811724436,9.321068189342773,11.083832998023455,30.290926739409507,19.973717548591658,23.75107071005026,0.4723618090452262,-0.01263819095477381,-0.022638190954773818,0.3919597989949749,-0.008040201005025116,-0.01304020100502512,0.3316582914572864,-0.0033417085427135396,-0.008341708542713544,0.34736842105263155,0.0792296197908019,0.09321397334979675,0.310126582278481,0.3467336683417085,0.07856324227654554,0.10633300056207573,0.2828282828282829,0.3411371237458194,0.07235582157553555,0.1164430191851965,0.2919463087248322,20.0,-1.0,-1.0,27.0,-2.0,0.0,35.0,-1.0,0.0,0.0007731426975299975,0.00024558217534098776,-9.904821657903943e-05,-0.01503641095679864,-0.016530672514034173,-0.014408323012620627,"[10.203125, 6.70703125, 3.61328125, 10.1640625, 1.3251953125, 9.8828125, 7.43359375, 2.154296875, 7.48046875, 3.279296875, 3.3828125, 7.5625, 4.15234375, 2.9453125, 3.07421875, 7.15234375, 1.40234375, 3.537109375, 12.46875, 0.830078125, 7.31640625, 6.21875, 0.31689453125, 0.0133056640625, 0.95751953125, 9.4609375, 5.25390625, 1.2890625, 1.2763671875, 0.2489013671875, 3.32421875, 0.31298828125, 3.98046875, 2.080078125, 6.3828125, 0.310546875, 4.59765625, 2.0703125, 8.046875, 7.1015625, 1.1455078125, 0.2266845703125, 1.951171875, 4.9609375, 2.06640625, 1.84765625, 0.283447265625, 4.43359375, 0.07916259765625, 0.05462646484375, 0.01922607421875, 1.4033203125, 0.44580078125, 0.058929443359375, 4.09765625, 5.078125, 6.09765625, 3.802734375, 0.8916015625, 2.076171875, 6.60546875, 0.84765625, 4.0546875, 3.326171875, 0.398193359375, 5.171875, 1.5205078125, 2.716796875, 0.054779052734375, 3.458984375, 0.77734375, 0.080810546875, 0.6181640625, 0.9775390625, 0.318603515625, 0.705078125, 2.876953125, 4.16015625, 0.0036640167236328125, 0.024810791015625, 0.187744140625, 0.0089111328125, 0.12890625, 1.0595703125, 5.44921875, 0.00499725341796875, 0.012542724609375, 2.14453125, 0.22314453125, 0.0697021484375, 0.70068359375, 8.421875, 8.21875, 7.4140625, 0.94140625, 0.0611572265625, 0.0111236572265625, 0.033233642578125, 0.145751953125, 0.0179595947265625, 0.1295166015625, 5.9453125, 0.10528564453125, 0.283203125, 0.81494140625, 0.03338623046875, 0.0081329345703125, 0.010986328125, 0.328369140625, 0.00971221923828125, 0.05108642578125, 1.9833984375, 5.0546875, 4.03125, 0.1083984375, 0.1475830078125, 0.01007080078125, 0.001712799072265625, 0.0113677978515625, 1.32421875, 1.3818359375, 0.189208984375, 0.70166015625, 11.0078125, 5.87109375, 9.3125, 0.37548828125, 0.027435302734375, 0.0008459091186523438, 0.0174560546875, 0.348876953125, 0.01131439208984375, 0.052978515625, 7.86328125, 3.001953125, 0.3662109375, 0.005222320556640625, 0.0013265609741210938, 0.0283660888671875, 0.325927734375, 0.01043701171875, 0.021331787109375, 4.578125, 10.8203125, 0.1331787109375, 0.01537322998046875, 0.0030231475830078125, 0.025115966796875, 0.1390380859375, 0.005512237548828125, 0.022003173828125, 9.7890625, 1.2724609375, 0.0124664306640625, 0.0019025802612304688, 0.01029205322265625, 3.052734375, 3.134765625, 0.04827880859375, 1.8154296875, 2.27734375, 0.0391845703125, 0.215087890625, 0.035064697265625, 0.17236328125, 13.9140625, 0.338623046875, 0.1961669921875, 0.75146484375, 6.51171875, 6.72265625, 2.26953125, 3.365234375, 8.8125, 8.7578125, 7.96484375, 0.2197265625, 0.2861328125, 2.490234375, 3.76171875, 14.8671875, 3.310546875, 0.939453125, 11.375, 0.50927734375, 0.133544921875, 0.06707763671875, 0.12030029296875, 2.435546875, 4.1171875, 0.62451171875, 10.6953125, 1.685546875, 0.72314453125, 0.042236328125, 1.18359375, 1.671875, 0.513671875, 1.9013671875, 0.07415771484375, 0.06463623046875, 5.4375, 6.5078125, 0.205078125, 0.0484619140625, 3.041015625, 4.76953125, 7.6796875, 0.361083984375, 1.041015625, 1.083984375, 0.80224609375, 5.01953125, 0.6025390625, 3.033203125, 5.72265625, 2.07421875, 0.5126953125, 1.9443359375, 0.13916015625, 0.038055419921875, 2.392578125, 2.09375, 2.453125, 1.4931640625, 1.2138671875, 0.295166015625, 2.431640625, 0.491943359375, 0.57470703125, 0.455078125, 0.062347412109375, 0.01100921630859375, 0.1412353515625, 0.001956939697265625, 0.0008611679077148438, 0.021026611328125, 0.05419921875, 1.8896484375, 0.177490234375, 0.0046539306640625, 0.0129852294921875, 8.5234375, 1.068359375, 8.1015625, 0.56591796875, 8.328125, 1.3759765625, 5.11328125, 6.07421875, 8.203125, 0.51611328125, 1.27734375, 4.10546875, 6.8828125, 0.74609375, 7.49609375, 6.7265625, 8.21875, 9.203125, 8.9140625, 1.6416015625, 5.65234375, 2.13671875, 6.22265625, 0.171142578125, 0.14404296875, 0.0450439453125, 0.8056640625, 0.9521484375, 0.010955810546875, 0.007640838623046875, 3.5234375, 10.34375, 0.97998046875, 1.216796875, 7.1640625, 0.67822265625, 10.625, 1.677734375, 0.0589599609375, 0.0118255615234375, 2.1875, 9.53125, 7.5546875, 0.2259521484375, 1.6259765625, 0.047119140625, 1.36328125, 0.002063751220703125, 2.232421875, 8.171875, 0.154052734375, 2.09765625, 7.19140625, 1.099609375, 3.380859375, 1.033203125, 0.5224609375, 4.0390625, 3.009765625, 3.2734375, 4.765625, 4.94921875, 2.634765625, 7.890625, 2.486328125, 0.002300262451171875, 0.15380859375, 0.91259765625, 0.0880126953125, 7.73828125, 0.36328125, 0.734375, 3.041015625, 1.0029296875, 0.56689453125, 0.35400390625, 0.004940032958984375, 1.89453125, 5.91015625, 0.48486328125, 1.25390625, 1.716796875, 9.1796875, 7.54296875, 3.552734375, 1.8056640625, 1.359375, 0.049285888671875, 12.9453125, 0.370361328125, 5.62109375, 4.328125, 0.9619140625, 11.796875, 0.9326171875, 0.0032901763916015625, 0.79296875, 5.8203125, 4.125, 4.1328125, 2.9375, 5.30859375, 0.06890869140625, 3.9453125, 4.671875, 0.775390625, 2.419921875, 4.9765625, 8.6015625, 1.412109375, 0.4736328125, 0.96728515625, 1.375, 4.1796875, 0.0011358261108398438, 6.83203125, 0.1055908203125, 2.875, 1.1513671875, 5.1875, 0.326416015625, 5.32421875, 4.02734375, 1.5224609375, 2.3515625, 1.2197265625, 0.370361328125, 0.014984130859375, 6.8203125, 6.5078125, 1.607421875, 7.6796875, 4.43359375, 3.123046875, 4.97265625, 0.36181640625, 0.71728515625, 0.021728515625, 1.9580078125, 2.658203125, 1.259765625, 1.861328125, 0.0267486572265625, 0.71484375, 0.0161895751953125, 4.24609375, 5.8125, 8.0859375, 10.1796875, 0.515625, 6.94140625, 4.8046875, 0.33203125, 0.04656982421875, 0.71142578125, 0.017913818359375, 3.853515625, 0.05322265625, 1.044921875, 0.16552734375, 2.54296875, 6.52734375, 0.72509765625, 5.23046875, 0.1529541015625, 0.09625244140625, 2.623046875, 5.99609375, 0.286376953125, 0.1942138671875, 0.372314453125, 7.4765625, 1.361328125, 0.97998046875, 0.032501220703125, 2.16796875, 0.028778076171875, 0.705078125, 0.0145416259765625, 5.91015625, 3.556640625, 6.640625, 1.6240234375, 4.01953125, 2.56640625, 2.51171875, 1.7705078125, 0.3974609375, 1.1005859375, 1.69921875, 0.36083984375, 0.81298828125, 1.3330078125, 1.7802734375, 4.2578125, 2.935546875, 1.3466796875, 0.126708984375, 0.365234375, 0.0305633544921875, 1.0703125, 0.322509765625, 2.25, 0.258056640625, 0.381103515625, 0.8671875, 0.4365234375, 0.0986328125, 0.0015592575073242188, 5.65625, 2.037109375, 1.7802734375, 7.28515625, 0.71240234375, 2.837890625, 0.1453857421875, 0.040496826171875, 0.9404296875, 9.2578125, 6.22265625, 0.07958984375, 0.2978515625, 0.00020647048950195312, 1.6240234375, 0.658203125, 0.572265625, 3.509765625, 1.1083984375, 1.5048828125, 1.4033203125, 0.796875, 0.1485595703125, 2.37890625]",-1.6783569817793995
67,1,test,1.7917766823913113,0.8207507664721878,0.9087765019893181,4.147963019735886,1.900038024383115,2.1038176021052717,6.000103279868422,3.359451122601947,3.581959578188187,13.890239092895397,7.777129348823507,8.292236423505653,1.5592247091945093,0.6545573953606273,0.9228724061624223,2.8349540167172895,1.1901043552011406,1.6779498293862223,4.75513320461821,2.2840235223334764,2.8655575111970766,8.645696735669473,4.152770040606321,5.210104565812867,1.8762574602528959,0.8736905083117257,1.1943387154719023,3.8553235484648543,1.795254469133683,2.454120648229936,6.529023948731923,3.8037554580800284,4.551355213083501,13.415802634380663,7.815935872767182,9.352099752911304,0.321608040201005,0.0016080402010050232,0.006608040201005028,0.24120603015075381,-0.018793969849246195,-0.01379396984924619,0.19095477386934678,0.010954773869346734,0.00595477386934673,0.2857142857142857,0.08247104247104242,0.08630079597821527,0.32321041214750545,0.27135678391959794,0.08589312477172828,0.10775077390290344,0.30808080808080807,0.2976588628762542,0.10400276938710562,0.13970558145244993,0.3523489932885906,19.0,10.0,10.0,23.0,8.0,8.0,26.0,9.0,9.0,-0.00016279630962160734,-0.0010151111641888754,0.00011622259338924608,-0.18471002488920352,-0.16718600769434477,-0.17159161721187477,"[1.830078125, 2.154296875, 2.240234375, 0.361083984375, 1.33203125, 1.734375, 0.1832275390625, 0.004634857177734375, 1.6787109375, 0.01416778564453125, 0.92578125, 0.0195159912109375, 0.1141357421875, 0.006427764892578125, 2.091796875, 1.60546875, 0.38671875, 2.21875, 0.0236663818359375, 1.5087890625, 2.765625, 0.10711669921875, 0.00014960765838623047, 0.10894775390625, 0.0016336441040039062, 0.043212890625, 3.4570693969726562e-06, 0.0005645751953125, 3.0994415283203125e-06, 0.005802154541015625, 0.0017099380493164062, 7.152557373046875e-07, 0.003963470458984375, 0.052520751953125, 0.052703857421875, 0.0001609325408935547, 0.038818359375, 0.003719329833984375, 0.05029296875, 0.049591064453125, 0.03009033203125, 0.006893157958984375, 4.2319297790527344e-05, 0.1287841796875, 0.078125, 2.68359375, 6.96875, 0.50146484375, 5.03125, 0.80859375, 0.378662109375, 0.83642578125, 0.1258544921875, 1.072265625, 3.068359375, 2.68359375, 3.845703125, 0.007617950439453125, 0.5654296875, 1.544921875, 0.33251953125, 0.0235443115234375, 1.25390625, 0.68359375, 1.1669921875, 0.02410888671875, 0.0082550048828125, 0.00045609474182128906, 0.040557861328125, 0.0003638267517089844, 0.06610107421875, 1.1920928955078125e-07, 0.00011110305786132812, 3.0994415283203125e-06, 0.00016999244689941406, 0.023651123046875, 0.00021576881408691406, 0.0081939697265625, 0.76611328125, 0.030731201171875, 3.814453125, 0.024383544921875, 0.10076904296875, 0.124755859375, 0.07989501953125, 0.0214996337890625, 0.08074951171875, 0.74658203125, 0.1549072265625, 0.0038890838623046875, 0.007617950439453125, 0.00379180908203125, 3.5, 0.00823211669921875, 0.10906982421875, 0.0016355514526367188, 0.0049591064453125, 0.0042266845703125, 0.01207733154296875, 0.00042939186096191406, 0.0201568603515625, 0.013580322265625, 4.0390625, 0.0095062255859375, 0.8427734375, 7.033348083496094e-05, 0.00036072731018066406, 0.26025390625, 0.1600341796875, 0.003475189208984375, 0.016815185546875, 0.18115234375, 0.0281982421875, 5.67578125, 10.4296875, 9.3046875, 3.646484375, 8.8515625, 10.578125, 5.9765625, 7.01171875, 4.91015625, 2.919921875, 9.875, 7.78125, 1.3349609375, 8.140625, 3.458984375, 8.5625, 0.849609375, 0.0064849853515625, 0.0072479248046875, 0.369384765625, 0.0018434524536132812, 0.01678466796875, 0.72998046875, 0.7216796875, 0.0012617111206054688, 6.03125, 0.024078369140625, 0.88720703125, 0.00109100341796875, 9.3203125, 3.072265625, 7.671875, 6.91796875, 2.880859375, 0.004436492919921875, 0.02410888671875, 0.75, 0.0033855438232421875, 4.09375, 0.307861328125, 4.546875, 0.01102447509765625, 0.06243896484375, 1.7099609375, 2.302734375, 0.8720703125, 0.395751953125, 0.0011005401611328125, 0.028167724609375, 0.64697265625, 0.3232421875, 0.003688812255859375, 0.47021484375, 0.00222015380859375, 0.33740234375, 0.00998687744140625, 0.998046875, 5.8770179748535156e-05, 5.9765625, 0.306640625, 3.306640625, 0.9814453125, 0.01849365234375, 0.0007781982421875, 0.1123046875, 7.80078125, 1.7587890625, 0.2449951171875, 2.580078125, 0.47802734375, 3.150390625, 0.1700439453125, 7.23046875, 1.7607421875, 7.20703125, 7.828125, 8.71875, 6.87109375, 3.33203125, 0.6845703125, 0.0797119140625, 0.00341796875, 0.08099365234375, 0.177978515625, 0.1328125, 0.0014810562133789062, 0.55078125, 0.0300750732421875, 0.0291748046875, 0.00879669189453125, 0.26171875, 5.5909156799316406e-05, 1.8125, 0.067626953125, 0.029632568359375, 0.0014848709106445312, 0.0041046142578125, 6.413459777832031e-05, 0.009918212890625, 0.67431640625, 0.0018301010131835938, 0.00698089599609375, 0.017364501953125, 0.0160064697265625, 0.0404052734375, 0.081298828125, 0.6337890625, 0.057830810546875, 0.310546875, 0.86572265625, 11.46875, 4.25, 1.576171875, 9.4765625, 8.171875, 7.4140625, 2.26171875, 2.53515625, 11.46875, 6.421875, 2.001953125, 0.02947998046875, 0.03240966796875, 0.0018062591552734375, 0.0306549072265625, 0.1903076171875, 0.0207672119140625, 0.0007162094116210938, 10.0546875, 0.056549072265625, 0.0009331703186035156, 0.1634521484375, 0.0018663406372070312, 7.45703125, 10.0546875, 1.736328125, 0.556640625, 0.024871826171875, 0.047393798828125, 5.04296875, 0.005283355712890625, 0.07373046875, 1.4873046875, 2.66796875, 1.140625, 2.1796875, 1.1669921875, 0.168701171875, 0.08026123046875, 0.2025146484375, 0.0521240234375, 0.033111572265625, 0.0004119873046875, 0.082275390625, 2.376953125, 0.30517578125, 0.00347137451171875, 4.69921875, 0.76513671875, 0.018585205078125, 1.5302734375, 3.94140625, 11.3359375, 1.318359375, 1.171875, 1.287109375, 13.53125, 7.8203125, 10.5625, 4.29296875, 1.3310546875, 7.078125, 2.78125, 8.6953125, 2.673828125, 3.275390625, 2.55078125, 8.5546875, 1.5517578125, 8.6796875, 0.1953125, 1.0078125, 1.8271484375, 0.487060546875, 5.296875, 8.1796875, 3.18359375, 0.55322265625, 2.09765625, 7.41796875, 0.044342041015625, 8.375, 8.6953125, 3.2421875, 0.60546875, 0.2459716796875, 0.1568603515625, 0.0013942718505859375, 0.0300140380859375, 4.5, 0.83056640625, 0.0025844573974609375, 0.055145263671875, 0.0009298324584960938, 0.0380859375, 3.1796875, 1.658203125, 0.0010614395141601562, 0.03399658203125, 2.669921875, 0.01052093505859375, 4.69140625, 2.486328125, 2.888671875, 0.677734375, 8.6796875, 0.98095703125, 4.80078125, 1.3525390625, 7.6953125, 1.0947265625, 2.037109375, 1.181640625, 0.8408203125, 0.007778167724609375, 5.62890625, 0.51806640625, 1.0615234375, 0.0031566619873046875, 1.056640625, 0.01180267333984375, 1.4521484375, 0.0098114013671875, 3.734375, 0.138916015625, 0.421875, 0.787109375, 0.0005507469177246094, 0.298583984375, 1.96875, 0.0003237724304199219, 6.265625, 1.1123046875, 0.1038818359375, 0.0036525726318359375, 1.052734375, 0.0037860870361328125, 0.94287109375, 0.0284423828125, 3.95703125, 0.0041961669921875, 0.0897216796875, 0.343017578125, 0.0007257461547851562, 0.0296630859375, 0.78271484375, 0.0005908012390136719, 2.7421875, 3.05078125, 2.435546875, 0.056182861328125, 0.00029730796813964844, 1.0693359375, 0.0017900466918945312, 1.45703125, 0.06500244140625, 0.88525390625, 2.9140625, 0.60986328125, 3.97265625, 6.16796875, 7.1796875, 9.0703125, 1.54296875, 0.720703125, 0.01016998291015625, 0.51220703125, 0.0022983551025390625, 1.0224609375, 0.00992584228515625, 7.234375, 0.041473388671875, 0.03204345703125, 1.36328125, 0.0019817352294921875, 2.87109375, 0.69873046875, 1.505859375, 0.004924774169921875, 3.451171875, 0.054779052734375, 0.052276611328125, 1.373046875, 0.0025196075439453125, 0.034210205078125, 0.791015625, 0.004154205322265625, 1.59765625, 0.11865234375, 0.005947113037109375, 0.0289459228515625, 1.5419921875, 0.18896484375, 0.08642578125, 0.0186920166015625, 0.0283355712890625, 0.12005615234375, 0.1446533203125, 0.01041412353515625, 0.00151824951171875, 0.47998046875, 0.91552734375, 0.0006809234619140625, 0.03704833984375, 2.52734375, 0.51708984375, 2.537109375, 7.765625, 5.78125, 1.2392578125, 6.9296875, 7.45703125, 4.51171875, 8.3046875, 5.61328125, 2.8125, 0.0018596649169921875, 0.022003173828125, 0.1644287109375, 0.0008978843688964844, 0.071044921875, 1.5166015625, 0.947265625, 0.01134490966796875, 2.923828125, 0.673828125, 8.3984375, 8.09375, 0.0003027915954589844, 0.05816650390625, 3.091796875, 0.052642822265625, 0.055084228515625, 0.010284423828125, 0.0076446533203125, 0.05450439453125, 0.1448974609375, 0.0017538070678710938, 0.006641387939453125]",-2.2249297842834936
214,0,test,2.9418761057396456,1.321957093817365,1.7678253703844065,6.991731524030586,3.1417941320594513,4.201455101043459,18.951367750660005,13.898686657596082,15.716297202944093,45.04026361520494,33.031943614806266,37.351719326477514,3.4093734471484867,1.5638126169024957,2.1493326025016106,6.461574437929038,2.963797245367588,4.073497027598291,30.246287423657506,23.91463764811686,26.720721938755638,57.32391616483661,45.32393230452624,50.64213015059402,3.068059366283608,1.4030272461823672,1.9329527523266943,6.767778013860901,3.0949130430493397,4.263866365426532,21.500138270169426,16.21429524132211,18.388633015059984,47.42677559596197,35.76682773821054,40.56316106263232,0.6717171717171717,-0.0032828282828283317,-0.008282828282828225,0.5909090909090908,0.005909090909090864,0.005909090909090864,0.48989898989898994,-0.005101010101010051,-0.005101010101010051,0.4246575342465754,0.13464385435601445,0.18418832603543167,0.34065934065934067,0.4242424242424242,0.10434317990993047,0.17759812894041083,0.3857868020304569,0.4381270903010034,0.14096515374006846,0.20675890342669856,0.36241610738255037,26.0,2.0,0.0,38.0,2.0,1.0,46.0,3.0,0.0,0.000612492642839976,0.00038474552365380844,0.00032344977389685644,-0.007649262251202771,-0.00714466437998329,-0.0074708632197264535,"[6.69921875, 9.8046875, 2.201171875, 10.421875, 0.0458984375, 11.859375, 11.0234375, 3.146484375, 2.744140625, 2.8828125, 9.03125, 2.861328125, 0.1517333984375, 0.86962890625, 3.4609375, 0.11212158203125, 0.30078125, 4.1015625, 3.443359375, 6.921875, 8.1640625, 1.146484375, 6.65234375, 6.04296875, 1.88671875, 2.4296875, 7.78515625, 1.099609375, 3.939453125, 2.73828125, 6.18359375, 9.8046875, 5.80859375, 6.203125, 4.73046875, 8.7265625, 4.26953125, 0.0131988525390625, 6.46875, 4.12109375, 5.44140625, 1.462890625, 5.45703125, 9.6015625, 4.29296875, 2.662109375, 3.462890625, 5.66015625, 2.94921875, 4.96875, 7.83984375, 5.7578125, 7.35546875, 7.93359375, 3.21875, 1.6337890625, 3.875, 0.80029296875, 0.8427734375, 0.05438232421875, 6.203125, 0.384765625, 3.90234375, 2.638671875, 0.0677490234375, 1.67578125, 0.33935546875, 0.619140625, 0.228759765625, 0.0299224853515625, 10.3671875, 5.31640625, 7.48046875, 5.359375, 0.3359375, 4.06640625, 6.90234375, 6.55859375, 2.41796875, 11.09375, 1.8369140625, 1.6943359375, 0.048858642578125, 1.06640625, 0.3974609375, 4.25390625, 0.095947265625, 6.14453125, 2.95703125, 0.250244140625, 5.37890625, 8.5390625, 7.32421875, 0.12139892578125, 0.463623046875, 0.10467529296875, 0.410888671875, 4.41796875, 1.1962890625, 0.136474609375, 0.048828125, 0.0023670196533203125, 0.08758544921875, 0.02288818359375, 0.92333984375, 0.0362548828125, 5.484375, 4.05078125, 0.0928955078125, 0.03887939453125, 0.03033447265625, 0.137451171875, 3.162109375, 0.496826171875, 0.047760009765625, 0.037353515625, 0.0007572174072265625, 0.0188751220703125, 0.01386260986328125, 0.1766357421875, 0.0149993896484375, 7.9453125, 2.32421875, 1.181640625, 0.09771728515625, 7.02734375, 0.36474609375, 0.031982421875, 0.2119140625, 5.61328125, 2.75, 0.07086181640625, 0.028076171875, 0.001483917236328125, 0.09014892578125, 0.05157470703125, 3.18359375, 3.80078125, 6.38671875, 6.4921875, 2.521484375, 3.14453125, 1.2587890625, 3.74609375, 0.7216796875, 0.344482421875, 0.71826171875, 0.9814453125, 2.146484375, 0.04296875, 3.8984375, 2.28125, 5.984375, 4.765625, 0.059478759765625, 5.23828125, 0.039031982421875, 0.90478515625, 8.359375, 5.66015625, 1.9052734375, 1.935546875, 7.15234375, 5.35546875, 0.96044921875, 1.0595703125, 4.45703125, 2.06640625, 3.158203125, 3.203125, 6.640625, 3.0546875, 2.615234375, 0.693359375, 6.53515625, 0.051513671875, 10.1484375, 4.28125, 2.552734375, 11.0859375, 3.18359375, 4.27734375, 5.34765625, 1.751953125, 12.8984375, 6.65234375, 6.0703125, 3.177734375, 5.0625, 7.21875, 0.1514892578125, 1.7568359375, 1.83984375, 9.1171875, 3.021484375, 2.03515625, 3.919921875, 0.1622314453125, 0.23046875, 10.1953125, 0.0282745361328125, 0.2144775390625, 0.28515625, 3.71484375, 3.140625, 3.9140625, 3.927734375, 7.80859375, 0.5849609375, 5.01953125, 0.1697998046875, 7.0, 2.6484375, 2.962890625, 1.9443359375, 3.841796875, 2.890625, 3.71875, 1.9228515625, 1.103515625, 6.4453125, 0.8701171875, 3.880859375, 3.35546875, 1.537109375, 4.0546875, 5.27734375, 1.0791015625, 2.517578125, 3.744140625, 4.91796875, 0.317626953125, 0.509765625, 5.3203125, 6.69921875, 1.623046875, 0.355224609375, 2.8359375, 1.1640625, 0.41064453125, 0.56005859375, 2.154296875, 0.291748046875, 7.625, 3.017578125, 1.0029296875, 0.01174163818359375, 4.43359375, 4.078125, 1.1669921875, 3.296875, 6.74609375, 0.75927734375, 7.97265625, 7.9453125, 0.1937255859375, 1.4794921875, 1.3984375, 2.193359375, 1.203125, 0.6298828125, 0.026580810546875, 3.810546875, 4.46875, 4.8125, 1.5048828125, 0.8984375, 0.49169921875, 0.57763671875, 3.66796875, 0.419677734375, 1.41015625, 4.1640625, 0.9609375, 1.921875, 1.259765625, 1.560546875, 3.48046875, 10.953125, 0.40576171875, 1.06640625, 0.83544921875, 1.359375, 0.1063232421875, 3.515625, 2.439453125, 0.68359375, 0.328125, 0.0966796875, 0.141845703125, 1.5517578125, 1.287109375, 0.537109375, 0.024566650390625, 0.1646728515625, 0.74072265625, 0.361083984375, 0.05853271484375, 5.71875, 1.66796875, 2.39453125, 0.30859375, 0.059234619140625, 0.0237579345703125, 0.0731201171875, 7.2734375, 0.52490234375, 0.00957489013671875, 7.16796875, 0.625, 1.6240234375, 2.95703125, 0.469970703125, 0.005748748779296875, 1.2685546875, 2.142578125, 0.6552734375, 5.71484375, 1.2978515625, 7.08984375, 0.1119384765625, 0.2135009765625, 0.22021484375, 1.3701171875, 4.97265625, 4.89453125, 0.77685546875, 6.26171875, 1.3056640625, 0.9326171875, 1.01953125, 7.2265625, 11.0625, 0.916015625, 2.376953125, 1.5810546875, 8.3359375, 6.171875, 9.0546875, 1.2431640625, 0.0074310302734375, 5.91015625, 0.50634765625, 0.1329345703125, 0.06500244140625, 3.607421875, 1.2509765625, 0.05523681640625, 0.0196990966796875, 0.0304107666015625, 4.046875, 3.4375, 0.98974609375, 0.822265625, 3.25390625, 5.59375, 0.05804443359375, 0.286376953125, 1.33203125, 2.986328125, 0.27392578125, 4.0546875, 0.869140625, 0.2298583984375, 0.058563232421875]",-0.7322371678809598
53,0,test,3.348110063870748,1.5744401464294737,2.0846522844432034,6.946366281938736,3.2665108785117245,4.325054452206876,28.448916169485024,22.556477677358664,24.911283452524664,59.023326075770655,46.79820943406021,51.68375474920347,3.5125412869094004,1.5690937579842432,2.195210077105738,6.108767455494609,2.728858709537814,3.8177566558360656,33.53337752734054,26.55059465992189,29.79993323705435,58.31891743885312,46.174947234646766,51.82597084705105,3.68997848153513,1.7179585641552955,2.364536399308257,6.875736300997137,3.2011650263763274,4.405968445916007,40.043985262925446,32.858809962243015,36.28013634495717,74.61612160793563,61.227596202937306,67.60273853097611,0.7688442211055276,0.003844221105527623,-0.0011557788944723812,0.6231155778894473,-0.006884422110552735,0.008115577889447279,0.4824120603015075,0.007412060301507539,0.017412060301507548,0.4194444444444444,0.11153875789798118,0.16626751384815897,0.3593314763231198,0.4170854271356784,0.07372703114570345,0.15164302312900058,0.35858585858585856,0.4147157190635451,0.0824953517847471,0.1577635499867931,0.3959731543624161,24.0,-1.0,0.0,38.0,0.0,0.0,46.0,-1.0,-4.0,0.0006184216855158733,0.0006588922988379764,-9.5974883301696e-05,-0.009022995304749593,-0.01403614032442757,-0.01098987126755091,"[8.1875, 10.390625, 4.9140625, 5.6953125, 10.5078125, 4.87109375, 2.23046875, 1.154296875, 11.0625, 10.671875, 2.4375, 2.72265625, 6.1015625, 2.5703125, 0.09967041015625, 3.283203125, 1.7890625, 1.4111328125, 4.984375, 5.0390625, 5.31640625, 7.40625, 1.775390625, 7.7265625, 5.40625, 11.2890625, 7.6875, 4.29296875, 0.7705078125, 1.33203125, 2.134765625, 0.20361328125, 4.14453125, 2.15625, 0.87255859375, 2.740234375, 2.7890625, 3.08203125, 1.9462890625, 6.796875, 9.8046875, 7.18359375, 0.81689453125, 3.392578125, 2.814453125, 3.640625, 1.7744140625, 0.026092529296875, 1.8037109375, 3.84375, 6.13671875, 1.8896484375, 0.9873046875, 2.951171875, 0.350830078125, 8.40625, 0.480224609375, 4.3046875, 0.65283203125, 3.78515625, 11.3359375, 1.1572265625, 0.031341552734375, 2.25, 2.296875, 1.26953125, 4.484375, 4.6328125, 1.4375, 1.84765625, 0.3984375, 3.134765625, 1.6064453125, 1.734375, 0.24560546875, 6.80078125, 0.422119140625, 0.00600433349609375, 5.87109375, 3.67578125, 2.94921875, 1.2626953125, 4.20703125, 3.234375, 2.044921875, 0.59375, 2.259765625, 0.087890625, 1.2177734375, 1.78125, 0.49755859375, 8.1328125, 7.9296875, 0.1075439453125, 0.0151824951171875, 4.0625, 0.1326904296875, 2.943359375, 0.77099609375, 9.78125, 0.96875, 0.724609375, 0.63037109375, 0.28759765625, 5.3671875, 1.69921875, 2.9140625, 7.15234375, 5.7109375, 0.50244140625, 4.28125, 2.404296875, 6.6484375, 0.0088043212890625, 7.40234375, 2.888671875, 3.0390625, 0.07574462890625, 1.6962890625, 0.07940673828125, 0.438720703125, 5.0078125, 3.888671875, 8.6953125, 5.89453125, 7.23046875, 0.1251220703125, 6.4609375, 5.10546875, 5.87109375, 2.287109375, 2.13671875, 4.390625, 1.36328125, 6.421875, 5.12109375, 0.386962890625, 10.0859375, 0.2403564453125, 4.6953125, 10.1328125, 4.6953125, 2.681640625, 9.1953125, 4.94921875, 1.423828125, 0.486083984375, 11.0859375, 1.9990234375, 2.708984375, 5.58203125, 4.55078125, 2.201171875, 2.201171875, 0.3701171875, 7.71484375, 4.4765625, 2.71484375, 1.48828125, 4.20703125, 3.951171875, 0.03900146484375, 2.994140625, 1.978515625, 4.98828125, 1.7236328125, 0.4423828125, 0.07952880859375, 6.953125, 2.95703125, 3.744140625, 0.79541015625, 5.96484375, 0.396484375, 0.76220703125, 3.65234375, 8.4140625, 1.521484375, 1.396484375, 0.85400390625, 2.42578125, 3.47265625, 2.525390625, 7.38671875, 1.603515625, 0.169921875, 0.05767822265625, 3.3125, 3.578125, 0.397216796875, 1.45703125, 7.71484375, 6.3125, 3.5546875, 5.6796875, 4.2109375, 7.98046875, 4.859375, 3.677734375, 9.140625, 1.7001953125, 3.880859375, 8.5, 3.498046875, 1.6328125, 3.537109375, 13.0078125, 6.25, 1.6767578125, 6.453125, 8.03125, 4.25, 8.1796875, 5.12109375, 1.4248046875, 3.50390625, 3.0234375, 0.212890625, 4.203125, 2.32421875, 3.576171875, 4.0234375, 5.7265625, 0.173583984375, 8.6015625, 1.455078125, 2.57421875, 0.359619140625, 2.923828125, 5.6953125, 2.89453125, 4.0546875, 1.2724609375, 1.45703125, 3.26171875, 0.055572509765625, 0.7578125, 3.056640625, 3.09765625, 1.0400390625, 1.9326171875, 6.390625, 14.2265625, 4.6171875, 0.1697998046875, 3.734375, 3.03515625, 6.0546875, 0.478271484375, 3.87890625, 6.734375, 15.71875, 3.9296875, 7.203125, 3.90234375, 1.3095703125, 2.28125, 7.33984375, 0.68798828125, 1.7099609375, 5.4375, 14.0, 5.84765625, 1.9833984375, 5.40234375, 2.205078125, 3.638671875, 1.0478515625, 4.2578125, 0.424560546875, 8.1875, 12.078125, 8.015625, 5.61328125, 6.93359375, 0.6591796875, 0.73974609375, 2.158203125, 5.609375, 5.29296875, 0.0477294921875, 0.2091064453125, 3.65234375, 8.7265625, 0.1973876953125, 0.162841796875, 3.5625, 0.400390625, 6.203125, 4.609375, 0.681640625, 7.5390625, 4.37109375, 10.3359375, 2.6953125, 4.4921875, 1.5849609375, 0.8544921875, 1.4560546875, 1.8525390625, 0.07940673828125, 0.005626678466796875, 2.67578125, 0.10052490234375, 6.77734375, 0.8232421875, 0.314697265625, 6.5234375, 1.560546875, 5.2890625, 7.6796875, 0.2430419921875, 4.87109375, 0.422607421875, 1.5712890625, 2.923828125, 0.36474609375, 7.203125, 0.755859375, 2.25390625, 1.90234375, 0.2154541015625, 1.994140625, 0.381591796875, 0.89306640625, 4.90625, 0.055572509765625, 0.73876953125, 3.84375, 1.7021484375, 0.07965087890625, 0.34716796875, 0.0272979736328125, 0.08709716796875, 0.0221710205078125, 0.1793212890625, 0.34912109375, 0.0193939208984375, 2.2890625, 3.3984375, 0.2147216796875, 1.0263671875, 0.07647705078125, 6.97265625, 0.60986328125, 1.4541015625, 0.90087890625, 0.254150390625, 0.08221435546875, 0.0012521743774414062, 0.0298309326171875, 0.0276031494140625, 0.00574493408203125, 0.04730224609375, 0.0142059326171875, 0.476806640625, 0.1134033203125, 0.02838134765625, 0.093505859375, 0.038970947265625]",-1.098754064242045
173,0,test,3.3676135516369308,1.5735088762131184,2.103819547011109,6.478995637388443,3.0272942509752383,4.047565867619198,29.009215391750462,22.995127641693436,25.470393033545932,55.81120787325904,44.2406260063015,49.00282137975685,3.9077847531093424,1.764852324656141,2.4641802358476905,6.153991737180067,2.77929499945849,3.8805987966105366,49.788535819876024,41.264137618591,45.552598980187874,78.40714302342681,64.98289388754489,71.73637634675256,3.5499421417912513,1.6586342486893728,2.274223892004569,6.191759549635903,2.8929667128303014,3.966669579077736,34.81130330968052,28.18327153803741,31.230030574738315,60.71738949362881,49.15686896169315,54.470983560590085,0.778894472361809,-0.01110552763819106,-0.0011055276381910506,0.6633165829145728,0.008316582914572823,0.013316582914572828,0.5477386934673367,-0.007261306532663214,0.012738693467336804,0.43342776203966005,0.11942493318534608,0.18513841697612143,0.38068181818181823,0.4773869346733668,0.15658492966083548,0.22029177607570405,0.4696969696969697,0.4381270903010034,0.11425396843122038,0.18562430943337271,0.4093959731543624,25.0,2.0,1.0,39.0,3.0,2.0,49.0,2.0,1.0,0.0010031488874828755,0.00049199688441474,0.0003928702503114373,-0.0029223971644087854,-0.004917106193819798,-0.0037074389749216508,"[3.591796875, 10.4453125, 0.006450653076171875, 7.703125, 8.7734375, 0.58544921875, 3.0625, 0.1192626953125, 1.3369140625, 4.94921875, 1.419921875, 1.6796875, 0.9794921875, 1.40625, 2.701171875, 3.66015625, 5.2578125, 1.5654296875, 6.0625, 6.19140625, 1.119140625, 1.18359375, 6.58203125, 2.025390625, 2.02734375, 6.5, 1.1259765625, 5.65234375, 6.5390625, 4.015625, 10.359375, 5.96484375, 4.39453125, 3.57421875, 2.400390625, 1.5537109375, 2.4453125, 4.09375, 1.828125, 0.837890625, 5.29296875, 5.953125, 6.734375, 2.46875, 7.1796875, 8.6640625, 6.12890625, 3.287109375, 4.71484375, 1.015625, 3.404296875, 3.17578125, 7.55078125, 2.037109375, 5.45703125, 0.53662109375, 2.087890625, 6.34765625, 0.66650390625, 1.9921875, 1.296875, 5.69921875, 6.125, 3.421875, 5.40625, 1.7080078125, 5.4609375, 0.138427734375, 8.265625, 4.5, 8.3125, 1.6142578125, 1.568359375, 2.462890625, 1.2138671875, 3.650390625, 0.5498046875, 0.124267578125, 9.796875, 1.697265625, 12.7421875, 4.73828125, 6.56640625, 11.3359375, 1.033203125, 3.53515625, 1.40625, 5.3828125, 2.08984375, 2.087890625, 5.3359375, 7.703125, 11.3984375, 2.14453125, 0.270751953125, 5.65625, 3.76953125, 5.328125, 0.458740234375, 2.775390625, 0.9228515625, 1.130859375, 0.152587890625, 8.109375, 3.79296875, 11.859375, 2.50390625, 4.90625, 7.61328125, 2.134765625, 10.0625, 0.02587890625, 9.421875, 5.703125, 2.521484375, 9.90625, 4.84765625, 2.95703125, 0.03076171875, 4.609375, 0.1251220703125, 3.98046875, 4.05078125, 4.1484375, 4.734375, 8.84375, 0.476318359375, 4.25390625, 1.29296875, 8.6640625, 8.8359375, 2.8046875, 8.5078125, 0.058013916015625, 4.1953125, 6.7265625, 6.3671875, 0.384033203125, 4.90625, 3.662109375, 0.248046875, 0.34912109375, 5.59765625, 0.457275390625, 3.98046875, 5.86328125, 4.71484375, 0.6591796875, 4.3515625, 0.767578125, 3.478515625, 5.7265625, 0.23388671875, 5.26953125, 1.33984375, 7.4765625, 4.265625, 8.1875, 3.12109375, 4.8671875, 7.84765625, 0.736328125, 1.13671875, 7.24609375, 0.75146484375, 0.81591796875, 0.176513671875, 3.73046875, 0.06304931640625, 8.46875, 0.6689453125, 7.00390625, 2.421875, 5.2578125, 10.75, 0.002735137939453125, 4.31640625, 0.24072265625, 6.7734375, 9.21875, 6.56640625, 0.00667572021484375, 2.298828125, 8.578125, 5.4765625, 1.6787109375, 5.890625, 3.322265625, 8.078125, 0.68115234375, 1.5986328125, 8.71419906616211e-05, 4.78125, 0.34423828125, 0.0034770965576171875, 0.412109375, 0.1160888671875, 1.013671875, 0.070068359375, 5.25390625, 1.80859375, 1.0341796875, 1.310546875, 1.5400390625, 5.33984375, 0.0281524658203125, 1.259765625, 0.047088623046875, 4.3125, 1.4365234375, 4.25390625, 2.58203125, 2.177734375, 3.763671875, 4.109375, 1.7265625, 1.1279296875, 0.8427734375, 6.1796875, 3.15625, 0.53515625, 0.09466552734375, 2.423828125, 1.517578125, 0.12310791015625, 3.205078125, 7.23828125, 3.265625, 3.671875, 7.59375, 1.044921875, 0.79150390625, 0.693359375, 0.361083984375, 9.3046875, 0.1658935546875, 1.736328125, 2.568359375, 6.16796875, 3.3828125, 0.97216796875, 1.9755859375, 4.76171875, 2.349609375, 0.413330078125, 3.423828125, 0.17626953125, 0.94921875, 1.49609375, 0.0022792816162109375, 8.4453125, 1.4267578125, 5.33203125, 6.078125, 2.64453125, 1.369140625, 0.49609375, 0.20947265625, 1.9443359375, 5.8046875, 0.08978271484375, 7.7421875, 1.0400390625, 5.07421875, 3.142578125, 7.40625, 0.102294921875, 0.0005822181701660156, 0.08233642578125, 0.62646484375, 2.49609375, 0.033233642578125, 1.3212890625, 2.841796875, 0.1295166015625, 0.78369140625, 2.41796875, 7.80078125, 7.91796875, 4.12890625, 9.8046875, 8.1171875, 3.357421875, 5.03125, 4.8515625, 2.064453125, 0.465087890625, 3.5, 5.11328125, 3.734375, 0.35546875, 8.03125, 2.259765625, 2.87890625, 1.986328125, 7.27734375, 1.1669921875, 4.67578125, 1.4970703125, 3.13671875, 0.132568359375, 4.60546875, 0.0238494873046875, 5.1953125, 5.74609375, 2.52734375, 3.990234375, 4.8359375, 0.61279296875, 0.421142578125, 0.442138671875, 7.328125, 2.84765625, 0.07147216796875, 0.11285400390625, 0.315185546875, 0.2276611328125, 8.3359375, 0.324462890625, 9.6328125, 1.0341796875, 1.8203125, 0.196533203125, 3.08984375, 3.890625, 6.82421875, 2.4609375, 8.9140625, 0.75390625, 2.14453125, 0.006717681884765625, 1.2490234375, 7.2578125, 0.307373046875, 0.7392578125, 0.74365234375, 0.304443359375, 0.07977294921875, 0.0848388671875, 0.1990966796875, 0.284423828125, 0.01015472412109375, 0.06475830078125, 3.119140625, 0.1832275390625, 0.118896484375, 2.455078125, 0.01934814453125, 2.052734375, 0.07470703125, 4.1796875, 0.52392578125, 3.00390625]",-1.0809233212268388
152,0,test,3.1508806796784095,1.4351565308572367,1.9757973894461194,6.196732003367539,2.822474510685899,3.8857348659107016,23.356625231137702,17.79592440146588,20.118212570389524,45.93469628790415,34.9986513228829,39.5658180550994,3.2906178996790594,1.4861960084331338,2.0474317832614783,5.82410247730807,2.6304354131559893,3.6237730677194313,26.85945497809503,20.782997398496548,23.39281396834709,47.53885836830979,36.784066192029286,41.40321056344618,3.148666276323034,1.4228006940776103,1.984474895568647,6.192377010101968,2.798174698352634,3.902800627951673,23.304961465175438,17.68758023377821,20.101629905077868,45.833090881511694,34.785574459763815,39.53320547998647,0.6733668341708543,0.0033668341708543714,-0.0066331658291456375,0.5577889447236181,-0.00221105527638199,-0.00221105527638199,0.4723618090452262,-0.017638190954773814,-0.022638190954773818,0.4425531914893617,0.13469756516239773,0.2105871377411297,0.4273504273504274,0.4522613065326633,0.14900316116925472,0.20852174058942452,0.4545454545454546,0.4425531914893617,0.12832813841080537,0.20917271058412834,0.41880341880341876,24.0,-1.0,-1.0,35.0,-2.0,-3.0,45.0,-1.0,-3.0,0.0005211688367131925,0.00011179740864124832,-6.1348048561184634e-06,-0.01369489218362574,-0.010957825524001485,-0.01169448723263411,"[5.90625, 11.546875, 2.734375, 2.6015625, 0.29150390625, 0.416259765625, 8.296875, 7.765625, 3.47265625, 4.67578125, 0.28173828125, 0.2060546875, 1.7705078125, 6.44921875, 4.6640625, 3.001953125, 7.08203125, 0.32421875, 0.0325927734375, 2.33203125, 0.365234375, 0.299560546875, 0.11083984375, 4.64453125, 4.30078125, 7.5078125, 1.6142578125, 6.6796875, 0.8671875, 7.015625, 0.6826171875, 0.1822509765625, 5.296875, 0.673828125, 0.337646484375, 1.7880859375, 6.55078125, 2.759765625, 9.6171875, 5.15625, 1.3359375, 0.480224609375, 0.0797119140625, 5.984375, 9.390625, 5.5078125, 0.369873046875, 0.1065673828125, 7.34375, 6.7734375, 6.5234375, 4.64453125, 1.576171875, 5.3828125, 0.08184814453125, 0.133544921875, 7.5234375, 3.470703125, 9.0078125, 5.19140625, 3.857421875, 3.884765625, 6.27734375, 8.421875, 4.203125, 6.203125, 0.8525390625, 1.5341796875, 0.94091796875, 1.146484375, 0.07867431640625, 0.1728515625, 0.927734375, 1.2529296875, 0.1104736328125, 4.83984375, 8.2109375, 4.703125, 6.046875, 5.234375, 0.8271484375, 4.65234375, 0.494384765625, 0.3330078125, 0.005352020263671875, 7.38671875, 4.99609375, 3.681640625, 0.017486572265625, 0.716796875, 0.03497314453125, 0.888671875, 4.7578125, 0.56884765625, 0.5244140625, 0.056060791015625, 0.1983642578125, 0.215087890625, 0.2130126953125, 0.0243682861328125, 0.12408447265625, 0.0211029052734375, 0.11480712890625, 8.4765625, 1.5244140625, 6.2109375, 0.8681640625, 0.0777587890625, 0.3447265625, 3.404296875, 5.9453125, 0.90576171875, 5.625, 5.19921875, 3.650390625, 5.6171875, 1.296875, 0.1373291015625, 6.9609375, 3.689453125, 1.2998046875, 5.48046875, 7.56640625, 0.037445068359375, 2.189453125, 7.08203125, 0.18798828125, 0.0053863525390625, 2.810546875, 2.216796875, 4.546875, 6.05078125, 0.061859130859375, 1.1162109375, 0.69091796875, 1.56640625, 3.1875, 1.9912109375, 6.859375, 1.4150390625, 6.1640625, 1.076171875, 1.744140625, 5.7421875, 3.142578125, 4.07421875, 2.765625, 3.47265625, 0.462158203125, 7.49609375, 0.040130615234375, 0.0091400146484375, 6.18359375, 4.671875, 3.578125, 2.712890625, 3.1875, 0.5830078125, 3.626953125, 11.7109375, 3.63671875, 6.98046875, 0.37646484375, 0.806640625, 3.22265625, 5.73046875, 1.65234375, 6.91796875, 7.06640625, 2.4375, 0.004268646240234375, 12.078125, 0.94384765625, 1.84375, 6.25390625, 6.53125, 3.23828125, 9.4375, 0.60302734375, 5.15625, 0.00916290283203125, 7.48046875, 0.8388671875, 7.796875, 1.326171875, 3.912109375, 0.01332855224609375, 2.01171875, 2.33984375, 7.69921875, 1.9462890625, 4.91015625, 4.17578125, 0.442626953125, 2.41796875, 4.015625, 2.884765625, 1.8466796875, 2.7578125, 5.375, 6.828125, 0.00411224365234375, 0.0012674331665039062, 5.796875, 2.501953125, 2.525390625, 3.353515625, 6.45703125, 2.625, 1.10546875, 13.4609375, 4.60546875, 1.0205078125, 1.2822265625, 0.00647735595703125, 6.7265625, 3.5703125, 1.7880859375, 0.82177734375, 5.20703125, 1.3203125, 0.5537109375, 0.09771728515625, 1.7529296875, 0.04730224609375, 1.04296875, 0.044403076171875, 0.036529541015625, 0.004268646240234375, 0.291015625, 0.347900390625, 0.0169219970703125, 6.2734375, 0.0250701904296875, 0.09197998046875]",-1.0635920910125085
38,0,test,3.2770663021188793,1.522515077581587,2.0801471258886766,6.578958864102296,3.0565643602963677,4.176052942124995,26.497921663361566,20.717068808536848,23.18801769552399,53.19658515750618,41.591085108047466,46.551702191771646,3.6174860120418684,1.6780766177298438,2.3094811288663672,6.346466687792752,2.9439940661927086,4.051721278712925,37.24381951659376,30.289177210441213,33.5450326826185,65.34003423963819,53.13890738673898,58.850934530909655,3.2770663021188793,1.522515077581587,2.0801471258886766,6.578958864102296,3.0565643602963677,4.176052942124995,26.497921663361566,20.717068808536848,23.18801769552399,53.19658515750618,41.591085108047466,46.551702191771646,0.8190954773869347,0.0040954773869347205,0.009095477386934614,0.6482412060301508,0.008241206030150772,0.0032412060301507672,0.5477386934673367,0.027738693467336706,0.012738693467336804,0.446969696969697,0.12371827920032086,0.19759941989161134,0.4106463878326996,0.42713567839195976,0.09380234505862639,0.16670162163069102,0.4444444444444444,0.446969696969697,0.12371827920032086,0.19759941989161134,0.4106463878326996,23.0,-1.0,-1.0,37.0,0.0,2.0,47.0,2.0,1.0,0.0007480581339023004,0.0005765343950579014,-3.414246748254009e-05,-0.012311791210489531,-0.013868459085661478,-0.010855123035156566,"[3.591796875, 10.4296875, 0.07208251953125, 8.171875, 1.1181640625, 1.693359375, 0.00017714500427246094, 8.8515625, 5.43359375, 2.83984375, 3.2734375, 1.580078125, 5.26953125, 0.77490234375, 0.5087890625, 3.134765625, 1.8046875, 10.484375, 2.0859375, 4.26953125, 2.693359375, 1.18359375, 0.0271148681640625, 4.5546875, 3.61328125, 7.6953125, 1.423828125, 3.359375, 0.279052734375, 3.453125, 2.54296875, 6.46875, 0.62646484375, 0.16064453125, 4.73046875, 5.6796875, 4.5, 3.025390625, 2.2421875, 3.486328125, 4.265625, 0.04278564453125, 7.4765625, 0.51708984375, 2.240234375, 5.76953125, 3.138671875, 3.76953125, 3.583984375, 0.796875, 0.525390625, 8.9375, 9.1640625, 6.703125, 2.798828125, 1.0126953125, 5.66015625, 6.27734375, 1.373046875, 2.470703125, 1.4228515625, 5.75, 3.30078125, 3.91015625, 0.29638671875, 4.21875, 1.1689453125, 2.451171875, 3.279296875, 5.77734375, 7.53125, 1.900390625, 4.38671875, 4.92578125, 3.01953125, 1.7060546875, 1.5556640625, 3.833984375, 1.6455078125, 4.234375, 8.40625, 5.625, 3.7421875, 0.376708984375, 4.1953125, 0.463134765625, 1.0966796875, 0.1378173828125, 10.2109375, 10.0390625, 1.9033203125, 5.10546875, 0.0968017578125, 0.284912109375, 3.41015625, 1.5224609375, 5.8671875, 2.677734375, 0.88134765625, 2.16796875, 3.193359375, 7.8203125, 2.6015625, 0.998046875, 1.1640625, 4.12109375, 4.01171875, 1.689453125, 5.3671875, 3.998046875, 1.955078125, 3.935546875, 5.98828125, 6.32421875, 1.6943359375, 0.62158203125, 0.0654296875, 3.232421875, 6.99609375, 6.91015625, 7.359375, 5.2890625, 7.88671875, 9.484375, 3.720703125, 1.53125, 2.228515625, 2.685546875, 7.13671875, 2.744140625, 4.98046875, 3.271484375, 3.009765625, 6.22265625, 1.6865234375, 4.515625, 0.74853515625, 9.484375, 3.54296875, 2.556640625, 6.40625, 1.578125, 1.4775390625, 5.10546875, 1.712890625, 6.93359375, 4.35546875, 0.54736328125, 1.6494140625, 0.6416015625, 3.189453125, 0.9345703125, 0.6083984375, 1.3271484375, 0.70849609375, 4.984375, 3.685546875, 0.26708984375, 6.12109375, 4.3125, 3.1953125, 0.919921875, 5.91796875, 2.6328125, 4.6015625, 5.05078125, 6.1328125, 1.71484375, 6.36328125, 2.77734375, 1.3603515625, 8.8125, 1.517578125, 1.6845703125, 6.30859375, 0.36962890625, 0.157958984375, 4.41796875, 0.65869140625, 8.109375, 8.625, 4.56640625, 6.6640625, 4.578125, 1.5146484375, 6.3828125, 1.744140625, 12.328125, 3.90234375, 0.363525390625, 2.607421875, 0.473876953125, 4.31640625, 1.0537109375, 12.3984375, 0.9462890625, 0.380126953125, 5.17578125, 0.248779296875, 7.87890625, 1.708984375, 7.30078125, 2.603515625, 5.82421875, 0.222900390625, 6.9765625, 3.775390625, 0.68505859375, 0.04833984375, 0.446533203125, 3.474609375, 4.20703125, 3.455078125, 0.2119140625, 5.0546875, 1.28125, 0.264892578125, 7.27734375, 0.68701171875, 2.0703125, 1.0322265625, 4.171875, 0.037567138671875, 7.2578125, 4.359375, 4.0703125, 1.5712890625, 0.7763671875, 1.740234375, 2.23046875, 1.8828125, 2.62890625, 5.55078125, 2.1875, 3.50390625, 3.609375, 0.0738525390625, 2.048828125, 4.72265625, 4.4765625, 2.90625, 3.94140625, 2.220703125, 3.73046875, 0.798828125, 0.06927490234375, 5.70703125, 0.056427001953125, 0.51220703125, 0.1851806640625, 0.461181640625, 0.6064453125, 0.06402587890625, 0.007770538330078125, 0.42578125, 0.004146575927734375, 0.342529296875, 0.0235443115234375, 0.02935791015625, 0.0885009765625, 0.0286102294921875, 0.03924560546875, 0.0036029815673828125, 1.0283203125]",-0.6420587779897633
165,0,test,2.9631602104673993,1.3851965734276745,1.8979053484512973,6.551362027830265,3.062583049062749,4.196150106341539,19.359053873182678,14.513974454759836,16.45747548123169,42.80165817273983,32.08949039607057,36.38644969678569,3.0260924765812094,1.3897779730500999,1.9197783950007177,5.992262329863781,2.7520355901982176,3.801541376239045,20.616515473057515,15.480310351792806,17.593320889032782,40.82478311496538,30.65407990454021,34.83825918620353,2.9556520712291094,1.377426311950753,1.8889252224648698,6.534762001233109,3.045403486578618,4.176295609043423,19.214247693911922,14.367898105963008,16.308395071986123,42.481500760758394,31.76652471865259,36.05684222946932,0.6633165829145728,0.008316582914572823,0.0033165829145729298,0.5025125628140703,-0.007487437185929702,-0.012487437185929706,0.4170854271356784,-0.0029145728643216184,-0.007914572864321623,0.3936170212765957,0.09627188853323287,0.16248494580489758,0.3558718861209964,0.4170854271356784,0.12635861009307192,0.18837090292866676,0.36363636363636365,0.3936170212765957,0.09804180003765761,0.15776796467282217,0.3558718861209964,23.0,1.0,1.0,36.0,2.0,0.0,40.0,0.0,-3.0,0.0004700899233420994,0.0005141972882262403,0.00022590841412748454,-0.013338326435339276,-0.014583346890373328,-0.015746727749111677,"[3.595703125, 10.4296875, 0.00626373291015625, 5.6640625, 0.5498046875, 5.10546875, 1.8359375, 7.00390625, 7.6953125, 7.1640625, 1.16015625, 6.5078125, 0.03973388671875, 5.59375, 0.63720703125, 6.19140625, 0.9072265625, 0.11431884765625, 8.453125, 2.494140625, 7.1484375, 1.2333984375, 1.4404296875, 0.755859375, 4.140625, 0.37646484375, 4.79296875, 0.0244140625, 1.3193359375, 8.296875, 11.4921875, 0.6298828125, 2.197265625, 3.740234375, 0.451904296875, 11.5, 1.685546875, 0.90869140625, 8.828125, 2.107421875, 12.796875, 1.2490234375, 6.51171875, 0.03924560546875, 4.56640625, 1.6591796875, 3.763671875, 9.15625, 2.880859375, 7.8984375, 4.49609375, 0.07763671875, 8.1640625, 3.064453125, 1.45703125, 4.6015625, 1.3701171875, 3.53125, 3.5, 3.228515625, 5.45703125, 6.515625, 10.34375, 0.40869140625, 6.6796875, 3.19140625, 4.36328125, 2.49609375, 3.48828125, 4.62109375, 0.984375, 1.8935546875, 0.93603515625, 4.7109375, 1.1181640625, 3.638671875, 1.4697265625, 1.109375, 9.4296875, 0.07843017578125, 3.615234375, 0.177734375, 8.9375, 4.875, 0.304443359375, 5.77734375, 8.78125, 7.90234375, 0.80322265625, 0.779296875, 6.81640625, 0.208984375, 0.93994140625, 4.5859375, 1.9833984375, 0.1580810546875, 0.791015625, 0.44775390625, 0.1800537109375, 0.07232666015625, 0.02581787109375, 0.37255859375, 0.042877197265625, 0.0423583984375, 0.040557861328125, 0.029022216796875, 0.037200927734375, 0.00893402099609375, 0.0775146484375, 0.02459716796875, 0.010498046875, 0.10821533203125, 0.0012350082397460938, 0.32763671875, 0.36962890625, 0.00428009033203125, 0.00640869140625, 0.0037670135498046875, 0.08294677734375, 0.00428009033203125, 0.01837158203125, 0.0089874267578125, 10.0078125, 2.197265625, 6.4140625, 1.927734375, 4.65234375, 6.828125, 1.6552734375, 2.498046875, 0.004009246826171875, 3.396484375, 2.53125, 1.1982421875, 2.12890625, 0.1478271484375, 6.83203125, 7.15234375, 4.5390625, 2.1875, 1.2578125, 2.658203125, 4.578125, 5.02734375, 0.22119140625, 1.1298828125, 1.029296875, 5.25, 8.40625, 0.96630859375, 5.30078125, 4.9140625, 2.6328125, 5.14453125, 0.84033203125, 7.21484375, 4.32421875, 4.21484375, 6.47265625, 3.302734375, 0.343505859375, 1.1767578125, 1.4375, 0.362060546875, 0.1572265625, 0.389404296875, 1.43359375, 4.79296875, 3.234375, 5.15234375, 1.6318359375, 1.3779296875, 2.896484375, 6.828125, 2.509765625, 2.83984375, 0.05535888671875, 4.01171875, 6.90625, 0.47509765625, 1.08203125, 0.11614990234375, 4.8359375, 3.775390625, 0.005855560302734375, 2.67578125, 1.900390625, 1.3359375, 6.22265625, 2.5859375, 4.09375, 1.5029296875, 0.87158203125, 0.49462890625, 1.1201171875, 2.794921875, 0.646484375, 2.310546875, 5.57421875, 4.91015625, 6.8984375, 3.53515625, 0.04052734375, 1.900390625, 3.4453125, 5.7265625, 2.00390625, 0.2318115234375, 2.958984375, 8.234375, 2.33984375, 5.328125, 1.634765625, 1.4755859375, 0.05010986328125, 10.6015625, 8.4921875, 2.37890625, 0.07830810546875, 0.412841796875, 3.21875, 4.41015625, 7.8984375, 0.943359375, 1.203125, 0.255615234375, 2.857421875, 2.662109375, 0.281005859375, 1.6640625, 2.494140625, 0.0992431640625, 0.1903076171875, 2.673828125, 0.27783203125, 2.697265625, 7.12890625, 0.2449951171875, 5.29296875, 2.021484375, 2.392578125, 3.16015625, 0.0014715194702148438, 7.51171875, 3.787109375, 2.212890625, 4.09765625, 1.21484375, 0.1666259765625, 0.00649261474609375, 3.080078125, 9.328125, 3.103515625, 10.8828125, 0.2041015625, 6.4140625, 1.80859375, 0.12432861328125, 0.01226043701171875, 2.408203125, 5.25, 1.03125, 0.416015625, 0.39453125, 0.00452423095703125, 1.484375, 8.3203125, 0.1168212890625, 3.4296875, 0.98779296875, 3.083984375, 1.4453125, 0.6533203125, 8.3828125, 0.188232421875, 2.607421875, 0.336181640625, 0.0587158203125, 0.156494140625, 6.83984375, 1.8466796875, 1.3740234375]",-1.074980563305794
68,0,test,3.054283295990899,1.4277710492437286,1.4277710492437286,8.656615087532218,4.046666012497419,4.046666012497419,21.205981667151455,16.119876997479945,16.119876997479945,60.103141410213794,45.68782817517796,45.68782817517796,3.7583527684810774,1.7063642131058803,2.3636493727044403,7.091231638643542,3.2195551190676985,4.459715797555548,42.877738213343804,35.0943748368431,38.84396025374199,80.90139285536566,66.21580157894924,73.2904910447962,3.582510696207002,1.6639897723600519,2.2894212751118808,8.39650944423516,3.8999760289688714,5.36583111354347,35.963721570827865,29.15284436123671,32.319694453181604,84.2899724316278,68.32697897164854,75.74928387464438,0.7688442211055276,-0.006155778894472386,0.003844221105527623,0.6834170854271358,-0.02158291457286432,-0.016582914572864205,0.5326633165829145,0.0076633165829145256,-0.02233668341708539,0.423828125,0.10906761669110454,0.10906761669110454,0.33659491193737767,0.4120603015075377,0.043639248875958714,0.13493175392823886,0.398989898989899,0.4046822742474916,0.035734027169027516,0.13438194054337593,0.3691275167785235,28.0,16.0,15.0,41.0,15.0,15.0,50.0,18.0,17.0,0.0015463362510001147,0.000452345126068861,0.0012173758987947944,-0.030953728275196823,-0.022780687252197396,-0.03632272923413993,"[2.7109375, 5.57421875, 3.859375, 3.724609375, 7.53515625, 0.564453125, 4.00390625, 4.27734375, 0.057159423828125, 8.1875, 3.0625, 3.177734375, 0.7998046875, 0.47412109375, 0.61865234375, 2.337890625, 0.2467041015625, 1.818359375, 3.314453125, 7.91796875, 8.4140625, 6.8671875, 6.88671875, 7.3515625, 9.8984375, 3.708984375, 0.0660400390625, 0.080810546875, 2.330078125, 6.62890625, 0.383544921875, 8.265625, 8.5859375, 3.67578125, 3.26953125, 4.49609375, 0.10101318359375, 1.6640625, 4.984375, 11.109375, 7.578125, 0.348388671875, 2.0078125, 8.90625, 9.1328125, 6.32421875, 8.8125, 2.896484375, 3.123046875, 0.258056640625, 0.406005859375, 0.8193359375, 10.1953125, 0.57470703125, 1.86328125, 0.22216796875, 2.123046875, 6.7421875, 4.62890625, 3.46875, 8.125, 7.16015625, 0.46875, 4.6796875, 1.828125, 3.39453125, 2.09375, 2.673828125, 7.47265625, 7.453125, 10.65625, 10.75, 2.638671875, 4.31640625, 3.6484375, 3.5078125, 3.859375, 0.55810546875, 2.935546875, 2.724609375, 5.9296875, 0.06597900390625, 7.421875, 2.375, 0.6552734375, 6.60546875, 2.21484375, 8.3203125, 5.34765625, 6.08203125, 3.197265625, 2.03125, 1.79296875, 0.060333251953125, 0.0203094482421875, 0.382568359375, 10.09375, 4.5546875, 3.275390625, 2.73828125, 6.08984375, 3.12109375, 1.0595703125, 1.935546875, 1.3359375, 3.24609375, 2.607421875, 0.0035991668701171875, 0.52685546875, 1.9052734375, 6.85546875, 0.00489044189453125, 5.171875, 6.57421875, 2.73828125, 3.466796875, 5.44921875, 3.0625, 4.40625, 2.603515625, 3.068359375, 2.384765625, 5.63671875, 6.359375, 2.08203125, 0.007709503173828125, 0.01207733154296875, 0.133056640625, 7.734375, 2.4921875, 5.55859375, 8.96875, 1.3984375, 11.0, 1.4462890625, 5.04296875, 4.484375, 0.020843505859375, 2.24609375, 3.07421875, 5.1328125, 2.8359375, 3.349609375, 3.806640625, 5.078125, 3.54296875, 1.61328125, 6.28125, 2.267578125, 6.40625, 2.880859375, 0.356689453125, 0.00411224365234375, 0.0120391845703125, 0.039337158203125, 5.5, 5.50390625, 2.87109375, 3.220703125, 5.5859375, 0.315673828125, 7.0390625, 7.51171875, 0.405517578125, 8.4140625, 2.482421875, 0.10968017578125, 9.5, 2.00390625, 3.021484375, 6.1484375, 5.6328125, 3.1796875, 3.71484375, 5.8359375, 3.654296875, 5.171875, 3.58984375, 3.470703125, 0.061614990234375, 0.64794921875, 0.079833984375, 2.251953125, 11.5390625, 4.453125, 3.8125, 1.7451171875, 0.9775390625, 0.01776123046875, 0.470458984375, 0.439697265625, 0.06488037109375, 0.0201568603515625, 5.09375, 0.880859375, 8.53125, 8.859375, 3.74609375, 3.728515625, 4.3515625, 0.33447265625, 4.140625, 9.2578125, 0.149169921875, 3.830078125, 2.591796875, 2.939453125, 0.050750732421875, 2.251953125, 3.150390625, 2.361328125, 2.625, 0.7626953125, 3.861328125, 2.390625, 8.5625, 5.9609375, 2.658203125, 2.65234375, 2.6796875, 6.12109375, 0.75048828125, 0.00888824462890625, 3.076171875, 0.048492431640625, 4.5703125, 8.2265625, 5.6328125, 8.734375, 0.2303466796875, 4.80859375, 3.322265625, 2.62109375, 0.58935546875, 1.5908203125, 2.724609375, 5.78125, 0.019683837890625, 4.34765625, 2.861328125, 5.6328125, 0.074462890625, 3.873046875, 2.662109375, 8.4453125, 2.681640625, 9.0625, 2.974609375, 6.5625, 0.5224609375, 0.0035724639892578125, 0.161376953125, 0.01003265380859375, 5.96875, 3.958984375, 5.3515625, 4.98828125, 7.359375, 0.53076171875, 3.44140625, 5.71875, 3.123046875, 0.0203857421875, 0.67529296875, 4.953125, 2.71875, 0.005687713623046875, 1.8076171875, 5.953125, 2.3359375, 1.3408203125, 8.65625, 4.515625, 6.6953125, 4.8125, 2.81640625, 2.41015625, 3.783203125, 0.62353515625, 0.003292083740234375, 0.0130615234375, 0.00530242919921875, 9.0234375, 4.625, 3.470703125, 2.302734375, 3.673828125, 0.0826416015625, 3.1171875, 2.951171875, 2.990234375, 2.826171875, 0.49853515625, 3.7265625, 6.3046875, 0.00138092041015625, 4.7421875, 6.09375, 0.869140625, 3.630859375, 5.87109375, 2.87109375, 2.26953125, 3.451171875, 5.02734375, 3.76953125, 2.412109375, 3.251953125, 2.5625, 2.4765625, 0.0216217041015625, 0.0306243896484375, 0.01345062255859375, 2.1796875, 0.1619873046875, 6.48828125, 0.84814453125, 0.787109375, 9.1953125, 2.4453125, 8.2421875, 0.0338134765625, 4.84375, 5.1015625, 1.5146484375, 4.02734375, 0.37646484375, 1.2109375, 1.703125, 3.400390625, 7.16015625, 0.050140380859375, 0.310791015625, 0.2469482421875, 0.1107177734375, 0.006587982177734375, 3.580078125, 5.50390625, 0.128662109375, 0.133544921875, 3.119140625, 0.054718017578125, 0.517578125, 0.0294036865234375, 0.0018863677978515625, 0.06085205078125, 0.443603515625, 2.69921875, 3.80859375, 0.041107177734375, 2.408203125, 9.0546875, 0.171142578125, 5.21484375, 4.375, 0.54443359375, 6.20703125, 9.2109375, 2.943359375, 3.7265625, 1.4052734375, 0.45703125, 0.759765625, 0.0306854248046875, 2.328125, 0.41259765625, 0.96240234375, 0.2205810546875, 9.015625, 0.642578125, 11.1875, 0.81103515625, 7.9609375, 0.47412109375, 2.955078125, 6.6796875, 0.6484375, 7.70703125, 6.7578125, 1.7529296875, 6.515625, 3.263671875, 9.3125, 0.429443359375, 0.4033203125, 5.3828125, 6.1484375, 1.515625, 2.55859375, 0.54638671875, 2.103515625, 1.8203125, 0.91748046875, 2.634765625, 0.552734375, 1.546875, 0.024322509765625, 0.022003173828125, 0.02947998046875, 0.09429931640625, 0.6884765625, 0.19775390625, 0.6328125, 0.056854248046875, 2.794921875, 0.4521484375, 3.609375, 11.0859375, 11.125, 4.1171875, 9.21875, 7.25390625, 1.5029296875, 0.38427734375, 0.1336669921875, 0.0384521484375, 0.673828125, 2.919921875, 0.0265960693359375, 0.11083984375, 0.0161285400390625, 0.244873046875, 0.90478515625, 0.53271484375, 0.8544921875, 0.103515625, 0.3369140625, 0.0009279251098632812, 0.73486328125, 1.357421875, 0.00481414794921875, 0.72607421875, 4.078125, 0.2303466796875, 0.318359375, 0.1768798828125, 9.1484375, 2.3828125, 4.50390625, 0.0280303955078125, 1.0283203125, 0.71337890625, 0.3818359375, 0.023895263671875, 0.051116943359375, 0.01030731201171875, 1.5068359375, 0.46044921875, 0.276123046875, 0.2137451171875, 0.1329345703125, 0.1966552734375, 8.0859375, 8.28125, 0.5517578125, 0.0374755859375, 0.01194000244140625, 0.003940582275390625, 0.3193359375, 0.69482421875, 0.0009541511535644531, 0.04193115234375, 0.001956939697265625, 0.01216888427734375, 0.0257110595703125, 0.2205810546875, 2.173828125, 0.0225067138671875, 0.0256195068359375, 0.00022327899932861328, 0.1474609375, 0.1502685546875, 0.0013828277587890625, 0.355712890625, 1.404296875, 0.0114288330078125, 0.0053558349609375, 4.51171875, 6.33203125, 2.205078125, 6.44140625, 1.0859375, 0.64208984375, 5.45703125, 10.25, 0.10296630859375, 1.9267578125, 4.2265625, 1.6884765625, 3.337890625, 0.0015668869018554688, 7.0, 1.04296875, 6.109375, 0.8466796875, 4.5390625, 3.974609375, 1.041015625, 0.040924072265625, 6.30078125, 4.63671875, 1.3798828125, 0.007617950439453125, 0.419921875, 0.44775390625, 10.1015625, 5.05078125, 0.3818359375, 0.35009765625, 0.58984375, 2.666015625, 0.30859375]",-1.0014170061331242
45,0,test,2.7501593524759467,1.105851571858329,1.3072540843475133,7.3061462315776655,2.9378345975272477,3.4728858505858637,15.64512477492812,10.467700022457652,11.41214887506554,41.56325316712832,27.808769336770034,30.31781719219219,2.2970144592936914,0.9500582044493127,1.3493203296364236,6.755924880275563,2.7942888366156255,3.968589204813011,9.94444853508357,6.098746174437138,7.364694318108345,29.248378044363438,17.93748874834452,21.66086564149513,2.3945844751536645,0.9620583424554143,1.402176225274224,6.590599472899994,2.6478669975837095,3.8592006200208004,10.963641447025665,6.774372962340054,8.265917999181754,30.175159945942198,18.645063199101067,22.750233025270884,0.3919597989949749,0.001959798994974893,-0.01304020100502512,0.31155778894472363,0.0015577889447235815,0.006557788944723586,0.26633165829145733,0.001331658291457316,-0.008668341708542693,0.3795454545454545,0.105992673614694,0.123435972629521,0.3667425968109339,0.29648241206030146,0.06339970529338412,0.11284301306197086,0.24242424242424243,0.3311036789297659,0.08569466390472413,0.13310590362387043,0.30201342281879195,21.0,-1.0,-1.0,30.0,1.0,-1.0,31.0,-3.0,-3.0,0.0006891402720767921,-0.0005500695768172019,-6.635633454385765e-05,-0.09416192749500585,-0.07749904304917621,-0.0822487033082373,"[7.19921875, 0.9091796875, 5.91796875, 4.51171875, 10.65625, 0.09027099609375, 6.296875, 4.546875, 4.07421875, 7.68359375, 9.984375, 5.5859375, 12.015625, 2.0234375, 5.91796875, 1.76953125, 3.73046875, 3.564453125, 5.04296875, 8.40625, 5.7578125, 3.302734375, 0.2066650390625, 10.5546875, 3.177734375, 8.7890625, 2.88671875, 1.17578125, 2.6484375, 0.185302734375, 8.421875, 7.7734375, 1.3740234375, 0.1663818359375, 2.61328125, 0.257568359375, 7.0234375, 1.6796875, 0.07281494140625, 0.60986328125, 0.1605224609375, 1.6337890625, 0.638671875, 0.136962890625, 1.2626953125, 6.765625, 0.06341552734375, 2.10546875, 0.09783935546875, 1.8525390625, 0.023681640625, 0.1436767578125, 0.0401611328125, 0.00972747802734375, 0.220458984375, 1.7158203125, 0.12286376953125, 0.003875732421875, 0.1741943359375, 0.189208984375, 0.156494140625, 0.449462890625, 0.1251220703125, 0.057891845703125, 0.896484375, 0.2100830078125, 0.0704345703125, 10.8359375, 8.03125, 8.7890625, 0.11083984375, 0.044464111328125, 0.83935546875, 0.0152740478515625, 0.11505126953125, 0.00836944580078125, 0.0147247314453125, 0.0133819580078125, 0.001583099365234375, 0.2322998046875, 0.50830078125, 0.02545166015625, 0.0006561279296875, 0.07452392578125, 0.043792724609375, 7.01171875, 0.034942626953125, 0.020843505859375, 0.0005755424499511719, 0.08526611328125, 0.05609130859375, 0.85400390625, 0.10028076171875, 0.011932373046875, 7.6171875, 4.78515625, 0.277099609375, 0.1710205078125, 0.0003294944763183594, 0.032012939453125, 0.032958984375, 0.002010345458984375, 0.427490234375, 0.00804901123046875, 0.0263214111328125, 0.0027751922607421875, 0.00015473365783691406, 0.60693359375, 0.393310546875, 0.00868988037109375, 0.0002880096435546875, 0.037322998046875, 0.046539306640625, 0.11590576171875, 0.09246826171875, 0.00659942626953125, 0.1654052734375, 7.319450378417969e-05, 0.0181884765625, 0.054168701171875, 0.873046875, 0.032806396484375, 0.004032135009765625, 9.578125, 8.0390625, 0.25732421875, 0.2100830078125, 0.01157379150390625, 0.2457275390625, 0.003452301025390625, 0.03167724609375, 0.015411376953125, 0.0005364418029785156, 0.0662841796875, 0.46533203125, 0.01464080810546875, 0.0006608963012695312, 0.10272216796875, 0.08441162109375, 1.4404296875, 0.00635528564453125, 0.047882080078125, 0.052490234375, 0.493896484375, 0.033355712890625, 0.0125885009765625, 8.046875, 6.4140625, 1.28515625, 10.0859375, 0.066650390625, 0.17333984375, 10.03125, 0.01380157470703125, 1.5556640625, 1.421875, 0.822265625, 0.001461029052734375, 0.046112060546875, 0.039642333984375, 0.050079345703125, 0.005306243896484375, 0.002719879150390625, 0.1480712890625, 0.00214385986328125, 0.63720703125, 0.0540771484375, 1.4169921875, 2.408203125, 0.11383056640625, 0.171142578125, 11.875, 7.05859375, 1.9794921875, 4.09375, 7.98046875, 1.625, 13.578125, 5.421875, 6.4375, 2.828125, 0.185791015625, 0.3154296875, 11.15625, 8.1328125, 7.33984375, 0.7373046875, 2.033203125, 0.1624755859375, 4.21875, 3.61328125, 7.28125, 5.75390625, 1.2412109375, 10.328125, 8.2890625, 0.71484375, 0.265380859375, 1.3173828125, 0.00366973876953125, 0.591796875, 0.5224609375, 0.2183837890625, 5.37890625, 6.4375, 0.6494140625, 5.35546875, 7.03125, 1.11328125, 0.86572265625, 6.37890625, 1.3427734375, 2.39453125, 0.368408203125, 0.05609130859375, 0.83203125, 0.1917724609375, 0.0230712890625, 0.001422882080078125, 7.66796875, 3.541015625, 1.796875, 1.052734375, 5.984375, 2.92578125, 7.17578125, 4.98828125, 6.3515625, 0.8115234375, 0.2127685546875, 2.12890625, 0.0015344619750976562, 0.363037109375, 0.1124267578125, 0.0423583984375, 7.1953125, 8.171875, 4.328125, 0.1871337890625, 13.0234375, 1.58984375, 6.1796875, 5.984375, 7.12890625, 3.5703125, 0.06268310546875, 0.39208984375, 0.1099853515625, 0.01212310791015625, 0.0021419525146484375, 3.91015625, 2.94921875, 5.84375, 5.47265625, 5.49609375, 0.6796875, 4.3203125, 4.140625, 3.939453125, 2.78515625, 0.00809478759765625, 0.0013074874877929688, 0.19287109375, 5.44140625, 2.888671875, 7.48828125, 3.40234375, 3.044921875, 1.7724609375, 7.8359375, 3.279296875, 1.2568359375, 0.1485595703125, 2.130859375, 0.0009641647338867188, 0.371826171875, 0.0338134765625, 0.039520263671875, 0.205322265625, 7.83203125, 0.359130859375, 7.375, 0.97900390625, 0.1966552734375, 0.357177734375, 2.94140625, 0.06756591796875, 2.5546875, 4.57421875, 0.0506591796875, 0.87841796875, 1.6142578125, 3.248046875, 0.39990234375, 0.0565185546875, 0.032318115234375, 0.03900146484375, 0.0309295654296875, 0.0014324188232421875, 12.0078125, 6.44140625, 7.859375, 4.86328125, 6.4140625, 9.28125, 0.1751708984375, 1.4267578125, 5.88671875, 7.015625, 3.533203125, 8.2578125, 0.9580078125, 0.1363525390625, 2.12890625, 0.00047707557678222656, 6.2890625, 0.397216796875, 0.1236572265625, 5.71484375, 8.46875, 0.2181396484375, 3.21875, 0.057373046875, 0.1304931640625, 0.41064453125, 0.1053466796875, 0.006687164306640625, 7.39453125, 6.1875, 0.29931640625, 6.31640625, 7.91015625, 1.7490234375, 4.0703125, 0.304443359375, 5.80859375, 4.0703125, 8.0, 4.1015625, 5.8046875, 1.525390625, 0.837890625, 5.5234375, 2.361328125, 0.065185546875, 0.1300048828125, 3.091796875, 6.8671875, 1.1044921875, 7.25, 2.423828125, 0.89111328125, 3.201171875, 5.9375, 7.34765625, 0.99609375, 5.28515625, 8.5390625, 1.5693359375, 0.406982421875, 2.474609375, 0.180419921875, 2.130859375, 0.00031876564025878906, 4.4921875, 0.464111328125, 0.14208984375, 4.10546875, 10.4765625, 0.9794921875, 0.06109619140625, 2.0703125, 0.0241851806640625, 0.0180206298828125, 0.05181884765625, 0.047393798828125, 0.001361846923828125, 5.64453125, 5.6796875, 7.5859375, 1.7685546875, 8.7109375, 2.26171875, 6.0, 0.84033203125, 8.5546875, 11.1015625, 4.609375, 11.4609375, 2.74609375, 2.568359375, 1.052734375, 2.96875, 1.83203125, 0.0762939453125, 1.892578125, 4.1796875, 0.057220458984375, 0.334228515625, 0.10211181640625, 1.3154296875, 0.000530242919921875, 2.365234375, 0.0784912109375, 0.021759033203125, 10.765625, 8.25, 2.955078125, 0.053924560546875, 0.0270538330078125, 5.03515625, 4.75, 0.5009765625, 3.677734375, 1.7353515625, 5.390625, 5.68359375, 3.0546875, 5.12890625, 6.34375, 1.4306640625, 10.234375, 6.171875, 3.697265625, 3.974609375, 1.2001953125, 8.3671875, 5.6328125, 0.81640625, 7.40625, 6.71875, 0.488525390625, 0.07147216796875, 2.51953125, 4.27734375, 4.4765625, 3.51953125, 6.8671875, 5.55078125, 1.5048828125]",-1.0094899242574518
70,0,test,3.6259596372695957,1.7071081327846176,1.819024585483943,9.017930704090185,4.245657532314074,4.523998969079235,37.56075056633251,30.747621440408416,31.46900266785841,93.41533819606012,76.47076834920227,78.26487710140951,3.8236386907759625,1.7472971833470932,2.416418858525969,7.146988207057873,3.265976043639426,4.516670763599942,45.77045020098766,37.795212073837845,41.685866425194654,85.55224336633206,70.64525621278102,77.91750733681243,3.695368081032233,1.7255695618945275,2.360279992437599,8.151547237571103,3.806403445355576,5.206499983318234,40.26038894651563,33.09115706671575,36.46005824905017,88.80968149966684,72.99519941187297,80.42659907878713,0.6934673366834171,0.013467336683417153,-0.0015326633165829717,0.5728643216080402,-0.012135678391959726,-0.0021356783919597166,0.4623115577889447,-0.027688442211055264,-0.007688442211055246,0.4321503131524008,0.12975198155698897,0.14280524961378893,0.41631799163179917,0.4170854271356784,0.10630848477978871,0.18169310660145477,0.40909090909090906,0.4147157190635451,0.11588433342080717,0.18334753218924027,0.40268456375838924,25.0,0.0,0.0,37.0,1.0,0.0,40.0,0.0,-1.0,-0.0005551844204347898,0.0005976108271038094,0.00042906853022667225,-0.00020377170670737854,0.00020454352911070117,-0.0001754284920139071,"[9.1953125, 3.724609375, 4.21875, 0.00907135009765625, 0.0200347900390625, 0.91259765625, 1.8173828125, 0.8232421875, 5.41796875, 0.002071380615234375, 9.890625, 0.0132293701171875, 6.671875, 7.90234375, 3.416015625, 6.1796875, 0.231689453125, 1.0595703125, 0.0406494140625, 2.35546875, 0.218505859375, 6.6015625, 4.75, 2.96484375, 7.87109375, 1.7451171875, 9.9296875, 0.646484375, 5.359375, 0.53662109375, 3.48046875, 0.025787353515625, 3.94921875, 0.09625244140625, 7.84375, 0.34765625, 6.32421875, 0.42919921875, 10.1328125, 1.427734375, 5.421875, 6.7578125, 2.603515625, 2.296875, 6.2109375, 2.236328125, 1.0830078125, 2.259765625, 9.3046875, 0.703125, 4.2890625, 7.25390625, 14.0859375, 10.734375, 4.63671875, 7.109375, 9.1328125, 7.16796875, 1.2578125, 7.01953125, 0.94775390625, 1.0009765625, 8.1875, 5.265625, 12.0546875, 8.234375, 8.078125, 1.5390625, 6.6484375, 4.30859375, 6.34765625, 11.078125, 4.90234375, 7.2890625, 6.52734375, 7.08203125, 6.21484375, 0.28759765625, 1.521484375, 1.1826171875, 6.9375, 8.6484375, 8.3125, 4.95703125, 1.9658203125, 8.9375, 10.515625, 3.609375, 1.8037109375, 6.30859375, 3.919921875, 9.375, 2.90234375, 0.34521484375, 4.8671875, 2.640625, 9.4609375, 0.456298828125, 11.2734375, 6.31640625, 5.0234375, 0.60693359375, 1.89453125, 10.6484375, 4.7734375, 3.490234375, 2.70703125, 1.5927734375, 3.5078125, 2.9375, 5.30859375, 2.484375, 10.2734375, 1.318359375, 2.408203125, 1.8759765625, 2.93359375, 9.0703125, 1.01953125, 1.609375, 0.285888671875, 0.2081298828125, 0.419677734375, 5.2265625, 1.1552734375, 5.578125, 1.9736328125, 2.44921875, 3.73046875, 2.435546875, 0.2275390625, 0.0169525146484375, 0.282470703125, 1.4111328125, 0.87939453125, 4.98046875, 3.24609375, 2.90625, 2.2578125, 0.8447265625, 0.034942626953125, 0.00392913818359375, 0.038299560546875, 3.947265625, 0.125244140625, 2.890625, 0.341796875, 0.568359375, 8.7578125, 2.6484375, 0.845703125, 0.018646240234375, 0.005954742431640625, 0.64501953125, 0.3486328125, 0.028350830078125, 7.37109375, 0.237060546875, 3.05078125, 3.447265625, 0.72021484375, 0.4443359375, 0.11859130859375, 0.0020275115966796875, 0.07086181640625, 6.19140625, 0.255615234375, 2.9453125, 0.07342529296875, 0.243408203125, 4.109375, 0.59326171875, 9.25, 6.26953125, 15.4296875, 8.5546875, 0.62158203125, 0.01261138916015625, 0.0010499954223632812, 0.0491943359375, 11.5859375, 0.389892578125, 8.265625, 0.54345703125, 1.5712890625, 9.0703125, 2.486328125, 6.140625, 6.6328125, 1.36328125, 0.3125, 5.5390625, 1.2734375, 0.3291015625, 0.11761474609375, 0.0362548828125, 6.69140625, 8.59375, 11.2421875, 2.267578125, 11.3359375, 2.900390625, 0.12384033203125, 11.8125, 0.375, 0.2490234375, 5.37890625, 6.875, 4.0078125, 8.609375, 1.5927734375, 6.3203125, 8.7421875, 7.97265625, 3.4375, 2.822265625, 0.439453125, 1.73046875, 0.447265625, 0.67041015625, 0.85302734375, 0.7607421875, 0.53076171875, 3.310546875, 3.50390625, 4.390625, 4.22265625, 4.5625, 1.4521484375, 1.900390625, 1.701171875, 5.65234375, 0.01338958740234375, 1.2099609375, 6.1875, 4.39453125, 3.57421875, 5.80078125, 4.234375, 3.837890625, 2.00390625, 0.57666015625, 6.70703125, 0.0166015625, 0.61865234375, 1.0732421875, 1.3291015625, 0.5625, 5.87890625, 2.33984375, 4.13671875, 0.420166015625, 5.171875, 5.7265625, 4.828125, 0.413818359375, 0.10040283203125, 0.884765625, 0.017242431640625, 0.47509765625, 4.49609375, 0.9169921875, 0.66259765625, 0.66162109375, 0.343994140625, 0.55859375, 0.10980224609375, 1.6337890625, 0.876953125, 0.007732391357421875, 0.237060546875, 0.525390625, 0.11669921875, 2.37109375, 2.169921875, 4.26953125, 11.0390625, 7.875, 0.50537109375, 5.4609375, 6.44140625, 4.44921875, 8.0546875, 4.60546875, 8.75, 5.12109375, 3.4609375, 0.130859375, 4.83203125, 3.98046875, 7.53515625, 1.7958984375, 14.0546875, 0.79931640625, 2.005859375, 9.5859375, 5.88671875, 3.1953125, 4.3359375, 5.26171875, 2.44921875, 0.031585693359375, 0.32373046875, 5.47265625, 0.7978515625, 0.673828125, 2.5703125, 6.47265625, 4.5859375, 5.203125, 0.96875, 5.20703125, 0.96533203125, 8.6953125, 2.541015625, 11.375, 0.007965087890625, 0.069580078125, 10.640625, 0.3564453125, 0.3896484375, 3.736328125, 6.62109375, 7.4140625, 0.1480712890625, 6.33203125, 5.37109375, 8.484375, 3.99609375, 7.234375, 4.2890625, 7.7421875, 3.189453125, 6.62109375, 1.19921875, 5.3046875, 0.85791015625, 1.7421875, 6.7109375, 9.2578125, 3.740234375, 0.02105712890625, 10.6875, 4.46875, 0.7763671875, 0.83056640625, 3.59765625, 5.23046875, 0.18310546875, 0.1549072265625, 1.240234375, 9.109375, 3.048828125, 4.36328125, 0.296630859375, 0.1204833984375, 12.078125, 6.3515625, 0.006923675537109375, 15.2265625, 0.32177734375, 0.033416748046875, 4.05078125, 4.82421875, 9.0390625, 5.55859375, 6.63671875, 3.896484375, 0.0124969482421875, 7.8125, 5.21484375, 0.03363037109375, 3.060546875, 5.7890625, 10.4140625, 5.6015625, 5.4765625, 0.4541015625, 3.306640625, 0.38623046875, 0.7060546875, 7.0078125, 2.07421875, 9.2109375, 4.90625, 2.578125, 5.4375, 3.154296875, 2.181640625, 0.0122222900390625, 1.5380859375, 6.4765625, 5.71484375, 2.587890625, 0.03515625, 4.01171875, 3.86328125, 0.256591796875, 6.671875, 0.112060546875, 5.18359375, 7.578125, 0.380859375, 2.9296875, 1.4873046875, 3.34375, 1.8583984375, 3.15625, 0.447509765625, 0.52294921875, 1.6806640625, 6.95703125, 0.201171875, 6.328125, 4.45703125, 6.8515625, 2.53515625, 4.56640625, 6.6484375, 0.372314453125, 0.267822265625, 0.1568603515625, 3.806640625, 7.03515625, 0.5234375, 2.255859375, 0.05609130859375, 0.75, 5.8046875, 1.7841796875, 5.421875, 7.79296875, 3.5859375, 8.3203125, 0.1326904296875, 0.109375, 0.76806640625, 2.013671875, 0.01450347900390625, 4.484375, 1.3369140625, 0.6796875, 4.32421875, 0.265380859375, 0.10980224609375, 5.9375, 1.212890625, 7.6953125, 0.1466064453125, 0.450439453125, 0.0161285400390625, 6.81640625, 3.033203125, 1.6708984375, 0.5791015625, 2.21875, 0.0899658203125, 9.1796875, 1.0595703125, 8.1015625, 0.299560546875, 3.63671875, 3.275390625, 8.09375, 0.115478515625, 4.1953125, 3.31640625, 2.3203125, 0.9462890625, 6.35546875, 0.28955078125, 2.29296875, 9.03125, 1.65625, 0.89111328125, 0.2340087890625, 0.859375, 6.53515625, 2.451171875]",-1.1793768381027188
237,0,test,1.9697413728507933,0.8324676416125085,1.144550484029239,7.350993577030796,3.1067349099353416,4.2714152084390165,7.168822196523989,4.050566632891838,4.886505804087614,26.75374881589365,15.11654764027676,18.236238155460995,2.3972685732434145,1.0359028041009195,1.4590473642061306,7.733124429817466,3.3416219487126435,4.706604400664937,10.993108464582129,7.091590226713167,8.43767667044968,35.46164020832945,22.876097505526346,27.218311840160254,2.169893068214723,0.901322302983713,1.2836167290826452,7.842986993547191,3.257791456567637,4.639578538852934,8.7573475518635,5.201580648631213,6.331268636171606,31.653063440470483,18.80089391071523,22.884103504234723,0.49246231155778897,-0.002537688442211028,-0.002537688442211028,0.3919597989949749,-0.0030402010050251116,0.011959798994974902,0.31155778894472363,0.0015577889447235815,-0.003442211055276312,0.35180055401662047,0.11113665360168268,0.14358941032160577,0.27222222222222225,0.3467336683417085,0.08858830493318715,0.1580859220979689,0.29292929292929293,0.3511705685618729,0.10910045170043714,0.1542851403082578,0.28523489932885904,20.0,3.0,4.0,31.0,2.0,1.0,37.0,2.0,2.0,0.0008229600830904432,0.00044629698913181085,0.00034955472417778433,-0.029795205951956838,-0.03697161405068794,-0.032689731924076426,"[10.15625, 7.5234375, 9.0078125, 5.08984375, 0.75927734375, 7.11328125, 2.470703125, 5.8046875, 5.40625, 0.56884765625, 8.2265625, 3.435546875, 1.8212890625, 1.6904296875, 4.88671875, 0.369384765625, 0.054290771484375, 0.09954833984375, 11.21875, 5.453125, 0.1312255859375, 3.44140625, 0.338134765625, 0.033172607421875, 1.4482421875, 0.1258544921875, 0.03851318359375, 1.166015625, 0.1710205078125, 0.031463623046875, 6.3671875, 3.185546875, 3.50390625, 0.1180419921875, 0.1236572265625, 1.2744140625, 0.167724609375, 0.01537322998046875, 6.15625, 0.82568359375, 5.06640625, 0.053466796875, 6.72265625, 1.4365234375, 9.0234375, 0.2230224609375, 0.83740234375, 0.4501953125, 0.03741455078125, 0.9287109375, 0.028778076171875, 0.5478515625, 0.00433349609375, 11.6875, 4.3515625, 0.5458984375, 0.272216796875, 0.193115234375, 0.0440673828125, 9.7734375, 1.369140625, 5.21875, 0.79345703125, 6.765625, 0.036468505859375, 0.7490234375, 5.0703125, 5.453125, 6.56640625, 2.90625, 3.142578125, 0.034698486328125, 4.2265625, 3.505859375, 0.0909423828125, 0.0347900390625, 2.609375, 0.282470703125, 0.11932373046875, 0.1300048828125, 0.01486968994140625, 2.0, 2.51953125, 0.07562255859375, 5.515625, 0.55029296875, 1.5419921875, 0.0599365234375, 1.216796875, 4.06640625, 0.1251220703125, 10.1015625, 0.019775390625, 0.0654296875, 5.8828125, 2.759765625, 2.2734375, 0.31884765625, 2.359375, 4.828125, 0.033782958984375, 0.003871917724609375, 0.0005731582641601562, 4.83203125, 2.21875, 2.33984375, 0.2392578125, 0.1241455078125, 0.06903076171875, 0.045379638671875, 3.0859375, 0.09027099609375, 0.08856201171875, 0.005016326904296875, 5.45703125, 0.0022792816162109375, 2.232421875, 4.6484375, 0.375244140625, 0.26513671875, 0.73681640625, 0.794921875, 0.01235198974609375, 0.048858642578125, 0.0274505615234375, 11.6796875, 1.517578125, 3.94921875, 2.029296875, 3.9375, 0.427734375, 1.822265625, 0.8037109375, 2.416015625, 0.01412200927734375, 0.0379638671875, 0.002979278564453125, 2.783203125, 0.357177734375, 0.0100250244140625, 0.4501953125, 4.25, 6.02734375, 11.0546875, 5.48828125, 0.79296875, 1.98046875, 2.6484375, 0.99462890625, 6.5078125, 1.2119140625, 0.1771240234375, 1.66015625, 0.87939453125, 6.46875, 0.0703125, 0.09210205078125, 12.125, 6.69140625, 4.46484375, 0.61669921875, 0.46240234375, 5.24609375, 0.0261688232421875, 0.2220458984375, 0.0010547637939453125, 1.1943359375, 1.654296875, 1.37109375, 0.779296875, 7.15234375, 0.32177734375, 5.97265625, 0.9482421875, 3.84765625, 5.4140625, 0.2132568359375, 0.0173187255859375, 0.00995635986328125, 4.5234375, 0.0031909942626953125, 2.3125, 4.1484375, 0.1824951171875, 0.10443115234375, 0.0117645263671875, 1.146484375, 0.252197265625, 0.0017910003662109375, 0.50390625, 2.23046875, 2.201171875, 1.2158203125, 0.19677734375, 0.6611328125, 0.454833984375, 7.140625, 0.43896484375, 7.609375, 1.466796875, 3.572265625, 0.0007090568542480469, 0.72900390625, 1.9482421875, 2.197265625, 0.455078125, 3.583984375, 4.35546875, 0.66748046875, 0.51220703125, 2.673828125, 0.34228515625, 1.140625, 0.0280914306640625, 2.744140625, 5.63671875, 0.49609375, 0.57958984375, 5.83203125, 2.369140625, 3.26953125, 0.0195159912109375, 0.03460693359375, 0.0007357597351074219, 3.87109375, 6.11328125, 2.2734375, 1.775390625, 0.00954437255859375, 0.03009033203125, 0.0006937980651855469, 0.56396484375, 3.064453125, 2.291015625, 4.4140625, 0.127197265625, 0.2056884765625, 0.80615234375, 0.04156494140625, 0.063720703125, 3.630859375, 0.9921875, 7.79296875, 7.46484375, 3.85546875, 0.3603515625, 0.98876953125, 0.2939453125, 0.40283203125, 1.4931640625, 8.4921875, 0.00649261474609375, 0.34228515625, 0.0020771026611328125, 0.011077880859375, 0.00017595291137695312, 1.3740234375, 8.2421875, 0.1639404296875, 2.6796875, 0.00666046142578125, 0.54736328125, 0.0006361007690429688, 0.0141448974609375, 6.592273712158203e-05, 0.209228515625, 4.72265625, 0.272705078125, 4.80859375, 0.0011491775512695312, 0.00588226318359375, 0.0001842975616455078, 3.142578125, 3.697265625, 0.82470703125, 0.7578125, 0.018035888671875, 0.026336669921875, 0.06982421875, 0.045501708984375, 0.355224609375, 0.05645751953125, 0.0245208740234375, 8.7734375, 3.0859375, 8.5, 0.198974609375, 0.5908203125, 0.010223388671875, 0.05029296875, 0.13818359375, 0.07305908203125, 0.54248046875, 5.61328125, 1.8251953125, 0.002716064453125, 0.292236328125, 0.002223968505859375, 0.00337982177734375, 3.3736228942871094e-05, 2.17578125, 4.9296875, 5.02734375, 0.89599609375, 0.00036454200744628906, 0.1092529296875, 0.0002808570861816406, 0.0016422271728515625, 5.888938903808594e-05, 0.83740234375, 4.671875, 4.09375, 1.62109375, 3.16015625, 0.0016345977783203125, 0.022491455078125, 0.0004444122314453125, 1.2138671875, 4.30859375, 0.048431396484375, 1.970703125, 0.046112060546875, 0.007015228271484375, 0.03857421875, 0.0258941650390625, 0.13720703125, 0.0167694091796875, 0.01398468017578125, 6.984375, 4.6953125, 1.5322265625, 0.026885986328125, 0.01418304443359375, 0.057464599609375, 0.08258056640625, 2.345703125, 0.0019521713256835938, 0.0455322265625, 0.056427001953125, 0.0401611328125, 0.023681640625, 7.3515625, 0.86181640625, 0.013519287109375, 0.0258331298828125, 3.0546875, 2.2890625, 2.736328125, 0.58642578125, 0.0139923095703125, 0.0028629302978515625, 0.08074951171875, 0.131591796875, 0.0002892017364501953, 0.03704833984375, 0.00033545494079589844, 0.0020847320556640625, 0.0264739990234375, 0.05499267578125, 2.251953125, 0.2061767578125]",-1.687598676892859
74,0,test,2.5967996869768415,1.1086724157297483,1.253837277932201,8.458147551867427,3.611104439805466,4.083927133836312,13.420718733160824,8.991924914672115,9.590344884502723,43.71319815943811,29.28798400778917,31.237123338094577,3.286080192680934,1.470960123076763,2.0437482637606657,7.222154269628426,3.232879391377501,4.491754425847617,26.73785075210919,20.596037173809613,23.27416963943594,58.76450714749272,45.26601576661453,51.152021185573496,3.0910216876894334,1.3802327656502167,1.9204578511726935,7.925696635101111,3.539058373462094,4.924250900442804,21.999543160027898,16.466218041780415,18.775733332142412,56.40908502571256,42.22107190200106,48.14290597985234,0.6432160804020101,0.0032160804020100464,0.0032160804020100464,0.5226130653266332,0.0026130653266331905,-0.002386934673366814,0.457286432160804,-0.017713567839195976,-0.007713567839195967,0.36483516483516487,0.0991930133532768,0.11459078555852753,0.2797356828193832,0.4170854271356784,0.13638367274971352,0.19004035201046976,0.3232323232323232,0.4147157190635451,0.13591772240244326,0.1955833497643238,0.32885906040268453,24.0,0.0,0.0,35.0,0.0,0.0,43.0,2.0,1.0,0.0015194098160973316,0.001114951168181056,0.0002722637100536271,-0.0621002715845389,-0.061212719345154376,-0.06358773253462413,"[11.9765625, 6.05859375, 5.40625, 7.96484375, 8.5625, 11.0546875, 10.078125, 5.2734375, 6.125, 3.4921875, 8.9140625, 0.72802734375, 6.54296875, 0.80322265625, 2.818359375, 7.17578125, 0.14306640625, 7.203125, 1.859375, 2.212890625, 0.032379150390625, 10.2734375, 6.02734375, 3.828125, 10.1796875, 0.4853515625, 3.98828125, 5.49609375, 5.48046875, 1.146484375, 0.76611328125, 5.9609375, 0.427490234375, 0.293212890625, 5.96875, 6.55078125, 0.47509765625, 0.50244140625, 4.10546875, 4.33203125, 0.2020263671875, 7.75390625, 4.30859375, 4.765625, 1.310546875, 1.1572265625, 7.26953125, 2.46875, 0.0474853515625, 6.25390625, 4.54296875, 3.10546875, 0.044403076171875, 8.890625, 1.228515625, 1.49609375, 0.0184173583984375, 3.03125, 1.390625, 0.015594482421875, 1.6982421875, 8.015625, 1.3232421875, 11.3515625, 4.62890625, 0.27685546875, 3.091796875, 9.2578125, 4.8671875, 6.00390625, 6.07421875, 11.046875, 4.3203125, 3.556640625, 6.1015625, 6.984375, 10.46875, 3.66796875, 3.58203125, 3.119140625, 1.3046875, 0.0178985595703125, 7.52734375, 0.049957275390625, 0.90185546875, 9.8359375, 2.501953125, 0.83935546875, 0.0193023681640625, 3.55859375, 3.384765625, 0.08544921875, 2.76953125, 1.5537109375, 0.046234130859375, 3.20703125, 0.415771484375, 2.44921875, 6.765625, 1.5576171875, 0.386962890625, 0.308349609375, 0.0189666748046875, 1.5234375, 3.533203125, 5.8203125, 5.68359375, 4.69140625, 0.826171875, 0.487548828125, 0.344482421875, 0.2261962890625, 0.8037109375, 0.1717529296875, 0.7255859375, 0.830078125, 0.72216796875, 0.05224609375, 1.275390625, 3.79296875, 0.258056640625, 1.9365234375, 8.171875, 3.283203125, 1.5888671875, 0.0679931640625, 4.71484375, 3.333984375, 0.33056640625, 0.036346435546875, 0.1378173828125, 0.004009246826171875, 3.029296875, 0.27685546875, 2.62109375, 0.04461669921875, 1.4755859375, 2.2265625, 0.4072265625, 0.0026760101318359375, 5.11328125, 0.243896484375, 0.33984375, 0.755859375, 7.51953125, 0.07830810546875, 0.84765625, 2.333984375, 0.7900390625, 0.0011186599731445312, 0.498046875, 5.4609375, 2.892578125, 0.351318359375, 0.168701171875, 2.474609375, 0.424072265625, 9.8125, 6.4140625, 0.26904296875, 0.052520751953125, 0.19921875, 0.7265625, 0.051849365234375, 4.14453125, 2.74609375, 0.0836181640625, 5.83203125, 1.5625, 0.1754150390625, 0.0015745162963867188, 0.544921875, 0.341064453125, 0.64990234375, 0.310791015625, 0.0802001953125, 4.71484375, 6.52734375, 7.84765625, 1.6591796875, 0.337890625, 3.509765625, 4.765625, 3.4140625, 4.54296875, 6.07421875, 12.78125, 5.54296875, 7.3984375, 8.8046875, 3.4765625, 4.55859375, 1.6845703125, 4.18359375, 7.02734375, 1.2412109375, 1.1689453125, 1.724609375, 8.90625, 0.2255859375, 0.38818359375, 0.1697998046875, 0.33203125, 0.051788330078125, 0.6806640625, 1.0947265625, 0.0552978515625, 7.4140625, 5.96875, 11.84375, 2.953125, 8.71875, 6.19140625, 1.619140625, 0.09619140625, 0.1348876953125, 0.003368377685546875, 6.41015625, 1.7109375, 0.1396484375, 1.1982421875, 0.03759765625, 4.3515625, 2.0, 0.833984375, 0.2298583984375, 0.0016355514526367188, 0.485107421875, 0.1297607421875, 0.1531982421875, 0.6142578125, 1.4580078125, 0.09503173828125, 0.7783203125, 2.03125, 0.202392578125, 0.0267181396484375, 2.89453125, 7.53125, 5.4453125, 5.23828125, 0.0017080307006835938, 5.31640625, 1.41015625, 2.73828125, 1.7451171875, 5.8671875, 8.9140625, 7.4765625, 5.265625, 0.135498046875, 0.01026153564453125, 4.1015625, 6.6484375, 0.7568359375, 6.58984375, 2.255859375, 0.110595703125, 0.9423828125, 0.70361328125, 1.791015625, 0.1348876953125, 0.220703125, 2.263671875, 8.5390625, 3.3984375, 9.21875, 0.41064453125, 10.1875, 1.814453125, 0.352783203125, 4.33984375, 2.2421875, 0.020843505859375, 3.314453125, 5.3515625, 2.474609375, 0.024322509765625, 0.87353515625, 0.150634765625, 1.4189453125, 0.40625, 0.1337890625, 0.00942230224609375, 0.295166015625, 1.009765625, 7.03125, 5.0234375, 8.28125, 1.3359375, 2.57421875, 0.288818359375, 5.203125, 7.96875, 5.8125, 0.75634765625, 8.1640625, 6.0546875, 0.474853515625, 5.28125, 0.231201171875, 4.83203125, 0.03570556640625, 3.77734375, 0.004589080810546875, 0.91259765625, 4.53125, 0.042510986328125, 1.1708984375, 8.21875, 6.34765625, 0.166015625, 0.0692138671875, 7.56640625, 0.96435546875, 2.341796875, 0.04278564453125, 0.38330078125, 2.794921875, 0.18701171875, 0.005359649658203125, 0.302734375, 0.1800537109375, 0.196044921875, 0.409423828125, 0.75390625, 1.7509765625, 1.2763671875, 0.09747314453125, 0.1470947265625, 1.7197265625, 0.470703125, 4.64453125, 0.06982421875, 0.128173828125, 0.1529541015625, 0.32666015625, 0.0560302734375, 0.3046875, 0.39208984375, 2.33203125, 0.8232421875, 0.80322265625, 0.1357421875, 0.1466064453125, 0.0166168212890625, 3.107421875, 0.0262451171875, 5.8984375, 0.385498046875, 2.232421875, 0.0232696533203125, 0.61181640625, 0.91357421875, 0.0189056396484375, 0.003192901611328125, 0.509765625, 0.087158203125, 0.36474609375, 0.472900390625, 1.0634765625, 0.5400390625, 0.865234375, 0.06158447265625, 0.072021484375, 1.9306640625, 0.0999755859375, 3.80859375, 0.066162109375, 0.019287109375, 0.0177764892578125, 0.326171875, 0.00984954833984375, 0.1055908203125, 10.1171875, 10.2421875, 2.326171875, 5.703125, 1.458984375, 3.353515625, 0.892578125, 2.0859375, 2.748046875, 3.16015625, 7.69921875, 0.95654296875, 0.1300048828125, 3.484375, 2.10546875, 3.27734375, 2.05859375, 4.09375, 1.4931640625, 0.9970703125, 3.404296875, 0.463134765625, 6.10546875, 2.001953125, 0.2607421875, 0.223876953125, 0.0211639404296875, 0.00621795654296875, 0.1708984375, 6.25, 6.6875, 1.806640625, 0.062103271484375, 8.25, 1.5654296875, 0.91064453125, 0.94140625, 0.12066650390625, 0.490966796875, 0.43212890625, 0.32421875, 0.02178955078125, 4.07421875, 2.359375, 3.265625, 1.158203125, 0.9609375, 5.1171875, 0.9765625, 0.634765625, 0.2044677734375, 1.462890625, 0.126953125, 0.0025196075439453125, 0.0657958984375, 0.0030879974365234375, 0.00887298583984375, 0.07830810546875, 0.9951171875, 0.461181640625, 0.371826171875, 2.181640625, 0.076416015625, 0.366455078125, 0.36181640625, 1.220703125, 0.0286102294921875, 0.053802490234375, 0.1895751953125, 0.1312255859375, 0.0234375, 8.5390625, 0.1551513671875, 0.01085662841796875, 1.5068359375, 6.61328125, 0.74658203125, 1.1630859375, 2.220703125, 2.3125, 8.328125]",-1.7652341570172991
46,0,test,2.064828025883642,0.863015381767519,1.0749608145632252,5.528848727201594,2.3108372393380283,2.8783490232054785,7.883941947114271,4.5578013762570375,5.193064816511047,21.110291924180977,12.204112895635623,13.905114344210503,1.9616363917163868,0.7821971158556005,1.1071817769612673,5.029836901836889,2.0056336303989757,2.8389276332340185,7.110953855555227,3.858403947328325,4.760861530233893,18.23321501424417,9.893343454688011,12.20733725700998,2.0740683620988722,0.8413225430070754,1.189398403546045,4.938258004997315,2.003148911921608,2.8319009608239165,7.957129841025897,4.526493318326969,5.534945002865264,18.945547240537852,10.777365043635642,13.178440483012535,0.37688442211055273,-0.008115577889447279,0.0018844221105527303,0.29648241206030146,-0.0035175879396985854,0.0064824120603014235,0.24623115577889443,0.0012311557788944327,-0.008768844221105576,0.3226600985221675,0.0818738577359267,0.1085838521878566,0.28395061728395066,0.3015075376884422,0.0715075376884422,0.10516810341223581,0.20707070707070707,0.3177257525083612,0.07939241917502793,0.11239833852389947,0.27181208053691275,18.0,0.0,0.0,27.0,1.0,-1.0,30.0,-1.0,-1.0,0.0011421130936076355,0.0002520399614860187,0.0003663686763528834,-0.11529963033340263,-0.08992747999946094,-0.1059596642549252,"[6.31640625, 9.6640625, 10.6484375, 7.4140625, 8.2734375, 9.5703125, 6.39453125, 10.2890625, 1.7919921875, 4.75390625, 0.80419921875, 5.01171875, 0.9248046875, 3.255859375, 2.533203125, 8.8203125, 4.19140625, 9.7265625, 2.302734375, 9.7890625, 0.29638671875, 1.2216796875, 1.1943359375, 2.29296875, 3.150390625, 3.416015625, 0.9443359375, 0.931640625, 10.4453125, 0.837890625, 1.0771484375, 0.87060546875, 0.0243988037109375, 0.0247650146484375, 0.001613616943359375, 0.00045037269592285156, 0.0006723403930664062, 0.0009412765502929688, 0.001773834228515625, 0.001949310302734375, 0.0181884765625, 0.0579833984375, 0.6982421875, 0.1241455078125, 0.7138671875, 9.6796875, 1.6640625, 6.80859375, 0.5439453125, 0.01544189453125, 0.7119140625, 0.057708740234375, 0.052032470703125, 1.6591796875, 7.46875, 5.09765625, 0.0191192626953125, 0.01274871826171875, 0.32861328125, 0.0298614501953125, 0.0518798828125, 0.441650390625, 2.8046875, 0.0175933837890625, 0.00910186767578125, 1.328125, 0.47802734375, 2.208984375, 7.625, 3.09375, 0.4208984375, 11.7109375, 1.8125, 0.422607421875, 0.72900390625, 0.78759765625, 5.89453125, 0.01202392578125, 0.1539306640625, 3.142578125, 4.89453125, 0.923828125, 0.99951171875, 6.49609375, 4.08203125, 2.91796875, 0.52294921875, 0.171142578125, 0.1387939453125, 0.0309906005859375, 0.08233642578125, 0.0004906654357910156, 0.004974365234375, 0.06634521484375, 0.42236328125, 0.052978515625, 0.038543701171875, 6.765625, 1.0869140625, 8.28125, 3.5, 2.482421875, 1.5595703125, 0.0628662109375, 0.016510009765625, 0.33447265625, 0.0304718017578125, 0.006134033203125, 0.0008082389831542969, 0.0007848739624023438, 0.0186309814453125, 0.13916015625, 0.004634857177734375, 0.01035308837890625, 5.04296875, 0.47509765625, 6.6171875, 0.69384765625, 0.88525390625, 0.0198974609375, 0.0229339599609375, 0.1400146484375, 0.01824951171875, 0.022491455078125, 0.0008172988891601562, 0.0007157325744628906, 0.0142822265625, 0.016021728515625, 0.0019102096557617188, 0.00943756103515625, 6.15234375, 0.283447265625, 0.712890625, 6.171875, 1.8310546875, 4.07421875, 0.031280517578125, 0.0226898193359375, 0.136962890625, 0.00733184814453125, 0.01263427734375, 0.00021135807037353516, 0.0006251335144042969, 0.001567840576171875, 0.00540924072265625, 0.0007758140563964844, 0.00312042236328125, 1.5556640625, 0.006175994873046875, 0.0162811279296875, 1.787109375, 0.188232421875, 0.1900634765625, 0.00955963134765625, 0.0203704833984375, 0.14599609375, 0.00608062744140625, 0.0033473968505859375, 0.00010645389556884766, 0.0005097389221191406, 0.00189208984375, 14.0, 1.154296875, 0.343505859375, 10.0703125, 1.1591796875, 6.15234375, 0.14453125, 0.084228515625, 0.01056671142578125, 0.021820068359375, 0.14111328125, 0.0022754669189453125, 0.0030345916748046875, 8.809566497802734e-05, 0.0001112222671508789, 0.001415252685546875, 7.71875, 6.4296875, 5.5, 0.168701171875, 0.045623779296875, 0.0085296630859375, 3.056640625, 3.46875, 5.7265625, 0.0230255126953125, 3.171875, 3.01171875, 0.073974609375, 0.6875, 3.435546875, 1.0302734375, 0.0198516845703125, 0.0300140380859375, 1.650390625, 0.853515625, 0.53662109375, 0.06829833984375, 0.175048828125, 1.064453125, 0.2294921875, 0.0022945404052734375, 2.140625, 0.036041259765625, 3.494140625, 8.5, 2.466796875, 0.64111328125, 9.5078125, 10.3515625, 6.140625, 5.15234375, 0.158447265625, 0.035247802734375, 5.6875, 1.681640625, 0.013092041015625, 1.52734375, 0.1588134765625, 0.02435302734375, 6.26953125, 1.81640625, 6.2265625, 1.8818359375, 0.0251312255859375, 0.134521484375, 7.26171875, 2.1640625, 0.0097808837890625, 6.83984375, 5.703125, 1.630859375, 0.0653076171875, 0.173095703125, 0.322265625, 0.01486968994140625, 7.8671875, 0.00688934326171875, 0.215087890625, 2.888671875, 0.33203125, 2.537109375, 2.873046875, 0.0271759033203125, 0.000926971435546875, 0.056915283203125, 0.0218353271484375, 0.70556640625, 2.310546875, 1.9892578125, 8.625, 3.16796875, 3.708984375, 0.056884765625, 1.9560546875, 0.716796875, 0.482421875, 0.201904296875, 2.126953125, 2.669921875, 0.132080078125, 0.0322265625, 0.32080078125, 0.467041015625, 0.181884765625, 5.2421875, 4.52734375, 1.7060546875, 1.9833984375, 2.162109375, 7.34765625, 0.69921875, 0.32568359375, 0.225830078125, 0.1600341796875, 4.15625, 5.078125, 7.78515625, 0.01483917236328125, 8.875, 0.33935546875, 1.271484375, 8.203125, 0.0003676414489746094, 0.0019073486328125, 0.0305328369140625, 0.011016845703125, 0.0188446044921875, 7.75, 0.03619384765625, 1.3203125, 0.00760650634765625, 7.83984375, 3.005859375, 2.34375, 2.05078125, 0.00473785400390625, 1.126953125, 4.078125, 3.099609375, 0.0215606689453125, 0.2393798828125, 3.150390625, 6.6953125, 10.5625, 6.70703125, 6.71875, 4.36328125, 0.437255859375, 3.1875, 7.375, 0.77685546875, 0.65185546875, 2.26953125, 0.0016336441040039062, 4.4140625, 0.4228515625, 0.0020503997802734375, 0.001575469970703125, 0.0035533905029296875, 0.7109375, 0.0201568603515625, 1.2763671875, 4.37109375, 1.416015625, 5.6640625, 0.267578125, 2.3984375, 1.0986328125, 3.21484375, 7.94921875, 0.389404296875, 0.7294921875, 1.41015625, 0.0052947998046875, 0.072021484375, 6.5390625, 3.0234375, 2.1953125, 0.0005421638488769531, 0.0004527568817138672, 0.00014281272888183594, 0.33203125, 7.0, 2.435546875, 6.00390625, 0.004642486572265625, 0.70947265625, 0.3291015625, 0.428955078125, 5.58984375, 5.75390625, 0.466552734375, 0.049774169921875, 1.607421875, 0.13037109375, 0.08319091796875, 0.03076171875, 2.791015625, 5.24609375, 3.837890625, 0.005870819091796875, 1.1640625, 0.0506591796875, 3.08203125, 0.38427734375, 0.0189208984375, 0.334228515625, 0.0096588134765625, 1.248046875, 2.54296875, 0.166259765625, 12.40625, 0.96142578125, 0.14306640625, 0.365478515625, 5.7890625, 0.70947265625, 0.1375732421875, 4.375, 7.06640625, 4.94921875, 0.042449951171875, 0.05328369140625, 0.152099609375, 1.5107421875, 1.2802734375, 1.6474609375, 8.5390625, 0.125732421875, 0.266357421875, 0.034576416015625, 0.133544921875, 1.3681640625, 0.1644287109375, 0.188720703125, 0.8896484375, 0.012237548828125, 1.3984375, 0.0196380615234375, 0.0029087066650390625, 0.0004315376281738281, 0.048004150390625, 0.07281494140625, 0.007366180419921875]",-2.0856264952955574
10,0,test,3.2616624356567705,1.4726751548436259,1.905498282636018,9.229296669784343,4.167125252964927,5.3918543997552515,26.092878838314764,20.109488935007995,22.211602110688965,73.8331830832314,56.90240572720781,62.850607453949515,3.3729741848892902,1.5057643491317025,2.1073685405772418,9.241025164080247,4.12538177844302,5.773612439937649,29.165140712239243,22.694922493285585,25.61990147222425,79.90449510202532,62.177869844618044,70.19151088280616,3.174858418595432,1.4738131800814536,2.0048739428061655,9.337818878221858,4.334744647298392,5.8966880670769575,23.923432515410077,18.443760551795233,20.70148989538603,70.36303681002964,54.246354564103626,60.8867349864295,0.6783919597989949,-0.0016080402010050232,-0.0016080402010050232,0.5477386934673367,-0.002261306532663321,-0.002261306532663321,0.4321608040201005,-0.01783919597989947,-0.012839195979899465,0.3989501312335958,0.10799338156124982,0.14968326906350782,0.33684210526315794,0.40703517587939697,0.10878956184430921,0.1833289989177943,0.2828282828282829,0.39799331103678925,0.10583972172126332,0.1699621653193254,0.3087248322147651,19.0,-1.0,-1.0,29.0,1.0,1.0,41.0,4.0,1.0,0.0015843996408341661,-0.0003422094244250499,0.0006287274720845582,-0.003036916034538706,-0.003710312002156435,-0.004121598592130127,"[7.83203125, 9.4375, 16.234375, 7.15625, 3.81640625, 7.6171875, 7.62109375, 5.62109375, 10.5625, 1.85546875, 9.2890625, 6.40234375, 0.87451171875, 8.734375, 3.787109375, 10.9375, 6.94140625, 1.37109375, 7.26171875, 5.08203125, 0.6826171875, 2.71484375, 10.5078125, 5.35546875, 3.7265625, 1.10546875, 6.58203125, 8.2734375, 1.5087890625, 3.69921875, 0.265869140625, 8.171875, 2.01171875, 5.51171875, 5.1640625, 1.0869140625, 7.38671875, 5.36328125, 10.6875, 0.03948974609375, 2.275390625, 0.44921875, 0.192138671875, 2.87109375, 5.125, 0.59033203125, 2.712890625, 0.258544921875, 0.1336669921875, 2.77734375, 5.06640625, 3.01171875, 5.2109375, 7.921875, 6.6796875, 1.84765625, 1.162109375, 0.1455078125, 1.771484375, 8.21875, 2.037109375, 5.76953125, 2.40625, 7.35546875, 0.00963592529296875, 0.0085906982421875, 3.5234375, 4.1953125, 1.8154296875, 4.328125, 7.3671875, 5.6875, 7.57421875, 1.763671875, 0.18408203125, 0.1468505859375, 0.3388671875, 2.931640625, 0.63916015625, 0.473388671875, 4.15234375, 4.2890625, 0.2247314453125, 9.828125, 1.216796875, 3.619140625, 1.046875, 2.5, 2.345703125, 1.1083984375, 0.01409149169921875, 1.5439453125, 3.228515625, 5.75390625, 0.262451171875, 3.201171875, 0.56201171875, 7.26171875, 0.031646728515625, 0.041351318359375, 2.341796875, 0.98583984375, 1.849609375, 0.301025390625, 0.15966796875, 4.44140625, 2.47265625, 7.1640625, 1.0283203125, 0.168701171875, 1.435546875, 6.07421875, 3.8828125, 0.07049560546875, 11.96875, 2.279296875, 3.06640625, 3.162109375, 7.25, 6.44140625, 3.234375, 2.73828125, 1.65625, 9.3359375, 9.3515625, 8.5703125, 0.7861328125, 3.296875, 2.466796875, 4.22265625, 0.0233154296875, 0.3857421875, 0.432373046875, 0.5107421875, 1.076171875, 0.197998046875, 3.029296875, 6.66015625, 2.318359375, 4.61328125, 0.9736328125, 0.1351318359375, 0.388671875, 0.1475830078125, 7.1171875, 1.255859375, 0.308349609375, 0.499755859375, 0.1435546875, 1.2001953125, 4.2265625, 4.9375, 5.06640625, 0.7275390625, 0.9326171875, 0.260009765625, 0.07745361328125, 3.330078125, 0.03045654296875, 6.80859375, 0.347412109375, 0.01172637939453125, 2.2578125, 7.0859375, 0.07781982421875, 1.7763671875, 2.177734375, 0.982421875, 0.074951171875, 1.767578125, 0.1776123046875, 0.908203125, 10.203125, 0.006011962890625, 8.5546875, 0.2293701171875, 5.41796875, 0.440185546875, 1.4990234375, 6.59375, 3.703125, 1.947265625, 3.138671875, 2.59765625, 6.16015625, 2.115234375, 15.125, 0.002384185791015625, 0.0182037353515625, 4.73046875, 0.126953125, 1.390625, 0.79248046875, 0.126708984375, 0.771484375, 0.0989990234375, 4.44921875, 5.2890625, 0.61767578125, 2.966796875, 0.0489501953125, 0.101318359375, 7.03515625, 2.150390625, 0.024627685546875, 4.0859375, 0.001995086669921875, 0.0037975311279296875, 0.044952392578125, 0.45556640625, 0.0921630859375, 0.295654296875, 1.7861328125, 0.181640625, 0.368896484375, 0.88232421875, 3.74609375, 0.09881591796875, 1.4091796875, 2.15234375, 0.63623046875, 0.55712890625, 0.2171630859375, 2.876953125, 3.171875, 0.71435546875, 2.08984375, 8.421875, 7.734375, 0.12347412109375, 0.161376953125, 0.09112548828125, 0.4140625, 0.998046875, 0.1949462890625, 0.6533203125, 0.177734375, 9.09375, 3.408203125, 0.3095703125, 1.0126953125, 0.0302886962890625, 0.2261962890625, 7.6796875, 1.828125, 2.265625, 1.2744140625, 0.208251953125, 0.29248046875, 6.02734375, 9.7578125, 2.0625, 1.904296875, 2.447265625, 1.1123046875, 0.3740234375, 5.90625, 5.6796875, 0.57861328125, 2.421875, 6.05078125, 7.4296875, 4.1015625, 9.2734375, 1.6708984375, 1.3515625, 3.6953125, 4.21875, 0.1962890625, 6.30078125, 9.0078125, 0.52099609375, 7.13671875, 4.1875, 5.4765625, 5.18359375, 2.072265625, 1.3583984375, 1.9169921875, 4.1171875, 9.25, 1.529296875, 0.654296875, 7.69921875, 3.728515625, 6.31640625, 0.880859375, 0.00811767578125, 1.2744140625, 1.185546875, 5.42578125, 7.35546875, 3.318359375, 0.12261962890625, 0.705078125, 7.1875, 6.21484375, 2.021484375, 1.6630859375, 10.671875, 5.84765625, 2.15234375, 3.56640625, 1.099609375, 6.90625, 1.142578125, 0.00970458984375, 2.970703125, 3.2890625, 6.9296875, 7.078125, 2.3515625, 6.078125, 10.65625, 5.078125, 0.496826171875, 1.0205078125, 3.17578125, 6.24609375, 5.13671875, 9.609375, 0.06353759765625, 9.6328125, 0.445556640625, 0.0189208984375, 2.255859375, 6.9453125, 3.728515625, 6.671875, 0.1512451171875, 1.5986328125, 3.498046875, 0.283447265625, 2.15234375, 6.25390625, 4.82421875, 8.1640625, 3.15234375, 0.00609588623046875, 1.0546875, 5.3359375, 2.611328125, 7.859375, 0.15771484375, 4.5234375, 2.927734375, 3.6015625, 7.83203125, 1.466796875, 0.11285400390625, 0.91748046875, 5.1875, 8.5859375, 7.49609375, 6.0703125, 6.33203125, 9.03125, 1.197265625, 5.61328125, 4.82421875, 0.8837890625, 3.21875, 0.6533203125, 0.93408203125, 0.1552734375, 5.07421875, 3.046875, 0.256103515625, 9.1328125, 1.8486328125, 0.6044921875, 0.31640625, 1.1337890625, 0.55078125, 0.04376220703125, 0.51025390625, 4.91015625, 2.21875, 1.931640625, 1.3984375, 3.59765625]",-1.4928274630248701
75,0,test,2.442862950293105,0.9424897466761843,0.9424897466761843,8.12779710004928,3.135814650978168,3.135814650978168,11.505934552355289,7.022572587300497,7.022572587300497,38.28209088715741,23.365226077499802,23.365226077499802,2.330789399506459,0.8954559309449757,1.2998506840174964,6.957580297034205,2.6730027789402264,3.880151295574616,10.286058138217614,6.085012446320959,7.482361665116565,30.704651158858546,18.164216257674504,22.335407955571835,2.560570249190697,1.0087571691545147,1.435816446739501,7.315914997687707,2.882163340441471,4.102332704970003,12.943196058559433,8.223175854845442,9.8637374581361,36.98056016731267,23.49478815670126,28.182107023245997,0.48743718592964824,0.00743718592964826,0.012437185929648265,0.3919597989949749,-0.008040201005025116,-0.0030402010050251116,0.31658291457286436,-0.008417085427135595,-0.008417085427135595,0.3550185873605948,0.07251614356782843,0.07251614356782843,0.3221601489757915,0.35678391959798994,0.08610722786866665,0.14142498804540227,0.25757575757575757,0.3745819397993311,0.08910614681101725,0.13653967061134442,0.325503355704698,20.0,4.0,4.0,31.0,5.0,7.0,38.0,6.0,7.0,-0.000967322198797178,0.0006257983921174702,0.00029406423063296766,-0.09322135159441292,-0.10046766733499268,-0.09800409773407193,"[3.19140625, 6.06640625, 0.4677734375, 6.6328125, 3.67578125, 0.80419921875, 7.875, 10.7109375, 0.70556640625, 2.275390625, 0.036163330078125, 9.0390625, 3.927734375, 0.269287109375, 7.68359375, 1.0791015625, 3.642578125, 5.29296875, 0.92919921875, 3.064453125, 3.6484375, 7.5546875, 0.189697265625, 12.7109375, 8.875, 6.734375, 0.263427734375, 10.5, 0.99609375, 2.408203125, 6.609375, 8.2109375, 6.1328125, 12.78125, 5.51171875, 6.33203125, 7.55859375, 3.830078125, 4.74609375, 7.515625, 6.70703125, 3.455078125, 0.7578125, 1.9697265625, 0.06884765625, 6.328125, 1.1923828125, 4.15625, 6.43359375, 3.875, 2.177734375, 4.51953125, 3.015625, 2.634765625, 2.123046875, 5.671875, 1.0302734375, 1.392578125, 5.15234375, 1.8447265625, 0.0650634765625, 0.0853271484375, 1.0146484375, 10.53125, 3.06640625, 0.2178955078125, 0.005947113037109375, 2.966796875, 0.0171356201171875, 0.363037109375, 0.05487060546875, 0.09747314453125, 0.03228759765625, 9.625, 5.59375, 6.1328125, 6.09375, 0.794921875, 0.351806640625, 1.1748046875, 0.5283203125, 0.01399993896484375, 0.081787109375, 0.63232421875, 4.11328125, 0.156982421875, 3.4140625, 0.1651611328125, 1.3076171875, 0.274169921875, 5.16796875, 3.900390625, 4.99609375, 6.97265625, 2.625, 2.076171875, 6.9140625, 0.5849609375, 0.22509765625, 0.002368927001953125, 0.56103515625, 0.001949310302734375, 0.02178955078125, 0.0009260177612304688, 0.0236358642578125, 0.013519287109375, 8.328125, 0.420166015625, 0.75, 0.032958984375, 5.23828125, 0.33642578125, 0.30908203125, 0.60888671875, 0.306640625, 0.00685882568359375, 0.0164642333984375, 0.27685546875, 2.994140625, 0.1015625, 1.1728515625, 0.034912109375, 0.1697998046875, 0.11572265625, 4.15625, 0.08380126953125, 0.0039825439453125, 0.03912353515625, 0.0003757476806640625, 0.017364501953125, 0.0002665519714355469, 0.0223541259765625, 0.0081634521484375, 1.833984375, 0.14892578125, 0.1834716796875, 0.05029296875, 2.193359375, 0.06158447265625, 0.1424560546875, 2.189453125, 0.6123046875, 1.8896484375, 0.01041412353515625, 6.55078125, 2.203125, 0.052978515625, 0.40234375, 0.050323486328125, 0.033966064453125, 0.53515625, 0.91748046875, 0.1483154296875, 5.5546875, 0.21875, 0.00453948974609375, 0.89453125, 0.0010700225830078125, 11.0078125, 2.357421875, 0.047119140625, 1.0263671875, 0.156005859375, 4.5078125, 1.7099609375, 3.513671875, 1.25390625, 2.509765625, 1.6025390625, 0.15966796875, 0.004425048828125, 0.009979248046875, 0.12493896484375, 4.49609375, 0.20068359375, 0.023529052734375, 0.0019359588623046875, 0.0718994140625, 0.0006999969482421875, 0.06024169921875, 0.093505859375, 0.01203155517578125, 4.9609375, 0.07696533203125, 0.79345703125, 0.10986328125, 5.33984375, 0.595703125, 0.58154296875, 0.11572265625, 0.00321197509765625, 0.01873779296875, 0.01355743408203125, 3.80078125, 0.018096923828125, 5.203125, 0.0458984375, 0.0006437301635742188, 0.0277099609375, 0.00015616416931152344, 0.090087890625, 0.09552001953125, 0.004566192626953125, 5.171875, 0.07818603515625, 1.5771484375, 6.0546875, 0.34765625, 0.5869140625, 0.058837890625, 0.003814697265625, 0.0085601806640625, 0.00833892822265625, 1.888671875, 0.013458251953125, 2.4140625, 0.0462646484375, 0.001434326171875, 0.01239776611328125, 0.00010848045349121094, 0.040069580078125, 0.030792236328125, 0.0035858154296875, 3.1171875, 0.0738525390625, 0.5283203125, 0.53564453125, 2.6328125, 0.3837890625, 0.09625244140625, 2.4375, 2.263671875, 0.047760009765625, 5.57421875, 0.2247314453125, 6.5625, 0.1700439453125, 2.87109375, 9.6953125, 1.37109375, 0.94287109375, 0.94970703125, 6.234375, 1.044921875, 6.71484375, 7.234375, 7.17578125, 8.4296875, 3.599609375, 12.515625, 9.3828125, 9.1953125, 4.23828125, 5.58984375, 2.830078125, 5.875, 5.3203125, 6.6015625, 0.56689453125, 0.3466796875, 0.9560546875, 0.0089569091796875, 7.25, 0.0836181640625, 6.9375, 6.0859375, 1.0595703125, 0.255615234375, 3.775390625, 4.08984375, 0.241943359375, 0.9423828125, 0.468017578125, 5.69140625, 4.5390625, 0.1519775390625, 7.390625, 8.4921875, 1.2109375, 3.150390625, 0.03082275390625, 2.6875, 0.004695892333984375, 6.62890625, 4.1875, 7.69921875, 4.3046875, 4.99609375, 0.10302734375, 0.76171875, 0.20263671875, 2.74609375, 2.17578125, 0.00848388671875, 6.91015625, 3.80078125, 3.509765625, 8.8828125, 10.734375, 6.703125, 5.23828125, 6.1171875, 0.587890625, 1.3876953125, 0.0027408599853515625, 0.269775390625, 0.0009179115295410156, 4.69140625, 5.4453125, 4.33203125, 1.7080078125, 2.32421875, 2.119140625, 7.07421875, 0.043365478515625, 0.15087890625, 0.2247314453125, 4.0859375, 0.01102447509765625, 6.5859375, 3.890625, 7.9375, 7.0703125, 6.28125, 0.95361328125, 2.302734375, 0.0036163330078125, 0.58203125, 0.00083160400390625, 5.42578125, 3.580078125, 0.85791015625, 0.481689453125, 2.498046875, 4.48046875, 0.0438232421875, 0.334228515625, 2.181640625, 0.047698974609375, 13.0, 0.42041015625, 8.390625, 2.84375, 3.759765625, 2.609375, 0.417724609375, 3.060546875, 6.16796875, 1.0849609375, 2.671875, 4.2421875, 1.2216796875, 1.22265625, 1.8212890625, 7.85546875, 2.59765625, 8.8203125, 0.697265625, 0.459716796875, 2.3203125, 0.428466796875, 1.7099609375, 1.69140625, 0.096923828125, 0.06854248046875, 0.9404296875, 0.10357666015625, 1.43359375, 1.0576171875, 0.133056640625, 0.033294677734375, 0.407958984375, 0.0875244140625, 0.89208984375, 0.74365234375, 0.252197265625, 0.0082550048828125, 0.197021484375, 0.130126953125, 1.17578125, 0.311279296875, 0.12298583984375, 0.00803375244140625, 0.2369384765625, 0.2489013671875, 0.7138671875, 0.407470703125, 0.06439208984375, 0.006984710693359375, 0.1810302734375, 0.135009765625, 0.5830078125, 0.1925048828125, 7.046875, 2.095703125, 7.140625, 3.46875, 0.5859375, 4.1796875, 1.09765625, 0.294189453125, 0.381591796875, 6.1953125, 1.1015625, 0.62939453125, 0.1070556640625, 2.474609375, 3.046875, 1.685546875, 0.339599609375, 0.005558013916015625, 8.75, 6.58984375, 3.8125, 4.375, 0.403076171875, 0.1866455078125, 0.332763671875, 0.199951171875, 0.10321044921875, 0.021820068359375, 0.001190185546875, 2.439453125, 0.57470703125, 0.0814208984375, 0.8759765625, 0.016448974609375, 0.0880126953125, 0.34765625, 5.16796875, 8.84375, 6.66796875, 2.44140625, 1.6953125, 0.0753173828125, 0.73095703125, 1.7626953125, 1.794921875, 0.36474609375, 0.1690673828125, 0.00931549072265625, 0.0631103515625, 0.748046875, 1.68359375, 0.11224365234375, 0.00470733642578125, 0.0005035400390625, 15.1796875, 4.15234375, 6.0859375, 5.91796875, 6.234375, 2.259765625, 4.87109375, 1.6767578125, 7.671875, 0.66015625, 4.078125, 8.953125, 1.0888671875, 0.262451171875, 0.177490234375, 1.9677734375, 0.137451171875, 0.099853515625, 0.039703369140625, 0.084716796875, 0.197021484375, 3.115234375, 0.0130615234375, 1.0013580322265625e-05, 6.58984375, 1.9150390625, 10.25, 4.40625, 0.45751953125, 1.171875, 0.1407470703125, 0.23974609375, 0.45361328125, 0.002593994140625, 7.140636444091797e-05, 0.61328125, 9.671875, 0.41845703125, 0.338623046875, 0.365966796875, 0.2432861328125, 0.2222900390625, 0.0007486343383789062, 0.00022530555725097656, 0.58447265625, 5.80078125, 1.37890625, 5.0859375, 0.004322052001953125, 0.048309326171875, 0.220458984375, 0.3388671875, 0.10577392578125, 0.0889892578125, 0.00022125244140625, 0.00012481212615966797, 0.20068359375, 4.91015625, 5.82421875, 0.244140625, 0.5205078125, 0.366943359375, 0.2178955078125, 4.046875, 0.004791259765625, 0.00022983551025390625, 2.23046875, 7.484375, 1.734375, 4.12109375, 2.16796875, 0.22216796875, 5.29296875, 0.01995849609375, 6.22265625, 0.48583984375, 5.5078125, 5.67578125, 2.6484375, 4.29296875, 5.52734375, 0.1243896484375, 4.07421875, 7.94140625, 12.8828125, 1.4345703125, 5.12109375, 9.1953125, 1.6748046875, 11.375, 0.21630859375]",-0.9795909300169536
111,0,test,3.1936044020530505,1.386692850965507,1.908531311544514,6.854565545869963,2.9763163630479177,4.096359888193104,24.376130664720613,18.28452592489266,20.761198499928565,52.31949996330278,39.24483613147693,44.560621170578386,3.6187802319550633,1.6114218542163594,2.2639206197321595,6.4621075570626125,2.877539025386356,4.042715392378856,37.29205241471165,29.84842431541274,33.41583566973028,66.5929507405565,53.30075770609417,59.671135124518344,3.2799092359766115,1.4675728231631033,2.0380773648685784,6.648464667520158,2.974809776681966,4.131237901760632,26.573360685282793,20.448620034447718,23.111411180420937,53.86492030800566,41.44990547523186,46.84745509544784,0.6984924623115578,-0.0015075376884421399,-0.011507537688442149,0.592964824120603,0.022964824120602967,0.012964824120602958,0.4974874371859297,0.022487437185929715,0.0024874371859296973,0.4045584045584045,0.10441615704773599,0.1650667134538102,0.34857142857142853,0.4321608040201005,0.12639639299253158,0.18842123807686173,0.3787878787878788,0.3946488294314381,0.08580074929788217,0.1521571720343302,0.3489932885906041,23.0,-1.0,0.0,33.0,-3.0,-2.0,43.0,-2.0,-1.0,0.00045818953446295335,0.00043927571821060106,0.00036740272182243,0.0003016908924857731,-9.777747204431364e-05,0.00014069282802076089,"[11.203125, 6.65625, 4.1796875, 7.8203125, 3.796875, 12.1796875, 11.5234375, 0.95458984375, 1.7236328125, 6.3984375, 5.18359375, 0.046295166015625, 0.75244140625, 5.1171875, 6.68359375, 3.185546875, 4.1875, 1.361328125, 6.63671875, 8.265625, 1.11328125, 0.1585693359375, 2.732421875, 0.2379150390625, 11.3515625, 5.2578125, 3.951171875, 12.390625, 1.279296875, 4.375, 7.47265625, 5.19921875, 0.035308837890625, 1.6728515625, 8.390625, 2.2265625, 1.708984375, 8.03125, 5.47265625, 0.59765625, 1.845703125, 0.321044921875, 0.982421875, 0.8388671875, 6.234375, 0.87841796875, 6.03515625, 2.107421875, 3.23046875, 0.06646728515625, 0.018035888671875, 0.7490234375, 5.84375, 0.91845703125, 2.46875, 2.853515625, 0.1202392578125, 3.068359375, 2.671875, 1.8525390625, 6.5234375, 3.818359375, 3.01953125, 1.2548828125, 3.966796875, 6.46875, 6.328125, 0.7646484375, 0.079833984375, 0.0030498504638671875, 0.348876953125, 3.88671875, 3.251953125, 2.916015625, 2.861328125, 4.93359375, 5.390625, 1.798828125, 10.171875, 0.72607421875, 5.96875, 0.095703125, 2.9296875, 1.435546875, 1.6083984375, 2.736328125, 2.494140625, 1.791015625, 0.68212890625, 1.0927734375, 6.06640625, 0.128662109375, 0.01068115234375, 2.3203125, 4.62890625, 8.21875, 2.3984375, 0.60693359375, 0.7626953125, 2.71484375, 0.45703125, 0.0618896484375, 9.6640625, 3.6953125, 3.263671875, 3.32421875, 0.34228515625, 0.012054443359375, 0.71435546875, 0.0010786056518554688, 0.38916015625, 3.09765625, 4.8203125, 6.0390625, 4.8515625, 0.63720703125, 1.1103515625, 4.6796875, 3.091796875, 4.2421875, 0.136474609375, 0.057891845703125, 0.0012140274047851562, 11.203125, 1.8310546875, 0.78466796875, 9.6640625, 0.050048828125, 4.37890625, 4.95703125, 0.025909423828125, 4.33984375, 0.058502197265625, 0.1397705078125, 13.0078125, 0.720703125, 9.28125, 4.5859375, 2.853515625, 0.54638671875, 2.1640625, 13.7578125, 0.1375732421875, 5.2421875, 5.26953125, 1.36328125, 7.06640625, 0.13671875, 11.9296875, 0.5322265625, 4.47265625, 0.322998046875, 5.125, 0.0266265869140625, 2.451171875, 9.4375, 0.056610107421875, 0.5439453125, 4.625, 2.115234375, 2.158203125, 5.2578125, 2.181640625, 8.34375, 3.25, 0.77490234375, 0.39697265625, 0.04559326171875, 6.23828125, 4.38671875, 7.54296875, 0.2060546875, 9.515625, 8.9453125, 4.19140625, 1.435546875, 2.478515625, 6.84375, 0.008148193359375, 2.423828125, 4.78125, 5.2109375, 7.15234375, 10.2421875, 7.92578125, 0.0609130859375, 3.9140625, 2.654296875, 0.7490234375, 0.035888671875, 3.435546875, 1.7353515625, 3.90625, 0.8798828125, 8.3515625, 11.0625, 6.09375, 0.06280517578125, 7.4453125, 5.06640625, 7.40625, 0.048492431640625, 10.4375, 2.669921875, 0.60986328125, 0.041473388671875, 2.779296875, 5.47265625, 2.587890625, 0.99755859375, 1.0986328125, 0.7919921875, 4.8125, 4.28515625, 2.912109375, 2.505859375, 9.109375, 0.324462890625, 0.1561279296875, 6.10546875, 1.1416015625, 2.671875, 1.298828125, 0.00156402587890625, 3.1953125, 3.517578125, 3.96484375, 0.021820068359375, 3.12890625, 9.9140625, 1.6884765625, 5.04296875, 1.6748046875, 0.76904296875, 0.2327880859375, 0.2685546875, 1.537109375, 0.0209503173828125, 0.01558685302734375, 1.0146484375, 1.1171875, 7.1953125, 0.438232421875, 5.1796875, 2.67578125, 3.359375, 0.0024623870849609375, 3.763671875, 6.4375, 0.08807373046875, 0.3271484375, 7.6640625, 4.46484375, 0.00626373291015625, 7.65625, 2.689453125, 0.1995849609375, 0.1654052734375, 0.0706787109375, 6.23828125, 1.3818359375, 6.296875, 0.14208984375, 0.0301513671875, 4.94140625, 0.13037109375, 0.43212890625, 0.53369140625, 1.412109375, 5.19921875, 3.38671875, 3.404296875, 6.2734375, 1.2412109375, 0.057525634765625, 1.330078125, 0.01273345947265625, 0.132080078125, 0.00304412841796875, 2.34765625, 0.0311126708984375, 0.0117645263671875, 0.3154296875, 6.5546875, 1.8310546875, 0.0789794921875, 0.8330078125, 0.00543212890625, 8.84375, 4.4296875, 6.3671875, 5.2890625, 2.482421875, 6.4609375, 0.86962890625, 2.1484375, 2.3125, 2.9296875, 0.06939697265625, 2.822265625, 2.087890625, 0.08892822265625, 0.0306396484375, 3.4765625, 8.53125, 3.078125, 0.87939453125, 0.1436767578125, 0.1376953125, 0.0013837814331054688, 1.4404296875, 4.984375, 0.60693359375, 1.0458984375, 1.994140625, 4.1328125, 3.705078125, 5.7265625, 7.7265625, 0.41552734375, 0.295654296875, 0.01219940185546875, 0.134521484375, 0.6640625, 0.00039887428283691406, 0.12298583984375, 5.27734375, 6.73046875, 9.2421875, 2.412109375, 8.4453125, 4.3203125, 0.00469970703125, 0.0016641616821289062, 0.0206146240234375, 8.9140625, 5.828125, 5.20703125, 7.546875, 1.951171875, 0.3193359375, 0.006561279296875, 0.12042236328125, 2.32421875, 9.9296875, 1.6474609375, 1.9423828125, 6.109375, 0.98974609375, 0.65234375, 1.052734375]",-1.237128801834889
135,0,test,4.0498906544276645,1.9101591618584672,2.5916792565664153,6.909982924503699,3.259141620798063,4.421961217418404,57.391181230777484,48.89402545769103,53.09291646736618,97.9216764502531,83.42370445323554,90.58791397256829,4.171419824188079,1.9023784147194878,2.6299549889319893,6.674271718700926,3.0438054635511804,4.207927982291183,64.80740193249366,55.13727525463116,60.1359737982725,103.69184309198985,88.21964040740986,96.21755807723599,4.026486390410458,1.8927209385142874,2.578697282147881,6.902548097846499,3.2446644660244925,4.420623912253511,56.06357924667081,47.616966928459156,51.809879604691574,96.10899299429282,81.62908616307284,88.81693646518555,0.8140703517587939,-0.00592964824120612,-0.00592964824120612,0.7085427135678393,-0.011457286432160707,-0.011457286432160707,0.6130653266331658,-0.0069346733668341765,-0.011934673366834181,0.45514950166112955,0.10191567081535846,0.18664121436831183,0.43999999999999995,0.46733668341708545,0.10392816211382727,0.1952164830831956,0.45959595959595956,0.45150501672240806,0.10092070954377697,0.18676641827969398,0.43624161073825507,25.0,0.0,-2.0,40.0,2.0,1.0,50.0,3.0,2.0,0.0004964735551152083,-4.10822392670067e-05,2.5346060271521187e-05,0.0004991372202978184,9.589878044646838e-05,-4.7314887297922326e-05,"[3.591796875, 13.4296875, 2.046875, 8.5078125, 4.4453125, 6.0859375, 4.8828125, 3.810546875, 1.53515625, 3.337890625, 0.76611328125, 0.174560546875, 0.08953857421875, 8.59375, 3.701171875, 1.6533203125, 0.75537109375, 3.23828125, 7.64453125, 4.94140625, 4.94921875, 0.1455078125, 6.01171875, 4.8046875, 2.25390625, 1.2021484375, 0.01544189453125, 0.017303466796875, 0.30712890625, 0.005035400390625, 0.0740966796875, 0.3369140625, 1.359375, 0.7265625, 12.1875, 0.1884765625, 12.09375, 0.326171875, 3.2109375, 0.08514404296875, 0.97900390625, 3.27734375, 5.28515625, 7.328125, 10.0078125, 10.4453125, 1.4765625, 7.26171875, 9.6640625, 3.96484375, 5.29296875, 9.4921875, 3.662109375, 6.94921875, 0.716796875, 0.2041015625, 2.515625, 6.60546875, 5.74609375, 0.58349609375, 7.92578125, 7.3515625, 6.125, 0.028411865234375, 3.85546875, 8.3984375, 6.36328125, 2.701171875, 9.890625, 1.3759765625, 0.421630859375, 6.37109375, 5.53125, 5.69921875, 9.890625, 1.228515625, 4.84375, 1.75, 5.42578125, 0.341796875, 6.5859375, 4.6328125, 4.69140625, 4.73828125, 5.03515625, 5.3984375, 7.5546875, 4.734375, 3.8046875, 3.087890625, 3.005859375, 5.48828125, 9.6875, 3.0390625, 2.07421875, 3.59375, 1.259765625, 8.9453125, 5.265625, 4.1953125, 4.0, 0.345458984375, 4.40234375, 2.70703125, 0.8427734375, 8.1015625, 7.16015625, 8.1875, 3.564453125, 2.255859375, 2.671875, 7.71875, 0.5966796875, 0.0226287841796875, 1.736328125, 5.00390625, 0.13525390625, 1.23828125, 3.748046875, 4.1015625, 6.15234375, 0.58740234375, 2.072265625, 2.0078125, 6.83203125, 6.03125, 1.6552734375, 1.9111328125, 10.859375, 3.81640625, 9.421875, 4.60546875, 6.734375, 0.61279296875, 7.22265625, 2.935546875, 4.32421875, 0.5859375, 3.51171875, 1.673828125, 3.552734375, 8.3203125, 5.84375, 6.14453125, 6.296875, 2.537109375, 1.6337890625, 5.67578125, 3.103515625, 7.71484375, 1.5283203125, 0.95849609375, 0.06158447265625, 6.15234375, 4.88671875, 4.984375, 0.49560546875, 6.58203125, 3.583984375, 2.072265625, 6.90234375, 2.595703125, 2.4609375, 4.015625, 2.408203125, 7.5, 3.3046875, 0.0860595703125, 2.505859375, 0.89892578125, 4.1640625, 3.095703125, 6.62890625, 3.5078125, 4.34765625, 5.6796875, 10.0078125, 6.9375, 3.349609375, 2.888671875, 4.0, 4.94921875, 8.6640625, 4.859375, 12.8125, 5.203125, 0.931640625, 5.0078125, 4.2265625, 5.859375, 2.994140625, 1.4384765625, 7.8828125, 0.319580078125, 0.9697265625, 2.4921875, 4.94140625, 5.0625, 10.1953125, 5.3984375, 2.576171875, 2.650390625, 7.5234375, 4.71875, 1.6982421875, 1.3427734375, 3.396484375, 0.97998046875, 3.068359375, 0.61962890625, 13.84375, 2.123046875, 7.55859375, 2.25, 4.71484375, 2.240234375, 2.77734375, 8.5546875, 1.091796875, 2.568359375, 6.45703125, 1.77734375, 7.1796875, 1.228515625, 9.8828125, 0.0013475418090820312, 1.59375, 4.7109375, 0.55224609375, 0.6328125, 10.4609375, 6.46875, 1.1201171875, 0.014923095703125, 3.533203125, 1.833984375, 0.01154327392578125, 5.84375, 6.59375, 0.02587890625, 4.12109375, 6.78515625, 0.09002685546875, 4.9296875, 4.73828125, 0.85498046875, 1.716796875, 4.99609375, 1.00390625, 4.19140625, 0.78857421875, 9.9453125, 5.078125, 4.81640625, 0.0687255859375, 4.99609375, 6.1796875, 6.8359375, 10.3046875, 6.58203125, 1.3193359375, 2.86328125, 2.607421875, 0.70703125, 2.033203125, 0.06524658203125, 4.375, 0.36328125, 4.2578125, 3.91015625, 7.05859375, 0.16650390625, 2.33203125, 1.796875, 4.5234375, 4.7578125, 3.55859375, 0.34521484375, 6.90234375, 1.572265625, 0.03076171875, 8.53125, 14.078125, 3.66015625, 8.1484375, 3.275390625, 3.775390625, 4.1875, 2.9921875, 2.185546875, 5.61328125, 3.884765625, 0.238037109375, 0.60107421875, 0.2076416015625, 3.970703125, 0.89208984375, 0.0262451171875, 3.81640625, 10.828125, 4.26953125]",-0.9633592196873257
193,0,test,3.6542686357309946,1.7045005413330723,2.315232261424994,8.98832204756414,4.1925214927950565,5.694724513988897,38.63925141083267,31.612193633281038,34.82388626135085,95.04009419599971,77.75579885605417,85.65552669122589,3.9346785311722874,1.829414128899879,2.5047625714447026,8.371656449302739,3.8923704870210187,5.329282066903621,51.14570556360904,42.93643229042894,46.96735753594805,108.8206501353384,91.35411125623179,99.93054794882565,3.6485018658398785,1.672739236888145,2.292017629053701,8.89878503863385,4.079851797288159,5.5902869001309785,38.41706899235646,31.204951265515504,34.534549732214394,93.70016827404015,76.10963723296464,84.23060910296194,0.7839195979899498,-0.0010804020100502187,0.028919597989949808,0.6582914572864322,0.013291457286432218,-0.0017085427135676845,0.5276381909547738,-0.012361809045226213,0.007638190954773805,0.39473684210526316,0.07453979777028774,0.1551307151906023,0.33333333333333337,0.40703517587939697,0.07119557688190326,0.15327891544534022,0.33333333333333337,0.3913043478260869,0.0691006750381069,0.14881269042897904,0.325503355704698,24.0,-2.0,-1.0,40.0,1.0,-1.0,50.0,3.0,2.0,0.0016744885134258997,0.000489405570500807,0.00014518567181845762,0.00048729044062767457,8.427820529455232e-05,-5.782855820246624e-05,"[9.1953125, 2.689453125, 8.1015625, 9.1015625, 8.2421875, 8.546875, 2.72265625, 7.96484375, 9.2265625, 10.5078125, 0.3681640625, 8.8984375, 4.17578125, 3.33203125, 3.119140625, 4.09765625, 2.916015625, 5.77734375, 9.78125, 0.8603515625, 0.26123046875, 5.4140625, 10.5, 1.5283203125, 5.1328125, 4.8125, 1.2880859375, 2.91015625, 0.0008177757263183594, 3.029296875, 2.71875, 7.7890625, 4.64453125, 11.3515625, 4.2109375, 4.9765625, 5.69140625, 10.0078125, 0.66455078125, 4.546875, 0.123046875, 1.25, 0.267333984375, 5.09765625, 9.125, 4.765625, 1.7109375, 2.271484375, 6.203125, 2.115234375, 0.246337890625, 1.4541015625, 0.226318359375, 5.64453125, 0.6884765625, 2.029296875, 3.408203125, 3.89453125, 3.625, 1.5869140625, 5.20703125, 0.0012712478637695312, 6.17578125, 5.078125, 9.3359375, 5.76171875, 11.34375, 1.9580078125, 9.0390625, 8.9140625, 5.2890625, 3.62109375, 1.623046875, 2.294921875, 0.0101318359375, 2.3515625, 8.390625, 6.1171875, 1.970703125, 1.2021484375, 10.0390625, 3.015625, 2.744140625, 2.375, 3.9609375, 0.34326171875, 3.455078125, 2.9921875, 10.5859375, 1.09375, 0.77880859375, 0.01235198974609375, 4.734375, 4.6953125, 6.72265625, 0.056427001953125, 0.308349609375, 0.05389404296875, 0.035675048828125, 0.01511383056640625, 1.46484375, 8.3203125, 6.3359375, 3.609375, 6.73046875, 7.16796875, 6.7109375, 10.296875, 0.48193359375, 0.101318359375, 3.59765625, 7.703125, 0.70458984375, 3.693359375, 0.90966796875, 1.0654296875, 0.373291015625, 4.70703125, 4.484375, 4.06640625, 2.486328125, 1.84765625, 6.12890625, 1.5224609375, 3.873046875, 4.7734375, 2.42578125, 3.27734375, 1.16015625, 1.4072265625, 3.16015625, 9.3984375, 0.85498046875, 0.062347412109375, 3.45703125, 1.6943359375, 1.2509765625, 9.703125, 2.517578125, 5.14453125, 0.94580078125, 3.732421875, 5.2109375, 2.96484375, 3.318359375, 1.36328125, 1.81640625, 5.640625, 0.416015625, 0.005031585693359375, 9.6171875, 2.970703125, 1.501953125, 1.59765625, 0.00048804283142089844, 3.173828125, 4.34765625, 5.48046875, 4.9453125, 2.458984375, 0.449951171875, 3.23046875, 3.462890625, 1.1630859375, 2.849609375, 2.234375, 9.546875, 0.509765625, 0.0024623870849609375, 1.12890625, 7.4609375, 4.05859375, 1.3505859375, 0.357177734375, 0.08123779296875, 0.0001926422119140625, 6.14453125, 0.86767578125, 13.125, 0.2117919921875, 3.01953125, 3.142578125, 1.1611328125, 0.06768798828125, 11.609375, 7.81640625, 3.5546875, 10.5390625, 0.172607421875, 1.4619140625, 9.6328125, 4.234375, 9.5, 4.1171875, 0.33837890625, 0.0220947265625, 8.9609375, 7.4453125, 4.83984375, 1.2470703125, 0.74462890625, 0.425537109375, 0.3759765625, 0.2308349609375, 11.0703125, 3.77734375, 3.130859375, 0.58203125, 12.3125, 0.4501953125, 3.22265625, 4.30078125, 2.990234375, 0.397705078125, 5.62890625, 1.0615234375, 0.37451171875, 0.052947998046875, 0.4638671875, 0.19140625, 9.6328125, 2.85546875, 2.220703125, 0.55419921875, 0.0797119140625, 2.181640625, 3.537109375, 2.275390625, 0.1158447265625, 0.398681640625, 3.10546875, 0.69580078125, 11.890625, 2.685546875, 3.626953125, 1.201171875, 12.1171875, 11.3671875, 8.796875, 6.1328125, 8.6796875, 10.484375, 6.80078125, 2.474609375, 7.484375, 4.76171875, 6.7421875, 2.796875, 0.59326171875, 1.1533203125, 0.47998046875, 0.213623046875, 0.2213134765625, 5.85546875, 1.9462890625, 6.953125, 7.08984375, 4.7890625, 6.33984375, 9.0, 4.10546875, 1.3916015625, 2.130859375, 0.07598876953125, 1.4453125, 0.24951171875, 0.90087890625, 0.87548828125, 10.328125, 0.333740234375, 0.39599609375, 0.1263427734375, 10.53125, 0.30810546875, 1.8232421875, 0.66552734375, 2.130859375, 1.9248046875, 0.29443359375, 0.05694580078125, 0.45068359375, 0.0655517578125, 1.0107421875, 0.005077362060546875, 0.63623046875, 0.27197265625, 0.213623046875, 4.3671875, 0.03656005859375, 0.203125, 0.052764892578125, 4.921875, 0.78662109375, 0.193603515625, 8.0625, 0.031585693359375, 7.26171875, 9.546875, 3.06640625, 4.10546875, 0.413330078125, 7.81640625, 1.46484375, 1.8642578125]",-0.8147679434010855
13,0,test,2.90103453280879,1.3465839066689158,1.7791998778469271,6.410928165095968,2.975784188811555,3.931812075735802,18.192956847967565,13.460470941149222,15.12247453346069,40.20418858995301,29.745978993403835,33.418801746783494,2.6458580661658666,1.1411080850816022,1.6109163516911933,5.345167810436094,2.3052688587507117,3.254376468063017,14.095534796994514,9.592507149548611,11.280592636534593,28.475827872716188,19.378802322320425,22.78907603340322,2.987253993251252,1.3746651740913636,1.9045371032651777,5.974507986502504,2.749330348182727,3.8090742065303553,19.83115117918169,14.815371798930153,16.878460379819455,39.66230235836338,29.630743597860306,33.75692075963891,0.5577889447236181,-0.012211055276381999,-0.007211055276381884,0.4321608040201005,-0.00783919597989946,-0.01783919597989947,0.36180904522613067,0.006809045226130683,0.0018090452261306789,0.40896358543417366,0.1278447043152925,0.18022458250162232,0.401685393258427,0.3919597989949749,0.12880190425813276,0.17827031652419023,0.3434343434343434,0.4280936454849499,0.14094840341483306,0.21452301144713004,0.4295302013422819,20.0,6.0,6.0,29.0,7.0,6.0,35.0,5.0,5.0,-5.555858275598015e-05,0.0003362158397329752,-0.00013082765134357017,-0.03264471790361778,-0.03293756415081006,-0.03118114646864889,"[9.59375, 9.8671875, 2.888671875, 0.80224609375, 1.646484375, 5.21484375, 1.47265625, 5.83203125, 6.76171875, 10.2578125, 0.927734375, 9.65625, 1.87109375, 1.1494140625, 4.30078125, 7.96875, 7.96875, 8.3984375, 0.9033203125, 2.626953125, 0.107177734375, 2.94921875, 5.3828125, 0.00437164306640625, 4.51953125, 0.1307373046875, 4.4921875, 1.560546875, 4.72265625, 1.91015625, 3.51171875, 3.59375, 0.8173828125, 3.6953125, 0.1280517578125, 1.26171875, 0.01654052734375, 0.08038330078125, 0.03973388671875, 0.1427001953125, 0.078857421875, 0.055023193359375, 0.07098388671875, 0.07269287109375, 0.035491943359375, 0.006664276123046875, 0.1326904296875, 0.060546875, 0.056732177734375, 3.08984375, 0.348388671875, 0.006061553955078125, 7.08203125, 0.0028781890869140625, 5.140625, 5.3515625, 0.0010805130004882812, 3.4765625, 0.00470733642578125, 3.203125, 0.010894775390625, 0.32177734375, 0.039276123046875, 0.08514404296875, 2.734375, 0.035369873046875, 0.2388916015625, 0.0061798095703125, 9.828125, 0.0020313262939453125, 3.51953125, 0.220947265625, 0.09075927734375, 0.002124786376953125, 3.86328125, 0.018646240234375, 5.7890625, 1.107421875, 5.515625, 4.12890625, 4.984375, 3.794921875, 8.0546875, 6.12890625, 0.130126953125, 2.36328125, 1.365234375, 2.591796875, 4.375, 7.01953125, 4.40234375, 1.138671875, 2.84375, 8.7109375, 1.5888671875, 4.05859375, 7.11328125, 8.6875, 0.302490234375, 9.6640625, 2.806640625, 1.4072265625, 2.041015625, 6.86328125, 2.666015625, 0.77783203125, 0.7001953125, 2.431640625, 0.61376953125, 8.296875, 1.9521484375, 0.2474365234375, 2.912109375, 1.11328125, 4.78125, 7.53125, 0.9609375, 0.91943359375, 1.9189453125, 0.5068359375, 1.3359375, 0.45068359375, 1.0498046875, 2.12109375, 3.591796875, 9.34375, 0.9150390625, 7.640625, 4.609375, 5.1953125, 3.890625, 3.2578125, 7.65234375, 5.84375, 0.3154296875, 9.046875, 11.1796875, 1.662109375, 14.3359375, 2.650390625, 4.1875, 5.6640625, 1.6396484375, 5.03125, 0.005519866943359375, 0.404541015625, 0.1375732421875, 4.56640625, 1.27734375, 0.9501953125, 0.830078125, 0.1707763671875, 0.40234375, 1.89453125, 0.5126953125, 1.6435546875, 0.0047454833984375, 0.1671142578125, 0.317626953125, 0.69970703125, 0.43359375, 0.9716796875, 0.293701171875, 0.01708984375, 0.0107574462890625, 0.34619140625, 0.293212890625, 0.049896240234375, 0.362060546875, 0.0032558441162109375, 0.32421875, 0.0428466796875, 0.162841796875, 0.1414794921875, 0.0003993511199951172, 0.0176849365234375, 0.032958984375, 0.0487060546875, 0.1197509765625, 3.119140625, 3.3671875, 0.206298828125, 0.466552734375, 1.40625, 5.796875, 0.97314453125, 6.5703125, 1.6474609375, 2.431640625, 1.6533203125, 10.6953125, 2.669921875, 1.1064453125, 2.966796875, 3.86328125, 4.28515625, 4.92578125, 0.6904296875, 0.002925872802734375, 0.00856781005859375, 0.038330078125, 0.020538330078125, 0.21630859375, 11.6484375, 4.02734375, 5.37890625, 0.76904296875, 5.6796875, 10.515625, 3.87109375, 3.70703125, 3.89453125, 0.2371826171875, 7.828125, 2.5, 5.953125, 8.078125, 2.83984375, 3.490234375, 4.09375, 0.035980224609375, 10.5859375, 0.8935546875, 0.110107421875, 9.2734375, 7.80078125, 2.88671875, 2.439453125, 2.376953125, 3.21875, 6.22265625, 5.0546875, 4.34765625, 0.10308837890625, 3.19140625, 4.84375, 4.984375, 4.53125, 0.55859375, 0.10382080078125, 8.84375, 9.265625, 4.26171875, 6.015625, 5.1171875, 3.8984375, 6.640625, 7.765625, 7.40625, 1.1826171875, 1.26953125, 5.15234375, 9.40625, 6.25390625, 4.62890625, 1.4296875, 4.8359375, 8.3984375, 0.360595703125, 0.2431640625, 6.0078125, 1.6669921875, 6.4609375, 1.681640625, 2.197265625, 0.1614990234375, 0.38134765625, 0.196533203125, 3.22265625, 3.046875, 7.9609375, 0.0026378631591796875, 0.0130462646484375, 7.12890625, 5.63671875, 1.85546875, 0.2117919921875, 1.775390625, 0.10906982421875, 0.7578125, 5.71875, 4.93359375, 3.90234375, 0.99072265625, 2.369140625, 1.0830078125, 4.02734375, 4.625, 4.55078125, 4.6171875, 5.36328125, 3.189453125, 0.6318359375, 5.125, 6.96875, 4.4765625, 0.26513671875, 0.185791015625, 2.04296875, 10.4296875, 10.015625, 3.44921875, 8.0859375, 2.025390625, 0.73974609375, 1.7978515625, 0.02349853515625, 0.1336669921875, 2.431640625, 0.042022705078125, 1.32421875, 0.12646484375, 0.80810546875, 0.115478515625, 0.038604736328125, 2.431640625, 3.083984375, 0.00039505958557128906, 0.01122283935546875, 3.921875, 0.179443359375, 0.1434326171875, 0.40576171875, 0.213623046875, 6.16796875, 1.375, 5.19140625, 0.1553955078125, 3.130859375, 2.66015625, 0.5126953125, 9.296875, 1.0966796875, 3.970703125, 1.6904296875, 3.83984375, 0.0311431884765625, 1.4716796875, 2.107421875, 1.3212890625, 0.0007548332214355469, 0.00934600830078125, 8.484375, 2.609375, 0.10833740234375, 2.353515625, 0.144775390625, 0.458251953125, 2.099609375, 0.208740234375, 4.9453125, 0.01192474365234375, 0.640625, 3.138671875, 2.271484375, 0.23046875, 0.78955078125]",-1.441741288877001
93,0,test,2.4381565823071245,0.6492131720377983,0.6492131720377983,10.961793414762925,2.9188201962349787,2.9188201962349787,11.451910618304831,5.468783203809191,5.468783203809191,51.48704530018351,24.587293591109617,24.587293591109617,2.815853114104151,0.9909030052533423,1.4154784806621687,9.232305292144758,3.2488623123060405,4.640913051351373,16.70742304043776,10.504937478184953,12.650703575461943,54.77843619815659,34.44241796126214,41.47771664085883,2.598021189903336,0.849120277462458,1.2040917565315512,10.25534680225001,3.351790568930756,4.752993775782439,13.437122196768847,7.688840858483838,9.406465021816512,53.041271829350706,30.350687599278302,37.13078298085465,0.44723618090452266,-0.027763819095477316,-0.027763819095477316,0.37688442211055273,-0.013115577889447283,0.0018844221105527303,0.33668341708542715,0.0016834170854271857,0.0016834170854271857,0.34782608695652173,0.06336860895065666,0.06336860895065666,0.3266787658802178,0.3417085427135679,0.06852558532008413,0.10130787493393512,0.31818181818181823,0.3377926421404682,0.07568913629739649,0.1064244552661634,0.3120805369127517,21.0,-1.0,1.0,31.0,0.0,-1.0,34.0,-1.0,-2.0,0.000209309697276023,0.00031932708863723476,0.0005718564970087987,-0.0743022663820323,-0.07322183331903886,-0.07986656717291396,"[6.44140625, 2.943359375, 2.7890625, 14.703125, 0.453857421875, 8.359375, 0.54052734375, 2.76171875, 7.22265625, 0.447021484375, 6.421875, 0.96875, 8.84375, 0.406005859375, 3.275390625, 0.0309600830078125, 0.2437744140625, 6.171875, 5.09375, 1.462890625, 0.2939453125, 10.3671875, 2.455078125, 1.0322265625, 0.0237274169921875, 0.1861572265625, 10.34375, 1.1533203125, 0.10723876953125, 2.146484375, 4.8046875, 6.87109375, 2.994140625, 1.1005859375, 1.7197265625, 0.0295867919921875, 0.61572265625, 0.03326416015625, 0.2763671875, 8.4609375, 8.984375, 8.7578125, 6.23046875, 5.33984375, 1.626953125, 1.412109375, 1.166015625, 4.95703125, 0.01204681396484375, 0.1644287109375, 0.0213165283203125, 0.056243896484375, 0.8486328125, 0.068115234375, 0.300537109375, 6.5703125, 1.8349609375, 1.3603515625, 0.4794921875, 8.3125, 0.029998779296875, 0.11578369140625, 0.00559234619140625, 0.036468505859375, 1.521484375, 0.0229034423828125, 0.297607421875, 9.2734375, 4.76953125, 0.64208984375, 0.8837890625, 1.626953125, 0.357666015625, 8.5859375, 0.7861328125, 0.044525146484375, 0.1298828125, 0.009368896484375, 0.12939453125, 0.01074981689453125, 0.0301361083984375, 6.828125, 9.09375, 10.5703125, 0.73779296875, 0.57470703125, 0.00681304931640625, 0.0313720703125, 0.005420684814453125, 0.04388427734375, 5.51953125, 9.25, 13.0078125, 5.625, 0.71630859375, 5.015625, 0.008575439453125, 0.07342529296875, 0.00879669189453125, 0.032379150390625, 12.234375, 10.9921875, 8.4375, 3.099609375, 0.10888671875, 1.869140625, 0.1275634765625, 5.765625, 0.259033203125, 0.0199737548828125, 0.1251220703125, 0.0029449462890625, 0.18798828125, 0.00970458984375, 0.015899658203125, 0.80126953125, 11.1484375, 10.90625, 0.06939697265625, 0.10858154296875, 0.0025615692138671875, 0.11444091796875, 0.0026531219482421875, 0.00760650634765625, 7.65625, 6.1796875, 0.0238800048828125, 4.67578125, 0.0035419464111328125, 0.0751953125, 0.00862884521484375, 0.04278564453125, 1.8916015625, 10.0234375, 6.58203125, 8.03125, 5.2265625, 5.0078125, 0.65478515625, 1.2353515625, 0.060333251953125, 4.76171875, 0.0872802734375, 0.01139068603515625, 0.083740234375, 0.002841949462890625, 0.047637939453125, 0.01001739501953125, 0.0318603515625, 6.53125, 10.3203125, 8.4609375, 1.1611328125, 0.2042236328125, 0.0027828216552734375, 0.048797607421875, 0.0027637481689453125, 0.02105712890625, 3.158203125, 6.4296875, 5.86328125, 0.345703125, 2.587890625, 0.00264739990234375, 0.033477783203125, 0.00261688232421875, 0.034912109375, 1.927734375, 12.765625, 4.0546875, 4.7265625, 8.1484375, 5.26953125, 0.72265625, 1.267578125, 0.023681640625, 5.76953125, 0.363525390625, 0.012969970703125, 0.06781005859375, 0.0015411376953125, 0.0350341796875, 0.003673553466796875, 0.0296630859375, 1.2109375, 6.87109375, 12.7109375, 1.3359375, 4.8671875, 0.53173828125, 0.904296875, 0.0024814605712890625, 0.024383544921875, 0.003124237060546875, 0.0146636962890625, 2.357421875, 4.9921875, 4.05859375, 9.1171875, 0.96435546875, 0.16748046875, 4.25390625, 0.002361297607421875, 0.044464111328125, 0.0024871826171875, 0.0347900390625, 13.4609375, 6.98828125, 1.40234375, 0.19873046875, 1.298828125, 0.0634765625, 6.42578125, 0.12396240234375, 0.0272979736328125, 0.06170654296875, 0.00199127197265625, 0.03338623046875, 0.00679779052734375, 0.0169219970703125, 0.767578125, 1.345703125, 7.48046875, 9.234375, 0.106201171875, 0.16015625, 0.0016908645629882812, 0.11322021484375, 0.002506256103515625, 0.021697998046875, 1.8095703125, 0.1307373046875, 0.0694580078125, 10.078125, 0.0750732421875, 2.787109375, 0.0009765625, 0.032379150390625, 0.002811431884765625, 0.032440185546875, 8.6796875, 5.3984375, 0.0877685546875, 2.474609375, 0.034210205078125, 6.08203125, 0.294677734375, 0.01100921630859375, 0.154052734375, 0.0010099411010742188, 0.056610107421875, 0.006221771240234375, 0.0280609130859375, 7.2109375, 9.0703125, 5.7109375, 1.419921875, 0.1346435546875, 0.0010223388671875, 0.04180908203125, 0.00222015380859375, 0.01433563232421875, 4.33203125, 4.4609375, 0.08367919921875, 6.328125, 5.1015625, 7.18359375, 0.1871337890625, 4.59375, 0.0007405281066894531, 0.0132293701171875, 0.002468109130859375, 0.03472900390625, 4.6875, 9.3984375, 4.58203125, 4.59765625, 2.796875, 0.20556640625, 5.04296875, 0.0241241455078125, 5.2578125, 0.042388916015625, 0.02325439453125, 0.02667236328125, 0.0008254051208496094, 0.018951416015625, 0.0060272216796875, 0.00994873046875, 7.46875, 19.0, 9.046875, 0.5400390625, 0.050628662109375, 0.003528594970703125, 0.031768798828125, 0.00164031982421875, 0.00830841064453125, 5.22265625, 6.71875, 5.05859375, 6.5703125, 6.7265625, 0.157958984375, 3.7578125, 0.0009407997131347656, 0.0120391845703125, 0.0014657974243164062, 0.018524169921875, 7.91015625, 8.4375, 4.0546875, 8.015625, 0.343994140625, 2.294921875, 0.019195556640625, 7.33984375, 0.049774169921875, 0.01059722900390625, 0.1590576171875, 0.00140380859375, 0.057861328125, 0.00420379638671875, 0.0167694091796875, 3.427734375, 4.92578125, 6.91015625, 4.921875, 2.935546875, 0.448486328125, 0.318603515625, 0.00426483154296875, 0.038818359375, 0.0012874603271484375, 0.007747650146484375, 2.63671875, 0.92529296875, 7.62109375, 0.6865234375, 3.5859375, 0.296875, 3.716796875, 0.0008177757263183594, 0.02294921875, 0.0013446807861328125, 0.00800323486328125, 3.060546875, 0.84912109375, 6.30078125, 6.81640625, 1.779296875, 0.396484375, 0.0287628173828125, 7.77734375, 0.1273193359375, 0.01029205322265625, 0.0245208740234375, 0.0007786750793457031, 0.050994873046875, 0.004116058349609375, 0.02215576171875, 2.814453125, 1.341796875, 2.4921875, 0.85986328125, 0.20751953125, 0.158935546875, 0.268310546875, 0.00045800209045410156, 0.0217742919921875, 0.0019130706787109375, 0.007080078125, 1.125, 0.319091796875, 4.19140625, 10.1640625, 0.2010498046875, 2.138671875, 0.0005016326904296875, 0.032196044921875, 0.0016317367553710938, 0.0174713134765625, 2.453125, 0.72900390625, 4.51953125, 0.0155181884765625, 8.1015625, 0.2257080078125, 0.313232421875, 0.032135009765625, 8.7421875, 0.035552978515625, 0.0131683349609375, 0.0128326416015625, 0.0009112358093261719, 0.013519287109375, 0.00222015380859375, 0.01227569580078125, 1.369140625, 8.1875, 4.203125, 4.17578125, 0.458740234375, 0.045257568359375, 0.0010023117065429688, 0.0081634521484375, 0.0007562637329101562, 0.0064849853515625, 0.833984375, 6.56640625, 4.37109375, 5.09765625, 2.06640625, 0.2568359375, 7.10546875, 0.0005049705505371094, 0.005611419677734375, 0.0008940696716308594, 0.00637054443359375, 3.021484375, 0.828125, 0.333740234375, 0.24462890625, 12.3203125, 3.8671875, 0.896484375, 2.005859375, 0.015960693359375, 6.6328125, 0.051727294921875, 0.01065826416015625, 0.045196533203125, 0.0009121894836425781, 0.01503753662109375, 0.002307891845703125, 0.0073089599609375, 0.8837890625, 4.12890625, 9.5234375, 5.30859375, 4.23828125, 0.4873046875, 0.1666259765625, 0.0011196136474609375, 0.0183868408203125, 0.0010423660278320312, 0.006221771240234375, 12.2890625, 4.30859375, 5.88671875, 0.1754150390625, 0.0860595703125, 0.072021484375, 3.1875, 0.001007080078125, 0.00998687744140625, 0.00141143798828125, 0.00894927978515625, 7.59765625, 7.1015625, 6.8671875, 2.705078125, 0.06488037109375, 0.1640625, 0.6533203125, 0.0167236328125, 6.65625, 0.142333984375, 0.0101776123046875, 0.0224609375, 0.0004944801330566406, 0.01678466796875, 0.0029277801513671875, 0.014404296875, 3.625, 6.62890625, 9.671875, 11.5546875, 0.407470703125, 0.047088623046875, 0.0007276535034179688, 0.00612640380859375, 0.0005426406860351562, 0.004863739013671875, 3.171875, 0.1409912109375, 2.6171875, 6.5234375, 10.3125, 8.6015625, 0.467529296875, 4.5703125, 0.00030732154846191406, 0.005962371826171875, 0.0011730194091796875, 0.006244659423828125, 3.052734375, 8.3828125, 6.73828125, 1.70703125, 3.77734375, 5.81640625, 0.2388916015625, 2.474609375, 0.0124053955078125, 6.5703125, 0.42333984375, 0.01140594482421875, 0.043121337890625, 0.0008106231689453125, 0.0244598388671875, 0.00228118896484375, 0.0096588134765625, 2.78515625, 10.0546875, 5.84765625, 7.3203125, 0.21923828125, 0.0243988037109375, 0.0011644363403320312, 0.00696563720703125, 0.0007958412170410156, 0.00714111328125, 3.408203125, 8.59375, 0.6103515625, 6.265625, 0.62548828125, 2.796875, 0.000537872314453125, 0.00970458984375, 0.0009703636169433594, 0.00885772705078125, 2.1640625, 10.1953125, 1.048828125, 2.474609375, 0.0283050537109375, 8.1640625, 0.1744384765625, 0.01207733154296875, 0.0197906494140625, 0.0007348060607910156, 0.038787841796875, 0.0030975341796875, 0.0168304443359375, 9.1875, 7.640625, 5.01171875, 7.41015625, 3.16015625]",-1.3868651614672896
253,0,test,3.161566312536435,1.450280649288678,1.5884211559212607,8.170339908802024,3.747916284678607,4.104908605189776,23.60754377734826,18.07146934570219,18.78575412355967,61.00825919988876,46.70154999451128,48.54745447661489,3.2843858824303402,1.4160694871894226,1.9780802301606042,6.91449659459019,2.9811989203987843,4.1643794319170615,26.692586893838765,20.21520503078753,23.000079815876877,56.194919776502665,42.55832638060532,48.42122066500396,3.3908406380426923,1.5369968700693546,2.122586102030304,7.535201417872649,3.4155486001541213,4.716858004511786,29.69090108341148,23.30658884821607,26.136258439797363,65.97978018535883,51.79241966270237,58.08057431066079,0.6331658291457287,-0.006834170854271293,-0.006834170854271293,0.5125628140703518,0.002562814070351749,-0.012437185929648265,0.42211055276381915,-0.0028894472361808976,-0.012889447236180906,0.3812636165577342,0.10596437825523153,0.12026654910905388,0.3646288209606987,0.4120603015075377,0.12885228145741234,0.18334577730052604,0.4040404040404041,0.4013377926421404,0.1141925505720236,0.17330664692467657,0.3959731543624161,25.0,0.0,1.0,33.0,0.0,-3.0,43.0,1.0,-2.0,0.00030554342611764147,0.00015956463614761522,0.00036324327846830746,-0.01663443571929779,-0.01516691472690912,-0.019850923043337687,"[6.21484375, 0.46630859375, 7.12890625, 11.6875, 0.139404296875, 5.1875, 8.5859375, 3.525390625, 2.025390625, 0.115234375, 0.9375, 0.0013828277587890625, 2.1015625, 0.26171875, 0.007099151611328125, 10.71875, 0.28515625, 7.14453125, 7.40625, 0.320068359375, 0.062347412109375, 0.0003027915954589844, 0.11138916015625, 0.0255126953125, 0.0038433074951171875, 8.2578125, 0.06494140625, 6.95703125, 6.671875, 2.40234375, 8.578125, 6.9140625, 2.36328125, 1.6953125, 6.13671875, 1.3876953125, 6.97265625, 1.37109375, 1.0458984375, 8.703125, 2.091796875, 0.0249786376953125, 0.32373046875, 0.08111572265625, 0.0005745887756347656, 0.10467529296875, 0.01064300537109375, 0.0027484893798828125, 9.8515625, 0.3544921875, 0.06109619140625, 4.4296875, 5.93359375, 0.7138671875, 0.04693603515625, 0.0003132820129394531, 0.06988525390625, 0.0085906982421875, 0.0017385482788085938, 2.396484375, 0.01016998291015625, 0.00801849365234375, 7.49609375, 10.25, 8.296875, 0.0692138671875, 0.69970703125, 1.865234375, 0.0247802734375, 5.0390625, 0.2802734375, 5.63671875, 2.4765625, 1.994140625, 5.41015625, 6.75390625, 6.2890625, 1.837890625, 7.98828125, 6.35546875, 2.025390625, 8.2265625, 7.4921875, 3.810546875, 1.6650390625, 7.46875, 8.84375, 1.6845703125, 1.6171875, 2.806640625, 3.322265625, 12.765625, 6.3203125, 0.298583984375, 0.1456298828125, 0.121826171875, 0.318115234375, 5.4140625, 4.109375, 3.40625, 5.44140625, 0.468017578125, 0.7822265625, 0.01294708251953125, 3.228515625, 1.771484375, 7.5078125, 5.44140625, 8.875, 6.51171875, 9.03125, 7.93359375, 2.11328125, 1.572265625, 4.2265625, 4.5078125, 4.68359375, 3.068359375, 5.27734375, 0.1357421875, 1.37109375, 2.296875, 0.10186767578125, 0.00455474853515625, 0.0718994140625, 0.86181640625, 5.93359375, 1.7177734375, 1.98828125, 7.265625, 1.9365234375, 0.01471710205078125, 8.1953125, 7.04296875, 0.37158203125, 0.9130859375, 12.703125, 4.9609375, 8.046875, 1.90234375, 0.89306640625, 11.546875, 8.2578125, 5.03125, 1.84765625, 6.0625, 1.810546875, 0.045867919921875, 0.007762908935546875, 7.1015625, 0.2127685546875, 6.09375, 1.775390625, 0.07275390625, 0.05389404296875, 1.4033203125, 0.6259765625, 8.421875, 0.45751953125, 0.0281219482421875, 3.052734375, 0.0088958740234375, 2.16796875, 3.06640625, 9.0703125, 9.6328125, 1.80859375, 2.755859375, 2.521484375, 0.529296875, 0.56494140625, 0.6328125, 9.4375, 0.30029296875, 1.705078125, 3.03515625, 0.83740234375, 4.38671875, 2.60546875, 11.9609375, 2.5859375, 3.58203125, 2.759765625, 4.5859375, 0.95361328125, 0.1798095703125, 0.337158203125, 0.744140625, 5.11328125, 6.578125, 0.6181640625, 3.333984375, 5.29296875, 0.1480712890625, 4.421875, 4.5390625, 1.1318359375, 3.3359375, 0.64306640625, 3.55078125, 2.548828125, 2.767578125, 0.060821533203125, 2.884765625, 10.9765625, 1.162109375, 0.08624267578125, 0.01418304443359375, 1.11328125, 4.15234375, 10.4375, 1.2265625, 7.11328125, 1.927734375, 10.96875, 1.978515625, 0.5732421875, 3.306640625, 0.03802490234375, 5.0703125, 9.5703125, 9.1640625, 5.29296875, 0.092041015625, 8.0859375, 0.195068359375, 9.3046875, 3.365234375, 6.60546875, 1.8427734375, 1.1005859375, 1.837890625, 7.63671875, 0.48388671875, 0.310302734375, 4.83984375, 7.23046875, 1.263671875, 2.9609375, 7.46484375, 6.375, 3.673828125, 12.625, 1.0, 10.0546875, 0.0127410888671875, 2.072265625, 0.1695556640625, 0.467041015625, 1.6943359375, 1.708984375, 3.59765625, 4.57421875, 0.0650634765625, 0.027862548828125, 0.1656494140625, 9.0078125, 10.953125, 0.59033203125, 0.0599365234375, 0.071044921875, 0.04119873046875, 6.41015625, 0.1177978515625, 5.74609375, 4.10546875, 1.8486328125, 5.078125, 0.90966796875, 0.95458984375, 2.603515625, 8.5546875, 10.203125, 0.0221099853515625, 8.296875, 0.06402587890625, 4.01171875, 0.07818603515625, 1.375, 0.002567291259765625, 0.36279296875, 0.0838623046875, 0.14697265625, 0.1461181640625, 6.16015625, 0.45263671875, 0.6435546875, 10.609375, 1.08984375, 7.36328125, 2.23828125, 5.50390625, 11.1640625, 2.060546875, 2.845703125, 2.796875, 4.9609375, 4.76953125, 1.5380859375, 5.1484375, 0.31005859375, 0.732421875, 1.634765625, 5.87109375, 7.6328125, 0.7548828125, 3.634765625, 4.9140625, 3.880859375, 2.875, 9.8046875, 3.32421875, 0.1068115234375, 4.375, 1.68359375, 7.5859375, 11.9609375, 5.76953125, 3.58984375, 4.3125, 2.521484375, 3.06640625, 1.9619140625, 2.33203125, 1.232421875, 0.58984375, 0.302978515625, 0.8603515625, 0.1649169921875, 0.65185546875, 0.9462890625, 0.298828125, 0.092529296875, 6.53515625, 0.0008916854858398438, 0.09979248046875, 0.027130126953125, 0.64453125, 0.0015497207641601562, 0.322998046875, 0.047119140625, 0.158203125, 0.34814453125, 0.239990234375, 0.045257568359375, 7.23828125, 1.7314453125, 1.4736328125, 0.1943359375, 6.265625, 10.34375, 0.0064239501953125, 1.1884765625, 5.70703125, 5.4375, 2.2421875, 5.3828125, 5.34765625, 4.078125, 0.599609375, 1.0673828125, 0.4365234375, 0.10015869140625, 0.448486328125, 0.03167724609375, 0.1951904296875, 0.1202392578125, 11.109375, 0.0460205078125, 5.51171875, 0.213134765625, 0.00629425048828125, 0.2470703125, 0.0009427070617675781, 0.467041015625, 0.058685302734375, 0.160888671875, 0.3154296875, 16.28125, 1.8857421875, 1.2822265625, 3.3359375, 3.78125, 2.3671875, 3.544921875, 0.6044921875, 0.85888671875, 0.5595703125, 0.89501953125, 4.54296875, 2.98046875, 4.28125, 7.68359375, 6.10546875, 2.54296875, 7.40234375, 1.0908203125, 1.451171875, 11.5234375, 1.95703125, 0.27880859375, 2.412109375, 6.66015625, 0.05126953125, 0.01422119140625, 0.06622314453125, 1.408203125, 7.24609375, 0.61474609375, 0.10504150390625, 0.0322265625, 0.054595947265625, 0.3857421875, 2.734375, 0.00814056396484375, 8.3203125, 1.439453125, 7.3203125, 0.0977783203125, 0.047637939453125, 0.87939453125, 4.34765625, 0.35546875, 2.9140625, 2.5078125, 4.16796875, 1.955078125, 2.46875, 0.389404296875, 4.13671875, 2.453125, 0.41455078125, 0.8115234375, 0.302490234375, 3.359375, 0.007328033447265625, 11.4921875, 0.099853515625, 0.004825592041015625, 0.0203094482421875, 0.07403564453125, 9.1015625, 5.13671875, 0.3671875, 0.1629638671875, 7.15234375, 0.52490234375, 3.39453125, 0.1146240234375, 0.299560546875, 0.00792694091796875, 0.0152740478515625, 0.083740234375, 6.43359375, 16.640625, 2.88671875, 5.84765625, 11.3671875, 1.958984375]",-1.2107791350038482
8,0,test,3.6020849498771352,1.6125210339436555,2.2371522296515893,7.038556798610495,3.1509031697749594,4.371446885526095,36.674619529952224,29.362275259860578,32.75915991806107,71.6630496562285,57.37456085260114,64.01215156402739,3.6447400990322496,1.6486679846391785,2.2798073788067037,7.121905940637729,3.2215351423983947,4.454796027553329,38.27282441470587,30.912734757198958,34.35736480281472,74.7859787413793,60.40419435314739,67.13508064917819,3.649006950784717,1.6624975460818414,2.2821420020810788,7.130243467050597,3.248558423378311,4.459357935100959,38.43647777665909,31.146435066739944,34.51344528829334,75.10576117278214,60.86085013041139,67.44006550586056,0.7159763313609467,0.05597633136094682,0.05597633136094682,0.5621301775147929,0.09213017751479291,0.0771301775147929,0.4497041420118343,0.05470414201183427,0.04970414201183426,0.40828402366863903,0.10444921540905205,0.158775182804199,0.3571428571428571,0.41420118343195267,0.12511563770923884,0.16469234256751264,0.3571428571428571,0.4023668639053254,0.10148190815311298,0.15285802304088536,0.34523809523809523,20.0,-4.0,-3.0,30.0,-3.0,-2.0,39.0,-3.0,-1.0,-0.00032799979417247836,0.00013374063887778537,0.0004591488500637671,2.586617455246909e-05,6.094135913681242e-05,6.916311268323483e-05,"[13.421875, 4.671875, 10.7109375, 7.421875, 4.6953125, 3.0078125, 4.03515625, 1.3515625, 1.65234375, 1.3291015625, 1.3427734375, 2.662109375, 1.603515625, 3.677734375, 8.8828125, 1.4873046875, 1.5185546875, 6.828125, 3.177734375, 3.99609375, 0.00789642333984375, 0.84375, 6.89453125, 2.892578125, 7.53125, 0.331787109375, 4.26171875, 5.3984375, 10.671875, 2.048828125, 2.12890625, 1.5322265625, 3.384765625, 5.9609375, 6.515625, 1.2548828125, 3.400390625, 0.26025390625, 0.25830078125, 7.36328125, 11.25, 12.5, 1.8505859375, 9.4921875, 1.7861328125, 3.0859375, 0.0225372314453125, 0.32421875, 0.001613616943359375, 0.453125, 7.97265625, 4.984375, 4.921875, 2.751953125, 5.26171875, 8.0078125, 5.265625, 1.4619140625, 2.861328125, 0.29541015625, 9.640625, 4.23828125, 2.65234375, 1.83984375, 6.390625, 1.8310546875, 0.0236663818359375, 1.00390625, 0.005298614501953125, 0.08203125, 6.390625, 1.8076171875, 7.12890625, 5.6640625, 4.7109375, 7.57421875, 2.498046875, 1.28515625, 5.6875, 6.14453125, 3.408203125, 8.734375, 5.140625, 8.0234375, 4.5625, 2.60546875, 4.4453125, 4.68359375, 4.015625, 14.390625, 6.12109375, 7.2265625, 3.248046875, 1.216796875, 1.6435546875, 5.71875, 0.018768310546875, 8.8203125, 5.53515625, 5.65234375, 2.826171875, 0.52197265625, 1.1513671875, 0.76708984375, 0.152099609375, 6.72265625, 3.990234375, 0.300048828125, 0.896484375, 0.8251953125, 1.369140625, 5.07421875, 1.3525390625, 6.984375, 4.34375, 0.75537109375, 0.397705078125, 0.669921875, 1.234375, 0.01287078857421875, 1.1669921875, 7.8515625, 1.6279296875, 0.0867919921875, 0.269287109375, 0.05950927734375, 0.1561279296875, 1.2685546875, 0.427978515625, 0.07672119140625, 0.11651611328125, 0.0019521713256835938, 2.228515625, 1.919921875, 1.619140625, 0.308837890625, 0.72509765625, 0.49609375, 0.01078033447265625, 8.40625, 7.2890625, 4.21484375, 0.80224609375, 0.280517578125, 0.1048583984375, 0.10919189453125, 0.08111572265625, 1.265625, 0.3037109375, 0.191162109375, 3.26171875, 0.02874755859375, 2.212890625, 7.8359375, 0.939453125, 2.9140625, 9.3671875, 5.7890625, 1.880859375, 10.0234375, 2.189453125, 1.16796875, 1.8369140625, 13.0390625, 4.98046875, 10.4609375, 1.6845703125, 10.390625, 8.15625]",-0.9963175502754527
176,0,test,3.5036899473608996,1.622620175515248,1.9726865475660311,11.707451775327883,5.421925952331438,6.5916599272328344,33.2378719560224,26.67735258754763,28.615058930452737,111.06313312134314,89.14139767058597,95.61617252370792,4.308458366585736,1.9956341973885579,2.7322822515958967,9.904501992151117,4.587664821582891,6.281108624358382,74.32581740866432,64.22290065955107,69.48939094056159,170.863948065895,147.638852090922,159.7457263001416,4.0339798305345616,1.863719747436317,2.5659057356699315,10.43270645827904,4.819964864059441,6.635963109491203,56.48526629100768,47.724704072373285,52.14439930351654,146.0825852353647,123.42595880786195,134.8562050953014,0.6984924623115578,-0.006507537688442255,-0.011507537688442149,0.6080402010050252,0.0030402010050252226,-0.006959798994974786,0.5125628140703518,-0.012437185929648265,-0.012437185929648265,0.40731707317073174,0.12717090995514102,0.15609517678754503,0.273838630806846,0.44723618090452266,0.15149683253359536,0.2085049622066929,0.30808080808080807,0.42140468227424754,0.11756494938610063,0.18669945424310186,0.31543624161073824,27.0,0.0,0.0,37.0,0.0,1.0,47.0,0.0,0.0,0.0025032137134600296,0.002536415625131951,0.0009544942442205013,-0.018973655451627103,-0.020444333077353605,-0.020847130951175075,"[11.953125, 5.1484375, 8.4296875, 8.0703125, 3.755859375, 6.80859375, 2.228515625, 10.90625, 12.734375, 1.4912109375, 0.33837890625, 9.5234375, 10.2578125, 6.1875, 4.28515625, 3.705078125, 8.8828125, 5.5859375, 4.23828125, 9.875, 12.578125, 16.09375, 7.609375, 0.058013916015625, 4.63671875, 9.609375, 7.02734375, 6.28125, 7.64453125, 6.5390625, 8.6328125, 1.544921875, 0.95556640625, 5.57421875, 2.314453125, 13.5390625, 2.099609375, 7.39453125, 8.109375, 0.89794921875, 0.86328125, 13.140625, 5.91015625, 8.8828125, 8.1171875, 8.75, 6.0546875, 5.5390625, 1.9775390625, 0.6240234375, 1.4765625, 14.9375, 2.919921875, 8.796875, 2.490234375, 5.82421875, 6.17578125, 3.5859375, 8.9921875, 4.07421875, 9.6640625, 3.08203125, 12.59375, 5.46484375, 2.228515625, 11.96875, 1.94921875, 8.265625, 6.8125, 9.1015625, 1.439453125, 5.3515625, 9.1171875, 8.6484375, 5.23046875, 2.107421875, 9.4140625, 5.79296875, 6.83984375, 0.7412109375, 9.515625, 1.6318359375, 0.334716796875, 12.71875, 1.568359375, 5.28125, 2.07421875, 4.37109375, 0.038543701171875, 1.46875, 6.82421875, 0.1734619140625, 0.350830078125, 1.03515625, 6.62890625, 0.66064453125, 6.625, 3.68359375, 9.3671875, 4.9765625, 6.26953125, 3.142578125, 11.5390625, 0.057525634765625, 5.56640625, 1.4697265625, 5.55078125, 2.546875, 0.99560546875, 1.60546875, 0.370361328125, 4.671875, 0.228515625, 5.08203125, 4.7734375, 0.6328125, 11.5234375, 0.11688232421875, 0.01122283935546875, 2.478515625, 7.52734375, 10.0234375, 0.06353759765625, 0.048309326171875, 1.53515625, 0.60107421875, 0.448486328125, 3.587890625, 0.2216796875, 2.12890625, 0.385986328125, 0.308837890625, 1.455078125, 0.005290985107421875, 0.01201629638671875, 0.167236328125, 4.56640625, 3.720703125, 0.007110595703125, 0.00820159912109375, 0.1861572265625, 0.1343994140625, 0.205322265625, 3.71484375, 0.19970703125, 4.71875, 0.6005859375, 0.377197265625, 0.2110595703125, 0.0040283203125, 0.016357421875, 0.107421875, 1.67578125, 0.026153564453125, 0.00400543212890625, 0.01093292236328125, 0.05328369140625, 0.1397705078125, 4.13671875, 9.640625, 4.81640625, 2.279296875, 8.890625, 10.921875, 4.21484375, 3.802734375, 1.4462890625, 0.6103515625, 0.560546875, 3.27734375, 0.0191192626953125, 0.10205078125, 0.65087890625, 3.568359375, 1.1044921875, 2.845703125, 0.308837890625, 0.141357421875, 2.330078125, 3.884765625, 0.234375, 12.6640625, 0.91015625, 2.57421875, 1.697265625, 7.81640625, 2.5546875, 10.296875, 9.015625, 1.505859375, 0.6650390625, 7.4921875, 1.1044921875, 6.63671875, 0.87939453125, 5.00390625, 5.546875, 0.369384765625, 0.2293701171875, 8.296875, 5.01171875, 3.669921875, 12.4453125, 1.3486328125, 9.640625, 7.6015625, 7.52734375, 2.490234375, 3.107421875, 0.17724609375, 0.806640625, 0.392822265625, 0.85107421875, 4.7734375, 0.2705078125, 4.6171875, 0.273681640625, 7.69921875, 0.08477783203125, 10.1171875, 5.56640625, 5.9453125, 4.23046875, 5.16015625, 4.703125, 2.017578125, 0.103515625, 1.24609375, 1.39453125, 0.44287109375, 8.9765625, 3.55859375, 1.40625, 2.16015625, 8.921875, 4.41015625, 0.9609375, 4.07421875, 2.291015625, 1.4501953125, 3.423828125, 6.046875, 5.0546875, 3.125, 5.703125, 3.609375, 0.08758544921875, 5.41015625, 4.6484375, 10.5, 4.98828125, 0.4111328125, 6.22265625, 11.90625, 1.40625, 3.64453125, 0.6865234375, 1.1240234375, 1.7685546875, 0.49365234375, 1.6591796875, 4.953125, 7.24609375, 1.8310546875, 3.337890625, 7.47265625, 0.77734375, 7.046875, 6.3984375, 1.474609375, 3.390625, 2.841796875, 1.0498046875, 0.52001953125, 0.697265625, 0.044586181640625, 0.67431640625, 3.40234375, 1.3515625, 1.685546875, 1.623046875, 0.81640625, 0.376953125, 7.22265625, 9.4375, 2.8359375, 0.124755859375, 0.29541015625, 2.080078125, 3.287109375, 5.5625, 2.759765625, 3.193359375, 1.6640625, 1.568359375, 1.08203125, 8.3046875, 6.859375, 5.2890625, 3.638671875, 3.46875, 4.32421875, 0.468994140625, 6.80859375, 0.2177734375, 0.08892822265625, 1.0869140625, 4.65625, 2.875, 2.330078125, 0.7763671875, 0.74365234375, 4.5078125, 0.6826171875, 3.880859375, 3.466796875, 5.40234375, 0.58935546875, 1.4853515625, 3.728515625, 0.85693359375, 0.55517578125, 2.21484375, 7.6015625, 6.1953125, 1.9208984375, 6.60546875, 0.146728515625, 1.0986328125, 0.94775390625, 0.1727294921875, 1.78125, 0.036651611328125, 3.140625, 0.034576416015625, 0.26708984375, 0.2003173828125, 0.13427734375, 1.0703125, 0.1517333984375, 0.1566162109375, 0.265869140625, 0.031402587890625, 0.1910400390625, 1.6865234375, 0.09967041015625, 3.08984375, 0.0435791015625, 0.11993408203125, 0.0726318359375, 0.300048828125, 0.007022857666015625, 0.3671875, 2.419921875, 0.0194244384765625, 0.72802734375, 0.408447265625, 0.1416015625, 0.16259765625, 11.6875, 4.48046875, 0.40087890625, 4.30859375, 2.341796875, 1.7744140625, 6.8125, 1.8955078125, 11.34375, 2.037109375, 1.1083984375, 0.08428955078125, 6.43359375, 1.587890625, 0.268798828125, 0.2413330078125, 0.1605224609375, 0.74609375, 0.00069427490234375, 0.0323486328125, 0.0926513671875, 5.21875, 3.662109375, 0.1273193359375, 0.1614990234375, 0.06585693359375, 0.796875, 1.375, 0.398681640625, 10.4375, 2.513671875, 5.7265625, 0.68798828125, 2.240234375, 0.4111328125, 0.267333984375, 0.0174560546875, 2.634765625, 0.849609375, 2.28125, 0.9716796875, 0.046142578125, 0.1190185546875, 1.33984375, 0.025482177734375, 0.15380859375, 0.12548828125, 1.4814453125, 3.44140625, 5.71875, 9.5703125]",-0.69598799682245
35,0,test,3.1533920743049833,1.4306362658023202,1.9546888317197535,7.0843328792605105,3.214032158788774,4.391355731534789,23.415356652257028,17.815417071666353,20.09954232544343,52.604362890002086,40.02367670894907,45.15513618318798,3.5320885398171167,1.6065659988982908,2.207616644290397,6.275764459139341,2.8545235158996416,3.9224617161945448,34.19531135602451,27.336579658383947,30.435112303406136,60.75774071293641,48.57124421445005,54.0766727533734,3.205153902238827,1.4270337632314496,1.9957455606602594,6.868186933368914,3.05792949263882,4.27659762998627,24.659294845117,18.74057526116882,21.307793723159648,52.84134609667928,40.15837555964747,45.659557978199246,0.7828282828282829,0.007828282828282851,0.007828282828282851,0.6212121212121212,0.021212121212121238,0.00121212121212122,0.48484848484848486,-0.00015151515151512474,0.00484848484848488,0.4067278287461774,0.08459042416602469,0.1544389172507552,0.33435582822085885,0.40909090909090906,0.07659720632012823,0.1372788285539963,0.3401015228426396,0.4046822742474916,0.08414805054131458,0.15551653453670178,0.32885906040268453,24.0,1.0,0.0,36.0,-2.0,-2.0,46.0,0.0,-1.0,0.0013197990162891104,0.00045180373505585383,0.0003827572515202216,0.00039646512983626536,-4.812870849413287e-06,-0.00013843336848395893,"[10.1953125, 3.8203125, 2.38671875, 12.140625, 8.3125, 11.296875, 2.810546875, 1.7001953125, 5.55859375, 6.46875, 3.607421875, 2.26953125, 11.171875, 9.7578125, 0.2322998046875, 4.3515625, 10.4296875, 5.69921875, 10.5625, 10.1484375, 1.484375, 2.009765625, 2.6875, 6.90234375, 8.828125, 0.01654052734375, 5.76953125, 3.630859375, 5.52734375, 0.1888427734375, 5.9453125, 2.509765625, 2.181640625, 6.28515625, 2.8671875, 1.7568359375, 1.240234375, 3.326171875, 2.0390625, 3.5234375, 2.3359375, 3.802734375, 5.0390625, 1.08203125, 0.84130859375, 0.059173583984375, 7.2734375, 3.078125, 1.732421875, 4.21875, 1.7900390625, 0.80078125, 3.275390625, 1.6787109375, 3.078125, 0.25048828125, 10.0, 2.68359375, 1.1806640625, 0.51953125, 2.087890625, 4.5390625, 3.06640625, 5.1875, 8.4765625, 0.9111328125, 7.6796875, 8.171875, 2.87890625, 5.421875, 1.4580078125, 0.8603515625, 0.0531005859375, 6.27734375, 0.90478515625, 3.208984375, 1.4052734375, 3.27734375, 2.166015625, 0.5380859375, 0.61279296875, 3.486328125, 4.2109375, 2.359375, 8.265625, 2.962890625, 3.4140625, 5.6171875, 0.359619140625, 5.35546875, 7.484375, 0.5107421875, 0.8134765625, 0.007564544677734375, 2.92578125, 7.0859375, 5.171875, 4.171875, 5.53515625, 0.2037353515625, 0.004207611083984375, 6.15234375, 1.80859375, 4.7421875, 5.25390625, 0.1558837890625, 1.8193359375, 2.654296875, 1.84375, 3.998046875, 4.61328125, 6.8828125, 1.23046875, 1.4814453125, 2.8203125, 5.59765625, 0.175537109375, 7.08984375, 5.390625, 1.033203125, 6.9765625, 2.337890625, 5.90625, 0.6845703125, 3.111328125, 4.0390625, 1.7939453125, 0.5986328125, 0.010986328125, 2.607421875, 1.6748046875, 0.72900390625, 3.5703125, 2.13671875, 4.49609375, 5.0546875, 1.7294921875, 7.12890625, 1.681640625, 0.0026798248291015625, 0.98583984375, 10.9609375, 2.814453125, 6.19921875, 0.03173828125, 5.01171875, 0.693359375, 5.30859375, 8.3046875, 1.869140625, 4.03515625, 5.55859375, 3.943359375, 2.400390625, 5.23828125, 0.00415802001953125, 0.006626129150390625, 0.348876953125, 8.6484375, 2.77734375, 2.75390625, 5.8984375, 0.38134765625, 1.7236328125, 1.71875, 2.2578125, 1.94140625, 3.19921875, 1.8544921875, 10.9296875, 0.366455078125, 3.81640625, 8.0859375, 0.53125, 4.03515625, 1.0546875, 0.83740234375, 0.880859375, 0.0033435821533203125, 0.9169921875, 3.927734375, 0.89306640625, 3.98046875, 7.96484375, 7.01171875, 5.0859375, 0.0484619140625, 0.57763671875, 1.69921875, 0.8994140625, 1.8232421875, 4.74609375, 1.6513671875, 0.129638671875, 4.15234375, 2.806640625, 1.2861328125, 1.08984375, 0.0025615692138671875, 7.87890625, 1.185546875, 6.828125, 8.90625, 6.80859375, 0.5244140625, 0.2366943359375, 0.006134033203125, 4.62109375, 12.375, 0.049224853515625, 4.3046875, 3.29296875, 0.11981201171875, 5.453125, 0.47802734375, 6.734375, 0.3212890625, 6.65234375, 2.484375, 3.658203125, 0.061126708984375, 1.3408203125, 2.53125, 0.85107421875, 3.88671875, 0.189208984375, 0.41943359375, 0.1732177734375, 0.07928466796875, 0.0053558349609375, 3.80078125, 7.91015625, 3.267578125, 2.685546875, 5.95703125, 1.91015625, 1.66796875, 5.03125, 2.615234375, 4.8046875, 2.171875, 0.7900390625, 0.73193359375, 0.87060546875, 0.18115234375, 0.78759765625, 3.220703125, 9.0078125, 1.26171875, 0.5654296875, 2.419921875, 1.4453125, 2.625, 2.599609375, 8.15625, 7.25390625, 6.73046875, 6.296875, 4.15625, 6.29296875, 1.818359375, 0.356689453125, 1.8525390625, 6.39453125, 0.10833740234375, 0.9658203125, 7.2421875, 1.7021484375, 0.169677734375, 1.265625, 0.0540771484375, 0.051422119140625, 1.404296875, 3.462890625, 2.958984375, 1.9677734375, 0.84326171875, 2.28125, 1.7890625, 0.057281494140625, 2.623046875, 0.205078125, 0.050445556640625, 0.026885986328125, 6.57421875, 1.04296875, 1.4951171875, 0.61962890625, 0.0140533447265625, 0.01511383056640625, 0.92236328125, 0.13427734375, 3.0859375, 1.1171875, 1.3916015625, 6.61328125, 0.06866455078125, 3.345703125, 0.0533447265625, 0.15234375, 0.34423828125, 0.164794921875, 0.401611328125, 0.0662841796875, 8.171875, 0.043701171875, 1.8662109375, 0.462890625, 0.227294921875, 3.3125, 1.45703125, 0.77978515625, 6.64453125, 5.125, 2.23828125, 4.609375, 4.984375, 3.8046875, 2.8828125, 0.1824951171875, 3.505859375, 0.75927734375, 0.00205230712890625, 6.2734375, 3.66015625, 8.4609375, 0.1484375]",-1.0566909335075167
236,0,test,4.4680954822942835,2.0660127280957328,2.5756584787195207,11.073106195251052,5.120118500063339,6.383153621174466,87.19050891683432,76.1443500441716,80.55498913850538,216.08082644606768,188.70556315294704,199.63627743020902,5.028634775823085,2.3089947162443973,3.192068903159438,8.311793017889396,3.8165201921394987,5.276146947370971,152.7243673055065,137.54950808889575,146.44941507284727,252.4369707529033,227.3545588246211,242.06514888073934,4.551103738638071,2.174632793919823,2.9316384665641877,9.683199443910791,4.6268782849357954,6.2375286522642295,94.73691542405257,83.97007645534214,89.68652641369786,201.56790515755867,178.65973713902585,190.82239662488908,0.8391959798994975,-0.01080402010050252,0.004195979899497493,0.7135678391959799,0.003567839195979916,0.00856783919597981,0.6030150753768844,-0.011984924623115623,-0.006984924623115618,0.4522613065326633,0.13983972560418145,0.18735417065778548,0.4231738035264484,0.46733668341708545,0.13149708441959174,0.2002248303286046,0.4696969696969697,0.45150501672240806,0.14432638567065514,0.21235040048214104,0.4261744966442953,28.0,0.0,0.0,39.0,-2.0,0.0,52.0,3.0,4.0,-8.360008266512637e-05,0.0010123929693862353,-7.115192243213477e-05,0.00011609134434475976,0.00038333306897619934,2.461703082090594e-05,"[9.2109375, 3.5390625, 2.935546875, 0.2296142578125, 4.23046875, 2.201171875, 3.33203125, 8.171875, 10.359375, 3.251953125, 1.1240234375, 5.54296875, 5.5234375, 9.828125, 2.095703125, 3.92578125, 3.404296875, 11.1171875, 3.720703125, 3.55859375, 0.007114410400390625, 11.8125, 8.40625, 0.04144287109375, 1.890625, 0.12200927734375, 7.53125, 1.486328125, 2.9140625, 1.15234375, 8.1484375, 1.1943359375, 0.5439453125, 0.2227783203125, 9.484375, 2.0546875, 2.841796875, 13.734375, 2.060546875, 2.666015625, 14.4296875, 11.25, 5.3671875, 3.578125, 9.453125, 6.3984375, 0.60888671875, 6.109375, 1.587890625, 1.62890625, 7.66015625, 9.7265625, 2.55078125, 8.3359375, 7.84765625, 12.328125, 6.9765625, 9.8671875, 6.1796875, 7.00390625, 8.953125, 2.767578125, 10.984375, 9.015625, 2.365234375, 10.625, 2.646484375, 9.7890625, 9.953125, 0.83447265625, 9.921875, 2.5234375, 9.34375, 2.646484375, 2.115234375, 7.28125, 0.9423828125, 9.234375, 0.18896484375, 1.2900390625, 0.58203125, 6.3828125, 1.84375, 7.765625, 5.3828125, 0.051910400390625, 9.421875, 4.1015625, 8.375, 1.2978515625, 0.52197265625, 10.2890625, 8.8203125, 2.31640625, 3.455078125, 1.8115234375, 7.828125, 4.66015625, 1.2841796875, 8.3828125, 2.544921875, 9.609375, 1.671875, 0.70263671875, 3.53125, 8.796875, 0.0966796875, 6.83203125, 8.8359375, 0.8193359375, 9.4765625, 4.01953125, 11.3828125, 1.3603515625, 8.0234375, 0.0732421875, 4.65625, 0.381103515625, 5.25, 5.33984375, 6.20703125, 3.50390625, 1.1669921875, 1.03515625, 1.0068359375, 11.7421875, 8.7109375, 4.4921875, 5.52734375, 1.5078125, 0.263916015625, 7.0625, 6.38671875, 0.218994140625, 0.31591796875, 1.958984375, 1.84375, 0.34521484375, 11.5390625, 9.0625, 11.265625, 1.0703125, 1.49609375, 9.0390625, 5.5546875, 1.1181640625, 9.6484375, 1.1669921875, 8.2890625, 4.83203125, 3.65234375, 0.69970703125, 7.12109375, 11.140625, 2.46875, 6.48828125, 0.370361328125, 1.1953125, 4.85546875, 3.986328125, 6.75, 9.015625, 9.6640625, 8.515625, 7.41796875, 4.67578125, 4.6875, 0.0189361572265625, 6.69921875, 7.51171875, 4.65234375, 5.890625, 3.62890625, 0.274658203125, 0.212158203125, 6.87890625, 12.59375, 9.2109375, 3.470703125, 6.26171875, 7.7421875, 7.06640625, 9.5859375, 3.77734375, 3.474609375, 1.80078125, 2.25390625, 6.66015625, 9.0234375, 6.60546875, 1.927734375, 3.89453125, 0.48974609375, 4.953125, 1.1748046875, 0.29150390625, 4.44921875, 12.3125, 0.9521484375, 5.16796875, 8.390625, 4.546875, 6.64453125, 7.109375, 0.284912109375, 0.400146484375, 7.34375, 2.484375, 11.78125, 5.3671875, 3.890625, 0.57568359375, 4.88671875, 0.485595703125, 1.9619140625, 0.72021484375, 0.876953125, 0.9892578125, 3.765625, 0.04010009765625, 6.08203125, 1.4912109375, 4.02734375, 0.60986328125, 4.67578125, 2.7578125, 8.3046875, 12.1796875, 2.943359375, 9.25, 12.515625, 5.06640625, 8.2265625, 1.2529296875, 0.939453125, 0.229248046875, 0.90283203125, 0.027496337890625, 1.353515625, 5.0625, 2.4921875, 0.9033203125, 1.13671875, 0.34521484375, 1.3017578125, 1.9658203125, 0.0911865234375, 6.6015625, 5.328125, 5.7578125, 0.395751953125, 0.5029296875, 0.1513671875, 0.4462890625, 7.02734375, 4.40625, 5.13671875, 13.2265625, 9.4140625, 15.09375, 1.2373046875, 0.25341796875, 0.057830810546875, 0.56005859375, 0.513671875, 0.578125, 10.3125, 10.453125, 1.359375, 0.83056640625, 2.2578125, 0.40673828125, 10.515625, 3.775390625, 6.171875, 1.337890625, 5.69140625, 8.8671875, 3.505859375, 11.4765625, 2.8515625, 0.88232421875, 5.6953125, 7.3984375, 0.050445556640625, 0.289794921875, 0.473876953125, 5.46875, 0.77978515625, 0.00428009033203125, 4.73046875, 3.97265625, 1.982421875, 0.0070037841796875, 0.5146484375, 0.353515625, 0.23291015625, 0.0703125, 0.269287109375, 0.19189453125, 0.072509765625, 9.6640625, 6.26171875, 10.6640625, 0.9150390625, 1.103515625, 0.58935546875, 3.52734375, 8.2109375, 9.609375, 7.86328125, 8.09375, 14.09375, 0.3828125, 0.052886962890625, 0.0095672607421875, 0.08123779296875, 0.020782470703125, 5.5078125, 2.59765625, 1.47265625, 2.142578125, 1.5849609375, 0.0131072998046875, 0.254638671875, 5.109375, 0.47998046875, 0.003055572509765625, 0.2509765625, 0.283447265625, 4.5078125, 0.59130859375, 0.06170654296875, 10.21875, 6.0703125, 0.146484375, 0.0283660888671875, 3.41015625, 8.578125, 0.03851318359375, 0.08709716796875, 1.578125, 5.74609375, 14.4140625, 0.2003173828125, 8.640625, 9.65625, 8.6796875, 3.58203125, 0.44482421875, 0.74560546875, 5.546875, 9.875, 3.6484375, 6.19140625, 2.91796875, 4.9296875, 8.6328125, 2.494140625, 0.96728515625, 0.07110595703125, 9.4296875, 7.65234375, 4.75390625, 9.9296875, 9.46875, 0.57177734375, 2.69140625, 4.6484375, 0.35986328125, 11.2265625, 6.8046875, 3.4765625, 9.3671875, 10.703125, 7.00390625, 0.900390625, 0.8310546875, 3.29296875, 4.83984375, 8.5546875, 6.5546875, 0.8779296875, 5.609375, 4.078125, 9.7421875, 5.27734375, 6.0234375, 1.421875, 0.221923828125, 2.84375, 2.4921875, 1.7451171875, 6.18359375, 3.521484375, 1.8193359375, 0.9609375, 3.35546875]",-0.7414358249261754
140,0,test,3.60752006801399,1.6770222407574802,2.3107744273718023,6.696459126250969,3.1129725344060724,4.289375030808908,36.8744930959131,29.981552214487387,33.217118228807344,68.4482778092887,55.65325629814221,61.65927571222364,3.889982894437397,1.7961612350146394,2.485428986695908,6.429723792458508,2.9688615454787435,4.108147085447781,48.910049882656104,40.79417781042909,44.83634079686605,80.84305765728281,67.4283930750894,74.10965420969595,3.615954101085663,1.709336427472293,2.3096910167276192,6.712114800140262,3.1729557434954443,4.287363949800643,37.18680898010721,30.456522747411704,33.494459081115124,69.02801416932401,56.53492034988298,62.174089669319955,0.778894472361809,-0.0011055276381910506,0.018894472361808967,0.6683417085427136,-0.011658291457286363,-0.0016582914572863539,0.5577889447236181,-0.007211055276381884,0.017788944723618028,0.43581081081081086,0.09179732008568442,0.18412541755238387,0.3728813559322034,0.4371859296482412,0.09132126799410589,0.18176022013238147,0.3939393939393939,0.41891891891891897,0.0816507907570303,0.1627391436380201,0.39322033898305087,22.0,8.0,10.0,35.0,16.0,17.0,44.0,12.0,14.0,0.001251120503094283,0.0005237571525598764,3.433105363532917e-05,-0.00036349275698022154,0.0001152664056931485,-2.979210245257491e-05,"[11.1875, 2.203125, 7.109375, 7.9140625, 9.2734375, 5.78515625, 1.6171875, 0.5830078125, 3.9609375, 8.34375, 3.193359375, 4.6328125, 0.53564453125, 0.1533203125, 2.65234375, 3.6875, 1.615234375, 3.234375, 0.81689453125, 1.30859375, 2.416015625, 2.7890625, 5.94140625, 2.716796875, 3.64453125, 4.77734375, 6.98828125, 3.84375, 0.046630859375, 1.310546875, 2.423828125, 6.43359375, 10.203125, 6.40234375, 0.05938720703125, 6.890625, 6.73828125, 4.12890625, 1.5048828125, 7.8671875, 4.70703125, 6.05859375, 0.030548095703125, 0.1343994140625, 5.171875, 4.85546875, 2.283203125, 5.9453125, 6.51953125, 4.875, 5.5703125, 1.9794921875, 4.24609375, 2.205078125, 2.568359375, 8.6015625, 6.2265625, 2.177734375, 2.689453125, 6.984375, 2.5078125, 2.7578125, 5.171875, 5.98828125, 1.7421875, 4.66796875, 1.5498046875, 6.734375, 0.5283203125, 5.328125, 6.2890625, 0.69921875, 0.7763671875, 7.234375, 2.130859375, 1.30859375, 6.00390625, 8.328125, 3.431640625, 0.82666015625, 11.984375, 0.8291015625, 3.5859375, 3.0625, 2.529296875, 4.0078125, 3.109375, 0.061370849609375, 5.29296875, 3.095703125, 0.71826171875, 6.703125, 14.21875, 9.1171875, 6.33203125, 10.515625, 4.0859375, 12.84375, 3.244140625, 11.1640625, 2.189453125, 7.01953125, 0.9072265625, 5.3203125, 8.0234375, 5.33984375, 5.64453125, 5.33203125, 0.86328125, 0.82080078125, 5.2890625, 0.157958984375, 7.7109375, 0.97021484375, 5.265625, 3.90234375, 1.1943359375, 6.5859375, 0.48291015625, 0.26171875, 11.359375, 0.2413330078125, 0.14111328125, 1.9697265625, 5.96875, 0.364990234375, 7.9296875, 0.62744140625, 2.55078125, 0.00032520294189453125, 0.017303466796875, 5.70703125, 3.826171875, 4.02734375, 1.8671875, 8.5390625, 1.3369140625, 3.048828125, 5.29296875, 3.203125, 4.97265625, 2.791015625, 1.3701171875, 4.54296875, 7.29296875, 0.019805908203125, 5.16015625, 7.20703125, 6.859375, 1.1552734375, 2.287109375, 0.1290283203125, 3.599609375, 12.265625, 0.9599609375, 3.458984375, 6.5859375, 1.330078125, 2.486328125, 0.221435546875, 5.06640625, 0.47314453125, 0.98876953125, 0.755859375, 3.9296875, 3.669921875, 4.92578125, 3.18359375, 0.267333984375, 6.10546875, 0.309814453125, 1.00390625, 10.546875, 1.9755859375, 0.139892578125, 2.654296875, 4.7734375, 2.92578125, 5.97265625, 0.442138671875, 0.09564208984375, 0.22412109375, 0.87939453125, 4.1796875, 4.609375, 3.044921875, 5.25, 3.796875, 2.9296875, 0.5830078125, 1.0185546875, 5.875, 1.046875, 7.71484375, 0.7734375, 1.9013671875, 3.3125, 3.71484375, 0.87548828125, 0.00263214111328125, 0.2269287109375, 6.16796875, 6.1015625, 0.80908203125, 5.38671875, 0.95166015625, 0.7900390625, 0.05047607421875, 4.3984375, 9.3515625, 0.129638671875, 6.02734375, 3.16015625, 7.01953125, 0.98046875, 13.765625, 7.44140625, 3.08984375, 3.36328125, 6.03515625, 3.287109375, 4.51953125, 1.361328125, 4.125, 6.8984375, 2.154296875, 0.66455078125, 0.53125, 3.015625, 0.75341796875, 1.4052734375, 0.028045654296875, 0.94091796875, 6.06640625, 0.759765625, 2.525390625, 6.02734375, 7.515625, 0.290283203125, 0.01922607421875, 3.96875, 1.8369140625, 6.0546875, 1.5703125, 5.4609375, 0.73828125, 3.51171875, 3.74609375, 0.266845703125, 5.078125, 1.755859375, 0.60986328125, 5.953125, 3.689453125, 1.3994140625, 2.44140625, 2.61328125, 11.4921875, 0.373779296875, 5.29296875, 0.74169921875, 4.6875, 3.0859375, 0.01358795166015625, 9.0390625, 0.67919921875, 0.53955078125, 0.54833984375, 5.28515625, 0.54931640625, 4.5234375, 2.751953125, 1.8759765625, 2.677734375, 0.00836944580078125, 1.9013671875, 3.109375, 1.6298828125, 1.9140625, 7.0625, 6.6484375, 2.9921875, 8.6953125, 0.276611328125, 1.2451171875, 0.382080078125, 0.017303466796875, 0.80615234375, 3.45703125, 0.381103515625, 0.03228759765625, 4.3359375, 1.48828125, 2.708984375, 6.01171875, 0.52783203125]",-1.059063946878588
240,0,test,2.912811167004165,1.343223140645478,1.8392045989231462,6.250850241600179,2.8825372507282516,3.9469062195868974,18.4084751952358,13.603806805977879,15.482562197138801,39.50431903211186,29.193570809908735,33.22535245225407,3.3684458433084155,1.5395262291403775,2.1102951584947904,5.432977166626476,2.483106821194157,3.403701868539984,29.033369570383854,22.806214277792115,25.514461673815884,46.828015436102994,36.78421657708406,41.152357538412716,2.912811167004165,1.343223140645478,1.8392045989231462,6.250850241600179,2.8825372507282516,3.9469062195868974,18.4084751952358,13.603806805977879,15.482562197138801,39.50431903211186,29.193570809908735,33.22535245225407,0.7587939698492463,-0.006206030150753716,-0.006206030150753716,0.6381909547738693,0.00819095477386933,-0.016809045226130692,0.5175879396984925,0.007587939698492474,0.007587939698492474,0.4436860068259386,0.13022774447500163,0.20418543928904875,0.37671232876712324,0.457286432160804,0.10390297351418742,0.18015788458150517,0.4696969696969697,0.4436860068259386,0.13022774447500163,0.20418543928904875,0.37671232876712324,19.0,0.0,-2.0,30.0,-1.0,1.0,42.0,1.0,2.0,0.0017874781684523368,0.00022013439176625006,0.0003433182855075021,-0.012523277231100138,-0.009021411627536224,-0.011006304536949507,"[7.21484375, 5.83203125, 3.16015625, 1.5986328125, 2.52734375, 1.3544921875, 8.1875, 2.80859375, 6.52734375, 0.35888671875, 0.1875, 0.0085296630859375, 0.0496826171875, 1.34765625, 3.73828125, 1.3193359375, 0.05084228515625, 5.82421875, 3.109375, 0.153564453125, 3.15234375, 0.912109375, 0.00240325927734375, 3.08984375, 0.33642578125, 1.716796875, 4.453125, 5.59765625, 2.98828125, 6.9609375, 2.462890625, 7.671875, 6.63671875, 3.509765625, 0.7392578125, 3.328125, 7.7421875, 2.1484375, 4.57421875, 1.21875, 5.46875, 3.140625, 3.078125, 6.140625, 5.75390625, 2.451171875, 0.35791015625, 0.025421142578125, 3.09375, 7.4453125, 8.78125, 11.0703125, 3.458984375, 4.796875, 0.79736328125, 2.80859375, 0.11334228515625, 4.73828125, 4.96484375, 0.9775390625, 0.36083984375, 0.02197265625, 0.583984375, 3.748046875, 2.984375, 7.1640625, 3.576171875, 4.50390625, 3.98046875, 3.2734375, 11.3515625, 0.80517578125, 5.01171875, 2.205078125, 7.828125, 1.814453125, 2.400390625, 6.2109375, 1.814453125, 7.59765625, 0.1666259765625, 4.0703125, 6.53515625, 5.30859375, 1.205078125, 6.16796875, 2.3125, 0.084228515625, 3.3515625, 0.081298828125, 0.042755126953125, 1.7431640625, 4.19140625, 3.55859375, 5.65625, 0.72119140625, 3.64453125, 3.830078125, 10.953125, 5.171875, 1.1591796875, 5.1484375, 1.2880859375, 3.81640625, 1.158203125, 8.21875, 3.38671875, 0.061920166015625, 2.52734375, 1.2783203125, 1.5, 1.56640625, 3.12890625, 0.08294677734375, 2.375, 3.28515625, 4.0625, 2.69140625, 1.5966796875, 0.006458282470703125, 0.0021190643310546875, 4.46484375, 6.765625, 6.6328125, 5.1015625, 0.744140625, 7.01953125, 0.64892578125, 0.4912109375, 0.07586669921875, 2.587890625, 5.84375, 5.2421875, 2.072265625, 6.796875, 1.5322265625, 4.94921875, 5.10546875, 7.734375, 2.166015625, 1.837890625, 3.1953125, 6.69140625, 4.109375, 4.2734375, 4.19921875, 4.1640625, 4.15234375, 2.39453125, 0.2476806640625, 0.0197296142578125, 0.67578125, 2.8984375, 6.765625, 0.201416015625, 2.96875, 3.498046875, 4.10546875, 1.2001953125, 3.896484375, 3.892578125, 3.458984375, 6.98046875, 4.48828125, 4.71875, 11.765625, 4.22265625, 1.365234375, 1.734375, 4.89453125, 3.880859375, 1.6181640625, 1.68359375, 10.3046875, 0.794921875, 2.470703125, 5.7265625, 3.763671875, 1.6376953125, 2.76953125, 1.5029296875, 0.00417327880859375, 0.0007839202880859375, 8.8359375, 0.1988525390625, 4.92578125, 0.28564453125, 0.058258056640625, 6.73046875, 5.703125, 0.312255859375, 0.00206756591796875, 13.546875, 3.34375, 6.4609375, 2.916015625, 0.351806640625, 0.007904052734375, 0.2310791015625, 1.6259765625, 0.96044921875, 0.1624755859375, 0.95166015625, 1.0361328125, 0.112060546875, 2.341796875, 7.3984375, 7.0703125, 4.68359375, 0.4697265625, 1.4306640625, 0.403564453125, 2.53515625, 2.11328125, 0.935546875, 3.5703125, 3.275390625, 4.1875, 0.662109375, 2.70703125, 1.748046875, 4.80859375, 1.4189453125, 0.0102691650390625, 0.00923919677734375, 7.1640625, 3.12890625, 8.3046875, 1.865234375, 2.044921875, 4.0546875, 1.3564453125, 0.77197265625, 0.5419921875, 8.296875, 4.546875, 4.33984375, 7.7578125, 6.80859375, 0.235595703125, 0.257080078125, 0.83251953125, 6.20703125, 6.4609375, 5.57421875, 7.32421875, 6.5078125, 1.7939453125, 0.0031299591064453125, 0.0009665489196777344, 1.099609375, 2.458984375, 2.974609375, 4.01171875, 0.077392578125, 0.5712890625, 0.4853515625, 2.47265625, 1.5, 0.744140625, 0.052978515625, 0.6572265625, 1.5185546875, 1.59375, 1.015625, 0.5283203125, 0.365966796875, 0.2161865234375, 0.06353759765625, 0.160400390625, 1.595703125, 0.229736328125, 0.1827392578125, 0.03302001953125, 0.1544189453125, 0.005237579345703125, 0.1085205078125, 0.126220703125, 0.01012420654296875, 0.08843994140625, 0.145751953125, 0.0219573974609375, 0.354736328125, 0.50732421875, 0.340087890625, 0.0034770965576171875, 0.004871368408203125, 0.1279296875, 0.045440673828125, 0.09893798828125, 0.0794677734375, 0.0845947265625, 0.2294921875]",-1.3637729814028172
143,0,test,2.5010444260116844,1.0080242531125871,1.2512157630880971,6.968427228336004,2.8085641259136906,3.4861459881902843,12.195224321085764,7.744707749697167,8.705479337552916,33.978418108404476,21.578358143983834,24.255266568078472,2.4523035880908295,0.895036624038873,1.2992769515564078,6.287957918181614,2.294965702663777,3.331479362965148,11.615072267226946,6.8692392948295735,8.447306175530704,29.782236582633193,17.613434089306597,21.6597594244377,2.3024512971922704,0.9013672072762513,1.2826566435925386,6.977125143006879,2.731415779625004,3.8868383139167832,9.998662131484839,5.939063579448528,7.226036774617714,30.29897615601466,17.997162361965238,21.89708113520519,0.44723618090452266,-0.0027638190954772934,0.002236180904522711,0.3417085427135679,-0.008291457286432102,-0.013291457286432107,0.3015075376884422,0.006507537688442144,0.006507537688442144,0.32506203473945405,0.07103477327724839,0.0806827581021129,0.3159203980099502,0.3266331658291457,0.07350033374894516,0.10459643794934603,0.303030303030303,0.3076923076923077,0.060613843585462956,0.09189697954992726,0.28859060402684567,19.0,3.0,4.0,30.0,5.0,6.0,35.0,4.0,5.0,-6.759677150607708e-05,-0.00038667059360221695,-6.144158804051833e-05,-0.01712616341672657,-0.017087274432781463,-0.017321301908349795,"[7.2109375, 5.82421875, 3.15625, 2.59765625, 0.47314453125, 1.5712890625, 1.34375, 6.2890625, 9.375, 0.78271484375, 3.158203125, 0.0606689453125, 0.0333251953125, 0.3486328125, 0.0161285400390625, 0.0538330078125, 5.45703125, 0.365234375, 9.828125, 0.54541015625, 0.5087890625, 0.171630859375, 0.0055389404296875, 0.0251007080078125, 0.1353759765625, 0.00750732421875, 0.0219879150390625, 6.2578125, 0.02655029296875, 5.1328125, 5.3203125, 7.125, 7.703125, 0.78125, 11.25, 4.06640625, 0.67919921875, 0.2044677734375, 0.003936767578125, 0.02587890625, 2.138671875, 0.53759765625, 0.1845703125, 1.32421875, 3.998046875, 7.8359375, 0.435546875, 0.0242767333984375, 0.348388671875, 0.010223388671875, 0.134521484375, 0.369873046875, 2.83203125, 0.348388671875, 0.01122283935546875, 0.144287109375, 0.003536224365234375, 0.054534912109375, 8.3046875, 10.171875, 2.8671875, 12.296875, 0.5087890625, 7.296875, 1.587890625, 5.28515625, 1.2958984375, 0.1588134765625, 0.019012451171875, 0.01178741455078125, 0.13623046875, 0.0028743743896484375, 0.055694580078125, 9.109375, 7.06640625, 0.040924072265625, 4.39453125, 1.248046875, 0.06683349609375, 0.0115203857421875, 0.005077362060546875, 3.052734375, 0.98046875, 13.3828125, 12.6171875, 0.44384765625, 0.035736083984375, 0.62109375, 0.9951171875, 6.23828125, 3.775390625, 1.486328125, 0.0396728515625, 1.4365234375, 0.3623046875, 3.3046875, 12.875, 0.900390625, 0.07763671875, 5.25390625, 0.0028285980224609375, 3.533203125, 1.861328125, 3.701171875, 0.037841796875, 1.8701171875, 0.01161956787109375, 0.0098724365234375, 0.6484375, 0.0004591941833496094, 0.061981201171875, 0.43798828125, 2.912109375, 1.974609375, 1.3486328125, 0.0181427001953125, 4.58984375, 6.3984375, 6.203125, 5.08984375, 2.7890625, 0.0272979736328125, 6.85546875, 4.4609375, 0.183837890625, 0.0655517578125, 3.77734375, 1.02734375, 10.6015625, 12.265625, 3.923828125, 0.49462890625, 0.9169921875, 0.07977294921875, 0.69921875, 2.16796875, 0.36572265625, 5.4921875, 2.23046875, 0.1552734375, 0.701171875, 1.0791015625, 0.3759765625, 8.2109375, 8.8046875, 0.408935546875, 0.1444091796875, 0.70654296875, 1.28515625, 0.11566162109375, 1.599609375, 1.4609375, 7.17578125, 0.281982421875, 0.05633544921875, 0.327880859375, 0.68212890625, 0.08197021484375, 0.880859375, 7.92578125, 6.953125, 0.178955078125, 0.1346435546875, 0.322265625, 0.474365234375, 0.052032470703125, 0.8515625, 2.212890625, 1.3681640625, 5.1875, 0.267333984375, 0.134033203125, 0.708984375, 0.50537109375, 0.049896240234375, 9.328125, 7.375, 0.2332763671875, 0.1441650390625, 0.34228515625, 0.50341796875, 0.0556640625, 3.4765625, 0.42578125, 8.1328125, 0.1011962890625, 2.13671875, 0.13037109375, 7.62109375, 2.849609375, 0.04449462890625, 0.0264434814453125, 2.0625, 0.340576171875, 6.19921875, 0.44580078125, 0.090087890625, 0.0221099853515625, 0.9951171875, 0.09014892578125, 2.365234375, 1.64453125, 0.06072998046875, 0.132568359375, 0.315185546875, 0.10797119140625, 5.171875, 2.2890625, 0.023529052734375, 0.135986328125, 0.3642578125, 0.093017578125, 10.3046875, 5.8515625, 0.154052734375, 0.0237579345703125, 0.32275390625, 5.28125, 8.28125, 5.55078125, 0.8798828125, 0.84130859375, 3.0546875, 1.330078125, 10.09375, 0.8427734375, 1.330078125, 0.1346435546875, 4.1953125, 0.05657958984375, 0.0183868408203125, 0.01064300537109375, 0.5126953125, 0.1236572265625, 3.517578125, 0.2646484375, 0.02880859375, 0.05242919921875, 0.353759765625, 0.1014404296875, 1.4189453125, 1.412109375, 0.05548095703125, 0.1318359375, 0.5986328125, 0.037872314453125, 7.13671875, 0.240234375, 0.0587158203125, 0.1324462890625, 1.39453125, 0.048095703125, 8.5546875, 4.78125, 0.9248046875, 0.138671875, 0.1326904296875, 0.70166015625, 0.044891357421875, 2.857421875, 1.7001953125, 0.060760498046875, 0.1336669921875, 0.7578125, 6.0390625, 4.80078125, 7.6328125, 0.59326171875, 0.1385498046875, 0.05584716796875, 2.658203125, 1.181640625, 1.46484375, 0.126953125, 0.0638427734375, 2.1328125, 0.130615234375, 7.53125, 0.78125, 0.712890625, 0.81201171875, 3.138671875, 15.453125, 0.54296875, 0.73974609375, 0.005390167236328125, 3.0078125, 9.3828125, 2.890625, 0.1494140625, 2.078125, 0.079345703125, 4.44921875, 1.0791015625, 0.91015625, 0.703125, 3.1640625, 0.6005859375, 0.00672149658203125, 0.1441650390625, 0.025787353515625, 2.97265625, 12.6328125, 2.53125, 2.4140625, 3.53125, 6.51171875, 0.5673828125, 0.6796875, 8.1484375, 1.9501953125, 4.2578125, 0.197509765625, 0.1400146484375, 0.464599609375, 0.712890625, 7.0703125, 11.8125, 5.94140625, 8.28125, 0.236328125, 1.302734375, 11.1171875, 5.8359375, 4.828125, 10.0859375, 2.265625, 0.9091796875, 8.3359375, 3.640625, 0.416015625, 1.7529296875, 1.1435546875, 4.1640625, 0.3056640625, 6.109375, 0.14892578125, 2.986328125, 4.34375, 0.86328125, 0.56787109375, 0.7177734375, 0.7041015625, 1.2392578125, 1.3203125, 0.00827789306640625, 2.9375, 8.7421875, 10.1328125, 1.3291015625, 12.359375, 1.2509765625, 1.1650390625, 0.11126708984375, 6.10546875, 0.73486328125, 0.138916015625, 0.513671875, 4.46484375, 0.18408203125, 0.0296630859375, 0.259765625, 0.05694580078125, 0.27197265625, 0.0181884765625, 1.3310546875, 1.3251953125, 0.00641632080078125, 9.2578125, 2.1484375, 0.006900787353515625, 0.0297698974609375, 0.366455078125, 9.3046875, 2.501953125, 1.798828125, 8.1796875, 8.359375, 11.7109375, 13.2421875, 0.82373046875, 10.8203125, 10.4765625, 4.859375, 2.873046875, 4.5703125, 0.70263671875, 0.0052337646484375, 6.59765625, 0.04486083984375, 5.74609375, 0.13916015625, 0.958984375, 0.340576171875, 1.66796875, 0.0711669921875, 0.1971435546875, 0.6103515625, 1.658203125, 0.259033203125, 0.042633056640625, 0.1416015625, 0.0202789306640625]",-1.9000018500808449
169,0,test,2.5822831862461495,1.1633968638624168,1.6081622209416961,7.128867257756464,3.21177082929539,4.4396273278988705,13.22730410812791,9.094788521669388,10.578466341126415,36.516403648934315,25.107834978625746,29.203800240887453,3.3322909992543894,1.5173573959843774,2.0908105737317877,6.870703091246164,3.1285719504832525,4.310949636560387,28.002421798945264,21.861753355340866,24.54168876717931,57.73695216277374,45.07578011410488,50.60142013851404,2.46093134935883,1.1221967976170275,1.5309651905502926,7.098840430842778,3.2371061469721947,4.416245741971998,11.715717886725006,7.901504126769545,9.181294478466217,33.79534005786059,22.79280036568138,26.484503303267935,0.6130653266331658,-0.0069346733668341765,-0.0069346733668341765,0.507537688442211,0.002537688442211028,0.01753768844221104,0.40703517587939697,-0.00296482412060306,-0.007964824120603065,0.34472049689441,0.08735615580913869,0.1453403316051538,0.28348909657320875,0.3869346733668342,0.10122038765254848,0.1732451908960495,0.3434343434343434,0.3377926421404682,0.10073087252444146,0.14758129620053495,0.25503355704697983,27.0,0.0,-1.0,38.0,1.0,2.0,46.0,-1.0,0.0,0.003309300212582693,0.00024486435670705524,0.000595610656969824,-0.09563802669068533,-0.0813101361544124,-0.09760770384336936,"[9.2109375, 0.5400390625, 4.02734375, 10.9375, 11.796875, 8.1796875, 10.9296875, 2.5546875, 1.080078125, 11.3359375, 7.8125, 11.1484375, 6.08984375, 2.986328125, 0.75537109375, 7.90234375, 0.63818359375, 6.703125, 5.47265625, 7.50390625, 0.61328125, 0.083740234375, 5.30078125, 7.4296875, 0.2320556640625, 0.376953125, 2.533203125, 0.85595703125, 7.71484375, 0.7353515625, 2.15625, 7.609375, 4.9921875, 5.32421875, 1.76171875, 2.376953125, 2.42578125, 0.11529541015625, 0.740234375, 2.486328125, 8.5234375, 3.353515625, 3.91015625, 4.31640625, 5.6171875, 5.9140625, 3.220703125, 6.3515625, 8.3828125, 8.359375, 8.71875, 6.9921875, 3.673828125, 1.048828125, 0.3662109375, 6.35546875, 4.625, 2.146484375, 0.343505859375, 0.89794921875, 2.10546875, 6.05078125, 3.25390625, 1.4443359375, 1.6875, 5.42578125, 1.1875, 9.078125, 6.60546875, 1.2548828125, 1.5703125, 0.54150390625, 0.04473876953125, 0.040283203125, 0.06170654296875, 7.0390625, 0.04217529296875, 0.004413604736328125, 0.417724609375, 0.054931640625, 6.19921875, 0.65576171875, 0.05877685546875, 0.42431640625, 0.08172607421875, 9.078125, 4.25390625, 0.0082244873046875, 2.802734375, 1.341796875, 0.12939453125, 0.0220184326171875, 10.2734375, 9.578125, 2.873046875, 5.92578125, 0.290771484375, 2.673828125, 5.74609375, 7.7578125, 6.1875, 10.2265625, 0.4599609375, 2.267578125, 0.572265625, 2.794921875, 0.152587890625, 1.150390625, 7.0234375, 10.9765625, 0.45703125, 10.4375, 0.047027587890625, 0.0211639404296875, 0.07159423828125, 0.2401123046875, 1.5712890625, 4.48828125, 4.96875, 0.0357666015625, 0.11090087890625, 0.0002875328063964844, 2.068359375, 3.302734375, 0.63720703125, 0.06915283203125, 1.0810546875, 0.1046142578125, 0.2244873046875, 7.44921875, 0.93310546875, 7.703125, 0.61328125, 0.59716796875, 0.96923828125, 4.60546875, 10.7109375, 7.10546875, 4.609375, 4.07421875, 6.72265625, 7.8671875, 1.953125, 0.5224609375, 10.046875, 2.423828125, 5.4921875, 1.9287109375, 5.42578125, 4.54296875, 0.27783203125, 3.763671875, 0.96826171875, 4.29296875, 0.2919921875, 0.445556640625, 4.484375, 5.546875, 8.1171875, 1.6787109375, 9.6875, 1.7666015625, 1.3173828125, 1.005859375, 1.3857421875, 7.29296875, 0.619140625, 1.1318359375, 2.396484375, 0.9541015625, 0.432373046875, 0.2034912109375, 0.1744384765625, 0.0660400390625, 1.275390625, 0.453369140625, 7.41015625, 0.6357421875, 0.298095703125, 0.8076171875, 0.478271484375, 0.52880859375, 0.464111328125, 6.3046875, 1.927734375, 0.55029296875, 5.83203125, 5.78515625, 0.68310546875, 0.10601806640625, 1.12890625, 0.1737060546875, 0.066650390625, 0.057159423828125, 0.085693359375, 0.14501953125, 0.5576171875, 0.06134033203125, 0.005741119384765625, 0.2147216796875, 0.36083984375, 0.141845703125, 0.8623046875, 6.34375, 0.12744140625, 0.045989990234375, 0.076904296875, 0.0046844482421875, 0.00406646728515625, 0.0170745849609375, 0.60546875, 0.136474609375, 0.1842041015625, 0.006134033203125, 4.72265625, 4.8984375, 0.75244140625, 0.0208282470703125, 0.15283203125, 0.051544189453125, 3.439453125, 0.0765380859375, 0.0006928443908691406, 0.302978515625, 0.136962890625, 0.026519775390625, 0.0218048095703125, 7.4765625, 2.1171875, 0.4716796875, 2.263671875, 0.00433349609375, 0.16650390625, 0.444091796875, 0.370849609375, 0.0085601806640625, 0.0540771484375, 0.0001957416534423828, 0.572265625, 0.035888671875, 2.763671875, 0.061859130859375, 0.419189453125, 0.2371826171875, 0.04296875, 0.0274810791015625, 0.0325927734375, 0.00458526611328125, 0.007251739501953125, 0.0036373138427734375, 0.004482269287109375, 0.0298004150390625, 0.05694580078125, 0.061859130859375, 0.00323486328125, 0.02618408203125, 0.00017440319061279297, 0.12548828125, 0.2061767578125, 0.033416748046875, 0.0220947265625, 1.193359375, 0.00455474853515625, 0.03125, 0.145751953125, 0.01122283935546875, 0.09710693359375, 0.0141448974609375, 0.1746826171875, 0.1546630859375, 0.376708984375, 2.705078125, 5.12890625, 1.8623046875, 0.1304931640625, 2.630859375, 1.587890625, 8.4765625, 0.239990234375, 0.08734130859375, 0.156494140625, 0.035919189453125, 0.322509765625, 0.0041961669921875, 0.136962890625, 0.0301361083984375, 5.17578125, 0.0770263671875, 0.020294189453125, 0.0751953125, 0.1717529296875, 0.83447265625, 0.002399444580078125, 0.0693359375, 0.02044677734375, 0.030059814453125, 0.0294647216796875, 2.130859375, 0.019683837890625, 0.400146484375, 6.1171875, 0.0026683807373046875, 0.1591796875, 8.25, 5.56640625, 8.15625, 2.30078125, 8.3984375, 6.48046875, 0.8642578125, 2.25390625, 1.2060546875, 3.490234375, 6.71484375, 5.03515625, 10.015625, 7.8046875, 1.8896484375, 4.1796875, 2.712890625, 4.33203125, 2.03515625]",-1.3434043652522636
71,0,test,3.663781222955844,1.716686491989585,1.7466742190810514,8.39338971077157,3.9327726907397764,4.001471847349318,39.00856443646319,32.000267449826644,32.2073104573445,89.36507489080658,73.30970361233014,73.78402032046195,3.8884548446041856,1.7885820012394604,2.4725764961660945,7.069917899280337,3.251967274980837,4.495593629392898,48.835369960942586,40.67023836504828,44.715266197120116,88.79158174716834,73.94588793645141,81.30048399476385,3.6028539919135563,1.6964598280797216,2.3117042573910265,7.2057079838271125,3.3929196561594432,4.623408514782053,36.702834701976585,29.9740525859745,33.06586900411603,73.40566940395317,59.948105171949,66.13173800823206,0.7336683417085428,-0.01633165829145722,-0.001331658291457205,0.6231155778894473,-0.01188442211055274,-0.006884422110552735,0.507537688442211,-0.012462311557788985,-0.007462311557788981,0.42942345924453285,0.11859922885724383,0.12150557068148304,0.39243027888446214,0.4371859296482412,0.1113713933073891,0.20012416003221445,0.38383838383838387,0.4147157190635451,0.10753708801179218,0.1877969203983616,0.3523489932885906,26.0,0.0,1.0,37.0,2.0,0.0,45.0,1.0,-1.0,-0.00010190819159741925,0.0006248604541810985,0.00015642177770626257,-0.0035147361478404804,-0.004660012821045889,-0.0035435203395079995,"[5.27734375, 8.609375, 4.43359375, 2.65625, 8.140625, 5.8125, 2.43359375, 6.359375, 7.71484375, 4.9765625, 4.21484375, 5.8125, 7.0859375, 7.578125, 3.564453125, 8.1796875, 5.3203125, 12.0546875, 1.2099609375, 5.91015625, 3.146484375, 6.48828125, 2.705078125, 7.01171875, 4.12890625, 9.7890625, 4.21484375, 7.36328125, 11.59375, 0.2919921875, 1.9052734375, 5.95703125, 9.0546875, 2.25390625, 3.3203125, 5.54296875, 4.16015625, 2.4921875, 4.32421875, 0.712890625, 0.1318359375, 3.33984375, 3.126953125, 6.05078125, 2.478515625, 4.64453125, 6.1953125, 1.4208984375, 8.4140625, 1.615234375, 0.07958984375, 0.18408203125, 9.0546875, 4.17578125, 3.634765625, 0.16162109375, 0.35693359375, 5.78515625, 3.673828125, 1.1201171875, 0.8505859375, 0.697265625, 2.568359375, 0.318359375, 0.35400390625, 4.94140625, 7.64453125, 1.548828125, 2.119140625, 5.125, 0.81591796875, 5.83203125, 2.3203125, 5.51171875, 0.58447265625, 2.34375, 7.09765625, 10.5234375, 5.97265625, 6.34765625, 0.80615234375, 0.05560302734375, 1.0576171875, 5.40234375, 2.306640625, 5.10546875, 2.62109375, 0.47265625, 3.89453125, 2.78515625, 3.25, 3.095703125, 4.0859375, 2.748046875, 13.2265625, 0.431396484375, 1.2060546875, 0.0013360977172851562, 0.0924072265625, 8.6484375, 0.9384765625, 3.833984375, 4.24609375, 7.56640625, 2.888671875, 0.060943603515625, 0.314453125, 0.156982421875, 3.806640625, 6.26171875, 6.54296875, 3.7890625, 0.379150390625, 0.1392822265625, 8.0625, 2.90625, 5.79296875, 0.56396484375, 0.0014905929565429688, 0.84228515625, 8.2578125, 2.658203125, 3.478515625, 6.01953125, 2.22265625, 6.0390625, 1.8564453125, 0.939453125, 0.99609375, 0.330322265625, 0.17041015625, 1.0185546875, 9.8515625, 4.3984375, 0.86669921875, 0.59033203125, 1.05078125, 0.4814453125, 0.345458984375, 0.196044921875, 0.330078125, 0.59423828125, 0.1622314453125, 0.371826171875, 10.9375, 2.1171875, 1.0703125, 2.080078125, 5.4609375, 5.68359375, 3.833984375, 13.6640625, 2.099609375, 4.54296875, 6.80078125, 5.234375, 1.0751953125, 1.48046875, 2.1640625, 0.146484375, 12.140625, 1.8212890625, 0.64111328125, 5.89453125, 1.92578125, 1.0625, 9.640625, 0.273681640625, 5.01171875, 0.87890625, 8.0625, 8.4453125, 4.140625, 6.92578125, 0.5068359375, 7.6796875, 1.6220703125, 0.040771484375, 0.400634765625, 9.2265625, 10.640625, 2.310546875, 7.921875, 8.7421875, 1.203125, 8.046875, 0.67236328125, 1.1845703125, 0.98583984375, 9.375, 6.83984375, 0.0924072265625, 9.234375, 0.05169677734375, 0.066162109375, 10.0234375, 1.9248046875, 4.9453125, 3.380859375, 1.9140625, 7.12890625, 1.4970703125, 3.5078125, 2.828125, 4.8359375, 4.03515625, 0.50146484375, 0.1588134765625, 6.765625, 2.033203125, 0.499755859375, 2.34765625, 2.453125, 0.2117919921875, 3.1796875, 1.4140625, 0.1915283203125, 0.05157470703125, 0.299072265625, 0.330078125, 0.1639404296875, 5.734375, 1.4853515625, 0.4794921875, 1.2138671875, 1.16796875, 1.111328125, 0.11376953125, 0.0179901123046875, 1.5009765625, 0.034271240234375, 0.033782958984375, 0.045623779296875, 0.040557861328125, 2.13671875, 0.052001953125, 6.3828125, 4.15625, 0.405029296875, 8.46875, 1.08984375, 0.9853515625, 7.5078125, 2.45703125, 0.05804443359375, 4.17578125, 8.0625, 0.10760498046875, 5.64453125, 9.3125, 3.36328125, 0.277099609375, 0.06256103515625, 8.21875, 4.08203125, 6.75, 2.447265625, 1.4345703125, 4.91796875, 3.55078125, 0.158203125, 2.208984375, 2.857421875, 0.71435546875, 0.05224609375, 4.29296875, 12.515625, 1.6953125, 4.50390625, 11.2421875, 0.59619140625, 3.27734375, 2.99609375, 5.9140625, 3.396484375, 3.357421875, 2.615234375, 0.0184783935546875, 1.509765625, 4.59375, 0.556640625, 11.6640625, 0.0265960693359375, 1.6435546875, 0.440673828125, 0.048126220703125, 2.458984375, 5.59765625, 5.62890625, 5.734375, 1.779296875, 5.04296875, 7.47265625, 1.576171875, 5.859375, 8.234375, 1.1240234375, 9.984375, 0.64892578125, 1.375, 3.98828125, 9.5859375, 1.634765625, 0.034942626953125, 0.0034084320068359375, 4.171875, 9.59375, 2.390625, 6.4921875, 7.01171875, 4.8671875, 2.857421875, 11.6171875, 3.2578125, 3.23828125, 0.79443359375, 0.0517578125, 0.73095703125, 10.1640625, 5.48828125, 14.8359375, 9.09375, 3.173828125, 9.2109375, 2.865234375, 5.72265625, 0.273681640625, 2.36328125, 4.83984375, 0.79296875, 0.1988525390625, 0.0855712890625, 8.8515625, 0.44189453125, 6.98828125, 0.8544921875, 7.58984375, 1.326171875, 8.9453125, 5.140625, 6.71875, 3.5546875, 1.2578125, 0.42724609375, 8.4375, 8.1171875, 0.671875, 7.4296875, 0.040374755859375, 3.828125, 8.4609375, 8.359375, 11.171875, 2.267578125, 2.244140625, 4.47265625, 5.5, 0.12091064453125, 6.49609375, 0.359130859375, 6.12109375, 9.7734375, 1.2158203125, 6.4453125, 4.60546875, 3.42578125, 5.66015625, 1.8876953125, 4.47265625, 3.130859375, 3.62109375, 2.798828125, 0.494873046875, 1.3740234375, 2.22265625, 4.93359375, 4.171875, 9.2578125, 4.5078125, 0.05596923828125, 0.154296875, 4.94140625, 5.1875, 1.65625, 0.05914306640625, 1.330078125, 0.291259765625, 13.15625, 6.203125, 0.7080078125, 0.453125, 5.625, 8.8515625, 0.1563720703125, 5.2109375, 0.06964111328125, 0.0012292861938476562, 0.04730224609375, 6.55078125, 6.26953125, 8.59375, 6.87109375, 4.52734375, 1.4248046875, 4.73046875, 1.4580078125, 5.98046875, 10.171875, 2.560546875, 2.0078125, 6.421875, 0.453125, 0.56982421875, 0.2266845703125, 2.953125, 4.4921875, 0.517578125, 4.1328125, 1.3466796875, 0.419677734375, 1.41796875, 5.3203125, 1.2216796875, 3.830078125, 0.7900390625, 7.12109375, 5.4296875, 1.8564453125, 0.89453125, 0.52880859375, 0.7353515625, 1.17578125, 0.91552734375, 2.171875, 2.177734375, 2.28125, 6.23046875, 2.41796875, 6.29296875, 2.958984375, 11.6015625, 7.82421875, 7.953125, 0.09295654296875, 4.4375, 4.13671875, 2.765625, 3.35546875, 7.4609375, 3.228515625, 2.091796875, 0.1529541015625, 0.300048828125, 4.95703125, 1.2880859375, 1.8974609375, 11.6171875, 4.1015625, 10.421875, 0.28955078125, 3.015625, 1.166015625, 0.230224609375, 0.047332763671875, 2.49609375, 0.1082763671875, 7.359375, 6.20703125, 0.1566162109375, 1.009765625, 6.9609375, 0.073486328125, 6.67578125, 5.0625, 8.3984375, 6.45703125, 0.16259765625, 4.75390625, 0.60888671875, 3.203125, 3.201171875, 5.18359375, 0.93212890625, 4.53125, 6.9765625, 2.37109375, 1.1884765625, 2.625, 0.830078125, 5.59765625, 3.01171875, 0.0032291412353515625, 10.671875, 1.052734375, 2.66015625, 4.65625, 4.80859375, 5.7578125, 0.67431640625, 1.349609375, 0.190185546875, 0.3740234375, 6.07421875]",-1.3744267848566558
261,0,test,3.9823314141536104,1.7835427129595427,2.436092590200465,6.75434641812328,3.0250283268823615,4.131804099065494,53.6419501573502,44.62786202771193,48.948167360019674,90.98095467864299,75.6923542234722,83.01993091454317,4.257849444097011,1.8790214458831116,2.6330936573620622,6.601316967592265,2.913211544004824,4.082315747848158,70.65786625326781,59.86561933694645,65.58068728195568,109.54707946243072,92.81491370069217,101.6754841580708,3.965659895868206,1.7789268193793735,2.455838690697221,6.572916954477689,2.9484974906840447,4.070450868558931,52.75507075896526,43.849000672126984,48.22914924835935,87.43934379938993,72.67790166650882,79.93781643374477,0.7989949748743719,0.013994974874371846,-0.0010050251256281673,0.6783919597989949,0.00339195979899487,-0.0016080402010050232,0.6080402010050252,0.013040201005025231,0.013040201005025231,0.4492753623188406,0.11063570964156122,0.18436822644396278,0.37209302325581395,0.4371859296482412,0.10385259631490784,0.18176022013238147,0.36868686868686873,0.44147157190635455,0.09923451013673856,0.18785644398644352,0.3791946308724832,27.0,9.0,10.0,37.0,7.0,8.0,47.0,11.0,10.0,0.0014797761972687132,0.00019482098306656935,0.0006921950353022587,0.0003253844518242843,-7.453632174492242e-05,0.00015551101489830188,"[3.595703125, 13.4296875, 0.9521484375, 6.6484375, 10.0546875, 2.96875, 6.75, 3.283203125, 4.69140625, 0.0010395050048828125, 2.2421875, 10.140625, 13.515625, 8.390625, 5.64453125, 10.4375, 11.7734375, 5.14453125, 3.19921875, 8.40625, 8.7421875, 1.20703125, 0.371337890625, 7.171875, 4.8515625, 6.9765625, 3.2578125, 4.5859375, 9.1484375, 1.744140625, 13.390625, 0.2435302734375, 11.2734375, 6.93359375, 0.4658203125, 7.0234375, 2.06640625, 2.326171875, 7.890625, 8.5546875, 2.23828125, 13.9375, 9.7734375, 1.8623046875, 8.9140625, 1.0400390625, 4.62109375, 8.7890625, 2.828125, 6.4921875, 3.603515625, 14.03125, 7.140625, 4.1484375, 0.67041015625, 1.921875, 4.6875, 0.07171630859375, 1.8515625, 4.79296875, 1.712890625, 0.71142578125, 0.412109375, 6.171875, 0.361328125, 0.01058197021484375, 2.91015625, 0.97509765625, 4.671875, 3.65625, 9.4140625, 0.84033203125, 10.0, 13.078125, 4.76171875, 1.173828125, 7.24609375, 2.607421875, 4.93359375, 1.5234375, 3.0234375, 4.171875, 11.0625, 6.359375, 0.1390380859375, 5.9453125, 5.484375, 0.023590087890625, 4.8984375, 3.95703125, 6.0703125, 8.8046875, 0.056182861328125, 4.4765625, 0.572265625, 1.41796875, 4.15234375, 5.1015625, 3.220703125, 1.5322265625, 7.06640625, 0.0770263671875, 0.01364898681640625, 8.7734375, 1.0234375, 0.84814453125, 4.34765625, 1.4462890625, 5.23828125, 0.04913330078125, 4.2421875, 8.28125, 2.310546875, 3.76953125, 0.37939453125, 3.24609375, 9.90625, 4.1328125, 0.89453125, 2.59765625, 0.060516357421875, 0.0054168701171875, 8.3828125, 1.009765625, 6.21484375, 0.4638671875, 4.10546875, 0.000469207763671875, 2.1171875, 4.01171875, 3.533203125, 3.60546875, 4.12109375, 7.6953125, 3.51171875, 2.154296875, 3.861328125, 0.3017578125, 4.46484375, 0.47802734375, 5.953125, 0.21728515625, 0.0010461807250976562, 0.96630859375, 0.458984375, 0.0889892578125, 0.73095703125, 6.9921875, 4.42578125, 0.52294921875, 11.546875, 3.833984375, 0.1456298828125, 4.56640625, 6.1171875, 4.40625, 6.95703125, 3.146484375, 4.33203125, 1.2763671875, 3.78515625, 8.796875, 0.2080078125, 4.19140625, 2.00390625, 10.7109375, 1.3876953125, 5.12109375, 8.25, 0.322998046875, 2.306640625, 4.109375, 0.1673583984375, 6.39453125, 0.007061004638671875, 2.375, 3.2265625, 5.30859375, 3.966796875, 6.33984375, 2.142578125, 5.0234375, 1.0732421875, 0.1552734375, 3.54296875, 10.3671875, 5.04296875, 8.0078125, 5.1171875, 2.669921875, 4.87890625, 4.2109375, 0.64306640625, 1.21484375, 12.7421875, 5.1328125, 1.072265625, 0.09161376953125, 5.40234375, 0.497802734375, 3.373046875, 8.0546875, 0.32763671875, 8.1328125, 5.01171875, 7.8203125, 2.001953125, 0.06817626953125, 0.9765625, 11.3046875, 2.333984375, 1.783203125, 0.03314208984375, 0.022491455078125, 5.64453125, 3.357421875, 1.8837890625, 2.7109375, 7.19140625, 0.77001953125, 3.13671875, 8.6796875, 0.0231781005859375, 5.08984375, 5.4140625, 0.424560546875, 6.640625, 0.10992431640625, 4.515625, 10.7734375, 0.1595458984375, 0.31982421875, 2.490234375, 7.4140625, 8.328125, 3.1328125, 4.47265625, 3.9140625, 2.953125, 2.349609375, 0.61279296875, 0.05645751953125, 3.240234375, 6.328125, 1.4296875, 1.3203125, 4.43359375, 3.830078125, 2.328125, 3.56640625, 0.020904541015625, 2.9296875, 5.0859375, 3.44140625, 0.0904541015625, 1.88671875, 4.41796875, 2.09765625, 0.2139892578125, 0.9580078125, 0.006656646728515625, 4.58203125, 0.98974609375, 6.33203125, 8.3671875, 0.255615234375, 4.89453125, 5.03515625, 1.3505859375, 6.4453125, 0.62109375, 1.6064453125, 0.35986328125, 11.109375, 6.296875, 5.6875, 1.2470703125, 1.1982421875, 2.765625, 5.41015625, 0.11676025390625, 4.94921875, 5.0546875, 3.904296875, 0.1123046875, 0.005619049072265625, 6.95703125, 3.09765625, 1.484375, 2.400390625, 3.361328125, 5.953125, 0.03466796875, 6.44921875, 1.11328125, 4.65234375, 2.935546875, 5.44921875, 0.0933837890625, 5.15625, 3.205078125, 9.0234375, 0.032012939453125, 4.7421875, 5.703125, 1.6943359375, 0.72119140625, 3.63671875, 5.71875, 0.0994873046875, 6.55859375, 6.328125, 0.018341064453125, 8.203125, 1.0625, 11.40625, 0.65576171875, 2.482421875, 3.798828125, 6.15234375, 2.7421875, 1.044921875, 3.626953125, 0.78662109375, 0.95703125, 5.75390625, 1.7724609375, 6.43359375, 3.203125, 1.8212890625, 5.58984375, 0.99951171875, 8.390625, 2.03515625, 2.76171875, 11.0078125, 8.46875, 0.95703125, 4.15625, 3.435546875, 4.3359375, 1.6669921875, 8.5, 3.73046875, 5.21875]",-0.9334605742191924
224,0,test,2.827852357189189,1.220066804162137,1.661214042406956,6.433364112605405,2.775651979468862,3.779261946475825,16.909107078828697,11.91736205389288,13.697927579955817,38.468218604335284,27.111998672606305,31.16278524439948,3.0581214955104654,1.3093399444146894,1.8666972560525181,5.272623268121492,2.2574826627839473,3.218443544918135,21.287530856714675,15.539935600075598,17.995764723138084,36.70263940812875,26.79299241392345,31.02718055713463,2.9696749229494945,1.3463827606067542,1.8649010108803628,6.060561067243866,2.7477199196056206,3.8059204303680874,19.485584250093726,14.415830926262613,16.467042314340986,39.766498469579034,29.42006311482166,33.60620880477752,0.6432160804020101,-0.011783919597989967,-0.0067839195979899625,0.542713567839196,0.0027135678391959628,0.0027135678391959628,0.42713567839195976,-0.022864321608040195,-0.01786432160804019,0.43250688705234164,0.129893406997321,0.18617257620190175,0.38397790055248615,0.42713567839195976,0.12137126736439086,0.186735010612327,0.38888888888888884,0.4381270903010034,0.13595680649465947,0.2034218622698577,0.40604026845637586,19.0,3.0,2.0,35.0,12.0,13.0,42.0,7.0,10.0,0.0008190023245842763,0.0003186353012470785,0.0003061798512679041,-0.002965835356527613,-0.0036405885512627023,-0.0032777233383347593,"[3.603515625, 10.375, 0.00829315185546875, 7.703125, 10.984375, 9.0234375, 0.6328125, 6.546875, 0.020477294921875, 4.859375, 7.22265625, 4.90234375, 3.6953125, 0.5771484375, 7.75, 11.71875, 2.89453125, 1.0400390625, 2.73828125, 4.05078125, 3.853515625, 0.56689453125, 4.39453125, 5.10546875, 2.419921875, 0.53125, 3.4375, 0.0137939453125, 10.4453125, 6.01953125, 1.1220703125, 2.33203125, 0.7802734375, 1.484375, 0.029449462890625, 2.33984375, 0.01318359375, 0.093505859375, 0.25537109375, 0.03851318359375, 1.828125, 0.0006256103515625, 3.06640625, 0.2349853515625, 4.3359375, 0.0002589225769042969, 1.74609375, 0.024139404296875, 1.3974609375, 0.0271148681640625, 3.611328125, 0.0026302337646484375, 0.00014030933380126953, 5.69140625, 6.1484375, 5.796875, 6.8125, 4.14453125, 0.320068359375, 9.5625, 2.15234375, 0.353271484375, 0.8369140625, 1.8017578125, 5.49609375, 0.0024013519287109375, 1.431640625, 2.84765625, 6.8359375, 0.0037403106689453125, 5.55859375, 6.140625, 7.92578125, 3.998046875, 2.49609375, 2.55859375, 2.59765625, 4.24609375, 0.7216796875, 1.8291015625, 0.01483154296875, 4.890625, 0.76513671875, 12.8671875, 1.5849609375, 0.49658203125, 0.041900634765625, 0.744140625, 0.57470703125, 1.8974609375, 0.71533203125, 0.7998046875, 0.07550048828125, 4.9765625, 0.016845703125, 2.755859375, 0.11773681640625, 4.0703125, 5.93359375, 4.0625, 5.18359375, 5.4453125, 2.681640625, 4.89453125, 1.13671875, 2.2421875, 2.94921875, 0.051513671875, 2.888671875, 4.453125, 3.060546875, 2.5390625, 4.19921875, 4.421875, 3.302734375, 10.03125, 0.13671875, 0.04144287109375, 0.001499176025390625, 12.1484375, 5.21484375, 0.19677734375, 5.015625, 4.7734375, 3.9921875, 1.8466796875, 6.0078125, 4.89453125, 0.0011377334594726562, 2.0859375, 0.85546875, 4.140625, 7.609375, 4.7265625, 8.1484375, 0.7333984375, 5.8671875, 1.7568359375, 1.21875, 4.4765625, 0.88720703125, 1.5634765625, 7.34375, 2.103515625, 0.334716796875, 0.9775390625, 0.19921875, 3.861328125, 5.1875, 0.366455078125, 0.308349609375, 10.2578125, 0.1732177734375, 5.21875, 0.2479248046875, 7.4375, 6.46875, 2.099609375, 2.61328125, 0.1678466796875, 4.5078125, 0.059783935546875, 0.31494140625, 0.2042236328125, 1.119140625, 4.20703125, 0.26025390625, 5.48828125, 5.15625, 0.243896484375, 3.294921875, 0.9443359375, 2.6875, 2.271484375, 0.28076171875, 5.01953125, 6.19140625, 6.39453125, 0.755859375, 7.08984375, 1.505859375, 4.80859375, 0.09246826171875, 0.4716796875, 5.8203125, 0.943359375, 4.453125, 0.5400390625, 2.3671875, 3.5703125, 0.10064697265625, 2.115234375, 5.39453125, 1.177734375, 0.7314453125, 0.611328125, 0.06072998046875, 6.12890625, 0.130615234375, 0.12078857421875, 0.0011148452758789062, 1.20703125, 7.578125, 1.0615234375, 5.75390625, 4.06640625, 5.609375, 2.6015625, 0.82373046875, 0.65234375, 3.001953125, 2.982421875, 4.234375, 5.0078125, 2.73828125, 9.0234375, 0.0203857421875, 0.020782470703125, 0.00040340423583984375, 1.0263671875, 0.43212890625, 0.07891845703125, 3.490234375, 0.5634765625, 0.2315673828125, 0.318359375, 11.1484375, 0.1553955078125, 0.11492919921875, 0.002857208251953125, 5.1015625, 0.398681640625, 1.630859375, 0.50390625, 0.148681640625, 2.15234375, 3.08203125, 0.0186309814453125, 0.07208251953125, 0.1334228515625, 0.1427001953125, 6.3359375, 0.52099609375, 0.01125335693359375, 6.62890625, 0.40380859375, 4.0703125, 5.4140625, 3.40234375, 1.4111328125, 0.244873046875, 2.232421875, 2.857421875, 5.27734375, 3.240234375, 4.53515625, 1.1123046875, 6.69921875, 3.31640625, 3.9921875, 3.982421875, 0.51708984375, 1.6083984375, 5.45703125, 0.135498046875, 1.310546875, 7.1015625, 7.26953125, 6.328125, 4.02734375, 0.02288818359375, 0.01067352294921875, 0.0006852149963378906, 0.5634765625, 4.359375, 2.048828125, 2.919921875, 6.53125, 0.9462890625, 7.84765625, 4.52734375, 1.228515625, 8.2734375, 4.7109375, 7.52734375, 1.2646484375, 7.11328125, 0.349365234375, 2.01953125, 3.16015625, 5.08984375, 3.712890625, 1.1337890625, 7.6796875, 0.0038967132568359375, 0.57373046875, 0.25732421875, 3.15234375, 0.86572265625, 3.478515625, 6.19921875, 0.8984375, 3.46484375, 0.0007009506225585938, 1.3876953125, 1.0859375, 5.9921875, 4.12890625, 5.67578125, 8.953125, 4.8828125, 1.0537109375, 4.63671875, 0.416259765625, 0.513671875, 3.859375, 1.921875, 5.01171875, 1.0712890625, 0.013916015625, 4.73046875, 4.27734375, 6.70703125, 3.07421875, 2.08984375, 8.9375, 1.9521484375, 3.5234375, 2.0078125, 0.468017578125, 0.23193359375, 0.41845703125, 0.006565093994140625, 2.900390625, 0.2183837890625, 0.055755615234375, 0.1644287109375, 3.82421875, 0.229736328125, 0.07867431640625, 0.0012006759643554688, 1.8564453125, 0.01035308837890625, 0.06463623046875, 0.047027587890625, 0.03924560546875, 0.74560546875, 0.9599609375, 0.03741455078125, 0.72607421875, 0.01349639892578125, 0.04461669921875, 0.00925445556640625, 5.1953125, 1.6533203125, 3.318359375, 0.00763702392578125, 0.0196380615234375, 0.0010633468627929688, 5.50390625, 0.38037109375, 9.4921875, 2.732421875]",-1.2889293543891802
201,0,test,1.7322259735613361,0.7301517085844054,0.8562931492176893,6.604111524202594,2.7837033889780454,3.2646176313924404,5.653223839874372,2.9292977227697468,3.252109772606913,21.552915889521042,11.167947568059658,12.398668508063855,1.8766117820787669,0.7486932679848086,1.086459624790405,5.361747948796477,2.139123622813739,3.1041703565440146,6.531337734306751,3.4421180981122,4.327606019717774,18.660964955162147,9.834623137463428,12.36458862776507,2.031072383740275,0.8762825516601283,1.2136052732994935,5.9737423051184555,2.5773016225297884,3.569427274410275,7.6222559608794835,4.448899551156834,5.357499771595719,22.418399884939657,13.08499867987304,15.757352269399172,0.36180904522613067,-0.023190954773869343,-0.01819095477386934,0.2864321608040201,0.0014321608040200884,-0.00856783919597992,0.24120603015075381,-0.0037939698492461815,0.001206030150753823,0.2863849765258216,0.07419271392324245,0.08208390125700438,0.2517647058823529,0.3015075376884422,0.07844989357816645,0.1278848331809297,0.23737373737373735,0.3177257525083612,0.08400288105594056,0.1364131829866705,0.28523489932885904,21.0,10.0,8.0,29.0,8.0,8.0,36.0,13.0,12.0,0.001817288564851348,0.0005847218221104061,0.00045327094800189744,-0.15366175996268883,-0.15019577246491078,-0.15782031294761012,"[1.2431640625, 2.35546875, 6.328125, 9.1640625, 7.36328125, 0.82666015625, 2.263671875, 9.078125, 2.759765625, 4.95703125, 10.5390625, 6.5234375, 2.724609375, 3.6484375, 10.6015625, 3.826171875, 4.8359375, 11.2734375, 7.23046875, 9.4375, 1.484375, 0.490478515625, 1.3291015625, 0.02960205078125, 1.50390625, 0.228271484375, 0.1842041015625, 0.00020575523376464844, 2.16015625, 0.325927734375, 2.349609375, 1.962890625, 0.88330078125, 0.250732421875, 0.007266998291015625, 5.56640625, 7.609375, 2.615234375, 4.6484375, 7.125, 3.5546875, 0.37548828125, 0.02239990234375, 0.6962890625, 1.5009765625, 7.1015625, 0.147705078125, 0.002750396728515625, 0.3154296875, 4.05859375, 0.02191162109375, 0.054473876953125, 0.11932373046875, 0.419921875, 8.2578125, 6.81640625, 4.85546875, 1.2783203125, 4.8125, 5.203125, 3.9296875, 1.41796875, 0.72998046875, 3.771484375, 0.65283203125, 0.343994140625, 0.0088653564453125, 0.1279296875, 0.184814453125, 0.1484375, 5.36328125, 0.192138671875, 0.035614013671875, 0.206787109375, 0.59375, 0.9560546875, 1.107421875, 5.7421875, 1.515625, 0.54345703125, 0.1298828125, 0.01119232177734375, 0.0496826171875, 0.1463623046875, 0.197998046875, 9.7578125, 10.0703125, 0.33203125, 0.1978759765625, 0.432373046875, 0.5986328125, 4.375, 1.0654296875, 4.5390625, 12.0859375, 1.1513671875, 0.06988525390625, 0.01195526123046875, 0.1319580078125, 0.156494140625, 0.20556640625, 5.40234375, 0.86865234375, 0.04766845703125, 0.07440185546875, 0.09173583984375, 0.07501220703125, 6.19140625, 0.73681640625, 0.8876953125, 0.022247314453125, 0.050750732421875, 0.037811279296875, 0.027984619140625, 3.05078125, 0.01088714599609375, 0.0190277099609375, 4.3046875, 0.66015625, 0.30615234375, 0.02935791015625, 0.3798828125, 0.515625, 3.130859375, 0.69287109375, 0.91748046875, 0.0229949951171875, 0.467529296875, 2.4140625, 0.0253448486328125, 0.9677734375, 0.180419921875, 0.2015380859375, 0.0247650146484375, 1.4951171875, 0.374755859375, 0.180419921875, 0.05133056640625, 0.376708984375, 0.157958984375, 0.026702880859375, 0.01947021484375, 0.053985595703125, 0.3193359375, 0.206787109375, 0.005825042724609375, 0.316650390625, 0.255859375, 0.0233917236328125, 0.01433563232421875, 0.40625, 0.0024585723876953125, 0.05377197265625, 0.6953125, 0.0655517578125, 0.0026912689208984375, 5.44921875, 0.0159454345703125, 0.034271240234375, 3.28125, 0.01080322265625, 0.0179290771484375, 0.054473876953125, 0.6953125, 0.059967041015625, 0.0009388923645019531, 0.25390625, 0.06591796875, 0.2244873046875, 0.50146484375, 0.007843017578125, 0.0030364990234375, 0.054168701171875, 1.31640625, 0.037078857421875, 0.3447265625, 0.0158538818359375, 0.1378173828125, 0.07476806640625, 0.0025196075439453125, 0.00174713134765625, 4.4140625, 0.186279296875, 2.984375, 3.33203125, 3.34765625, 9.15625, 7.94140625, 0.9130859375, 0.1171875, 0.0005497932434082031, 0.050323486328125, 0.779296875, 0.0001577138900756836, 0.0010557174682617188, 0.11712646484375, 0.2548828125, 6.09765625, 2.056640625, 0.66064453125, 3.572265625, 1.1982421875, 0.6005859375, 1.4208984375, 0.2283935546875, 0.003078460693359375, 0.127685546875, 0.1446533203125, 0.1561279296875, 6.36328125, 0.67138671875, 0.1943359375, 0.9453125, 1.751953125, 3.212890625, 1.3095703125, 3.466796875, 10.4296875, 7.3125, 8.2734375, 3.52734375, 1.6396484375, 10.2421875, 2.416015625, 0.1798095703125, 0.003498077392578125, 0.1297607421875, 0.0628662109375, 0.1630859375, 3.791015625, 0.052032470703125, 0.1865234375, 4.25, 2.236328125, 5.27734375, 0.9990234375, 1.322265625, 0.609375, 0.0848388671875, 0.0021343231201171875, 1.3154296875, 0.002902984619140625, 0.0014791488647460938, 4.19140625, 5.7734375, 1.4970703125, 1.4189453125, 0.21435546875, 0.18310546875, 8.4765625, 1.4541015625, 0.495361328125, 6.640625, 0.66650390625, 4.0703125, 0.05877685546875, 0.060516357421875, 0.007350921630859375, 2.0, 6.203125, 6.76171875, 0.103271484375, 8.7734375, 4.328125, 2.19921875, 6.9609375, 5.89453125, 3.560546875, 0.06573486328125, 2.373046875, 8.8828125, 0.380126953125, 1.7158203125, 1.3154296875, 0.0003724098205566406, 1.7705078125, 0.408447265625, 6.9375, 1.6708984375, 0.92333984375, 8.7421875, 0.17529296875, 0.037139892578125, 0.037506103515625, 0.0186004638671875, 2.376953125, 0.390380859375, 3.4296875, 6.19140625, 3.83984375, 0.05950927734375, 2.1328125, 0.78125, 0.25048828125, 0.5751953125, 2.875, 1.5517578125, 0.023773193359375, 0.134033203125, 0.0019130706787109375, 1.109375, 0.322265625, 0.005489349365234375, 0.0005540847778320312, 0.1519775390625, 0.036285400390625, 4.03515625, 4.59765625, 0.83642578125, 0.0227203369140625, 0.050079345703125, 0.0014753341674804688, 0.32861328125, 0.1290283203125, 0.0697021484375, 0.340576171875, 0.007663726806640625, 0.31689453125, 0.023956298828125, 0.00455474853515625, 0.00045871734619140625, 5.2109375, 0.7568359375, 7.59765625, 4.41796875, 4.62109375, 1.044921875, 3.80859375, 4.2578125, 0.71533203125, 0.393310546875, 0.77392578125, 0.365234375, 0.10968017578125, 0.0014352798461914062, 3.048828125, 0.1290283203125, 0.001079559326171875, 2.974609375, 10.2734375, 0.06268310546875, 0.3193359375, 6.1328125, 0.8974609375, 3.91015625, 1.4609375, 9.359375, 1.669921875, 0.01427459716796875, 0.0224609375, 0.0005478858947753906, 4.36328125, 8.09375, 1.1259765625, 3.484375, 1.146484375, 2.2109375, 0.1568603515625, 0.176025390625, 1.3974609375, 0.25732421875, 3.365234375, 0.81884765625, 0.271240234375, 0.482177734375, 0.1304931640625, 0.13037109375, 0.138427734375, 0.13134765625, 0.0048828125, 0.0654296875, 0.005901336669921875, 0.000598907470703125, 0.001125335693359375, 1.765625, 0.005950927734375, 0.72119140625, 0.09429931640625, 0.127197265625, 0.030731201171875, 0.060302734375, 2.4296875, 0.223876953125, 0.1571044921875, 0.046173095703125, 0.0243988037109375, 0.0005354881286621094, 0.31396484375, 0.007526397705078125, 0.001605987548828125, 0.361572265625, 2.6875, 0.087158203125, 0.06732177734375, 0.1165771484375, 0.164794921875, 0.08929443359375, 0.343505859375, 0.046661376953125, 1.4375, 0.006221771240234375, 0.0222930908203125, 0.0026836395263671875, 0.623046875, 0.1663818359375, 0.0302886962890625, 0.13671875, 0.027008056640625, 4.21484375, 0.05279541015625, 0.0096588134765625, 0.0260467529296875, 0.01192474365234375, 0.52978515625, 0.0557861328125, 0.0205230712890625, 0.02374267578125, 0.01971435546875, 0.0197296142578125, 0.00817108154296875, 0.1307373046875, 0.0015134811401367188, 0.07806396484375, 0.00397491455078125, 0.00021886825561523438, 0.00043392181396484375]",-1.6285781074017986
5,0,test,3.1850731522336653,1.4458145924662078,2.0068709567991787,6.818748156894607,3.0952650430262474,4.2963997948376775,24.169056361637786,18.475935612974332,20.92052763146476,51.74220516857667,39.55411567848026,44.78760845045977,3.152084626145099,1.3886818229439735,1.9434840358006367,5.783641515862567,2.548040042099034,3.566025753762636,23.38476229191729,17.55251262743196,20.03596725605798,42.90782071911429,32.206445187948546,36.76324267166601,3.1520009168414367,1.4147666673045372,1.9701301017531625,6.659156866566415,2.9889436633194446,4.162246693844709,23.382804851678642,17.7011970887316,20.122336617802155,49.40029194016615,37.39689525788366,42.51197877000456,0.7236180904522613,-0.0013819095477386467,-0.011381909547738656,0.5678391959798995,0.022839195979899585,0.01783919597989947,0.42211055276381915,-0.0028894472361808976,0.02711055276381913,0.40594059405940597,0.0715089630874125,0.1402984425775179,0.3807947019867549,0.3919597989949749,0.07867659097492474,0.13820353856091816,0.3484848484848485,0.41137123745819393,0.07915087017939593,0.14885733312004046,0.3791946308724832,19.0,0.0,-1.0,30.0,2.0,-1.0,38.0,0.0,0.0,-2.6989465132038732e-05,-1.755173918691638e-05,8.564300917740259e-05,0.0004912393671849813,8.815173034548707e-05,-5.432400123339676e-05,"[11.1953125, 3.55078125, 1.8330078125, 5.91015625, 7.33203125, 9.265625, 8.8046875, 4.29296875, 1.9755859375, 5.35546875, 0.09735107421875, 0.2076416015625, 5.46484375, 0.390869140625, 3.923828125, 4.24609375, 4.90625, 1.412109375, 2.513671875, 6.4140625, 1.6650390625, 3.40234375, 2.283203125, 2.685546875, 1.63671875, 3.13671875, 1.3408203125, 9.5703125, 9.0703125, 0.02532958984375, 2.423828125, 2.927734375, 1.505859375, 0.369384765625, 5.44921875, 4.46875, 2.083984375, 2.91015625, 0.2041015625, 0.404541015625, 3.5859375, 0.451171875, 3.724609375, 2.669921875, 0.57421875, 1.533203125, 0.9521484375, 4.12109375, 6.32421875, 1.88671875, 1.36328125, 1.7548828125, 4.56640625, 0.0007815361022949219, 3.50390625, 1.513671875, 6.44140625, 4.921875, 0.69482421875, 0.1236572265625, 2.830078125, 5.05859375, 1.076171875, 1.9560546875, 6.35546875, 3.09375, 0.297119140625, 3.734375, 0.0204010009765625, 3.625, 6.1484375, 6.203125, 2.048828125, 0.92724609375, 4.53515625, 1.75390625, 6.84765625, 6.7890625, 0.658203125, 2.515625, 1.158203125, 5.2109375, 0.269287109375, 0.92626953125, 1.904296875, 0.0361328125, 0.07672119140625, 2.015625, 0.72705078125, 1.87109375, 0.009063720703125, 1.52734375, 14.1171875, 0.12176513671875, 2.578125, 1.84765625, 3.3359375, 2.341796875, 0.26025390625, 2.998046875, 3.529296875, 1.4296875, 2.0859375, 0.0123748779296875, 0.1610107421875, 8.7421875, 8.765625, 0.90380859375, 3.9453125, 1.7548828125, 6.19140625, 5.05078125, 0.008331298828125, 5.6484375, 0.8125, 3.91796875, 1.7568359375, 2.56640625, 1.30859375, 2.294921875, 1.6943359375, 1.7001953125, 7.4140625, 7.28125, 2.4375, 0.66796875, 0.274169921875, 2.158203125, 3.6796875, 4.83203125, 2.291015625, 0.0011959075927734375, 0.2103271484375, 2.998046875, 0.415771484375, 13.2421875, 0.411376953125, 0.39892578125, 1.220703125, 0.23681640625, 9.546875, 0.099365234375, 1.1923828125, 8.453125, 3.998046875, 2.853515625, 7.85546875, 2.71875, 5.6015625, 0.65966796875, 4.75390625, 1.275390625, 5.43359375, 2.8828125, 2.7734375, 8.3828125, 5.9453125, 2.275390625, 0.0013113021850585938, 2.783203125, 1.505859375, 1.1845703125, 3.751953125, 1.884765625, 9.578125, 8.4765625, 0.8193359375, 7.91796875, 3.052734375, 4.1953125, 0.845703125, 2.39453125, 0.82666015625, 7.47265625, 7.125, 1.0732421875, 0.548828125, 5.98046875, 7.58203125, 3.87890625, 8.3671875, 1.322265625, 2.529296875, 3.779296875, 0.10986328125, 6.56640625, 0.853515625, 8.140625, 6.5078125, 0.6044921875, 0.57763671875, 0.14599609375, 0.1475830078125, 0.0770263671875, 2.984375, 1.2587890625, 1.0029296875, 0.7744140625, 1.1669921875, 5.078125, 4.03125, 1.8955078125, 0.303955078125, 3.39453125, 2.515625, 7.546875, 2.439453125, 5.6015625, 8.4921875, 2.044921875, 1.1494140625, 4.2734375, 2.150390625, 0.195068359375, 0.278564453125, 4.5859375, 5.94921875, 2.087890625, 0.0019588470458984375, 1.236328125, 4.97265625, 4.92578125, 3.455078125, 3.0390625, 4.38671875, 2.134765625, 0.0271759033203125, 2.90234375, 2.408203125, 6.94921875, 0.9306640625, 4.859375, 2.93359375, 1.1875, 3.892578125, 0.2100830078125, 6.48046875, 2.41015625, 0.0015735626220703125, 2.634765625, 2.435546875, 3.322265625, 1.6962890625, 2.22265625, 3.623046875, 1.365234375, 3.27734375, 0.31689453125, 4.80078125, 1.2626953125, 12.8515625, 3.3203125, 6.91015625, 4.79296875, 3.75, 0.92529296875, 2.66796875, 2.490234375, 0.0011053085327148438, 4.52734375, 9.109375, 7.5, 0.1512451171875, 0.413330078125, 1.404296875, 5.14453125, 0.677734375, 5.9296875, 3.712890625, 1.109375, 5.4140625, 6.0390625, 0.4814453125, 4.25390625, 2.677734375, 3.35546875, 4.01953125, 1.318359375, 0.55859375, 5.08203125, 4.03125, 1.662109375, 5.265625, 3.951171875, 5.7734375, 0.90576171875, 0.7841796875, 3.03515625, 0.3994140625, 0.34033203125, 3.810546875, 1.830078125, 4.625, 1.134765625, 8.71875, 10.4921875, 1.7626953125, 0.0010471343994140625, 3.986328125, 2.537109375, 2.263671875, 7.0234375, 1.7158203125]",-0.8418547957643816
250,0,test,1.3198890906572343,0.473911377699783,0.6027443642321454,7.454584864134521,2.676598062783282,3.4042322543252164,3.743006219879057,1.4127511981888068,1.6944306115847896,21.14007738269721,7.979059584136783,9.569953172471841,2.0300532585412414,0.8503423200230327,1.1859152764848258,7.660578334117892,3.2088389434831424,4.475151986735192,7.614491884711093,4.361058260101787,5.2885199641067775,28.733931640419218,16.456823623025613,19.956679109836898,1.5425057827226267,0.6110388280856136,0.8587478042311416,7.9518832592080235,3.1500105103034217,4.426992990777782,4.676293377294495,2.138063461275995,2.6949838995778306,24.107098617431962,11.022085774509009,13.893106654720196,0.3869346733668342,-0.0030653266331658324,-0.008065326633165837,0.31155778894472363,0.006557788944723586,0.006557788944723586,0.25125628140703515,-0.008743718592964855,0.0012562814070351536,0.23750000000000004,0.05897315855181029,0.06741202346041064,0.15538847117794485,0.3065326633165829,0.09099381619878844,0.11788491707284332,0.19696969696969702,0.2516778523489933,0.05737299472755275,0.08538320949185041,0.1717171717171717,22.0,-1.0,-1.0,29.0,-2.0,-3.0,34.0,1.0,0.0,0.001650697577673496,0.001998931907722017,0.000532005161877484,-0.21274405820040698,-0.2348141118968261,-0.22225011296402464,"[8.1953125, 2.75390625, 5.109375, 7.8046875, 7.390625, 4.3046875, 9.1640625, 6.3828125, 5.01171875, 6.16015625, 8.9296875, 0.004436492919921875, 4.84375, 8.8515625, 4.8515625, 2.384765625, 9.5703125, 6.95703125, 2.859375, 4.1875, 7.42578125, 1.3720703125, 7.98828125, 0.337158203125, 8.1328125, 7.703125, 6.12109375, 1.7421875, 1.1484375, 9.0078125, 0.50732421875, 3.62890625, 9.15625, 2.337890625, 5.890625, 6.22265625, 1.025390625, 1.7041015625, 0.1134033203125, 10.578125, 0.7578125, 5.96875, 4.2734375, 0.132568359375, 7.58984375, 0.83837890625, 9.7265625, 0.85107421875, 6.9296875, 1.9453125, 0.11175537109375, 6.7890625, 0.253662109375, 2.45703125, 0.46240234375, 0.07958984375, 7.6796875, 0.1737060546875, 7.5234375, 1.34375, 3.25390625, 0.167236328125, 0.39306640625, 1.3623046875, 0.058135986328125, 0.0469970703125, 2.06640625, 0.191162109375, 1.3017578125, 0.06854248046875, 0.014923095703125, 0.1337890625, 0.0316162109375, 3.5390625, 0.05010986328125, 0.410888671875, 0.032745361328125, 0.024932861328125, 0.5146484375, 0.0452880859375, 0.414794921875, 0.005962371826171875, 4.41796875, 3.830078125, 0.27783203125, 0.0148773193359375, 0.03192138671875, 0.06256103515625, 1.4931640625, 0.07720947265625, 0.09234619140625, 0.2442626953125, 0.0295867919921875, 5.65625, 0.1148681640625, 0.403076171875, 0.040283203125, 0.11279296875, 0.6416015625, 0.0184783935546875, 0.034576416015625, 0.8916015625, 0.057769775390625, 1.0029296875, 0.007038116455078125, 0.002227783203125, 0.05157470703125, 0.032196044921875, 2.064453125, 0.0155792236328125, 0.25048828125, 0.01247406005859375, 0.020843505859375, 0.29931640625, 0.0083770751953125, 0.12457275390625, 0.0012083053588867188, 3.296875, 8.140625, 0.00926971435546875, 0.0205078125, 0.0213470458984375, 0.0019016265869140625, 0.00920867919921875, 0.4296875, 0.01454925537109375, 0.009124755859375, 0.052734375, 0.002605438232421875, 0.94482421875, 11.046875, 0.044677734375, 0.0648193359375, 0.015380859375, 0.058380126953125, 0.89404296875, 0.0131988525390625, 0.0139617919921875, 0.64013671875, 0.017059326171875, 0.373046875, 0.0026226043701171875, 0.0008740425109863281, 0.033538818359375, 0.01171875, 0.77197265625, 0.00543975830078125, 0.091796875, 0.00835418701171875, 0.00930023193359375, 0.26806640625, 0.00748443603515625, 0.031585693359375, 0.0007786750793457031, 4.89453125, 0.14404296875, 0.0107574462890625, 0.00919342041015625, 0.00319671630859375, 0.411376953125, 0.0117645263671875, 0.00531005859375, 0.0206298828125, 0.00243377685546875, 3.546875, 0.0300140380859375, 0.06488037109375, 0.01268768310546875, 0.03900146484375, 6.46484375, 10.9453125, 0.77392578125, 2.326171875, 1.51171875, 7.328125, 0.07708740234375, 1.517578125, 3.537109375, 1.28125, 0.50537109375, 1.083984375, 0.0197601318359375, 0.0015239715576171875, 0.0257568359375, 3.06640625, 0.06744384765625, 1.3203125, 0.026763916015625, 0.26318359375, 0.01336669921875, 2.162109375, 0.031341552734375, 0.861328125, 0.007465362548828125, 10.0859375, 1.150390625, 0.34228515625, 0.030181884765625, 0.28515625, 0.0794677734375, 0.455322265625, 0.011322021484375, 2.162109375, 0.09674072265625, 0.039215087890625, 0.0099639892578125, 8.921875, 0.239501953125, 1.4951171875, 1.591796875, 0.0196685791015625, 0.1715087890625, 1.6357421875, 4.44140625, 0.04022216796875, 0.4716796875, 0.1351318359375, 0.2064208984375, 0.0251007080078125, 0.281494140625, 0.1258544921875, 0.271484375, 0.024169921875, 0.5771484375, 0.0075225830078125, 0.0007352828979492188, 0.019927978515625, 0.03472900390625, 0.364990234375, 1.228515625, 0.0177154541015625, 0.16455078125, 0.01214599609375, 0.06378173828125, 0.0204010009765625, 0.494140625, 0.007598876953125, 1.8359375, 0.0023784637451171875, 0.0111236572265625, 0.0171356201171875, 0.04058837890625, 0.051849365234375, 0.416748046875, 0.005802154541015625, 0.0643310546875, 0.099853515625, 0.02069091796875, 0.00296783447265625, 4.90234375, 0.09368896484375, 0.10784912109375, 0.032501220703125, 0.01165008544921875, 0.06298828125, 2.345703125, 0.0097808837890625, 0.1126708984375, 0.2496337890625, 0.0090789794921875, 0.290771484375, 0.00698089599609375, 0.0008893013000488281, 0.0194854736328125, 0.031829833984375, 0.490478515625, 0.0081024169921875, 0.031341552734375, 0.004344940185546875, 0.35009765625, 0.1900634765625, 0.006191253662109375, 0.67529296875, 0.0008234977722167969, 6.4140625, 0.388671875, 0.01245880126953125, 0.0046539306640625, 0.0033969879150390625, 0.39306640625, 0.0153350830078125, 0.160888671875, 0.03045654296875, 0.0010442733764648438, 5.38671875, 0.3994140625, 0.07720947265625, 0.01265716552734375, 0.057098388671875, 0.92626953125, 0.0078125, 0.07501220703125, 0.29638671875, 0.01123046875, 0.291015625, 0.00695037841796875, 0.0019626617431640625, 0.018829345703125, 0.045013427734375, 0.1317138671875, 0.01300811767578125, 0.0234222412109375, 0.006511688232421875, 0.05908203125, 0.48095703125, 0.007137298583984375, 0.2413330078125, 0.0003783702850341797, 4.54296875, 4.328125, 0.353515625, 0.210693359375, 0.0195465087890625, 0.0124053955078125, 0.013641357421875, 0.63330078125, 0.00914764404296875, 0.01102447509765625, 0.036712646484375, 0.003765106201171875, 6.14453125, 0.0760498046875, 0.0811767578125, 0.0161285400390625, 0.0291595458984375, 0.26220703125, 0.004180908203125, 0.0325927734375, 0.1337890625, 0.014984130859375, 0.1453857421875, 0.00696563720703125, 0.0009975433349609375, 0.02496337890625, 0.0201568603515625, 0.5634765625, 0.0117034912109375, 0.0477294921875, 0.0038776397705078125, 0.06103515625, 0.232177734375, 0.00872802734375, 0.137451171875, 0.0006999969482421875, 6.12109375, 1.5341796875, 6.10546875, 1.5791015625, 0.19921875, 0.020294189453125, 0.012359619140625, 0.009918212890625, 0.3955078125, 0.007045745849609375, 0.01358795166015625, 0.079833984375, 0.004180908203125, 8.0078125, 2.076171875, 3.337890625, 0.287353515625, 0.73779296875, 0.01282501220703125, 0.0313720703125, 0.3095703125, 0.007480621337890625, 0.0292816162109375, 0.304443359375, 0.01023101806640625, 0.43115234375, 0.0028591156005859375, 0.0007734298706054688, 0.0157470703125, 0.0126495361328125, 0.6640625, 0.01092529296875, 0.047607421875, 0.004390716552734375, 0.029388427734375, 0.327880859375, 0.0196380615234375, 0.11566162109375, 0.0006213188171386719, 5.0390625, 5.05859375, 0.69189453125, 0.00954437255859375, 0.0075531005859375, 0.005695343017578125, 0.47021484375, 0.0130157470703125, 0.00565338134765625, 0.0543212890625, 0.00792694091796875, 2.828125, 0.03265380859375, 2.54296875, 1.044921875, 0.240478515625, 0.1580810546875]",-1.480554558634758
243,0,test,3.685069304925424,1.7441607998133535,2.3762436988544295,7.214744121088932,3.414772650236987,4.652284350166805,39.847884008795006,32.88280810464511,36.14606024971304,78.01543555938781,64.37899177114254,70.76788904311287,3.9698306711474856,1.8928787915409755,2.5684897520811347,6.671984321256279,3.1813088933461775,4.316789499296025,52.97555978941832,44.99545231289912,48.91491848023571,89.03455426792995,75.62260892924222,82.20994702560624,3.7433109570506424,1.7793007213883891,2.4214970464146317,7.198674917405081,3.421732156516133,4.656725089258907,42.237605805502284,35.10975160373175,38.48738803422794,81.22616501058131,67.51875308409952,74.01420775813065,0.7688442211055276,-0.01115577889447239,-0.01115577889447239,0.6683417085427136,-0.006658291457286469,0.0033417085427135396,0.5376884422110553,-0.017311557788944665,-0.012311557788944771,0.4320987654320988,0.10698320302840081,0.18158541840951148,0.3777089783281734,0.457286432160804,0.11894056749914983,0.19852182448133826,0.4040404040404041,0.4381270903010034,0.10924562118581138,0.18784900353793332,0.38926174496644295,23.0,2.0,1.0,34.0,1.0,1.0,41.0,1.0,-1.0,0.0011797875136716415,0.0002866571808522047,0.00037336420671343456,0.0004083119095046328,6.807704299838235e-06,-0.00012791969757852684,"[9.3125, 15.9609375, 8.7109375, 5.546875, 2.0234375, 5.95703125, 2.08984375, 1.517578125, 8.71875, 1.087890625, 8.6640625, 0.2301025390625, 7.64453125, 0.271484375, 5.07421875, 2.5703125, 4.671875, 5.3203125, 0.049041748046875, 0.0241546630859375, 7.07421875, 7.5, 4.06640625, 5.4375, 4.4140625, 4.5546875, 0.17431640625, 3.240234375, 3.255859375, 8.4765625, 10.4453125, 9.984375, 3.609375, 2.958984375, 1.9716796875, 0.2310791015625, 9.078125, 3.87890625, 3.341796875, 5.625, 1.619140625, 3.16015625, 7.2421875, 5.8984375, 6.13671875, 5.68359375, 0.54541015625, 1.9169921875, 0.028594970703125, 5.62890625, 0.0310516357421875, 0.0196990966796875, 1.3056640625, 4.9921875, 6.53125, 1.4951171875, 7.37890625, 10.265625, 0.09344482421875, 2.216796875, 1.4638671875, 2.916015625, 0.41357421875, 5.8671875, 6.328125, 0.66259765625, 0.493408203125, 4.13671875, 7.7890625, 7.8515625, 4.5625, 7.9453125, 8.109375, 6.21875, 1.1240234375, 0.3056640625, 3.359375, 6.7578125, 0.059295654296875, 5.171875, 3.95703125, 0.3759765625, 0.0248260498046875, 7.25390625, 8.7734375, 2.5078125, 0.1829833984375, 0.0115966796875, 7.96875, 5.53125, 2.126953125, 5.5703125, 4.25, 6.32421875, 6.86328125, 1.73828125, 0.046905517578125, 0.0286407470703125, 5.359375, 8.125, 6.3984375, 6.609375, 0.2125244140625, 8.09375, 7.48046875, 0.08074951171875, 7.453125, 1.95703125, 2.796875, 0.363037109375, 7.42578125, 13.65625, 2.77734375, 0.0016927719116210938, 4.9453125, 0.329833984375, 0.0250396728515625, 1.890625, 2.697265625, 7.1015625, 5.640625, 5.125, 1.6279296875, 2.642578125, 6.24609375, 6.0703125, 2.04296875, 0.0506591796875, 7.65234375, 3.041015625, 6.359375, 0.1456298828125, 0.0030345916748046875, 6.578125, 6.8125, 0.796875, 2.826171875, 0.0867919921875, 1.8720703125, 4.40234375, 0.201904296875, 3.314453125, 2.19921875, 7.68359375, 2.8515625, 1.458984375, 6.92578125, 5.77734375, 0.8310546875, 3.853515625, 0.06976318359375, 9.9921875, 5.8828125, 0.11688232421875, 1.5400390625, 0.007312774658203125, 5.578125, 2.08203125, 2.755859375, 4.7734375, 4.41015625, 2.26171875, 2.27734375, 0.69580078125, 2.650390625, 1.123046875, 2.3515625, 3.259765625, 3.458984375, 0.1077880859375, 0.003337860107421875, 8.9609375, 1.19140625, 0.83984375, 4.37109375, 4.6796875, 3.4921875, 5.42578125, 6.22265625, 11.921875, 5.29296875, 3.546875, 2.337890625, 2.796875, 1.7734375, 3.423828125, 2.20703125, 7.15625, 6.4765625, 12.09375, 5.7421875, 1.4853515625, 1.203125, 6.99609375, 9.765625, 2.390625, 5.90234375, 0.56787109375, 0.31640625, 0.049591064453125, 9.8515625, 12.2578125, 2.087890625, 5.87109375, 6.765625, 6.43359375, 8.296875, 0.841796875, 2.595703125, 4.8671875, 1.900390625, 2.1640625, 5.87890625, 0.77294921875, 4.74609375, 1.224609375, 4.83203125, 0.38623046875, 1.689453125, 2.28125, 6.78515625, 3.767578125, 1.6171875, 5.12109375, 0.08026123046875, 0.11407470703125, 0.1602783203125, 2.564453125, 0.9541015625, 8.0234375, 2.078125, 0.41357421875, 2.64453125, 1.609375, 2.7890625, 6.79296875, 0.1788330078125, 2.2734375, 0.92041015625, 0.038116455078125, 6.359375, 1.9833984375, 3.064453125, 6.40625, 2.501953125, 3.05078125, 5.8203125, 1.3408203125, 6.109375, 0.11871337890625, 0.591796875, 1.1806640625, 0.0170440673828125, 8.8359375, 0.03533935546875, 0.019378662109375, 0.037445068359375, 0.5185546875, 1.5634765625, 0.116455078125, 6.6953125, 7.23046875, 6.9609375, 3.984375, 0.302734375, 1.876953125, 5.55078125, 0.2052001953125, 2.193359375, 6.03125, 1.328125, 1.9130859375, 3.4140625, 0.298095703125, 1.1162109375, 12.8515625, 0.96826171875, 3.765625, 1.5556640625, 0.03741455078125, 6.58984375, 1.0830078125, 1.6376953125, 3.712890625, 4.40625, 10.03125, 0.71728515625, 4.796875, 0.03216552734375, 4.10546875, 5.5078125, 4.125, 3.654296875, 6.546875, 4.61328125, 0.0736083984375, 0.002941131591796875, 6.12890625, 7.12890625, 0.7001953125, 3.13671875, 3.748046875, 0.8046875, 3.453125, 12.2890625, 0.1256103515625, 0.0169219970703125, 2.00390625, 3.39453125, 1.2724609375, 6.9375, 0.367431640625, 0.007061004638671875, 8.7578125, 2.912109375, 0.00821685791015625, 2.453125, 2.193359375, 0.0029544830322265625, 0.34521484375, 2.884765625, 1.255859375, 2.271484375, 8.1484375]",-1.3843138394532382
131,0,test,1.0212198138863318,0.39266191289076213,0.39266191289076213,7.89375315598624,3.0351704618042694,3.0351704618042694,2.776579609467953,0.9016747791028605,0.9016747791028605,21.4622099542658,6.969702346578869,6.969702346578869,2.6436164846372363,1.175992567853509,1.6220107569686397,7.55318995610639,3.3599787652957405,4.634316448481828,14.063973892942485,9.725060628826515,11.28632255635185,40.182782551264246,27.785887510932902,32.246635875291005,1.8330264968616907,0.8244087751273492,1.1339128533873029,7.6376104035903785,3.4350365630306223,4.7246368891137625,6.252782075970678,3.510973623770544,4.240813480556951,26.053258649877826,14.629056765710603,17.670056168987298,0.49246231155778897,0.007462311557788981,0.012462311557788985,0.38190954773869346,-0.0030904522613065533,-0.008090452261306558,0.3266331658291457,0.001633165829145744,-0.018366834170854274,0.18739054290718038,0.04174049403132507,0.04174049403132507,0.0964912280701754,0.3467336683417085,0.11114469591063081,0.1614248202615749,0.2272727272727273,0.27090301003344486,0.09060250919872037,0.1251855461847241,0.16442953020134232,21.0,2.0,2.0,29.0,0.0,1.0,35.0,1.0,2.0,0.004421668885683678,0.0013884854076485706,0.0018873893105346047,-0.11887428197131955,-0.11163190231180753,-0.12585028399466403,"[10.9296875, 1.435546875, 10.65625, 7.2578125, 5.859375, 5.73046875, 9.5546875, 4.26171875, 2.853515625, 10.46875, 5.4609375, 7.6015625, 1.6376953125, 3.1484375, 9.0859375, 2.142578125, 9.4609375, 2.81640625, 4.60546875, 4.66796875, 5.36328125, 3.009765625, 5.0390625, 6.0625, 3.619140625, 6.06640625, 5.08984375, 4.93359375, 0.1610107421875, 7.60546875, 1.9150390625, 3.029296875, 7.18359375, 3.45703125, 5.359375, 3.447265625, 4.63671875, 14.4765625, 0.51123046875, 6.046875, 10.0625, 6.484375, 1.3134765625, 7.8515625, 0.494140625, 7.6796875, 1.5302734375, 0.473388671875, 10.8125, 1.5087890625, 5.43359375, 1.341796875, 8.6953125, 0.19921875, 1.5673828125, 2.2578125, 1.521484375, 0.97021484375, 0.08447265625, 7.32421875, 2.205078125, 1.5439453125, 0.033050537109375, 7.55859375, 11.5703125, 7.75, 1.08203125, 7.51953125, 9.6953125, 0.2291259765625, 9.4140625, 5.29296875, 0.349365234375, 0.1805419921875, 4.9609375, 4.47265625, 8.0078125, 1.6220703125, 7.125, 0.1842041015625, 0.4697265625, 3.142578125, 0.83837890625, 9.3203125, 0.274658203125, 2.955078125, 0.279541015625, 0.225830078125, 1.2529296875, 0.13720703125, 10.9921875, 2.125, 1.8125, 0.09466552734375, 0.41162109375, 0.9033203125, 0.08636474609375, 5.6484375, 0.298828125, 1.0029296875, 0.1944580078125, 0.2139892578125, 0.5361328125, 0.061187744140625, 6.15625, 0.307373046875, 0.6708984375, 0.158935546875, 0.2178955078125, 0.256103515625, 0.027008056640625, 8.0625, 0.1444091796875, 0.78369140625, 0.07196044921875, 0.206298828125, 0.09478759765625, 0.09552001953125, 3.99609375, 0.2366943359375, 0.44384765625, 0.0589599609375, 3.12109375, 4.796875, 0.2076416015625, 0.318115234375, 0.0936279296875, 8.5859375, 7.89453125, 2.396484375, 5.75390625, 4.15625, 6.08984375, 1.4404296875, 5.609375, 7.05078125, 0.02386474609375, 0.8486328125, 0.07501220703125, 0.37353515625, 1.248046875, 0.30908203125, 0.0552978515625, 0.0064697265625, 0.296142578125, 0.70751953125, 0.1356201171875, 0.05804443359375, 0.266845703125, 0.033172607421875, 0.006252288818359375, 0.166748046875, 0.015045166015625, 0.0064239501953125, 0.431884765625, 0.1221923828125, 0.00768280029296875, 0.0278778076171875, 0.0019025802612304688, 0.0009293556213378906, 0.08453369140625, 0.07415771484375, 0.0020389556884765625, 0.0006165504455566406, 0.002605438232421875, 0.01126861572265625, 0.064453125, 0.467041015625, 0.00826263427734375, 0.002986907958984375, 0.8046875, 0.2117919921875, 5.0625, 0.0014638900756835938, 1.1201171875, 0.01194000244140625, 0.10125732421875, 0.061431884765625, 0.708984375, 0.00878143310546875, 2.330078125, 0.079345703125, 0.236328125, 0.04443359375, 0.00383758544921875, 0.01078033447265625, 0.00958251953125, 0.0191192626953125, 0.0279541015625, 0.11700439453125, 0.71142578125, 0.1173095703125, 0.0023651123046875, 0.06304931640625, 0.03228759765625, 0.0025482177734375, 0.01425933837890625, 0.0013551712036132812, 0.04620361328125, 0.01522064208984375, 0.0014734268188476562, 0.0166015625, 0.0145111083984375, 0.0165252685546875, 0.0081634521484375, 0.40771484375, 0.039947509765625, 0.0046844482421875, 0.032135009765625, 0.08172607421875, 0.00399017333984375, 0.56005859375, 0.000904083251953125, 0.0244903564453125, 0.01082611083984375, 0.01386260986328125, 0.0989990234375, 0.0019006729125976562, 1.96875, 0.0012388229370117188, 0.36474609375, 0.00879669189453125, 0.031646728515625, 0.032928466796875, 0.001903533935546875, 3.83984375, 0.0016927719116210938, 0.060760498046875, 0.0041961669921875, 0.0192413330078125, 0.01087188720703125, 0.0018596649169921875, 0.65478515625, 0.0011472702026367188, 0.0308990478515625, 0.01079559326171875, 0.01214599609375, 0.0181427001953125, 0.003143310546875, 1.345703125, 0.0034656524658203125, 0.0241241455078125, 0.0036144256591796875, 0.03387451171875, 0.022308349609375, 0.0035419464111328125, 1.291015625, 0.0009703636169433594, 0.0670166015625, 0.0049591064453125, 0.016845703125, 0.04046630859375, 0.00339508056640625, 0.73828125, 0.001705169677734375, 0.08282470703125, 0.004299163818359375, 0.732421875, 0.110107421875, 0.004344940185546875, 0.010040283203125, 0.0017194747924804688, 0.03399658203125, 0.018524169921875, 0.00537109375, 0.042724609375, 5.23828125, 6.48828125, 0.01227569580078125, 0.71826171875, 0.05133056640625, 0.0008244514465332031, 0.1533203125, 0.004978179931640625, 0.021575927734375, 0.0753173828125, 0.034698486328125, 0.041961669921875, 0.002197265625, 0.03326416015625, 0.050872802734375, 0.0036373138427734375, 0.0233612060546875, 0.0479736328125, 0.0014286041259765625, 0.0009336471557617188, 0.002899169921875, 0.0020542144775390625, 0.0019083023071289062, 0.09716796875, 0.0635986328125, 0.0171356201171875, 0.0086669921875, 0.0094451904296875, 0.0006260871887207031, 0.08746337890625, 0.0241546630859375, 0.0019989013671875, 0.00019299983978271484, 0.0017137527465820312, 0.00247955322265625, 0.0249176025390625, 0.061859130859375, 0.0274505615234375, 0.0011167526245117188, 0.03741455078125, 0.035186767578125, 2.341796875, 0.003635406494140625, 0.1683349609375, 0.0081024169921875, 0.01178741455078125, 0.0291595458984375, 0.016204833984375, 0.0024089813232421875, 2.462890625, 0.035858154296875, 0.041412353515625, 0.0186004638671875, 0.0012760162353515625, 0.01010894775390625, 0.005001068115234375, 0.003662109375, 0.042144775390625, 0.01458740234375, 0.69775390625, 0.031524658203125, 0.0014696121215820312, 0.0219879150390625, 0.03619384765625, 0.00212860107421875, 0.001644134521484375, 0.003658294677734375, 0.018096923828125, 0.0020313262939453125, 0.0002237558364868164, 0.00533294677734375, 0.004329681396484375, 0.010162353515625, 0.0036449432373046875, 0.2255859375, 0.018798828125, 0.002197265625, 0.0254974365234375, 0.036285400390625, 0.0019779205322265625, 0.14111328125, 0.00044465065002441406, 0.0244293212890625, 0.0013246536254882812, 0.01476287841796875, 0.02093505859375, 0.000980377197265625, 0.71484375, 0.0018415451049804688, 0.1072998046875, 0.0016336441040039062, 0.010711669921875, 0.005096435546875, 0.00119781494140625, 4.8203125, 0.0006699562072753906, 0.0099334716796875, 0.0016269683837890625, 0.009490966796875, 0.00435638427734375, 0.0011968612670898438, 0.077880859375, 0.0009679794311523438, 0.041229248046875, 0.0015783309936523438, 0.01090240478515625, 0.006153106689453125, 0.0018949508666992188, 0.7705078125, 0.000797271728515625, 0.02764892578125, 0.0013761520385742188, 0.00920867919921875, 0.00299072265625, 0.0012254714965820312, 1.0595703125, 0.000522613525390625, 0.01922607421875, 0.00162506103515625, 0.005191802978515625, 0.004405975341796875, 0.0026702880859375, 0.049102783203125, 0.0017614364624023438, 0.0288543701171875, 0.0013647079467773438, 0.73046875, 0.02886962890625, 0.0006155967712402344, 0.001617431640625, 0.001697540283203125, 0.03619384765625, 0.005535125732421875, 0.00179290771484375, 0.022857666015625, 0.81103515625, 0.62890625, 0.004276275634765625, 0.329833984375, 0.005645751953125, 0.0009694099426269531, 0.034942626953125, 0.0016222000122070312, 0.005615234375, 0.01214599609375, 0.03228759765625, 0.0215301513671875, 0.0009813308715820312, 0.00698089599609375, 0.0157012939453125, 0.00139617919921875, 0.01319122314453125, 0.01885986328125, 0.0014715194702148438, 0.0006055831909179688, 0.00423431396484375, 0.00749969482421875, 0.0015840530395507812, 0.02069091796875, 0.0210723876953125, 0.0311279296875, 0.00373077392578125, 0.004123687744140625, 0.00022792816162109375, 0.0201263427734375, 0.0205535888671875, 0.0033111572265625, 0.0003809928894042969, 0.0018815994262695312, 0.0009179115295410156, 0.03302001953125, 0.03704833984375, 0.00885772705078125, 0.00075531005859375, 0.02032470703125, 0.0163421630859375, 0.25830078125, 0.0014171600341796875, 0.07257080078125, 0.0038776397705078125, 0.007476806640625, 0.03094482421875, 0.00717926025390625, 0.0020599365234375, 2.90234375, 0.012359619140625, 0.0341796875, 0.01751708984375, 0.0010509490966796875, 0.005634307861328125, 0.004974365234375, 0.0029010772705078125, 0.04296875, 0.01611328125, 0.316650390625, 0.0290069580078125, 0.001644134521484375, 0.0289459228515625, 0.032470703125, 0.0012788772583007812, 0.0009369850158691406, 0.0016269683837890625, 0.023162841796875, 0.0008921623229980469, 0.00010776519775390625, 0.006000518798828125, 0.00829315185546875, 0.002117156982421875, 0.0028057098388671875, 0.089599609375, 0.0187530517578125, 0.0009307861328125, 0.060394287109375, 0.0877685546875, 0.005199432373046875, 0.1207275390625, 0.0017681121826171875, 0.03997802734375, 0.00179290771484375, 0.0106964111328125, 0.007659912109375, 0.0009279251098632812, 0.56005859375, 0.004055023193359375, 0.0604248046875, 0.0008063316345214844, 0.009613037109375, 0.00821685791015625, 0.0012111663818359375, 4.81640625, 0.002788543701171875, 0.04522705078125, 0.0013580322265625, 0.0229949951171875, 0.00445556640625, 0.0011816024780273438, 0.0187225341796875, 0.0005602836608886719, 0.0233612060546875, 0.00202178955078125, 0.00948333740234375, 0.002017974853515625, 0.001888275146484375, 0.57861328125, 0.0017843246459960938, 0.029388427734375, 0.0015354156494140625, 0.00988006591796875, 0.0029697418212890625, 0.0031070709228515625, 0.5498046875, 0.0013074874877929688, 0.046112060546875, 0.0017757415771484375, 0.01276397705078125, 0.0011606216430664062, 0.0012454986572265625, 0.02850341796875, 0.0018939971923828125, 0.06817626953125, 0.0014667510986328125, 1.3486328125, 0.0159149169921875, 0.0016803741455078125, 0.0013532638549804688, 0.0036602020263671875, 0.019073486328125, 0.004924774169921875, 0.0028533935546875, 0.01898193359375, 0.2081298828125, 0.08087158203125, 0.00202178955078125, 0.1607666015625, 0.0012416839599609375, 0.0005908012390136719, 0.0286407470703125, 0.0014009475708007812, 0.003757476806640625, 0.0195465087890625, 0.0182342529296875, 0.021240234375, 0.0005998611450195312, 0.0083160400390625, 0.007354736328125, 0.002124786376953125, 0.00690460205078125, 0.00952911376953125, 0.0003764629364013672, 0.00023877620697021484, 0.00209808349609375, 0.003948211669921875, 0.0016584396362304688, 0.0187835693359375, 0.005702972412109375, 0.00921630859375, 0.0018091201782226562, 0.00865936279296875, 0.00022232532501220703, 0.0161590576171875, 0.021881103515625, 0.0009222030639648438, 0.00016450881958007812, 0.002349853515625, 0.000652313232421875]",-0.49357703917915896
42,0,test,3.987889167677041,1.863491538145845,2.533650823309602,7.208876572339267,3.368619318955951,4.58006110367505,53.94090889479416,45.57305347410335,49.659687487715914,97.50856607905098,82.3820582031868,89.76943507394799,4.183442772333346,1.8998493821123597,2.6472952340033444,6.858102905464502,3.114507183790754,4.3398282524645,65.59128079025194,55.77940575680776,60.94462610422973,107.52668982008515,91.44164878165206,99.90922312168807,3.987889167677041,1.863491538145845,2.533650823309602,7.208876572339267,3.368619318955951,4.58006110367505,53.94090889479416,45.57305347410335,49.659687487715914,97.50856607905098,82.3820582031868,89.76943507394799,0.7487437185929648,-0.006256281407035158,-0.011256281407035162,0.6482412060301508,-0.006758793969849242,-0.0017587939698492372,0.5477386934673367,-0.007261306532663214,-0.007261306532663214,0.4270462633451957,0.09312086370043549,0.17024152961738503,0.38928571428571423,0.44723618090452266,0.1189153788995101,0.1984882677158749,0.40909090909090906,0.4270462633451957,0.09312086370043549,0.17024152961738503,0.38928571428571423,28.0,0.0,1.0,42.0,3.0,1.0,46.0,0.0,-1.0,0.0007173893123129092,0.00045874526050950615,9.206502288739536e-05,-0.00025954392907312496,0.0001733692814402943,2.277625207813827e-05,"[12.6796875, 5.5625, 4.26171875, 1.42578125, 5.57421875, 10.3828125, 0.2469482421875, 0.41552734375, 0.8076171875, 1.6357421875, 10.0078125, 10.1328125, 7.25, 0.250244140625, 0.177978515625, 0.66552734375, 0.357421875, 9.28125, 0.251953125, 0.1124267578125, 0.0784912109375, 8.484375, 2.380859375, 7.390625, 0.1588134765625, 0.1395263671875, 6.9140625, 1.8193359375, 5.96875, 7.5625, 4.4140625, 6.7265625, 3.6875, 9.734375, 8.3125, 2.2578125, 6.44140625, 0.49072265625, 3.037109375, 3.1171875, 9.75, 3.056640625, 2.02734375, 7.28125, 7.3046875, 0.63818359375, 0.239501953125, 0.8203125, 3.0703125, 5.0625, 5.4375, 9.8671875, 8.125, 3.908203125, 3.927734375, 0.5703125, 0.278564453125, 7.73828125, 2.611328125, 0.4130859375, 7.87109375, 0.873046875, 0.68994140625, 0.388916015625, 9.21875, 1.1220703125, 10.5703125, 6.5703125, 13.15625, 3.267578125, 10.625, 1.287109375, 5.14453125, 9.546875, 1.5, 3.541015625, 3.63671875, 7.47265625, 0.880859375, 0.88623046875, 0.152099609375, 8.3203125, 12.9375, 4.7890625, 9.6328125, 0.78173828125, 5.87109375, 1.615234375, 7.08203125, 1.0478515625, 9.171875, 3.380859375, 0.5400390625, 1.951171875, 7.29296875, 7.70703125, 5.953125, 0.68017578125, 5.87109375, 3.087890625, 6.4921875, 0.85888671875, 5.27734375, 3.759765625, 2.134765625, 2.16015625, 5.62890625, 11.5625, 2.455078125, 0.0877685546875, 6.66796875, 4.12109375, 8.65625, 1.1025390625, 7.453125, 0.0164031982421875, 0.09295654296875, 1.259765625, 8.609375, 0.71337890625, 4.8359375, 0.744140625, 5.31640625, 4.1171875, 8.6796875, 0.136474609375, 9.640625, 2.05078125, 1.7197265625, 0.258544921875, 8.0546875, 2.625, 7.19921875, 5.83203125, 0.423095703125, 5.609375, 2.15234375, 0.33984375, 8.6171875, 3.958984375, 0.1453857421875, 8.75, 0.6728515625, 5.42578125, 1.0263671875, 4.2890625, 4.17578125, 0.43896484375, 9.109375, 0.101318359375, 6.39453125, 3.208984375, 8.4609375, 0.8662109375, 4.1015625, 1.88671875, 0.78125, 4.921875, 3.255859375, 6.70703125, 8.859375, 0.3212890625, 2.138671875, 9.8359375, 6.1328125, 5.84375, 7.80859375, 2.64453125, 5.609375, 0.0193634033203125, 7.87109375, 6.12109375, 10.3984375, 1.2412109375, 1.4736328125, 8.15625, 0.87646484375, 2.109375, 2.552734375, 4.22265625, 0.00832366943359375, 3.55078125, 2.8359375, 0.018463134765625, 1.271484375, 9.3984375, 1.0849609375, 3.177734375, 0.21728515625, 5.4453125, 2.8203125, 2.501953125, 5.90234375, 4.11328125, 2.1875, 4.375, 0.418701171875, 2.71875, 4.63671875, 0.0010786056518554688, 2.521484375, 9.328125, 1.4697265625, 6.4296875, 0.0218048095703125, 2.623046875, 3.1796875, 6.28515625, 1.990234375, 3.205078125, 0.0278472900390625, 8.8125, 2.8046875, 3.40625, 3.041015625, 1.7626953125, 4.625, 2.685546875, 1.7978515625, 0.99560546875, 2.583984375, 0.58544921875, 0.07098388671875, 8.359375, 4.55078125, 0.0116729736328125, 0.4423828125, 6.4609375, 1.849609375, 5.6875, 4.51171875, 0.05352783203125, 5.3046875, 5.5, 9.671875, 0.63818359375, 0.480712890625, 2.330078125, 0.73291015625, 0.796875, 0.716796875, 7.4765625, 2.40625, 3.935546875, 4.46875, 0.08966064453125, 3.7421875, 0.343017578125, 6.0625, 5.23828125, 1.0576171875, 3.59765625, 5.80078125, 7.05078125, 2.373046875, 1.544921875, 6.5703125, 1.9453125, 12.1328125, 1.826171875, 2.5, 3.55078125, 0.0018062591552734375, 2.826171875, 2.658203125, 3.21484375, 2.580078125, 5.1484375, 0.5888671875, 9.3125, 0.84375, 10.21875, 1.9775390625, 3.12890625, 6.10546875, 8.8125, 5.90625, 0.3828125, 2.60546875, 2.830078125, 3.486328125]",-0.8561831742419042
194,0,test,2.5309887907964765,1.0992943749073218,1.2610804913690152,7.027030990596429,3.0520781713265395,3.501260743117701,12.565925066849774,8.380139418613108,9.005399021741809,34.88800313591211,23.26659826161528,25.002567470301795,3.455416094717668,1.441636994397574,2.0474959508785533,5.856637448674014,2.443452532877244,3.4703321201331407,31.671464269922065,24.179888936375015,27.58401901092616,53.680447915122144,40.98286260402545,46.7525745947901,3.0304701077100824,1.3534734075553623,1.878764530917375,6.493864516521605,2.9003001590472053,4.025923994822946,20.706964805422803,15.35749903377773,17.54338075900743,44.37206744019172,32.908926500952276,37.59295876930164,0.7135678391959799,0.013567839195979925,0.013567839195979925,0.5829145728643217,-0.002085427135678275,0.0029145728643216184,0.4723618090452262,-0.007638190954773805,0.002361809045226204,0.3587443946188341,0.09782614153932678,0.1104550495552955,0.28988764044943816,0.40201005025125625,0.08120804523872494,0.1482537898171995,0.3737373737373737,0.40802675585284276,0.12588986102813493,0.1822203042399395,0.3389261744966443,25.0,5.0,3.0,38.0,5.0,5.0,46.0,7.0,3.0,0.0005507524213711973,0.0017718222862496238,0.00031565599701767233,-0.046262908413115866,-0.05109873533251541,-0.05430100121738235,"[11.21875, 3.0546875, 1.0283203125, 0.2210693359375, 2.55078125, 0.03009033203125, 0.416015625, 0.10699462890625, 3.873046875, 0.14404296875, 2.14453125, 0.006092071533203125, 0.087646484375, 0.41845703125, 0.0003323554992675781, 0.004364013671875, 0.00921630859375, 7.046875, 5.61328125, 8.9375, 0.69189453125, 4.1484375, 10.84375, 8.4921875, 0.1162109375, 7.4921875, 4.02734375, 0.13330078125, 1.3203125, 0.13720703125, 0.054931640625, 1.3642578125, 3.625, 9.6875, 5.5390625, 4.60546875, 1.0947265625, 8.8828125, 4.8828125, 7.03515625, 2.70703125, 1.912109375, 3.7421875, 5.33203125, 5.1953125, 3.228515625, 5.421875, 2.345703125, 0.1627197265625, 9.703125, 7.4375, 8.9375, 4.35546875, 3.224609375, 2.521484375, 10.0, 2.46484375, 9.9453125, 3.484375, 4.23046875, 0.9638671875, 10.1484375, 6.7421875, 2.64453125, 0.02044677734375, 6.53515625, 3.892578125, 4.23828125, 5.3046875, 12.2578125, 5.98046875, 4.15625, 5.52734375, 4.83984375, 2.16015625, 11.1796875, 1.458984375, 1.6591796875, 13.25, 0.568359375, 6.625, 2.65625, 10.4140625, 6.578125, 4.25390625, 6.125, 1.7373046875, 0.465576171875, 1.6220703125, 5.31640625, 2.623046875, 6.76953125, 7.5859375, 10.0625, 2.369140625, 1.03515625, 4.90234375, 3.1015625, 3.330078125, 6.59375, 0.63232421875, 0.14794921875, 0.9921875, 2.431640625, 7.98828125, 0.7333984375, 3.404296875, 4.36328125, 3.611328125, 7.48828125, 1.58203125, 2.484375, 3.162109375, 2.783203125, 5.046875, 1.521484375, 9.1875, 0.65478515625, 0.0268707275390625, 0.0272674560546875, 0.0121612548828125, 7.06640625, 4.6328125, 1.2353515625, 6.03515625, 2.642578125, 0.199462890625, 0.13232421875, 4.03515625, 3.6953125, 1.669921875, 0.343017578125, 0.32177734375, 9.15625, 3.138671875, 4.66015625, 0.6064453125, 0.330322265625, 11.8125, 3.4296875, 8.921875, 0.349609375, 0.32421875, 3.423828125, 5.22265625, 2.546875, 2.4765625, 0.0897216796875, 1.3291015625, 0.006870269775390625, 0.125, 1.283203125, 5.53125, 5.29296875, 2.015625, 2.552734375, 0.6708984375, 0.2489013671875, 0.00681304931640625, 1.3759765625, 6.234375, 7.06640625, 7.68359375, 0.3037109375, 6.85546875, 1.408203125, 7.1484375, 0.0235443115234375, 0.284912109375, 2.17578125, 1.853515625, 3.248046875, 4.5390625, 2.490234375, 0.281005859375, 11.078125, 0.61669921875, 3.69140625, 0.01270294189453125, 0.0201568603515625, 0.00496673583984375, 6.0859375, 0.68994140625, 2.59375, 3.56640625, 0.020538330078125, 0.2257080078125, 0.322021484375, 1.6416015625, 1.3349609375, 1.4970703125, 0.498291015625, 2.3671875, 1.369140625, 0.37451171875, 1.34765625, 1.3251953125, 1.0087890625, 1.3115234375, 0.79736328125, 0.146240234375, 0.375, 0.06585693359375, 0.97265625, 6.46875, 0.0216217041015625, 0.1746826171875, 6.09375, 0.0039043426513671875, 0.8095703125, 0.0217132568359375, 0.002971649169921875, 3.58203125, 0.194580078125, 3.5625, 9.7734375, 1.537109375, 0.615234375, 1.6083984375, 0.181396484375, 0.129638671875, 2.091796875, 0.6826171875, 0.97265625, 6.19921875, 0.437255859375, 0.0083465576171875, 0.003326416015625, 0.042144775390625, 0.194091796875, 2.12109375, 2.703125, 0.54736328125, 3.822265625, 0.0282135009765625, 0.1195068359375, 0.052276611328125, 11.765625, 7.21875, 4.9296875, 1.03125, 8.4375, 0.72998046875, 8.4140625, 3.26953125, 3.8046875, 0.01102447509765625, 0.0035400390625, 8.78125, 0.77392578125, 1.3291015625, 0.019775390625, 5.48046875, 0.908203125, 4.84375, 9.2578125, 1.400390625, 4.046875, 5.733966827392578e-05, 1.6435546875, 2.203125, 0.01245880126953125, 6.59375, 0.83349609375, 0.09564208984375, 2.63671875, 0.26318359375, 4.98046875, 0.91162109375, 1.6201171875, 0.96826171875, 9.6953125, 1.49609375, 5.84375, 2.1796875, 5.3671875, 1.046875, 4.625, 0.0670166015625, 2.94140625, 0.65380859375, 0.72998046875, 0.03759765625, 0.0225372314453125, 0.01039886474609375, 0.0103607177734375, 0.0016241073608398438, 0.002872467041015625, 2.380859375, 0.0928955078125, 2.375, 0.5439453125, 0.33056640625, 1.4072265625, 0.00042319297790527344, 0.880859375, 3.23046875, 0.00020182132720947266, 0.0186004638671875, 0.708984375, 0.00010764598846435547, 3.197265625, 0.07171630859375, 1.8662109375, 0.34716796875, 8.0234375, 11.7421875, 1.76171875, 2.865234375, 1.271484375, 2.142578125, 0.0008406639099121094, 0.91357421875, 1.1142578125, 0.09039306640625, 4.546875, 0.5869140625, 0.02874755859375, 0.08953857421875, 0.00710296630859375, 0.187744140625, 0.0723876953125, 0.63916015625, 0.0176849365234375, 1.001953125, 0.059722900390625, 0.7109375, 0.0274200439453125, 2.306640625, 0.00270843505859375, 7.01953125, 1.3642578125, 0.8720703125, 0.0011911392211914062, 1.4775390625, 0.0026226043701171875, 0.06414794921875, 0.0225067138671875, 0.05133056640625, 0.01242828369140625, 0.009613037109375, 0.0009398460388183594, 0.00015056133270263672, 0.73388671875, 0.003093719482421875, 0.130615234375, 0.0035266876220703125, 0.25732421875, 0.32958984375, 0.00028014183044433594, 0.061859130859375, 0.0870361328125, 0.00012695789337158203, 0.00228118896484375, 1.3193359375, 4.01953125, 0.00823974609375, 0.0706787109375, 2.16796875, 6.70703125, 7.22265625, 5.9296875, 11.0078125, 0.451416015625, 1.9326171875, 0.201416015625, 0.10357666015625, 0.07904052734375, 0.054107666015625, 0.2333984375, 0.0015745162963867188, 0.041473388671875, 0.0070648193359375, 0.26123046875, 2.763671875, 0.441650390625, 0.2958984375, 0.212646484375, 0.02972412109375, 6.39453125, 1.4033203125, 1.3662109375, 0.01187896728515625, 0.0032253265380859375, 2.34765625, 0.034942626953125, 3.416015625, 0.1602783203125, 4.67578125, 0.0309600830078125, 0.07275390625, 0.2298583984375, 8.0390625, 3.21875, 10.515625, 3.86328125, 4.01953125, 1.3486328125, 4.86328125, 5.77734375, 6.6953125, 7.67578125, 4.83203125, 0.9951171875, 7.3984375, 1.7666015625, 8.7890625, 0.54443359375, 0.89453125, 0.052703857421875, 3.05078125, 0.0088043212890625, 0.077880859375, 1.4091796875, 1.5185546875, 8.2421875, 1.091796875, 1.7724609375, 0.7978515625, 0.0076904296875, 0.2154541015625, 0.040740966796875, 0.01428985595703125, 0.004974365234375, 0.01373291015625, 0.0748291015625, 0.00322723388671875, 0.064697265625, 0.002925872802734375, 0.2734375, 0.09307861328125, 0.004619598388671875, 0.1611328125, 0.11810302734375, 0.089599609375, 0.0066375732421875, 1.1328125, 0.257080078125, 1.4296875, 0.96044921875, 0.00966644287109375, 0.0036411285400390625, 0.54248046875, 0.00525665283203125, 0.06561279296875, 0.01465606689453125]",-1.4164530255334795
171,0,test,3.801016198264228,1.6745034850207623,2.3386290233458844,7.2305044974499975,3.18533369706957,4.448670247417359,44.74663284775024,36.361059982017814,40.43038196207171,85.11953466526926,69.1680313943647,76.90892207822664,3.8495359013428043,1.7345163166846524,2.381466049048774,6.694845045813573,3.016550115973309,4.141680085302216,46.97125887411387,38.68151075770142,42.63041030301832,81.68914586802413,67.27219262208942,74.13984400524926,3.7903053817294894,1.6573671315088414,2.3351482810469664,7.2101297862974505,3.152735971967947,4.442048985750997,44.269917435882405,35.83028928047903,39.984760822128955,84.21270008479887,68.15836983429469,76.06123675186936,0.8140703517587939,0.004070351758793889,0.009070351758794004,0.6633165829145728,-0.0016834170854271857,-0.006683417085427079,0.5175879396984925,-0.012412060301507544,-0.012412060301507544,0.4365079365079365,0.1018544711614019,0.16210160405411067,0.3745019920318725,0.44723618090452266,0.1189153788995101,0.17511598057063282,0.3737373737373737,0.4365079365079365,0.1018544711614019,0.16210160405411067,0.3665338645418327,29.0,13.0,12.0,38.0,12.0,13.0,49.0,15.0,14.0,0.0005881737716857617,3.896278413078234e-05,0.0003286914504031813,-5.857619511928647e-05,-0.00012331829868550415,0.00012440840417138332,"[8.046875, 10.796875, 7.39453125, 10.78125, 6.0703125, 5.87109375, 3.65234375, 2.71875, 3.3125, 4.83203125, 0.423828125, 6.6875, 1.9580078125, 6.0625, 0.3466796875, 7.78125, 2.521484375, 10.8203125, 4.875, 9.1640625, 1.1806640625, 9.328125, 7.9609375, 1.08984375, 9.1953125, 1.7900390625, 2.0546875, 1.3291015625, 6.03515625, 1.826171875, 4.84375, 5.25390625, 2.6640625, 10.0546875, 3.966796875, 2.138671875, 8.4921875, 2.634765625, 6.31640625, 0.0304412841796875, 1.3310546875, 0.67333984375, 11.0078125, 0.12841796875, 2.001953125, 8.671875, 2.072265625, 1.416015625, 2.654296875, 5.3125, 4.65625, 1.943359375, 9.4296875, 0.0006570816040039062, 3.802734375, 4.109375, 0.46875, 1.677734375, 9.8125, 0.0897216796875, 2.072265625, 3.994140625, 1.0546875, 5.12109375, 5.2421875, 6.4453125, 7.265625, 2.353515625, 2.255859375, 2.6484375, 3.818359375, 0.090576171875, 1.3310546875, 2.56640625, 6.82421875, 0.234130859375, 1.3818359375, 1.2197265625, 0.197265625, 3.134765625, 2.001953125, 2.142578125, 4.2734375, 0.7763671875, 3.921875, 1.4619140625, 4.75, 0.1192626953125, 4.4375, 3.69140625, 3.11328125, 1.7724609375, 11.9453125, 6.296875, 0.30419921875, 0.55224609375, 2.7734375, 11.28125, 4.65234375, 7.50390625, 5.765625, 6.25, 0.025115966796875, 8.6015625, 4.015625, 4.484375, 3.591796875, 0.05218505859375, 4.3515625, 0.0115814208984375, 2.47265625, 5.28125, 0.19189453125, 11.4296875, 1.2783203125, 0.9287109375, 7.2578125, 3.154296875, 2.00390625, 5.0, 6.80078125, 3.66015625, 4.56640625, 0.0052490234375, 2.44921875, 2.677734375, 1.0595703125, 0.896484375, 1.072265625, 2.279296875, 5.05078125, 4.36328125, 7.5625, 10.109375, 3.77734375, 6.421875, 4.421875, 0.97265625, 5.171875, 10.0625, 4.94921875, 1.2822265625, 0.004238128662109375, 4.2109375, 1.04296875, 1.8251953125, 6.78515625, 0.4443359375, 3.9453125, 1.33203125, 0.490478515625, 3.32421875, 2.498046875, 2.787109375, 6.15234375, 6.1875, 7.75390625, 6.76953125, 6.6171875, 3.701171875, 0.61474609375, 0.82470703125, 2.73046875, 4.1328125, 4.1015625, 1.828125, 5.58984375, 3.3515625, 7.0078125, 0.0030765533447265625, 0.77001953125, 2.458984375, 7.140625, 5.73046875, 1.279296875, 1.3662109375, 2.08984375, 3.501953125, 0.388916015625, 2.986328125, 0.335693359375, 0.09686279296875, 3.197265625, 7.765625, 3.955078125, 8.0625, 0.6796875, 5.41796875, 9.078125, 0.4287109375, 2.017578125, 4.26953125, 0.72314453125, 0.351318359375, 0.8515625, 0.95751953125, 2.42578125, 4.28125, 7.65625, 0.028167724609375, 5.734375, 0.12109375, 7.1875, 0.56884765625, 0.033935546875, 0.01523590087890625, 9.6796875, 5.359375, 8.4921875, 8.6484375, 5.2421875, 5.32421875, 2.14453125, 5.5703125, 4.39453125, 5.33984375, 0.2176513671875, 10.3984375, 1.2109375, 3.18359375, 10.75, 0.80322265625, 4.65625, 0.03753662109375, 1.900390625, 7.6796875, 0.650390625, 0.5859375, 0.50439453125, 3.416015625, 1.939453125, 13.203125, 0.005939483642578125, 2.83203125, 4.5390625, 1.6884765625, 3.443359375, 2.3515625, 1.4609375, 0.1424560546875, 2.884765625, 1.9619140625, 4.98828125, 0.454833984375, 3.384765625, 0.34130859375, 3.349609375, 2.921875, 2.48046875, 11.0078125, 2.919921875, 7.0078125]",-0.7458568943871393
161,0,test,2.6647312073480514,1.154675592023552,1.6190140619192521,6.507350846929662,2.819751264579254,3.9536792671506378,14.364088065727229,9.837105508810065,11.51864968047068,35.07751940688461,24.02249678600719,28.128876393613183,2.5819131357585965,1.1134115075664501,1.5504425615563535,5.867984399451355,2.5304806990146593,3.523733094446258,13.222410243338057,8.879686993760771,10.4172222032221,30.050932371222856,20.181106804001754,23.675505007322954,2.788833422804357,1.2619980636067312,1.734239468813527,6.587795486939426,2.9810977880473963,4.096628666488646,16.26203780949824,11.6584527569699,13.391228572922511,38.414262542121826,27.539652181818663,31.63282340060436,0.5678391959798995,-0.012160804020100557,0.002839195979899567,0.3919597989949749,-0.008040201005025116,-0.008040201005025116,0.3065326633165829,-0.0034673366834171437,-0.018467336683417046,0.36011904761904767,0.08523048892662566,0.13734677039132492,0.30447761194029854,0.3517587939698492,0.08609463356884672,0.13473041333545854,0.25757575757575757,0.35785953177257523,0.0857393314386854,0.13539012131651296,0.3120805369127517,22.0,1.0,1.0,31.0,3.0,3.0,34.0,-1.0,-2.0,0.0010574686449004327,0.00038485818416335483,0.0002679370183490056,-0.04386785574447405,-0.038327927803382345,-0.039509095064461874,"[7.1953125, 8.1484375, 0.3271484375, 8.2578125, 2.533203125, 6.046875, 2.974609375, 10.546875, 7.40625, 1.521484375, 12.546875, 6.30078125, 8.3671875, 2.462890625, 2.58984375, 7.1015625, 4.19921875, 5.48828125, 9.6953125, 3.216796875, 1.802734375, 3.27734375, 7.87890625, 2.12890625, 1.7236328125, 2.845703125, 1.4658203125, 7.8984375, 1.662109375, 0.0006775856018066406, 1.794921875, 3.3671875, 1.9501953125, 1.2900390625, 1.365234375, 0.043212890625, 1.5244140625, 2.939453125, 8.1875, 2.9140625, 3.134765625, 10.9765625, 2.40234375, 6.4453125, 4.65234375, 4.25390625, 1.7880859375, 6.0625, 3.41015625, 1.4638671875, 0.053436279296875, 0.86474609375, 3.22265625, 4.9765625, 1.162109375, 1.6728515625, 0.05755615234375, 1.8994140625, 5.9140625, 5.84765625, 0.80419921875, 0.91845703125, 0.187255859375, 4.796875, 1.8525390625, 0.0042877197265625, 4.828125, 3.423828125, 7.21875, 0.006687164306640625, 0.360107421875, 1.6357421875, 3.728515625, 1.3984375, 6.4921875, 1.13671875, 6.62109375, 1.3046875, 0.05645751953125, 0.0021381378173828125, 5.43359375, 0.2327880859375, 0.8642578125, 3.033203125, 0.00298309326171875, 2.33984375, 0.2176513671875, 1.806640625, 0.004058837890625, 0.1400146484375, 0.09619140625, 0.1358642578125, 0.026702880859375, 3.6484375, 0.01122283935546875, 0.2568359375, 0.019256591796875, 0.0033435821533203125, 0.0002703666687011719, 1.091796875, 0.005542755126953125, 0.07501220703125, 0.07501220703125, 0.0010967254638671875, 0.1763916015625, 0.07275390625, 5.33984375, 0.59130859375, 7.171875, 2.66015625, 0.0111846923828125, 9.632110595703125e-05, 4.328125, 0.0195159912109375, 0.09228515625, 1.44921875, 0.06365966796875, 0.583984375, 0.52001953125, 0.08282470703125, 0.033966064453125, 0.5625, 1.0, 7.78125, 12.671875, 7.44140625, 1.39453125, 1.9560546875, 6.30859375, 8.078125, 1.5888671875, 0.01715087890625, 8.7734375, 10.4765625, 0.50341796875, 0.01474761962890625, 0.10736083984375, 1.0673828125, 8.5546875, 6.1171875, 0.150146484375, 0.029571533203125, 0.01537322998046875, 0.57373046875, 6.95703125, 2.81640625, 6.5234375, 1.1982421875, 1.9638671875, 3.7578125, 1.5478515625, 7.44140625, 0.369384765625, 7.88671875, 3.74609375, 7.7734375, 1.7958984375, 0.6416015625, 0.165771484375, 0.006580352783203125, 6.97265625, 4.046875, 1.8076171875, 0.391357421875, 0.70703125, 0.12109375, 2.248046875, 0.53662109375, 1.1083984375, 0.1917724609375, 0.1519775390625, 0.267822265625, 0.0804443359375, 0.2958984375, 0.015655517578125, 0.64208984375, 0.2373046875, 8.421875, 1.2578125, 0.01529693603515625, 0.1510009765625, 0.0202789306640625, 5.984375, 0.98046875, 2.05078125, 0.0738525390625, 0.7119140625, 0.050567626953125, 0.76611328125, 0.07861328125, 0.73876953125, 0.08966064453125, 0.04718017578125, 0.033905029296875, 0.0225067138671875, 0.13623046875, 0.01192474365234375, 0.07861328125, 0.1031494140625, 8.203125, 0.9921875, 0.01351165771484375, 0.06719970703125, 0.0557861328125, 3.89453125, 0.37890625, 5.265625, 0.019622802734375, 0.91943359375, 0.720703125, 0.0236968994140625, 0.1988525390625, 0.509765625, 2.8359375, 0.61083984375, 5.95703125, 10.9296875, 2.072265625, 6.26953125, 0.69189453125, 0.0222625732421875, 0.0100555419921875, 8.1796875, 0.5283203125, 8.5078125, 8.15625, 8.59375, 1.501953125, 0.2310791015625, 0.703125, 3.41796875, 5.9375, 0.2470703125, 0.1607666015625, 4.7734375, 1.0654296875, 7.9375, 2.34375, 0.34765625, 7.4609375, 1.953125, 8.0, 2.41015625, 12.3203125, 2.28125, 3.9375, 1.2939453125, 0.74072265625, 2.638671875, 5.3515625, 1.259765625, 0.0083160400390625, 0.0252838134765625, 1.408203125, 0.400390625, 0.705078125, 7.25390625, 7.10546875, 0.310302734375, 2.740234375, 0.318359375, 2.923828125, 0.156005859375, 0.13232421875, 4.68359375, 0.5234375, 8.7578125, 0.167236328125, 3.833984375, 9.1875, 3.263671875, 0.79052734375, 0.127685546875, 1.4501953125, 2.59765625, 3.857421875, 0.180908203125, 0.335205078125, 0.86962890625, 0.0657958984375, 5.0, 2.849609375, 8.3046875, 1.458984375, 2.400390625, 6.58203125, 5.625, 2.68359375, 8.671875, 0.09130859375, 2.498046875, 8.7109375, 7.53125, 3.5078125, 10.4921875, 2.146484375, 0.0880126953125, 0.35400390625, 7.09765625, 0.038848876953125, 1.8408203125, 1.3408203125, 0.0182952880859375, 0.31884765625, 3.23828125, 1.2939453125, 3.79296875, 6.2734375, 0.4501953125, 0.14013671875, 0.04034423828125, 0.62744140625, 5.9453125, 1.767578125, 0.010284423828125, 4.26171875, 2.28515625, 2.478515625, 7.55859375, 3.220703125, 3.283203125, 0.7060546875, 0.00457000732421875, 4.2265625, 0.35302734375, 0.44091796875, 0.77001953125, 2.44921875, 2.71875, 3.443359375, 0.0015134811401367188, 0.09954833984375, 1.47265625, 0.392822265625, 0.00211334228515625, 0.65869140625]",-1.6314328284490678
257,0,test,3.705455415389117,1.750311155212566,2.372366485203129,6.188492549412752,2.923200073653976,3.9620966041536794,40.66856419010969,33.603626050695844,36.8758233665058,67.9206948329667,56.12151979600749,61.58642665333958,3.6629614542477094,1.6644484320854465,2.3146707371832704,5.592307563736961,2.5411426444052623,3.533848453714917,38.97659953969007,31.59852263848547,35.12576180881707,59.50625883922148,48.24201929539766,53.62711726536957,3.628014505507555,1.7025365792660196,2.3166538959628924,5.94756476312714,2.7910435725672453,3.7977932720703156,37.638012313834295,30.779586609469092,33.9267925141982,61.701659530875894,50.45833870404769,55.61769264622655,0.7386934673366834,-0.011306532663316604,-0.01630653266331661,0.6532663316582914,-0.006733668341708521,0.003266331658291377,0.5226130653266332,0.007613065326633195,0.0026130653266331905,0.4396284829721362,0.10887114139562926,0.18319181973835663,0.40372670807453415,0.4522613065326633,0.10639664487852796,0.19683559701680353,0.38383838383838387,0.4581939799331104,0.1309819598997214,0.19456772854267657,0.40604026845637586,23.0,0.0,1.0,33.0,0.0,-1.0,44.0,0.0,0.0,0.0006851340082356076,-1.3775801114699981e-05,3.943214473781643e-05,0.00041226083606016317,1.0681229349884802e-05,-0.0001244151406112337,"[7.30078125, 8.25, 4.44140625, 4.15234375, 9.421875, 0.46240234375, 0.89111328125, 3.875, 4.7734375, 0.11700439453125, 0.0189056396484375, 2.392578125, 2.009765625, 6.46875, 0.249267578125, 0.1968994140625, 2.775390625, 6.859375, 4.890625, 4.6875, 4.31640625, 4.2421875, 2.345703125, 5.36328125, 0.0565185546875, 13.921875, 3.259765625, 6.6484375, 8.8515625, 13.15625, 0.3935546875, 4.94921875, 7.7109375, 0.364990234375, 8.8671875, 0.7060546875, 0.218994140625, 5.234375, 10.3125, 3.416015625, 1.103515625, 6.6796875, 10.453125, 2.66015625, 3.859375, 1.513671875, 6.703125, 1.1650390625, 6.54296875, 1.8203125, 0.0643310546875, 2.0546875, 4.29296875, 0.03594970703125, 0.75439453125, 5.16796875, 2.748046875, 2.818359375, 3.40234375, 0.10821533203125, 5.48828125, 3.279296875, 5.19140625, 7.91015625, 1.283203125, 9.0859375, 2.197265625, 7.90625, 4.1796875, 8.125, 7.20703125, 3.75, 3.181640625, 5.03515625, 1.76953125, 3.98046875, 3.52734375, 5.484375, 0.75390625, 8.7421875, 2.1328125, 6.55859375, 6.0546875, 1.7099609375, 0.91650390625, 1.6806640625, 4.19921875, 3.03125, 5.9375, 2.45703125, 0.69287109375, 3.58984375, 0.008087158203125, 2.66015625, 3.91796875, 3.181640625, 9.09375, 2.720703125, 6.875, 5.91796875, 2.32421875, 6.13671875, 1.6005859375, 1.240234375, 10.28125, 6.51953125, 7.46484375, 2.62890625, 3.587890625, 7.03125, 1.04296875, 2.919921875, 3.55859375, 4.59375, 1.0087890625, 4.26171875, 0.76318359375, 8.4609375, 0.059295654296875, 3.318359375, 7.48828125, 2.443359375, 0.3671875, 0.671875, 4.625, 0.8232421875, 0.480224609375, 0.11669921875, 2.875, 5.72265625, 8.7734375, 2.845703125, 1.8173828125, 5.5, 3.193359375, 8.6640625, 9.0234375, 4.75390625, 0.5380859375, 2.181640625, 7.94140625, 4.50390625, 5.0546875, 1.029296875, 3.90625, 5.3046875, 0.006282806396484375, 4.96875, 1.634765625, 0.591796875, 2.556640625, 3.78515625, 1.087890625, 0.1405029296875, 5.02734375, 2.310546875, 4.5546875, 0.116455078125, 0.0037822723388671875, 1.7353515625, 2.375, 3.263671875, 0.22900390625, 0.325439453125, 10.5546875, 0.37451171875, 1.4365234375, 9.3671875, 0.69287109375, 6.37109375, 0.210205078125, 5.890625, 0.99072265625, 0.339599609375, 6.1171875, 0.0792236328125, 0.19384765625, 0.00890350341796875, 0.0006165504455566406, 4.42578125, 4.1484375, 0.198974609375, 4.515625, 7.2890625, 0.69873046875, 0.44091796875, 1.888671875, 0.040069580078125, 2.15234375, 3.294921875, 3.93359375, 0.2451171875, 2.19140625, 10.59375, 3.30078125, 0.62109375, 3.455078125, 4.23046875, 3.283203125, 1.8291015625, 1.767578125, 0.1329345703125, 4.70703125, 6.9921875, 1.4833984375, 0.422119140625, 5.609375, 6.703125, 1.56640625, 7.8671875, 4.4609375, 9.6484375, 4.08203125, 4.71484375, 1.8818359375, 6.0, 3.435546875, 0.139404296875, 1.8701171875, 6.48828125, 0.8271484375, 1.228515625, 4.953125, 1.9619140625, 7.44140625, 7.296875, 2.791015625, 3.44921875, 2.181640625, 1.90625, 9.015625, 2.65625, 0.242431640625, 5.80859375, 3.41015625, 3.56640625, 3.029296875, 0.6083984375, 5.5, 5.12109375, 4.9765625, 5.671875, 3.384765625, 12.3203125, 4.09765625, 5.8203125, 1.1357421875, 6.6796875, 0.296142578125, 0.8359375, 3.203125, 1.6650390625, 4.05859375, 2.853515625, 1.3896484375, 1.736328125, 0.12646484375, 2.8046875, 1.634765625, 9.140625, 2.177734375, 5.07421875, 4.19140625, 0.53125, 4.359375, 4.515625, 5.1171875, 0.99658203125, 3.44921875, 0.39306640625, 1.3818359375, 2.02734375, 3.916015625, 7.98046875, 0.325927734375, 12.1484375, 0.056976318359375, 6.1484375, 4.29296875, 0.11669921875, 1.3564453125, 3.568359375, 1.4609375, 1.169921875, 4.5078125, 4.30078125, 1.1357421875, 0.09478759765625, 5.4453125, 1.21875, 0.98046875, 6.8203125, 5.8828125, 0.396484375, 2.51953125, 1.2490234375, 7.1171875, 4.22265625, 2.826171875, 2.966796875, 2.6171875, 4.56640625, 1.64453125, 8.3359375, 8.1328125, 2.79296875, 1.7666015625, 11.609375, 10.625, 2.693359375, 1.337890625, 0.99365234375, 0.0120849609375, 5.34375, 2.828125, 4.76953125, 1.7939453125, 0.1734619140625, 8.2265625, 2.140625, 7.4453125, 9.2265625, 9.046875]",-1.061564333298627
230,0,test,2.4770480638597068,1.0814907811017445,1.32266603205913,5.91899275724616,2.5842599478652155,3.1605566231180378,11.906066544349983,7.868842723284162,8.734003966427977,28.449961335626995,18.80287418180111,20.870207152336622,2.980031788951219,1.2791063727014464,1.8135593691548448,5.201985315800812,2.232826036557788,3.165774688261527,19.68844250975307,14.209427093504729,16.47779568527252,34.368421574042635,24.80417536497755,28.763871415519567,2.6471355793460103,1.1555010527018899,1.6114296364193479,5.24167906108912,2.288045130846789,3.1908441144992388,14.113553535616278,9.669199535289762,11.29645929403056,27.946705345359383,19.146295768553898,22.36848562195455,0.6414141414141414,-0.008585858585858586,0.0014141414141414232,0.505050505050505,-0.004949494949495037,5.0505050504967564e-05,0.4292929292929293,-0.01570707070707067,0.014292929292929246,0.3780487804878049,0.11373696562787794,0.13855708938321054,0.36185819070904646,0.43434343434343436,0.14467089026282987,0.20112195783336728,0.42639593908629436,0.38926174496644295,0.12460512855103256,0.17497603068072864,0.37037037037037035,20.0,0.0,0.0,28.0,-2.0,-1.0,37.0,1.0,0.0,0.0005669706238489385,0.0011472448849748113,0.00014020950660831782,-0.03500476812865294,-0.044347293838187696,-0.040066659309979435,"[1.24609375, 3.2890625, 2.3125, 3.07421875, 2.80859375, 3.060546875, 0.0254669189453125, 0.7529296875, 0.8134765625, 4.3359375, 1.9208984375, 0.0865478515625, 0.378662109375, 0.422607421875, 0.41015625, 0.3232421875, 9.1484375, 1.1884765625, 8.75, 1.1845703125, 4.0625, 0.1116943359375, 0.041595458984375, 0.00922393798828125, 0.0267333984375, 1.3359375, 3.4453125, 3.33203125, 1.40234375, 0.07574462890625, 0.5234375, 2.09375, 7.24609375, 8.6171875, 8.15625, 9.6328125, 5.63671875, 1.7275390625, 4.70703125, 2.265625, 7.99609375, 1.724609375, 0.01071929931640625, 2.48046875, 6.375, 5.2109375, 4.1171875, 3.345703125, 3.33203125, 4.63671875, 7.765625, 4.98046875, 5.90234375, 0.311767578125, 0.415771484375, 0.57275390625, 11.7421875, 4.06640625, 0.1807861328125, 7.0625, 4.00390625, 3.03515625, 3.314453125, 6.3984375, 2.3984375, 0.55224609375, 1.6494140625, 2.85546875, 2.087890625, 2.837890625, 11.296875, 4.9921875, 8.171875, 5.10546875, 1.087890625, 3.04296875, 7.5859375, 7.26953125, 0.5390625, 6.31640625, 3.193359375, 0.060028076171875, 6.15234375, 0.76806640625, 0.062408447265625, 0.368896484375, 1.1787109375, 1.5546875, 1.3505859375, 6.3203125, 3.40234375, 1.390625, 0.697265625, 6.77734375, 9.3359375, 2.01953125, 7.70703125, 0.00634002685546875, 0.0819091796875, 0.16552734375, 1.072265625, 0.00508880615234375, 4.5234375, 1.97265625, 3.67578125, 10.453125, 0.94677734375, 2.966796875, 1.671875, 4.66796875, 14.140625, 0.06341552734375, 7.00390625, 1.0478515625, 6.1796875, 0.023040771484375, 5.40625, 0.81298828125, 0.06390380859375, 0.0144805908203125, 0.154052734375, 0.62548828125, 0.03143310546875, 5.01171875, 0.26123046875, 0.244384765625, 0.2135009765625, 0.450439453125, 0.00139617919921875, 0.056121826171875, 0.431640625, 3.5625, 5.28125, 7.7890625, 6.296875, 7.84375, 2.095703125, 0.0206756591796875, 6.640625, 11.078125, 1.984375, 6.6640625, 3.322265625, 0.50634765625, 1.4169921875, 0.0031585693359375, 0.0167694091796875, 0.0899658203125, 1.3115234375, 1.138671875, 4.16015625, 3.875, 0.720703125, 0.01433563232421875, 3.32421875, 0.012786865234375, 0.05523681640625, 0.226318359375, 3.216796875, 0.7509765625, 0.042327880859375, 1.404296875, 8.53125, 0.01311492919921875, 4.87109375, 5.10546875, 3.36328125, 3.0703125, 1.619140625, 2.126953125, 1.8994140625, 1.3544921875, 0.147705078125, 0.018951416015625, 0.04193115234375, 3.732421875, 8.4296875, 0.1583251953125, 0.0006732940673828125, 3.1328125, 0.2237548828125, 0.0275726318359375, 3.787109375, 0.0374755859375, 0.0022335052490234375, 0.98046875, 4.40625, 4.5625, 0.3701171875, 1.232421875, 9.53125, 5.98046875, 6.5625, 5.96875, 4.046875, 3.0078125, 1.6083984375, 1.9560546875, 0.00411224365234375, 0.25, 0.0009016990661621094, 0.0019178390502929688, 0.04425048828125, 9.671875, 0.09747314453125, 0.0546875, 0.33740234375, 0.103759765625, 4.65234375, 1.0, 4.390625, 0.98486328125, 6.05859375, 1.1376953125, 0.00229644775390625, 0.09259033203125, 0.0013599395751953125, 0.0009069442749023438, 0.004802703857421875, 7.0390625, 3.783203125, 5.78125, 0.2734375, 0.06549072265625, 2.61328125, 0.12322998046875, 7.6171875, 2.45703125, 3.58203125, 2.142578125, 0.0014657974243164062, 0.03179931640625, 0.0014181137084960938, 0.0008301734924316406, 0.0020694732666015625, 5.83203125, 1.7978515625, 1.73828125, 13.1953125, 1.1943359375, 1.4072265625, 2.90625, 8.375, 0.1883544921875, 6.3125, 8.1953125, 7.64453125, 11.3984375, 4.6953125, 0.5927734375, 3.13671875, 0.02154541015625, 0.202880859375, 0.347900390625, 0.0167236328125, 0.21240234375, 4.02734375, 3.19921875, 1.2255859375, 0.47412109375, 0.6728515625, 0.8271484375, 0.27880859375, 0.427978515625, 0.467529296875, 0.03179931640625, 0.012939453125, 0.013519287109375, 1.97265625, 0.95361328125, 3.76171875, 1.712890625, 3.10546875, 0.0095062255859375, 0.0004298686981201172, 9.0234375, 0.28076171875, 2.146484375, 0.55615234375, 6.265625, 0.0029315948486328125, 0.00037288665771484375, 4.44140625, 0.72705078125, 1.2021484375, 0.376708984375, 0.43701171875, 0.76513671875, 0.0037136077880859375, 0.689453125, 7.0859375, 0.1185302734375, 1.232421875, 0.333740234375, 0.005039215087890625, 0.0106658935546875, 0.0194244384765625, 0.339599609375, 0.00830841064453125, 0.1456298828125, 2.3125, 3.8984375, 1.689453125, 4.453125, 7.65234375, 4.6796875, 0.88818359375, 8.0546875, 0.463134765625, 0.1199951171875, 0.003963470458984375, 0.01084136962890625, 0.29736328125, 0.1470947265625, 6.40234375, 3.046875, 1.248046875, 4.046875, 5.1015625, 0.42333984375, 0.34375, 0.1387939453125, 2.630859375, 4.31640625, 0.66748046875, 0.0843505859375, 1.095703125, 0.022735595703125, 0.05853271484375, 0.1492919921875, 0.0008649826049804688, 0.126220703125, 0.182373046875, 0.00862884521484375, 1.875, 0.00460052490234375, 0.058197021484375, 0.01049041748046875, 0.00014781951904296875, 0.0028324127197265625, 0.156005859375, 0.008056640625, 0.06884765625, 4.078125, 0.9052734375, 2.349609375, 1.349609375, 4.125, 5.3515625, 5.421875, 1.220703125, 11.6171875, 6.015625, 0.5400390625, 0.082763671875, 0.0028228759765625, 0.00533294677734375, 2.3984375, 0.81689453125, 2.892578125, 4.76953125, 3.642578125, 0.055267333984375, 0.031982421875, 0.335205078125, 0.000568389892578125, 0.0496826171875, 0.0860595703125, 0.00315093994140625, 0.69189453125, 0.00821685791015625, 7.10546875, 0.529296875, 0.00928497314453125, 6.10546875, 5.71484375, 1.7158203125, 0.2225341796875, 5.09375, 6.10546875, 0.25341796875, 0.0036411285400390625, 3.2109375, 3.177734375, 0.65185546875, 0.142822265625, 0.0033206939697265625, 0.000522613525390625, 0.0194091796875, 0.1397705078125, 0.00989532470703125, 0.033599853515625, 1.724609375, 1.376953125, 2.0390625, 1.890625, 3.65234375, 0.325439453125, 1.1201171875, 10.09375, 5.05859375, 5.97265625, 1.6259765625, 2.484375, 3.833984375, 3.408203125, 3.7578125, 1.3642578125, 1.513671875, 4.7734375]",-1.7966068738844339
130,0,test,2.6518547960030014,1.1691158773601575,1.494974018517209,9.79923486523014,4.320161527768964,5.524284944615973,14.180315861585983,9.775321767565066,11.000317194979715,52.39964337424154,36.12214138871663,40.64879115859171,2.7546336303404226,1.240628422862767,1.6839982166547178,8.885914936582008,4.0020271705250545,5.432252311789412,15.715282245362932,11.170384598300295,12.798049684684909,50.69445885600946,36.03349870419451,41.28403124091906,2.680224944915261,1.2004612706966742,1.6420429629172886,9.687560041862389,4.339016641072315,5.9350950466889945,14.588374507488405,10.196466870227326,11.764296387883581,52.72906448489785,36.85469953094214,42.52155320921776,0.5728643216080402,0.0178643216080403,-0.007135678391959832,0.4371859296482412,0.0021859296482411583,0.0021859296482411583,0.35678391959798994,0.001783919597989958,0.001783919597989958,0.36692506459948315,0.10240893556722508,0.133298476134185,0.3212435233160622,0.371859296482412,0.10368887041724906,0.14982256860261234,0.28787878787878785,0.35785953177257523,0.0874087805204884,0.1442888977347554,0.2986577181208053,21.0,0.0,2.0,30.0,0.0,1.0,39.0,1.0,4.0,0.000611428617608214,-2.651351835048042e-05,0.00018470790796878752,-0.052130842126419275,-0.05508762724617089,-0.05351575100708317,"[5.5546875, 5.16796875, 9.9453125, 7.015625, 6.1640625, 7.76953125, 8.5625, 1.9365234375, 6.625, 1.830078125, 4.64453125, 3.7890625, 1.443359375, 7.31640625, 1.4033203125, 2.38671875, 3.060546875, 1.07421875, 3.126953125, 6.6484375, 14.6640625, 3.03125, 7.0703125, 2.673828125, 9.4296875, 3.564453125, 2.306640625, 0.53564453125, 11.046875, 3.26953125, 9.4921875, 5.328125, 2.8359375, 1.955078125, 0.52294921875, 1.9521484375, 1.5, 0.40478515625, 4.17578125, 5.14453125, 0.515625, 1.4150390625, 0.93505859375, 1.2236328125, 0.67431640625, 0.2032470703125, 2.41015625, 1.01953125, 0.00511932373046875, 0.54052734375, 0.005031585693359375, 0.0017805099487304688, 5.0390625, 0.892578125, 0.291748046875, 0.171875, 0.12298583984375, 0.0270233154296875, 1.1318359375, 0.1046142578125, 0.469482421875, 0.252197265625, 0.05645751953125, 0.2059326171875, 3.916015625, 8.8359375, 5.80859375, 4.87890625, 8.7421875, 11.5625, 1.2001953125, 0.802734375, 0.2216796875, 0.71630859375, 0.433349609375, 0.319091796875, 7.56640625, 0.54736328125, 6.75, 2.208984375, 0.2332763671875, 10.3125, 3.498046875, 1.4501953125, 5.93359375, 2.640625, 0.33203125, 2.361328125, 0.8486328125, 2.650390625, 4.75, 4.62109375, 0.9052734375, 7.28515625, 2.796875, 0.434326171875, 1.8642578125, 5.83984375, 7.890625, 1.58984375, 2.65625, 1.0966796875, 0.6943359375, 1.1474609375, 1.1083984375, 0.317626953125, 1.748046875, 4.421875, 3.0, 0.61328125, 0.1500244140625, 5.0234375, 9.859375, 6.24609375, 0.6328125, 0.1597900390625, 4.2578125, 7.8671875, 5.140625, 3.3046875, 1.1396484375, 0.865234375, 0.27978515625, 1.609375, 2.26171875, 4.64453125, 1.755859375, 6.828125, 1.1787109375, 0.3662109375, 0.98046875, 0.26220703125, 2.220703125, 1.3564453125, 1.21484375, 0.5400390625, 0.39013671875, 1.1943359375, 0.19482421875, 0.2032470703125, 0.133544921875, 0.21923828125, 0.022247314453125, 0.2225341796875, 0.27197265625, 0.031005859375, 0.185302734375, 0.37353515625, 0.031158447265625, 0.06365966796875, 0.085205078125, 0.22998046875, 0.02978515625, 0.1771240234375, 0.11212158203125, 0.0043182373046875, 0.07073974609375, 4.2578125, 0.3193359375, 0.02313232421875, 0.046600341796875, 0.1959228515625, 0.01218414306640625, 0.0654296875, 2.27734375, 0.1507568359375, 0.027740478515625, 5.04296875, 11.5546875, 0.748046875, 0.39013671875, 0.494384765625, 2.671875, 5.2578125, 5.7265625, 0.40234375, 0.421142578125, 0.2412109375, 1.6435546875, 0.348388671875, 0.169921875, 6.0234375, 4.4765625, 4.88671875, 6.65625, 6.29296875, 6.1171875, 6.69140625, 3.82421875, 0.9521484375, 7.0234375, 0.32666015625, 1.78515625, 0.5478515625, 5.25, 5.1875, 0.384765625, 3.65234375, 4.34765625, 5.10546875, 1.666015625, 10.6484375, 8.609375, 0.7841796875, 7.38671875, 5.8203125, 1.91015625, 0.2215576171875, 0.46240234375, 0.170166015625, 9.2109375, 2.822265625, 1.052734375, 6.3203125, 4.61328125, 1.8349609375, 4.5546875, 2.302734375, 2.1328125, 1.08203125, 0.37109375, 0.114013671875, 3.015625, 0.1370849609375, 0.037109375, 10.515625, 5.83203125, 3.599609375, 5.953125, 7.51171875, 1.22265625, 2.74609375, 0.077392578125, 4.015625, 3.25390625, 3.0, 1.8681640625, 0.06866455078125, 0.0994873046875, 0.9609375, 0.1773681640625, 0.059783935546875, 2.015625, 1.7421875, 0.09674072265625, 0.1439208984375, 0.02850341796875, 0.6240234375, 2.1171875, 0.98193359375, 0.2232666015625, 0.0254364013671875, 0.274658203125, 1.447265625, 0.1370849609375, 0.1827392578125, 0.0224456787109375, 0.1956787109375, 0.01033782958984375, 0.10089111328125, 13.7578125, 7.58203125, 4.3671875, 12.4609375, 4.1875, 0.09881591796875, 0.06854248046875, 3.1875, 2.5078125, 0.05108642578125, 0.10260009765625, 0.047515869140625, 0.241455078125, 0.30859375, 0.0555419921875, 0.0140228271484375, 0.16845703125, 0.021392822265625, 0.71630859375, 0.1177978515625, 0.01385498046875, 7.03125, 2.392578125, 0.28955078125, 0.265625, 0.157470703125, 5.19140625, 1.482421875, 4.75390625, 4.5078125, 1.0615234375, 7.71484375, 0.06988525390625, 0.46435546875, 1.2060546875, 11.3203125, 5.375, 3.658203125, 1.044921875, 8.3984375, 4.68359375, 0.2303466796875, 1.4130859375, 0.32275390625, 1.396484375, 0.2034912109375, 0.054656982421875, 4.22265625, 6.02734375, 6.21484375, 10.28125, 3.46484375, 9.46875, 0.755859375, 7.83984375, 1.7705078125, 5.42578125, 8.203125, 4.87109375, 2.07421875, 4.9140625, 4.33984375, 3.013671875, 6.30859375, 2.49609375, 0.66943359375, 0.2435302734375, 0.0792236328125, 1.9833984375, 0.08709716796875, 0.043914794921875, 1.41796875, 0.401123046875, 0.5009765625, 0.1400146484375, 0.2685546875, 0.2071533203125, 6.05078125, 0.328125, 2.591796875, 2.771484375, 0.177490234375, 11.0234375, 2.0390625, 4.265625, 1.1923828125, 0.041046142578125, 8.1171875, 2.810546875, 3.470703125, 0.7431640625, 0.032623291015625, 0.10247802734375, 0.80908203125, 0.059722900390625, 0.044097900390625, 0.359619140625, 0.12890625, 0.3544921875, 0.050140380859375, 0.09130859375, 0.1697998046875, 0.4169921875, 6.23828125, 0.34423828125, 0.0555419921875, 1.4619140625, 5.3359375, 0.09613037109375, 4.16015625, 0.52880859375, 1.2490234375, 0.05328369140625, 0.03240966796875, 1.619140625, 0.1251220703125, 0.057769775390625, 5.3046875, 4.94140625, 1.3828125, 6.0625, 1.94140625, 1.5732421875, 11.1015625, 1.150390625, 8.7734375, 3.2734375]",-1.0503315500510757
32,0,test,3.945738820653213,1.8757216750766732,2.563110673385022,6.108884976138223,2.90403609593089,3.9682677938194506,51.71453176537925,43.78957277070359,47.72916977135997,80.06564562660239,67.7960390612416,73.89541512824766,3.8585837953653765,1.8122373556118179,2.482629728991707,6.029037180258401,2.8316208681434656,3.8791089515495427,47.39817829489731,39.65860590142915,43.43932636565778,74.05965358577706,61.966571720983055,67.87394744634028,3.957080962267209,1.8913325556961884,2.563813611852903,6.150903050156283,2.939895164294593,3.9852025054708338,52.30442430669421,44.41322279140069,48.27643487793275,81.30221394822934,69.0360976032135,75.04109048383329,0.7437185929648241,0.008718592964824134,0.00371859296482413,0.6381909547738693,0.00819095477386933,0.0031909547738693256,0.5276381909547738,0.017638190954773814,0.0026381909547738003,0.42105263157894735,0.08443522599602449,0.1705055856270874,0.429042904290429,0.40703517587939697,0.08122063953854486,0.1666345080997642,0.4191919191919192,0.40802675585284276,0.07079804132863576,0.1555239749852121,0.412751677852349,26.0,-1.0,1.0,36.0,0.0,-2.0,42.0,-1.0,0.0,-0.00027959565776532603,-5.634385616453881e-06,3.774092468092725e-05,0.00048729044062767457,8.427820529455232e-05,-5.782855820246624e-05,"[3.591796875, 10.4453125, 0.006450653076171875, 2.705078125, 9.4921875, 1.4267578125, 13.3359375, 9.7265625, 7.84765625, 8.7578125, 1.693359375, 0.1470947265625, 7.3828125, 0.92431640625, 0.286376953125, 0.6513671875, 6.1875, 0.67724609375, 6.9921875, 3.40234375, 2.087890625, 0.3603515625, 7.71484375, 1.0673828125, 1.7587890625, 4.4609375, 3.0, 5.8671875, 7.37890625, 7.83984375, 5.3984375, 4.71875, 10.6953125, 1.109375, 0.21923828125, 7.83984375, 3.50390625, 2.943359375, 3.0703125, 3.466796875, 0.041015625, 5.34375, 0.367919921875, 2.197265625, 0.11871337890625, 3.51953125, 0.263916015625, 6.953125, 0.259521484375, 6.671875, 2.615234375, 4.91796875, 0.2529296875, 6.765625, 6.36328125, 6.76171875, 6.17578125, 0.1495361328125, 3.095703125, 0.046875, 11.078125, 2.232421875, 0.3310546875, 3.44140625, 0.62841796875, 1.337890625, 8.6328125, 0.96826171875, 0.974609375, 0.423095703125, 0.56640625, 4.2578125, 0.008544921875, 5.09375, 1.7216796875, 3.1640625, 0.230224609375, 0.09912109375, 0.0011568069458007812, 4.73828125, 0.4814453125, 0.51806640625, 8.3359375, 0.9208984375, 7.0859375, 4.48828125, 2.4609375, 10.4765625, 0.28125, 4.87890625, 0.80908203125, 7.70703125, 0.83935546875, 12.4921875, 3.4140625, 7.13671875, 1.5439453125, 2.869140625, 0.27783203125, 6.81640625, 0.07159423828125, 4.31640625, 10.3984375, 1.0546875, 0.146240234375, 4.09765625, 0.0217437744140625, 0.951171875, 7.31640625, 1.853515625, 9.5859375, 1.41796875, 0.07281494140625, 7.9296875, 0.443359375, 6.71875, 0.163818359375, 7.61328125, 0.23828125, 2.861328125, 0.119873046875, 3.501953125, 0.450439453125, 0.470458984375, 9.4609375, 3.1953125, 0.30859375, 6.06640625, 4.14453125, 8.4140625, 5.66796875, 0.0188751220703125, 0.6767578125, 2.994140625, 5.53515625, 2.193359375, 6.18359375, 2.384765625, 4.23046875, 14.1328125, 0.333251953125, 5.08203125, 7.9765625, 2.84375, 7.54296875, 2.419921875, 8.03125, 2.15234375, 2.912109375, 0.479736328125, 0.91552734375, 2.40234375, 0.884765625, 3.990234375, 1.5078125, 2.0, 6.9453125, 3.060546875, 2.4296875, 7.14453125, 3.6796875, 3.4453125, 9.3046875, 0.52685546875, 6.16015625, 3.232421875, 7.6484375, 1.9501953125, 9.3046875, 9.4609375, 2.798828125, 1.3388671875, 4.796875, 2.732421875, 3.64453125, 1.314453125, 4.71484375, 8.15625, 5.921875, 2.99609375, 5.09375, 6.015625, 1.8115234375, 2.1171875, 1.05859375, 5.79296875, 4.734375, 2.408203125, 11.28125, 1.2490234375, 3.12109375, 7.3984375, 1.4716796875, 3.646484375, 8.4375, 1.408203125, 5.33203125, 0.323974609375, 5.2578125, 3.16796875, 3.1953125, 1.9130859375, 8.8046875, 3.919921875, 2.669921875, 5.21875, 9.703125, 6.30078125, 0.96435546875, 1.30859375, 6.03125, 3.603515625, 8.5546875, 0.082275390625, 6.77734375, 0.99853515625, 3.4921875, 6.3046875, 0.552734375, 6.7578125, 5.55859375, 1.822265625, 1.8837890625, 3.9453125, 4.6171875, 5.51953125, 4.90625, 3.5546875, 3.771484375, 0.69482421875, 3.384765625, 11.59375, 7.40625, 4.28125, 13.6640625, 0.398681640625, 4.1484375, 8.5546875, 2.3671875, 4.11328125, 0.5029296875, 4.78125, 4.69921875, 4.1953125, 1.955078125, 7.76953125, 6.25, 5.4296875, 3.416015625, 9.9375, 7.45703125, 0.139404296875, 1.67578125, 8.203125, 3.263671875, 1.201171875, 1.4765625, 0.035980224609375, 6.58984375, 3.8515625, 1.15234375, 8.34375, 1.134765625, 5.94140625, 3.28125, 8.671875, 0.0966796875, 7.453125, 3.478515625, 5.86328125, 3.12890625, 3.01953125, 2.15625, 0.58349609375, 5.83984375, 2.81640625, 5.0, 2.201171875, 0.99853515625, 2.94140625, 0.9814453125, 3.8671875, 2.755859375, 0.6376953125, 9.6875, 1.162109375, 10.515625, 2.93359375, 2.9921875, 3.35546875, 1.6103515625, 4.14453125, 1.318359375, 9.8984375, 2.404296875, 0.70751953125, 1.201171875, 3.32421875, 5.6171875, 0.0134735107421875, 5.00390625, 5.01953125, 5.046875, 5.47265625]",-1.2759823516795508
102,0,test,4.057143347246663,1.8945864919883544,2.590472241235295,6.972455932094565,3.255966007189567,4.4518894205660455,57.808934927174626,49.115598056801716,53.474153857444755,99.34828936586298,84.4082433670784,91.89869555141703,4.0545541581197,1.8227935424267008,2.5190507010136844,6.335240872062031,2.84811491004172,3.936016720333882,57.65945026695914,48.34319627513864,53.015787440370865,90.09289104212365,75.53624417990412,82.83716787557947,4.043571360044546,1.8828155464026404,2.575361476820414,6.94913161875919,3.235736897111124,4.425920621841071,57.029652966439784,48.35195906650695,52.68819649972029,98.00904431957017,83.09588174902692,90.54797841568697,0.8090452261306533,0.014045226130653288,-0.005954773869346619,0.6733668341708543,0.0033668341708543714,-0.001633165829145744,0.5778894472361809,-0.002110552763819218,-0.007110552763819111,0.4300699300699301,0.0740489876615531,0.1626280696048138,0.3929824561403509,0.4321608040201005,0.07627107970932356,0.14668501103178666,0.3737373737373737,0.4300699300699301,0.08102979045387426,0.16727923239551146,0.3929824561403509,29.0,0.0,1.0,40.0,3.0,2.0,50.0,4.0,1.0,0.00010709023829898255,0.00037845931963191863,7.885110026967153e-06,-0.00029419353837489837,0.00015400165618917327,5.253467235455389e-06,"[3.806640625, 7.0078125, 4.7109375, 7.078125, 6.6796875, 9.484375, 3.931640625, 4.3125, 6.3125, 6.30859375, 3.40625, 4.9375, 0.7802734375, 7.515625, 8.03125, 4.2109375, 1.7333984375, 7.13671875, 0.90380859375, 8.328125, 2.42578125, 0.94140625, 0.046783447265625, 0.70263671875, 6.171875, 8.6328125, 3.619140625, 10.1484375, 3.35546875, 4.39453125, 7.24609375, 1.9169921875, 6.625, 4.734375, 1.0166015625, 0.2244873046875, 0.83740234375, 12.0078125, 0.70166015625, 3.43359375, 7.83203125, 9.0390625, 0.20703125, 3.552734375, 6.765625, 8.3828125, 6.9140625, 5.7734375, 7.81640625, 1.9453125, 4.14453125, 2.95703125, 6.30859375, 0.17041015625, 2.841796875, 1.3369140625, 3.888671875, 0.8388671875, 1.4912109375, 1.541015625, 5.76953125, 2.041015625, 0.1212158203125, 0.318359375, 4.21484375, 3.080078125, 3.38671875, 2.255859375, 1.41015625, 5.2734375, 3.24609375, 5.6015625, 1.2978515625, 1.5537109375, 9.3828125, 1.765625, 6.17578125, 7.49609375, 0.9619140625, 7.0078125, 7.4609375, 2.466796875, 4.40234375, 8.5859375, 7.48046875, 3.50390625, 3.19921875, 0.9189453125, 0.86376953125, 3.025390625, 3.80859375, 11.625, 5.6484375, 3.59765625, 4.2578125, 3.427734375, 2.681640625, 2.919921875, 1.4677734375, 3.013671875, 7.60546875, 2.228515625, 1.1318359375, 3.1171875, 6.3515625, 2.689453125, 2.2265625, 10.3671875, 0.1920166015625, 0.81884765625, 0.2861328125, 7.3515625, 4.05859375, 0.036376953125, 1.2939453125, 7.05859375, 8.3671875, 10.171875, 2.869140625, 8.703125, 0.12445068359375, 3.89453125, 3.6796875, 0.0635986328125, 5.99609375, 2.8671875, 1.7158203125, 2.69921875, 3.11328125, 7.52734375, 1.60546875, 12.7734375, 6.0859375, 3.298828125, 11.1484375, 6.26953125, 4.00390625, 5.3984375, 0.37890625, 4.93359375, 6.40625, 1.5048828125, 5.4140625, 1.8720703125, 4.109375, 5.30859375, 0.356689453125, 2.998046875, 9.359375, 2.765625, 4.39453125, 10.8984375, 0.5068359375, 9.2109375, 0.67626953125, 2.029296875, 5.734375, 9.625, 2.65234375, 6.62109375, 1.59765625, 0.0150146484375, 5.2421875, 0.263671875, 4.49609375, 1.0927734375, 6.14453125, 3.568359375, 3.240234375, 9.3671875, 1.412109375, 0.2431640625, 0.489990234375, 3.7265625, 7.75, 0.5751953125, 0.0276947021484375, 0.45751953125, 1.798828125, 3.86328125, 7.62109375, 3.302734375, 1.609375, 0.019287109375, 5.09765625, 0.411376953125, 1.2509765625, 9.4921875, 0.103515625, 7.2890625, 1.3583984375, 2.55078125, 2.767578125, 1.40625, 3.705078125, 4.91015625, 0.7861328125, 0.004375457763671875, 5.37109375, 0.318603515625, 0.64208984375, 9.0546875, 0.1695556640625, 6.4921875, 0.29833984375, 0.9658203125, 0.452880859375, 2.923828125, 2.2265625, 4.62890625, 2.822265625, 5.71875, 11.0, 0.484375, 1.537109375, 8.1953125, 5.1796875, 1.3984375, 6.90234375, 2.11328125, 4.96875, 1.05859375, 5.6328125, 12.0859375, 2.828125, 0.80810546875, 3.970703125, 6.0078125, 1.837890625, 0.03692626953125, 6.7265625, 4.12109375, 6.42578125, 2.4921875, 3.693359375, 8.71875, 7.2890625, 6.78125, 3.8203125, 1.0546875, 1.494140625, 1.640625, 3.509765625, 8.6875, 10.875, 5.79296875, 3.8515625, 8.109375, 2.140625, 6.8203125, 2.740234375, 8.25, 1.0234375, 9.4453125, 6.58203125, 0.2001953125, 0.0014925003051757812, 5.546875, 9.3046875, 0.467041015625, 3.3203125, 3.13671875, 5.62109375, 2.865234375, 5.9921875, 2.283203125, 5.59765625, 2.2421875, 7.6484375, 0.5048828125, 0.10040283203125, 7.796287536621094e-05, 0.05108642578125, 3.99609375, 4.1875, 8.640625, 0.070068359375, 6.04296875, 2.98046875, 5.34765625, 2.470703125, 8.9765625, 0.52783203125, 1.455078125, 3.8828125, 4.39453125]",-1.0272415709662273
234,0,test,3.113310059403429,1.4378552066485273,1.770618811989145,6.706864755629728,3.0975072270885833,3.814364993912786,22.495382353245493,17.15415828613275,18.666047014196728,48.46079709076822,36.954436733424274,40.211431067817415,3.4034588037423754,1.5231994344921471,2.126685518752253,6.132358204941217,2.7445034855714363,3.8318657995536083,30.06791943071158,23.51271457042387,26.482866333103704,54.17643140668753,42.365251478241206,47.71687627586253,3.3910389094049713,1.5651719033068816,2.164252116529972,6.479692183576378,2.9907743375290727,4.1355135984649145,29.69678852245257,23.488613310247853,26.28653446260241,56.74545577538708,44.88270059283029,50.22904674382627,0.6934673366834171,0.0034673366834171437,0.0034673366834171437,0.542713567839196,0.007713567839196078,0.0027135678391959628,0.42713567839195976,0.0021356783919597166,0.0021356783919597166,0.40594059405940597,0.11298632953530219,0.1508086292500218,0.3771712158808933,0.38190954773869346,0.08617019936776615,0.1431783290408637,0.3787878787878788,0.4013377926421404,0.09415916159038751,0.16107082934959316,0.3926174496644296,20.0,0.0,0.0,28.0,0.0,0.0,40.0,-1.0,-1.0,1.7949654073387713e-05,0.0007918045669203856,9.139099644389656e-05,-0.006194739588003095,-0.009080592566203194,-0.007560167157431685,"[3.591796875, 10.4453125, 0.02813720703125, 10.2109375, 3.115234375, 5.0, 1.5322265625, 1.7021484375, 6.22265625, 0.53955078125, 1.646484375, 1.69140625, 16.546875, 1.0234375, 2.21875, 0.8935546875, 11.6796875, 2.12890625, 0.187744140625, 9.1015625, 3.96484375, 0.7998046875, 0.332763671875, 0.0001043081283569336, 9.140625, 2.951171875, 0.494873046875, 0.0716552734375, 5.0234375, 0.466064453125, 1.583984375, 0.0016307830810546875, 0.88671875, 8.7890625, 5.23046875, 3.44921875, 0.1937255859375, 7.875, 0.2071533203125, 8.765625, 0.2108154296875, 3.091796875, 0.0212554931640625, 13.421875, 0.149169921875, 1.6875, 0.049591064453125, 0.01235198974609375, 0.092529296875, 0.038665771484375, 0.01629638671875, 0.40478515625, 1.9296875, 0.06475830078125, 0.04083251953125, 2.3515625, 2.17578125, 0.03070068359375, 0.004558563232421875, 0.0027866363525390625, 1.4921875, 0.061370849609375, 0.12335205078125, 0.001922607421875, 0.86865234375, 0.0219879150390625, 3.984375, 1.5126953125, 9.7109375, 1.3115234375, 0.85595703125, 3.095703125, 7.328125, 7.17578125, 4.8046875, 0.81201171875, 3.70703125, 2.630859375, 7.43359375, 6.5859375, 4.6015625, 2.3828125, 8.65625, 4.69921875, 0.005329132080078125, 5.91015625, 2.390625, 1.177734375, 2.7734375, 1.048828125, 8.03125, 7.6875, 1.9638671875, 0.011474609375, 1.9521484375, 2.0, 5.25390625, 10.1484375, 0.01027679443359375, 1.412109375, 8.2734375, 1.7705078125, 0.8759765625, 3.970703125, 1.751953125, 0.49609375, 4.34765625, 4.23046875, 13.2578125, 2.634765625, 7.0390625, 1.4873046875, 7.953125, 9.421875, 0.82275390625, 3.55859375, 2.37890625, 3.58203125, 1.1142578125, 0.59228515625, 0.1148681640625, 2.591796875, 0.97216796875, 1.40234375, 6.3671875, 1.3740234375, 7.41796875, 0.334716796875, 2.966796875, 5.4765625, 2.0859375, 5.875, 2.337890625, 7.1328125, 6.6015625, 1.3359375, 0.611328125, 0.03607177734375, 10.984375, 1.5302734375, 1.658203125, 2.236328125, 0.00412750244140625, 0.5185546875, 0.03131103515625, 3.259765625, 2.5390625, 0.262451171875, 7.609375, 4.79296875, 3.19921875, 3.099609375, 4.16015625, 2.212890625, 4.96484375, 0.984375, 6.14453125, 0.91748046875, 11.515625, 6.37109375, 3.60546875, 2.3046875, 8.4921875, 0.1929931640625, 4.40234375, 4.31640625, 0.81396484375, 9.3046875, 3.541015625, 2.923828125, 1.8876953125, 0.00920867919921875, 14.390625, 3.015625, 8.7578125, 10.8671875, 6.203125, 2.423828125, 4.0078125, 4.3125, 10.671875, 0.428955078125, 5.3046875, 4.9453125, 1.0498046875, 0.68798828125, 0.7236328125, 1.4609375, 5.43359375, 6.14453125, 0.53662109375, 2.251953125, 4.953125, 8.3203125, 4.09765625, 1.9755859375, 1.3486328125, 0.474365234375, 0.0020542144775390625, 4.3828125, 6.66015625, 2.34765625, 0.0158538818359375, 9.1015625, 6.28125, 2.65234375, 2.80078125, 6.984375, 4.96875, 1.0224609375, 0.346435546875, 0.0033855438232421875, 3.740234375, 7.41796875, 0.4755859375, 0.12255859375, 2.392578125, 7.40234375, 0.97021484375, 0.019134521484375, 4.19140625, 4.44140625, 2.115234375, 3.4921875, 2.541015625, 3.78515625, 0.39404296875, 0.004581451416015625, 4.8046875, 4.9765625, 1.4326171875, 2.150390625, 1.134765625, 0.60791015625, 0.025726318359375, 3.208984375, 3.744140625, 5.8671875, 7.140625, 9.3203125, 1.435546875, 3.12890625, 6.40625, 3.9921875, 6.09375, 5.46484375, 3.80859375, 0.50244140625, 6.64453125, 0.335205078125, 4.7265625, 5.5078125, 6.0, 0.056060791015625, 1.2099609375, 5.25390625, 0.00901031494140625, 1.263671875, 9.96875, 1.7060546875, 6.03125, 2.396484375, 0.63916015625, 4.1484375, 0.00890350341796875, 9.0859375, 0.01190948486328125, 0.14404296875, 7.5, 4.57421875, 4.40234375, 0.654296875, 0.43212890625, 7.65234375, 0.05731201171875, 0.35791015625, 3.115234375, 0.337890625, 0.0291900634765625, 0.2108154296875, 5.30078125, 4.80859375, 1.2763671875, 7.1015625, 2.3359375, 6.609375, 2.787109375, 8.3125, 3.521484375, 0.58447265625, 1.2490234375, 1.7626953125, 3.26171875, 11.03125, 0.2056884765625, 6.66796875, 0.59033203125, 3.474609375, 0.9638671875, 1.435546875, 0.070556640625, 0.7568359375, 3.5078125, 11.1484375, 0.5537109375, 6.15625, 8.609375, 1.732421875, 8.3203125, 4.296875, 7.53515625, 6.3828125, 1.962890625, 1.5263671875, 0.076171875, 0.1387939453125, 9.9921875, 0.26220703125, 6.03515625, 0.435302734375, 3.443359375, 1.974609375, 4.13671875, 2.529296875, 0.032867431640625, 5.26171875, 0.67529296875, 0.75341796875, 8.0078125, 0.6650390625, 4.87109375, 1.224609375, 0.255615234375, 1.83203125, 3.5390625, 0.115478515625, 0.7705078125, 0.04388427734375, 1.3779296875, 0.07635498046875, 0.06689453125, 1.4453125, 4.20703125, 9.3203125, 4.65625, 0.1337890625, 2.701171875, 1.6201171875, 3.12890625, 0.1270751953125, 0.0095672607421875, 6.96875, 1.3447265625, 2.916015625, 8.703125, 0.0008182525634765625, 3.14453125, 0.47998046875, 3.84375, 4.02734375, 0.99560546875, 5.85546875, 2.828125, 1.38671875, 3.50390625, 8.265625, 0.06719970703125, 2.4453125, 5.35546875, 3.765625, 2.029296875, 3.287109375, 0.79248046875, 0.012847900390625, 0.0025348663330078125, 0.313720703125, 0.064697265625, 0.040679931640625, 0.3212890625, 0.031707763671875, 0.00414276123046875, 0.0767822265625, 0.1495361328125, 0.0027904510498046875, 0.0034694671630859375, 0.0697021484375, 0.0011491775512695312, 0.2132568359375, 0.1883544921875, 0.041351318359375, 0.09649658203125, 0.00186920166015625, 0.0208740234375, 0.0027675628662109375, 0.1387939453125, 0.4951171875, 2.2578125, 3.484375, 3.890625, 0.837890625, 2.705078125, 6.16015625, 0.2144775390625, 0.00800323486328125]",-1.287812987471571
188,0,test,2.7446483651387323,1.2381087997341487,1.3093760588474934,8.952342989647141,4.038395145441586,4.270850769126724,15.559141833470564,11.048048423324223,11.3583530792083,50.749952557494595,36.03591633379579,37.0480509831895,3.1968091265041028,1.4291127243774175,1.9784380568140798,7.434439829079309,3.3235179636684125,4.601018736776929,24.454374755093095,18.597029913955414,21.072700022870077,56.87063896533278,43.248906776640496,49.00627912295367,2.7631741144186677,1.2213193549301082,1.6935287322779533,7.820304097411324,3.4565642120663442,4.793005846069679,15.850073133580464,11.176823141159282,12.935727295952358,44.85869754786924,31.632518324035708,36.610548950808564,0.5728643216080402,-0.007135678391959832,-0.0021356783919597166,0.4522613065326633,-0.007738693467336688,-0.007738693467336688,0.3919597989949749,-0.008040201005025116,-0.0030402010050251116,0.3628865979381444,0.11159926529138842,0.11557476998115512,0.3347107438016529,0.38190954773869346,0.11875165300185131,0.18157565792233288,0.3434343434343434,0.3511705685618729,0.09908375720961915,0.14983575209913658,0.30536912751677847,20.0,1.0,1.0,31.0,-1.0,-1.0,38.0,0.0,-1.0,0.00011713410722948101,0.0009945589324394275,0.0004534825478428994,-0.05190571076341044,-0.05608830251186436,-0.06197989667403103,"[6.296875, 9.671875, 2.9140625, 0.95458984375, 8.046875, 0.5263671875, 12.3671875, 15.9296875, 2.349609375, 8.9453125, 0.97216796875, 0.368896484375, 0.34716796875, 0.98974609375, 2.201171875, 10.5703125, 6.22265625, 4.87109375, 6.20703125, 12.234375, 1.9501953125, 0.365234375, 9.1328125, 10.71875, 3.1484375, 1.2099609375, 0.95556640625, 0.051025390625, 1.166015625, 0.264892578125, 4.48046875, 0.33984375, 6.16015625, 3.498046875, 0.8037109375, 2.50390625, 5.890625, 1.810546875, 7.265625, 7.046875, 1.4609375, 1.9853515625, 7.609375, 0.7939453125, 0.218505859375, 1.0146484375, 10.828125, 8.8125, 0.54443359375, 0.044464111328125, 0.443603515625, 6.046875, 5.52734375, 4.5859375, 4.15234375, 5.71875, 6.7109375, 1.2197265625, 1.16796875, 0.68994140625, 1.8701171875, 6.52734375, 13.53125, 8.3046875, 8.3984375, 9.03125, 8.71875, 1.681640625, 0.054473876953125, 0.06689453125, 2.001953125, 0.1558837890625, 8.390625, 0.83544921875, 1.521484375, 7.5859375, 0.15478515625, 2.328125, 3.443359375, 6.5859375, 2.16796875, 0.0105438232421875, 0.06060791015625, 5.41015625, 7.4921875, 0.495849609375, 0.00905609130859375, 0.2412109375, 9.234375, 0.2213134765625, 17.046875, 2.12109375, 7.71484375, 1.5390625, 4.35546875, 1.58203125, 5.41015625, 3.34765625, 5.9140625, 0.69384765625, 1.9853515625, 0.5341796875, 2.19921875, 0.9931640625, 5.55859375, 6.56640625, 8.15625, 5.90625, 1.03515625, 0.038726806640625, 0.056732177734375, 2.6015625, 0.02642822265625, 0.76708984375, 0.045867919921875, 0.136962890625, 0.04364013671875, 0.35595703125, 0.176513671875, 0.1973876953125, 0.106689453125, 13.765625, 1.892578125, 6.23828125, 2.787109375, 2.265625, 0.131103515625, 0.7490234375, 1.0380859375, 0.2012939453125, 0.576171875, 0.43896484375, 0.0677490234375, 8.796875, 4.0546875, 0.68505859375, 0.0826416015625, 0.0732421875, 3.755859375, 0.06640625, 4.21875, 6.109375, 0.52685546875, 1.3974609375, 5.64453125, 6.5703125, 0.78955078125, 0.219970703125, 0.1685791015625, 5.3125, 5.5859375, 3.953125, 6.55859375, 0.81005859375, 0.487060546875, 0.75048828125, 0.262451171875, 0.74267578125, 1.4677734375, 1.12890625, 0.1251220703125, 0.79345703125, 0.3427734375, 0.0305633544921875, 0.12371826171875, 7.18359375, 0.471923828125, 6.3515625, 4.796875, 5.02734375, 6.7890625, 0.80029296875, 5.55078125, 0.97314453125, 0.373779296875, 0.0291290283203125, 0.089111328125, 4.23046875, 1.873046875, 0.07061767578125, 0.01197052001953125, 0.11517333984375, 0.150390625, 0.0518798828125, 4.3203125, 0.033050537109375, 0.027313232421875, 10.78125, 5.65234375, 0.716796875, 2.97265625, 6.54296875, 1.5849609375, 5.99609375, 0.50537109375, 0.97216796875, 0.0229339599609375, 0.00528717041015625, 4.390625, 3.005859375, 0.07000732421875, 0.01253509521484375, 0.061004638671875, 1.5400390625, 0.003787994384765625, 0.0811767578125, 0.01227569580078125, 0.063720703125, 0.035552978515625, 3.36328125, 0.10205078125, 0.487060546875, 0.51806640625, 11.2890625, 1.3955078125, 6.17578125, 0.064697265625, 0.35205078125, 8.6484375, 9.2265625, 3.443359375, 0.492919921875, 4.1484375, 7.1015625, 3.30859375, 0.64208984375, 0.0086822509765625, 0.03228759765625, 2.279296875, 0.003070831298828125, 0.1319580078125, 0.011199951171875, 0.0699462890625, 0.06103515625, 1.244140625, 0.022430419921875, 0.115966796875, 0.2310791015625, 6.53125, 2.126953125, 3.7109375, 0.515625, 1.736328125, 0.05889892578125, 10.0625, 4.09375, 5.7421875, 0.9814453125, 1.751953125, 0.0104522705078125, 7.02734375, 1.5029296875, 0.289306640625, 0.033477783203125, 1.66796875, 3.21875, 0.876953125, 0.2161865234375, 0.0109405517578125, 4.85546875, 1.1962890625, 0.7314453125, 0.9111328125, 10.53125, 0.2093505859375, 0.009002685546875, 0.317138671875, 2.666015625, 4.06640625, 0.332275390625, 5.8515625, 1.5869140625, 5.47265625, 1.0625, 2.5390625, 3.212890625, 0.049468994140625, 2.0078125, 1.375, 0.845703125, 1.439453125, 0.72216796875, 3.892578125, 0.15869140625, 4.703125, 6.3984375, 0.144287109375, 2.4375, 0.057373046875, 0.3115234375, 0.318115234375, 0.3359375, 0.033447265625, 0.140625, 0.1614990234375, 0.182373046875, 0.1192626953125, 0.1785888671875, 0.0599365234375, 0.00978851318359375, 0.02557373046875, 5.68359375, 1.0537109375, 9.34375, 3.32421875, 6.56640625, 6.15625, 3.64453125, 1.7470703125, 8.296875, 3.36328125, 5.08984375, 3.455078125, 7.328125, 4.59765625, 0.9775390625, 3.84375, 0.984375, 0.018096923828125, 0.0259857177734375, 5.13671875, 1.240234375, 5.703125, 0.01392364501953125, 0.0038089752197265625, 5.4609375, 2.150390625, 0.093505859375, 0.004695892333984375, 0.05242919921875, 0.142333984375, 0.0369873046875, 7.45703125, 0.0154266357421875, 13.0546875, 0.035552978515625, 4.4453125, 1.3486328125, 7.30078125, 3.884765625, 5.1015625, 0.85498046875, 2.732421875, 7.375, 4.31640625, 0.5634765625, 8.921875, 0.03948974609375, 1.26171875, 5.328125, 6.234375, 1.583984375, 9.421875, 7.3828125, 0.484375, 0.00579833984375, 0.01326751708984375, 1.15625, 9.21875, 7.83984375, 0.470947265625, 3.93359375, 7.4921875, 2.8984375, 2.07421875, 7.80078125, 2.810546875, 1.568359375, 0.7666015625, 1.4892578125, 6.8046875, 0.701171875, 1.0517578125, 5.53515625, 0.9052734375, 0.2724609375, 0.021636962890625, 0.0980224609375, 2.958984375, 3.646484375, 0.06890869140625, 0.0046844482421875, 0.044708251953125, 0.98583984375, 0.006931304931640625, 0.04583740234375, 0.0066986083984375, 0.043365478515625, 0.03668212890625, 1.4794921875, 0.034942626953125, 11.28125, 7.53125, 11.8671875, 0.04541015625, 6.15625, 1.806640625, 0.039520263671875, 0.07183837890625, 1.4609375, 0.0034122467041015625, 0.06573486328125, 0.0041656494140625, 0.0242156982421875, 0.04144287109375, 0.7841796875, 0.0338134765625, 1.5341796875, 0.900390625, 7.12109375, 8.046875, 0.7783203125, 6.30859375, 0.3857421875, 3.0703125, 0.02349853515625, 4.05078125, 0.59228515625, 0.08160400390625, 2.65625, 0.25830078125, 1.056640625, 2.544921875, 0.8017578125, 7.58203125, 0.0767822265625, 0.167724609375, 1.2578125, 7.28125, 5.640625, 4.40625, 0.53125, 0.25830078125, 0.0116119384765625, 4.59375, 7.41796875, 6.85546875, 7.15234375, 5.578125, 1.88671875, 0.83349609375, 0.08099365234375, 0.0135955810546875, 0.006748199462890625, 0.01708984375, 1.484375, 0.26806640625, 0.5419921875, 0.401611328125, 3.34375, 0.344482421875, 0.29345703125, 0.216064453125, 0.278564453125, 0.00664520263671875, 0.00830841064453125, 0.002864837646484375, 0.369384765625, 0.771484375, 0.329833984375, 0.3388671875, 0.0197296142578125, 2.134765625, 0.044403076171875, 0.86279296875, 0.1605224609375, 0.005229949951171875, 0.034759521484375, 2.201171875, 0.448486328125, 3.291015625, 3.2421875, 10.296875, 6.1953125, 0.91064453125, 10.5625, 4.546875, 7.3125, 9.5390625, 0.66650390625, 3.2265625, 4.15234375, 0.19921875, 0.0079498291015625, 0.034149169921875]",-1.3128901442301641
258,0,test,3.554608742154478,1.6339465356798033,2.2298539588452124,6.741499338568838,3.0988641193927307,4.229033370223679,34.97413338629927,28.148656538261957,31.212870468838883,66.33025297401586,53.38538308980716,59.196823302970294,3.8084071269586457,1.6906391413565753,2.3444817088054144,6.400684246989321,2.8414103216076896,3.9403053929502767,45.07857719789463,36.76601419206379,40.75568175933206,75.76231461831031,61.79162049086352,68.4969441333312,3.6381253526362287,1.6627277395438922,2.287765866773446,6.655107352383346,3.0415751333119982,4.184937561170939,38.02049485541786,30.811009185526544,34.161682385498274,69.54968571113024,56.36160216864613,62.49088241249685,0.778894472361809,-0.0011055276381910506,-0.006105527638191055,0.6080402010050252,-0.0219597989949748,0.0030402010050252226,0.4824120603015075,-0.012587939698492479,-0.0025879396984924696,0.4194528875379939,0.096235892090346,0.1606055670122103,0.4024390243902439,0.4321608040201005,0.10885253334340872,0.16504895093161964,0.4242424242424242,0.42140468227424754,0.09419266224085854,0.16000312498837432,0.3993288590604027,28.0,13.0,13.0,40.0,12.0,13.0,46.0,9.0,12.0,0.00034417557847301515,6.228075717554582e-05,0.000264063251097095,0.00038856727672431646,-1.255992094950642e-05,-0.00014544248242298607,"[1.2294921875, 6.28515625, 8.53125, 6.640625, 0.837890625, 2.3984375, 1.5927734375, 3.181640625, 8.6640625, 5.00390625, 7.1328125, 2.4453125, 7.2890625, 9.7265625, 7.03515625, 0.399169921875, 1.916015625, 0.45166015625, 1.84765625, 0.0550537109375, 8.1171875, 0.63818359375, 2.021484375, 7.26171875, 4.8203125, 4.5, 1.2607421875, 1.439453125, 0.1214599609375, 1.02734375, 4.18359375, 0.8759765625, 9.53125, 13.3125, 0.7265625, 0.0010433197021484375, 7.03125, 0.0338134765625, 4.94140625, 6.60546875, 2.685546875, 3.2890625, 3.544921875, 0.10003662109375, 0.82470703125, 7.171875, 5.7265625, 7.1796875, 2.537109375, 1.5751953125, 1.9970703125, 0.1363525390625, 2.7109375, 1.2451171875, 6.5234375, 1.8642578125, 0.049713134765625, 7.359375, 0.06280517578125, 1.333984375, 1.9404296875, 0.349609375, 0.2734375, 2.091796875, 1.060546875, 0.050201416015625, 5.2578125, 8.9453125, 6.16796875, 6.01953125, 4.58203125, 6.31640625, 8.375, 3.064453125, 3.595703125, 0.01013946533203125, 2.841796875, 3.71484375, 1.103515625, 12.9765625, 4.83984375, 8.890625, 0.0350341796875, 0.1365966796875, 1.6396484375, 2.71875, 8.0, 9.7421875, 2.509765625, 0.85107421875, 8.765625, 7.1875, 4.01171875, 1.1884765625, 7.95703125, 2.240234375, 5.89453125, 1.578125, 11.1328125, 2.37890625, 10.046875, 4.09375, 1.876953125, 4.06640625, 2.1328125, 0.274169921875, 0.1845703125, 6.515625, 4.8515625, 6.609375, 3.7109375, 0.53955078125, 0.06695556640625, 7.48046875, 8.8203125, 4.04296875, 4.15234375, 0.1767578125, 5.55078125, 0.515625, 11.96875, 1.0849609375, 4.40234375, 3.861328125, 7.234375, 1.439453125, 2.787109375, 9.671875, 2.41015625, 0.456787109375, 2.904296875, 6.1171875, 0.50537109375, 0.105712890625, 4.7265625, 1.99609375, 7.4921875, 2.240234375, 0.82861328125, 8.1328125, 7.40625, 1.86328125, 5.8671875, 4.2265625, 0.54248046875, 0.93798828125, 6.21875, 0.1513671875, 1.908203125, 0.51904296875, 0.6357421875, 0.05108642578125, 1.9521484375, 11.4140625, 2.6796875, 3.287109375, 6.9765625, 4.6171875, 5.74609375, 0.29833984375, 0.199951171875, 1.8349609375, 1.64453125, 9.25, 3.705078125, 6.51953125, 1.849609375, 4.19921875, 5.0546875, 1.12890625, 0.4755859375, 3.216796875, 5.5703125, 8.1484375, 6.78515625, 0.69482421875, 3.64453125, 2.583984375, 1.013671875, 2.580078125, 9.8515625, 5.87890625, 1.8544921875, 2.251953125, 0.71240234375, 1.5439453125, 7.34765625, 1.6953125, 0.86181640625, 7.8125, 4.78515625, 2.505859375, 1.79296875, 2.017578125, 8.109375, 3.951171875, 5.19921875, 2.81640625, 5.765625, 4.2578125, 1.634765625, 0.431640625, 0.1544189453125, 2.1484375, 4.7421875, 5.6328125, 3.9609375, 5.4375, 1.5234375, 10.390625, 2.84765625, 0.845703125, 7.28125, 2.88671875, 1.4306640625, 4.0078125, 13.5625, 2.47265625, 5.4140625, 0.94384765625, 0.0880126953125, 0.9091796875, 4.1484375, 0.7177734375, 3.5078125, 0.7158203125, 7.52734375, 1.142578125, 8.6484375, 6.5703125, 1.1796875, 5.69140625, 2.50390625, 1.67578125, 1.3837890625, 2.0859375, 2.380859375, 4.578125, 2.94140625, 0.296630859375, 1.4580078125, 0.45947265625, 0.4853515625, 7.046875, 2.2265625, 0.873046875, 6.5859375, 1.853515625, 4.66796875, 8.7734375, 0.0226593017578125, 4.703125, 3.49609375, 0.13671875, 7.125, 1.7744140625, 0.71875, 4.14453125, 1.435546875, 3.189453125, 1.0859375, 0.262451171875, 2.333984375, 7.08203125, 5.9453125, 0.275146484375, 2.08984375, 3.646484375, 5.87890625, 5.79296875, 9.3671875, 0.6474609375, 2.482421875, 0.7451171875, 8.921875, 0.0567626953125, 1.095703125, 0.794921875, 0.6015625, 3.2734375, 5.5859375, 3.83203125, 3.10546875, 0.5791015625, 1.48046875, 2.015625, 0.1197509765625, 2.5625, 3.515625, 3.28515625, 5.265625, 5.13671875, 3.185546875, 1.822265625, 4.9140625, 2.62109375, 0.94775390625, 0.101318359375, 5.99609375, 1.224609375, 0.01995849609375, 1.3896484375, 6.82421875, 2.6875, 1.2314453125, 0.2958984375, 5.1484375, 1.47265625, 0.01287841796875, 1.771484375, 1.5673828125, 0.1103515625, 0.1695556640625, 4.38671875, 8.046875, 0.1912841796875, 0.03033447265625, 12.296875, 5.4453125, 3.423828125, 4.2421875, 3.748046875, 5.48828125, 2.759765625, 7.12890625, 1.794921875, 0.04144287109375, 0.166748046875, 6.32421875]",-1.2707305751672995
251,0,test,3.0133427545136096,1.3277056882660296,1.8006972584220746,7.240112121583035,3.1900579624109975,4.32650750681277,20.35532919509363,14.959441819758698,16.99296116671622,48.90743524727195,35.942819942775934,40.82872548781481,3.405654274638574,1.5428791391800125,2.123720696929089,6.612920921628299,2.99588182365051,4.1237295086001735,30.13400519086753,23.6924169210412,26.53040435514093,58.51263143857773,46.004693050565436,51.515348262409574,3.134628563820319,1.3958773193549416,1.9487224681352195,7.017825142881311,3.12509847616778,4.3628114958251185,22.980098616576925,17.289865342693858,19.706446896856825,51.447981977411025,38.70865375229968,44.11891096311229,0.7085427135678393,-0.011457286432160707,-0.011457286432160707,0.5879396984924623,0.0029396984924623393,-0.002060301507537776,0.46733668341708545,0.0023366834170854833,0.0023366834170854833,0.38095238095238093,0.09004329004329004,0.1385281385281385,0.3455056179775281,0.42211055276381915,0.10130854775128784,0.1700237414115654,0.41414141414141414,0.3846153846153846,0.08244510080904066,0.14546076837511757,0.35906040268456374,24.0,1.0,0.0,34.0,0.0,0.0,46.0,0.0,0.0,0.00026217699468799265,0.0005847168143093858,0.00023375940500688748,-0.004590714603446955,-0.006955884142012536,-0.006772733959346411,"[7.1953125, 5.83203125, 3.248046875, 2.943359375, 0.47705078125, 1.5751953125, 0.35302734375, 2.529296875, 0.232177734375, 0.0188446044921875, 6.72265625, 11.1953125, 6.796875, 0.97412109375, 1.2958984375, 0.061126708984375, 4.33203125, 5.14453125, 0.962890625, 3.7109375, 0.04425048828125, 0.158203125, 0.293212890625, 5.0703125, 2.41796875, 1.0302734375, 0.3349609375, 7.890625, 2.1015625, 0.96875, 7.99609375, 4.859375, 5.28515625, 1.744140625, 3.583984375, 7.609375, 0.299072265625, 6.578125, 6.7890625, 0.07635498046875, 2.552734375, 11.0625, 2.697265625, 0.42578125, 5.33203125, 3.365234375, 0.1884765625, 2.185546875, 0.123291015625, 0.05474853515625, 2.9765625, 10.484375, 3.25, 7.50390625, 0.491455078125, 7.73828125, 9.0859375, 6.84765625, 5.8515625, 1.931640625, 0.05194091796875, 0.07684326171875, 1.4443359375, 0.72509765625, 0.6220703125, 0.007053375244140625, 0.50146484375, 0.004268646240234375, 1.716796875, 0.60546875, 0.322509765625, 0.0968017578125, 6.2109375, 1.58984375, 5.04296875, 2.916015625, 4.41796875, 3.748046875, 3.7890625, 6.4296875, 7.37890625, 1.2060546875, 3.34765625, 0.0289764404296875, 1.333984375, 5.390625, 8.09375, 5.33203125, 9.171875, 6.08984375, 4.20703125, 9.625, 8.0, 3.453125, 6.1875, 1.189453125, 3.119140625, 1.1748046875, 3.53125, 2.4453125, 2.98828125, 4.72265625, 5.7421875, 4.9140625, 9.3828125, 1.54296875, 1.48046875, 0.0205841064453125, 0.097900390625, 4.7421875, 0.236328125, 5.68359375, 5.2265625, 6.22265625, 2.248046875, 0.57958984375, 2.048828125, 0.0885009765625, 0.1285400390625, 0.07061767578125, 0.356201171875, 6.0859375, 8.25, 1.986328125, 4.6484375, 1.876953125, 4.17578125, 8.8984375, 3.439453125, 2.69140625, 1.2099609375, 0.52978515625, 1.4716796875, 3.015625, 6.3125, 0.6103515625, 7.35546875, 12.8828125, 1.44140625, 2.060546875, 7.2734375, 9.796875, 5.9765625, 2.6484375, 8.0703125, 3.87890625, 4.265625, 1.103515625, 1.11328125, 0.059356689453125, 0.70361328125, 0.2347412109375, 0.399658203125, 4.51953125, 7.71484375, 1.5654296875, 0.402587890625, 4.44140625, 3.271484375, 0.513671875, 8.75, 0.93603515625, 3.443359375, 2.29296875, 0.4287109375, 2.921875, 1.5908203125, 1.2294921875, 2.150390625, 8.796875, 10.484375, 0.052947998046875, 2.73828125, 5.015625, 0.58349609375, 0.65283203125, 2.005859375, 1.1220703125, 2.576171875, 4.08203125, 2.998046875, 3.47265625, 7.05078125, 10.8203125, 3.84375, 8.28125, 1.83984375, 0.94677734375, 0.076904296875, 0.7001953125, 0.0987548828125, 1.388671875, 3.052734375, 4.33203125, 0.35595703125, 6.65234375, 2.013671875, 2.408203125, 0.138916015625, 0.69970703125, 1.5087890625, 0.004291534423828125, 1.744140625, 0.85302734375, 6.49609375, 6.23828125, 4.984375, 2.994140625, 0.8544921875, 2.763671875, 7.33984375, 6.62109375, 0.544921875, 2.9296875, 0.7333984375, 1.5234375, 0.6640625, 0.1953125, 0.49609375, 1.537109375, 1.376953125, 0.1263427734375, 0.012664794921875, 2.09765625, 1.6943359375, 1.5986328125, 2.05859375, 0.025177001953125, 0.85302734375, 15.1875, 0.8427734375, 6.32421875, 0.8681640625, 0.65478515625, 0.93359375, 3.2890625, 11.3046875, 4.2265625, 1.4501953125, 9.375, 6.3359375, 5.5390625, 0.55029296875, 6.6328125, 10.1484375, 1.609375, 0.7275390625, 7.5859375, 0.2373046875, 0.0027523040771484375, 0.473388671875, 1.8984375, 0.1827392578125, 0.4091796875, 2.72265625, 1.5205078125, 0.49072265625, 0.17626953125, 8.75, 2.41796875, 0.1343994140625, 0.1719970703125, 0.52294921875, 0.033843994140625, 0.317626953125, 0.97900390625, 0.052032470703125, 0.28271484375, 0.0163421630859375, 3.16015625, 1.5390625, 0.002826690673828125, 0.09423828125, 1.669921875, 0.007167816162109375, 0.0008306503295898438, 9.453125, 3.1328125, 5.44921875, 1.9091796875, 3.740234375, 1.7353515625, 5.7109375, 10.1875, 5.828125, 4.66015625, 0.63134765625, 7.59375, 5.05078125, 0.7158203125, 2.68359375, 0.001987457275390625, 0.053375244140625, 2.423828125, 0.02880859375, 5.41796875, 8.140625, 0.94091796875, 1.423828125, 0.458251953125, 1.66015625, 3.453125, 1.4013671875, 2.51171875, 2.45703125, 3.20703125, 2.337890625, 1.1494140625, 1.00390625, 0.07391357421875, 0.05084228515625, 0.06536865234375, 0.32470703125, 0.8740234375, 15.0390625, 6.97265625, 7.015625, 0.6591796875, 2.267578125, 1.5234375, 0.5693359375, 0.7568359375, 4.9609375, 3.08203125, 7.171875, 7.03125, 1.974609375, 1.9404296875, 1.1923828125, 6.46875, 1.6845703125, 1.0830078125, 5.1484375, 0.5693359375, 3.2109375, 0.89599609375, 0.83544921875, 0.0271759033203125, 0.31591796875, 0.072021484375, 0.345703125, 8.0390625, 0.0811767578125, 4.59765625, 0.7939453125, 0.87451171875, 0.055908203125, 0.1317138671875, 0.026580810546875, 0.0007243156433105469, 0.2119140625, 0.06683349609375, 0.71728515625, 4.9375, 4.77734375, 2.703125, 0.3173828125]",-1.488963706820619
195,0,test,0.7226863674285627,0.02929427396495221,0.02929427396495221,7.040717185705542,0.2853972448403672,0.2853972448403672,2.0599595927280734,0.059469706933515276,0.059469706933515276,20.06900027460835,0.5793791145189431,0.5793791145189431,0.9404084233183357,0.15501151037787297,0.289840971338178,6.485575333229902,1.0690448991577446,1.998903250608124,2.5610271879788415,0.367749879841472,0.644399073066356,17.6622564688196,2.5362060678722216,4.444131538388664,0.8922764154580923,0.12654733321044265,0.2681604623998559,6.8636647342930175,0.9734410246957124,2.062772787691199,2.4406793323638536,0.29011759276022264,0.5740842622183133,18.774456402798872,2.231673790463251,4.416032786294718,0.27638190954773867,-0.008618090452261362,0.0013819095477386467,0.18592964824120606,0.005929648241206009,0.005929648241206009,0.11557788944723613,0.0005778894472361351,0.0005778894472361351,0.264797507788162,0.028238368003215775,0.028238368003215775,0.23556942277691106,0.2814070351758794,0.03579300008816011,0.05603140913247373,0.24242424242424243,0.2775919732441472,0.04553855087352954,0.06624603331088796,0.23825503355704702,14.0,4.0,4.0,19.0,7.0,7.0,24.0,7.0,7.0,0.001010015832479428,0.00015761689390779234,0.0002057811678921641,-0.22636163926113717,-0.22805329634611482,-0.22555667372833899,"[4.4765625, 5.35546875, 0.9609375, 7.44140625, 6.78125, 8.171875, 1.1865234375, 0.245361328125, 4.22265625, 0.98779296875, 0.0244293212890625, 0.11785888671875, 2.474609375, 5.109375, 0.354736328125, 0.25341796875, 0.0006322860717773438, 0.056610107421875, 0.9287109375, 4.9375, 0.472900390625, 0.09515380859375, 0.0007901191711425781, 0.0240020751953125, 0.054290771484375, 1.9951171875, 0.79736328125, 0.0975341796875, 0.0003485679626464844, 0.0240325927734375, 0.05047607421875, 4.578125, 0.037261962890625, 0.0295562744140625, 0.00018405914306640625, 0.0137786865234375, 0.03900146484375, 3.525390625, 0.130126953125, 0.0132293701171875, 0.0001569986343383789, 0.01036834716796875, 0.042877197265625, 1.6923828125, 10.0703125, 0.0160064697265625, 0.0177154541015625, 0.00025844573974609375, 0.00936126708984375, 0.0116119384765625, 5.13671875, 0.94580078125, 0.027587890625, 0.0002548694610595703, 0.007518768310546875, 0.00917816162109375, 3.5625, 2.453125, 0.037841796875, 0.0095062255859375, 0.00016367435455322266, 0.00571441650390625, 0.0036754608154296875, 4.0234375, 0.192138671875, 0.033935546875, 0.00020825862884521484, 0.01493072509765625, 0.0039215087890625, 5.13671875, 4.42578125, 0.0139923095703125, 0.00861358642578125, 0.0001468658447265625, 0.00962066650390625, 0.00446319580078125, 2.982421875, 1.21875, 0.03326416015625, 0.00012540817260742188, 0.0189666748046875, 0.004070281982421875, 2.12109375, 1.5654296875, 0.01461029052734375, 0.01064300537109375, 0.00033974647521972656, 0.00566864013671875, 0.00408172607421875, 4.8828125, 1.1484375, 0.032958984375, 0.00011718273162841797, 0.00856781005859375, 0.0046539306640625, 4.12890625, 2.494140625, 0.0169219970703125, 0.02130126953125, 0.00011849403381347656, 0.0037689208984375, 0.001789093017578125, 2.904296875, 1.4892578125, 0.16015625, 0.00026416778564453125, 0.0087890625, 0.0021419525146484375, 2.09375, 1.8154296875, 0.01021575927734375, 0.005855560302734375, 0.000225067138671875, 0.003040313720703125, 0.002063751220703125, 4.84375, 1.5322265625, 0.018768310546875, 0.0001766681671142578, 0.005298614501953125, 0.0011081695556640625, 1.556640625, 2.560546875, 0.015899658203125, 0.006328582763671875, 0.0002846717834472656, 0.0061492919921875, 0.0012226104736328125, 2.138671875, 0.60205078125, 0.035125732421875, 0.0002760887145996094, 0.00893402099609375, 0.0027332305908203125, 1.908203125, 2.232421875, 0.0087432861328125, 0.012298583984375, 0.0002684593200683594, 0.00908660888671875, 0.0024471282958984375, 6.1171875, 0.10028076171875, 0.0309295654296875, 0.00019800662994384766, 0.00494384765625, 0.00254058837890625, 1.5078125, 1.7275390625, 0.006893157958984375, 0.012939453125, 0.00018215179443359375, 0.005916595458984375, 0.00213623046875, 3.041015625, 1.72265625, 0.061920166015625, 0.00018703937530517578, 0.01425933837890625, 0.003032684326171875, 1.8505859375, 0.85400390625, 0.0094146728515625, 0.0092010498046875, 0.00022292137145996094, 0.01375579833984375, 0.0032596588134765625, 4.90625, 0.260986328125, 0.03924560546875, 0.00023353099822998047, 0.007404327392578125, 0.00414276123046875, 1.9638671875, 2.234375, 0.00646209716796875, 0.01503753662109375, 0.00031065940856933594, 0.006183624267578125, 0.0036830902099609375, 2.728515625, 1.8798828125, 0.0318603515625, 0.00016832351684570312, 0.00803375244140625, 0.0017757415771484375, 1.8994140625, 0.71533203125, 0.00743865966796875, 0.0071563720703125, 0.0002849102020263672, 0.007904052734375, 0.003387451171875, 4.63671875, 0.170166015625, 0.011260986328125, 7.617473602294922e-05, 0.007049560546875, 0.00136566162109375, 1.716796875, 2.216796875, 0.00732421875, 0.0161285400390625, 0.0002753734588623047, 0.005481719970703125, 0.0012645721435546875, 2.541015625, 1.2216796875, 0.0310516357421875, 0.0001405477523803711, 0.0086669921875, 0.001468658447265625, 1.23046875, 0.9091796875, 0.0036163330078125, 0.007778167724609375, 0.00015091896057128906, 0.005619049072265625, 0.0016384124755859375, 5.3671875, 0.040618896484375, 0.01479339599609375, 8.058547973632812e-05, 0.006771087646484375, 0.003704071044921875, 1.03125, 2.236328125, 0.00685882568359375, 0.01435089111328125, 0.00019240379333496094, 0.005168914794921875, 0.0018024444580078125, 2.4296875, 5.8828125, 0.01800537109375, 0.00012111663818359375, 0.007476806640625, 0.002902984619140625, 2.3515625, 0.8427734375, 0.007648468017578125, 0.00395965576171875, 0.00024700164794921875, 0.0055389404296875, 0.0033779144287109375, 4.8515625, 0.38330078125, 0.01496124267578125, 0.0001119375228881836, 0.004970550537109375, 0.0036296844482421875, 1.1328125, 0.85400390625, 0.00733184814453125, 0.00749969482421875, 0.00026345252990722656, 0.005615234375, 0.0031108856201171875, 5.25390625, 0.62841796875, 0.08880615234375, 0.0001361370086669922, 0.0079345703125, 0.0032901763916015625, 4.0625, 2.478515625, 0.00518798828125, 0.01165771484375, 0.0001678466796875, 0.020904541015625, 0.0023250579833984375, 5.6484375, 0.021759033203125, 0.0118255615234375, 9.489059448242188e-05, 0.01328277587890625, 0.004009246826171875, 2.435546875, 0.9384765625, 0.0127716064453125, 0.0174560546875, 0.0002715587615966797, 0.0096435546875, 0.00218963623046875, 3.607421875, 1.1025390625, 0.01904296875, 7.43865966796875e-05, 0.008880615234375, 0.002838134765625, 3.97265625, 5.078125, 0.028167724609375, 0.0079803466796875, 7.843971252441406e-05, 0.007480621337890625, 0.01392364501953125, 5.1171875, 0.0732421875, 0.0161590576171875, 0.00023829936981201172, 0.01360321044921875, 0.004337310791015625, 1.931640625, 0.9462890625, 0.0075531005859375, 0.017974853515625, 0.00016510486602783203, 0.005603790283203125, 0.0017118453979492188, 2.388671875, 1.109375, 0.029937744140625, 0.0001074075698852539, 0.0208282470703125, 0.0026950836181640625, 1.701171875, 1.3564453125, 0.0177459716796875, 0.0094146728515625, 0.00017070770263671875, 0.0194854736328125, 0.00409698486328125, 3.404296875, 0.0784912109375, 0.01274871826171875, 0.00019156932830810547, 0.0189208984375, 0.003414154052734375, 1.7646484375, 1.3818359375, 0.0069580078125, 0.007049560546875, 0.0001609325408935547, 0.00536346435546875, 0.0023250579833984375, 1.921875, 0.89990234375, 0.01152801513671875, 0.00020611286163330078, 0.00797271728515625, 0.003082275390625, 1.216796875, 0.94287109375, 0.006298065185546875, 0.009735107421875, 0.00024819374084472656, 0.0088653564453125, 0.00199127197265625, 5.40234375, 0.0518798828125, 0.00795745849609375, 9.298324584960938e-05, 0.0078582763671875, 0.004329681396484375, 1.5869140625, 0.78173828125, 0.007282257080078125, 0.00543212890625, 0.0002536773681640625, 0.009124755859375, 0.0014209747314453125, 2.642578125, 2.595703125, 0.0125579833984375, 0.0001157522201538086, 0.00873565673828125, 0.00443267822265625, 1.205078125, 1.4892578125, 0.00408172607421875, 0.00959014892578125, 0.0002694129943847656, 0.007293701171875, 0.0024852752685546875, 5.4921875, 0.006374359130859375, 0.0057373046875, 0.00014662742614746094, 0.00734710693359375, 0.00323486328125, 0.89794921875, 0.388916015625, 0.0028781890869140625, 0.01103973388671875, 0.0002598762512207031, 0.00614166259765625, 0.00383758544921875, 2.0078125, 1.701171875, 0.05853271484375, 0.00015497207641601562, 0.005344390869140625, 0.003665924072265625, 1.1298828125, 1.388671875, 0.0062103271484375, 0.0122528076171875, 0.00043272972106933594, 0.005870819091796875, 0.0021610260009765625, 4.3203125, 0.015869140625, 0.00518798828125, 0.0002180337905883789, 0.01302337646484375, 0.0012712478637695312, 0.89111328125, 0.7353515625, 0.0065460205078125, 0.004917144775390625, 0.00021123886108398438, 0.0072174072265625, 0.004119873046875, 1.6005859375, 1.7333984375, 0.0103302001953125, 0.0001957416534423828, 0.00809478759765625, 0.0040740966796875, 1.0439453125, 2.1796875, 0.0032596588134765625, 0.00634765625, 0.0002422332763671875, 0.00514984130859375, 0.00091552734375, 3.953125, 0.0072021484375, 0.002246856689453125, 0.00012743473052978516, 0.006908416748046875, 0.001712799072265625, 0.798828125, 0.353759765625, 0.002803802490234375, 0.00939178466796875, 0.00017249584197998047, 0.005725860595703125, 0.0009126663208007812, 2.255859375, 1.0439453125, 0.01141357421875, 9.942054748535156e-05, 0.004955291748046875, 0.0012989044189453125, 1.3505859375, 0.818359375, 0.005260467529296875, 0.007755279541015625, 9.1552734375e-05, 0.00531768798828125, 0.0006136894226074219, 4.86328125, 0.0214691162109375, 0.0058441162109375, 6.80685043334961e-05, 0.00681304931640625, 0.001354217529296875, 1.470703125, 0.359375, 0.004421234130859375, 0.006725311279296875, 0.000102996826171875, 0.00439453125, 0.0016326904296875, 1.365234375, 0.37890625, 0.02813720703125, 8.571147918701172e-05, 0.0026874542236328125, 0.005077362060546875, 0.72900390625, 1.4091796875, 0.0028095245361328125, 0.004421234130859375, 0.00010943412780761719, 0.0053253173828125, 0.00251007080078125, 3.240234375, 0.01140594482421875, 0.0079803466796875, 4.76837158203125e-05, 0.006595611572265625, 0.0029144287109375, 0.82421875, 0.73486328125, 0.00620269775390625, 0.00885009765625, 0.00023746490478515625, 0.005603790283203125, 0.0012340545654296875, 1.6708984375, 0.78955078125, 0.01157379150390625, 0.0001112222671508789, 0.0032749176025390625, 0.01445770263671875, 1.453125, 0.418701171875, 0.007694244384765625, 0.00832366943359375, 0.00016951560974121094, 0.003078460693359375, 0.0022735595703125, 4.28125, 0.006320953369140625, 0.007808685302734375, 3.8743019104003906e-05, 0.006801605224609375, 0.00295257568359375, 8.4140625, 0.3447265625, 0.006748199462890625, 5.936622619628906e-05, 0.006824493408203125, 0.0009202957153320312, 4.1328125, 1.2490234375, 0.2000732421875, 6.92605972290039e-05, 0.00799560546875, 0.00516510009765625, 4.140625, 0.279296875, 0.0021305084228515625, 0.004367828369140625, 6.258487701416016e-05, 0.006500244140625, 0.0032711029052734375, 4.9765625, 0.0139923095703125, 0.00814056396484375, 5.650520324707031e-05, 0.01163482666015625, 0.0024662017822265625, 3.0546875, 1.3603515625, 0.0050811767578125, 0.00931549072265625, 6.365776062011719e-05, 0.004772186279296875, 0.00202178955078125, 2.19140625, 0.302734375, 0.034149169921875, 8.761882781982422e-05, 0.00460052490234375, 0.00347137451171875, 4.359375, 6.0625, 0.001461029052734375, 0.0087127685546875, 6.842613220214844e-05, 0.005039215087890625, 0.0029544830322265625, 6.3828125, 0.01343536376953125, 0.0051422119140625, 6.973743438720703e-05, 0.00443267822265625, 0.0025806427001953125, 3.185546875, 3.26171875, 0.0023403167724609375, 0.004589080810546875, 6.890296936035156e-05, 0.00496673583984375, 0.002685546875, 2.802734375, 3.447265625, 0.02886962890625, 9.262561798095703e-05, 0.00603485107421875, 0.0018358230590820312, 1.830078125, 1.5234375, 0.00333404541015625, 0.00518798828125, 0.00010156631469726562, 0.0024814605712890625, 0.0016918182373046875, 2.736328125, 0.322509765625, 0.0067596435546875, 3.910064697265625e-05, 0.0029201507568359375, 0.0014677047729492188, 1.8974609375, 0.75146484375, 0.0029582977294921875, 0.005046844482421875, 9.429454803466797e-05, 0.0033626556396484375, 0.0022602081298828125, 2.892578125, 1.3203125, 0.0115966796875, 3.9696693420410156e-05, 0.0032978057861328125, 0.002223968505859375, 1.3974609375, 0.8125, 0.00324249267578125, 0.006092071533203125, 0.0001939535140991211, 0.006946563720703125, 0.0009765625, 3.369140625, 0.015228271484375, 0.007495880126953125, 3.719329833984375e-05, 0.0036144256591796875, 0.0014104843139648438, 2.85546875, 0.76953125, 0.002681732177734375, 0.0032939910888671875, 8.654594421386719e-05, 0.0035724639892578125, 0.0017604827880859375, 1.830078125, 3.87109375, 0.03509521484375, 6.29425048828125e-05, 0.0056610107421875, 0.001796722412109375, 2.60546875, 0.79296875, 0.0035533905029296875, 0.0024814605712890625, 0.00012195110321044922, 0.006320953369140625, 0.002117156982421875, 4.359375, 0.005397796630859375, 0.00514984130859375, 0.0001055002212524414, 0.0031833648681640625, 0.002094268798828125, 1.6748046875, 0.388427734375]",-0.7812625594970964
244,0,test,3.3219729606186625,1.3870638379468838,1.603101671866969,6.673606394099992,2.786512174446865,3.2205167515184647,27.71497721126455,20.791562365919617,22.136748511106482,55.67740957620111,41.76876368153495,44.4711465624907,3.684584579875122,1.6001789052036521,2.2114139439798626,6.352732034267452,2.7589291469028483,3.8127826620342455,39.828573421755145,31.788761624048387,35.46552655523166,68.66995417543991,54.80820969663516,61.14745957798563,3.5052815751487194,1.5308231193083046,2.1426857706075104,6.185791014968329,2.701452563485244,3.7812101834250185,33.29081639938232,26.088098391793515,29.384496203288194,58.748499528321744,46.03782069140032,51.85499329992034,0.6834170854271358,-0.026582914572864214,-0.011582914572864311,0.5979899497487438,0.002989949748743781,-0.0020100502512562235,0.507537688442211,-0.007462311557788981,-0.007462311557788981,0.43875278396436523,0.10838570943711268,0.13767751514716098,0.3950892857142857,0.44723618090452266,0.12142164456367055,0.18012432781604182,0.398989898989899,0.4548494983277592,0.14433196911240032,0.2012343704078482,0.40268456375838924,28.0,1.0,0.0,41.0,1.0,4.0,50.0,4.0,4.0,-0.00010125968139296561,0.0009312536218150672,8.825636035490162e-05,-0.0024230684303025996,-0.0021372362363987207,-0.002893471214476584,"[4.0859375, 8.65625, 5.64453125, 3.23828125, 3.611328125, 10.5390625, 0.884765625, 3.765625, 0.0704345703125, 4.41796875, 0.162841796875, 1.6611328125, 4.6484375, 6.6328125, 3.25, 10.765625, 4.17578125, 0.61865234375, 1.9990234375, 0.197265625, 0.76318359375, 6.421875, 4.1875, 11.3515625, 0.2154541015625, 0.55322265625, 7.02734375, 8.203125, 3.65234375, 10.140625, 0.01849365234375, 0.014068603515625, 11.15625, 10.6953125, 3.5859375, 0.136962890625, 0.1654052734375, 0.92138671875, 2.232421875, 6.09375, 5.234375, 0.402587890625, 6.58203125, 1.697265625, 0.464599609375, 7.55078125, 7.75, 11.1484375, 0.3369140625, 7.953125, 7.484375, 7.0546875, 0.139892578125, 7.95703125, 4.01953125, 7.7109375, 1.603515625, 6.7109375, 5.2734375, 4.52734375, 3.2109375, 6.2890625, 0.1773681640625, 2.94140625, 7.9609375, 9.109375, 0.974609375, 8.1328125, 2.681640625, 0.373779296875, 3.55078125, 7.21484375, 1.9677734375, 1.859375, 0.07623291015625, 0.40185546875, 6.81640625, 2.6484375, 2.822265625, 2.275390625, 0.188720703125, 3.916015625, 7.91015625, 5.04296875, 5.23046875, 3.767578125, 6.6875, 6.23046875, 4.97265625, 3.580078125, 2.431640625, 4.578125, 7.17578125, 1.822265625, 0.054290771484375, 2.203125, 1.55078125, 5.02734375, 4.46875, 2.1875, 7.5859375, 0.10333251953125, 6.88671875, 0.65966796875, 0.0197906494140625, 4.515625, 11.8515625, 0.423095703125, 0.0230865478515625, 5.3671875, 9.40625, 0.409912109375, 2.171875, 6.515625, 2.861328125, 1.3564453125, 7.55859375, 0.12469482421875, 6.1015625, 0.00667572021484375, 1.9345703125, 5.421875, 4.53515625, 4.04296875, 0.56103515625, 4.828125, 8.3046875, 1.2197265625, 10.9296875, 0.027679443359375, 7.93359375, 0.12139892578125, 4.859375, 0.1832275390625, 2.478515625, 4.05078125, 0.01073455810546875, 0.79931640625, 4.83203125, 5.1875, 6.234375, 3.181640625, 1.32421875, 0.049041748046875, 1.2861328125, 6.74609375, 8.59375, 6.3046875, 5.62890625, 4.43359375, 8.6640625, 1.1142578125, 2.59375, 5.0625, 0.5791015625, 9.53125, 0.1669921875, 7.34375, 3.66796875, 4.04296875, 6.078125, 6.86328125, 2.9453125, 6.02734375, 0.302734375, 1.7099609375, 0.157958984375, 0.59228515625, 0.0031642913818359375, 3.73046875, 0.09747314453125, 0.03070068359375, 2.8359375, 1.8759765625, 1.923828125, 9.4765625, 1.5009765625, 0.99755859375, 6.42578125, 5.33984375, 0.287109375, 0.00026702880859375, 2.703125, 6.06640625, 7.53515625, 0.167236328125, 0.1324462890625, 0.165283203125, 1.3447265625, 2.095703125, 5.62109375, 0.0472412109375, 0.308349609375, 0.2244873046875, 0.72509765625, 0.2099609375, 0.09625244140625, 0.004730224609375, 0.1761474609375, 1.7099609375, 0.258544921875, 0.0040740966796875, 0.0032596588134765625, 0.1824951171875, 1.611328125, 0.0273590087890625, 0.76611328125, 1.6962890625, 0.65625, 2.44921875, 0.04022216796875, 0.09796142578125, 7.29296875, 0.399169921875, 2.677734375, 3.234375, 8.328125, 1.298828125, 0.98876953125, 5.13671875, 4.98046875, 0.051025390625, 4.9453125, 0.1895751953125, 3.9609375, 0.00518035888671875, 0.245361328125, 0.65625, 1.6103515625, 0.50439453125, 0.796875, 4.5859375, 5.19140625, 0.175048828125, 0.0430908203125, 12.5703125, 7.76953125, 8.3515625, 3.580078125, 0.72705078125, 3.912109375, 9.0078125, 0.331298828125, 2.326171875, 9.5546875, 0.420654296875, 6.2890625, 0.576171875, 1.9541015625, 3.45703125, 0.07080078125, 15.4296875, 8.515625, 8.234375, 9.59375, 2.73828125, 3.10546875, 5.71484375, 0.48779296875, 2.740234375, 7.16015625, 0.0167694091796875, 4.95703125, 0.0080413818359375, 0.9443359375, 0.04449462890625, 0.002704620361328125, 4.46875, 7.7265625, 0.51318359375, 2.306640625, 4.0703125, 3.203125, 0.7373046875, 5.65234375, 1.7099609375, 0.2489013671875, 0.0072174072265625, 2.0390625, 4.28125, 0.9033203125, 5.3515625, 2.119140625, 1.0888671875, 3.0546875, 8.515625, 2.5859375, 0.5048828125, 12.296875, 0.837890625, 6.671875, 8.3671875, 0.8798828125, 1.6640625, 4.04296875, 4.51953125, 8.671875, 4.94140625, 0.720703125, 5.57421875, 7.69140625, 0.003147125244140625, 2.646484375, 0.0007772445678710938, 0.51416015625, 0.05889892578125, 0.0017881393432617188, 9.6484375, 0.022430419921875, 0.489013671875, 0.2174072265625, 0.80517578125, 2.26171875, 0.0193634033203125, 0.0283050537109375, 3.244140625, 1.8671875, 2.119140625, 0.65576171875, 5.7890625, 2.51953125, 1.322265625, 1.8203125, 3.189453125, 2.908203125, 8.4296875, 0.00279998779296875, 0.0013265609741210938, 3.626953125, 0.00839996337890625, 0.2152099609375, 0.06195068359375, 0.4560546875, 0.037872314453125, 0.052032470703125, 3.46875, 2.51953125, 6.46875, 1.5576171875, 1.0830078125, 9.203125, 2.541015625, 2.1171875, 6.48828125, 0.58349609375, 1.9833984375, 3.330078125, 0.5439453125, 2.703125, 6.328125, 0.53515625, 1.140625, 3.759765625, 3.2421875, 2.39453125, 3.044921875, 0.69189453125, 0.0033321380615234375, 5.1953125, 5.59765625, 4.05859375, 0.0084381103515625, 2.625, 6.0234375, 1.1884765625, 5.74609375, 2.734375, 0.11956787109375, 3.24609375, 3.07421875, 3.814453125, 5.9140625, 4.66015625, 0.46435546875, 7.98046875, 0.02838134765625, 6.81640625, 4.90234375, 0.126953125, 3.578125, 3.494140625, 0.01080322265625, 4.796875, 4.5546875, 0.0697021484375, 9.3359375, 0.098388671875, 3.388671875, 6.6328125, 4.125, 0.7490234375, 6.22265625, 6.60546875, 3.9765625, 0.054840087890625, 0.00740814208984375, 1.177734375, 0.491455078125, 0.007137298583984375, 0.00913238525390625, 1.013671875, 8.1796875, 4.94140625, 3.876953125, 3.3984375, 5.1484375, 6.0078125, 0.1463623046875, 1.568359375, 7.015625, 3.158203125, 3.197265625, 3.572265625, 0.41748046875, 1.5166015625, 6.50390625, 2.599609375, 0.021209716796875, 4.38671875, 5.6015625, 1.6171875, 7.78125, 7.875, 0.38623046875, 4.45703125, 3.732421875, 7.31640625, 0.0296173095703125, 3.458984375, 0.0186920166015625, 0.483154296875, 0.058563232421875, 0.07562255859375, 0.29931640625, 0.00824737548828125, 9.015625, 6.72265625, 4.3984375, 5.89453125, 0.7685546875, 0.0003886222839355469, 4.57421875, 3.642578125, 0.279296875, 0.00058746337890625, 6.375, 4.6953125, 4.60546875, 2.61328125]",-0.957862740370107
205,0,test,4.111635411039312,1.8829103511418128,2.580662456661498,10.118198446296741,4.633596777157679,6.350673697697427,61.046472051902796,51.75845518950577,56.42379976766119,150.22740513642165,127.37080711852286,138.8516116021575,4.271814164204813,1.8775476855061592,2.645767975519162,8.899612842093362,3.9115576781378323,5.512016615664921,71.6515053773437,60.691349775159665,66.56777057546432,149.2739695361327,126.44031203158264,138.6828553655507,4.134914695793856,1.9061896358963568,2.6029415740709414,10.175485729649226,4.6908840605101645,6.405499699670228,62.48426067286287,53.19624381046583,57.856962629874644,153.7656153949582,130.9090173770594,142.37843847177848,0.8090452261306533,0.009045226130653283,0.024045226130653297,0.6783919597989949,0.013391959798994879,0.00339195979899487,0.5577889447236181,-0.012211055276381999,-0.012211055276381999,0.45035460992907805,0.1264608046193435,0.1944583835139837,0.41637010676156583,0.4723618090452262,0.13652221004773246,0.21192775228395744,0.4191919191919192,0.45390070921985815,0.1300069039101236,0.19918372808778262,0.4199288256227758,23.0,2.0,2.0,34.0,1.0,0.0,45.0,2.0,3.0,0.00030239724341098975,0.00020361494640372104,0.00033975512320238884,-0.00026647385093347964,0.00016949575638847136,1.9271695109068787e-05,"[11.53125, 6.25, 10.875, 3.1875, 1.3232421875, 6.40625, 8.0078125, 6.88671875, 1.525390625, 5.140625, 5.1484375, 1.3232421875, 2.845703125, 5.55859375, 0.11669921875, 3.400390625, 0.599609375, 9.3203125, 0.0172271728515625, 0.8115234375, 16.671875, 0.88427734375, 7.66796875, 0.5703125, 6.71875, 2.83984375, 0.7431640625, 5.01171875, 10.734375, 0.6640625, 14.6171875, 1.18359375, 9.515625, 2.513671875, 11.78125, 3.466796875, 1.4541015625, 0.0308685302734375, 5.34375, 3.830078125, 10.140625, 8.7421875, 1.25390625, 2.18359375, 0.8291015625, 7.14453125, 3.724609375, 1.1279296875, 5.0546875, 2.203125, 8.53125, 1.6025390625, 4.32421875, 1.1328125, 5.25, 8.5625, 12.0, 0.43603515625, 7.0703125, 10.8359375, 0.0275421142578125, 5.72265625, 2.021484375, 0.57373046875, 0.02960205078125, 0.47509765625, 9.2265625, 1.3251953125, 5.65625, 1.90625, 5.29296875, 6.16796875, 1.228515625, 4.953125, 3.8125, 6.42578125, 0.5322265625, 7.29296875, 2.451171875, 4.375, 4.19921875, 7.83203125, 2.541015625, 0.98779296875, 0.09857177734375, 6.453125, 4.60546875, 0.11236572265625, 7.73828125, 6.42578125, 0.0135498046875, 9.4140625, 4.875, 0.55615234375, 5.015625, 6.9609375, 0.5732421875, 2.625, 4.44140625, 7.9921875, 9.7578125, 2.552734375, 3.970703125, 3.92578125, 8.0390625, 2.771484375, 6.83984375, 1.4501953125, 0.82470703125, 1.9697265625, 4.88671875, 8.8359375, 4.45703125, 4.8515625, 6.5546875, 3.9453125, 3.626953125, 0.054962158203125, 7.9375, 6.16015625, 0.0124053955078125, 6.00390625, 0.46826171875, 0.415283203125, 5.61328125, 3.796875, 1.6875, 6.29296875, 5.6484375, 0.72705078125, 0.548828125, 3.935546875, 2.076171875, 7.66796875, 4.56640625, 3.013671875, 0.896484375, 8.359375, 2.29296875, 2.001953125, 0.8779296875, 7.60546875, 2.251953125, 2.01953125, 0.572265625, 1.2236328125, 1.7646484375, 1.47265625, 1.865234375, 1.1689453125, 3.314453125, 0.07659912109375, 0.08746337890625, 0.0129852294921875, 4.90234375, 5.77734375, 13.7890625, 0.136474609375, 5.90234375, 2.869140625, 6.328125, 2.7109375, 1.5185546875, 6.9375, 6.9609375, 2.646484375, 8.6171875, 4.8203125, 8.1484375, 2.171875, 0.09002685546875, 3.228515625, 5.30859375, 2.78515625, 5.16015625, 0.89501953125, 5.84375, 7.6953125, 1.345703125, 3.3671875, 0.95654296875, 7.3828125, 9.5546875, 4.58203125, 0.394287109375, 0.69580078125, 4.4453125, 3.224609375, 6.11328125, 0.71875, 5.65234375, 0.018096923828125, 8.6640625, 7.98828125, 4.9921875, 8.2421875, 7.78515625, 5.21484375, 5.77734375, 2.474609375, 12.9609375, 9.8515625, 3.861328125, 1.333984375, 2.0625, 0.2056884765625, 0.5927734375, 1.2646484375, 0.1337890625, 9.1328125, 0.10333251953125, 8.171875, 3.525390625, 2.927734375, 1.92578125, 2.048828125, 1.1201171875, 2.875, 1.3056640625, 0.03570556640625, 4.86328125, 2.783203125, 5.8515625, 4.484375, 2.525390625, 9.8828125, 0.77685546875, 4.72265625, 8.5, 7.05078125, 2.001953125, 8.0703125, 6.5625, 10.15625, 1.919921875, 10.140625, 6.44140625, 7.73828125, 1.5576171875, 5.875, 2.978515625, 5.7265625, 10.390625, 0.423583984375, 5.3046875, 8.3359375, 3.560546875, 0.92578125, 1.2255859375, 1.736328125, 3.544921875, 6.0390625, 7.27734375, 0.1314697265625, 2.54296875, 0.033905029296875, 0.6240234375, 2.794921875, 0.69970703125, 5.62109375, 1.74609375, 2.078125, 0.283447265625, 0.68505859375, 7.0234375, 2.474609375, 9.390625, 2.884765625, 0.29931640625, 0.64404296875, 1.8837890625, 4.55078125, 6.33984375, 0.392578125, 1.5908203125, 4.41015625, 1.6083984375, 0.59912109375, 3.068359375, 1.2587890625, 0.35791015625, 8.4375]",-0.5336315986957958
167,0,test,3.0605825501438986,1.0902224223433532,1.6189816764635863,9.568034768411023,3.4082681552869873,5.061282522536648,21.33998515313318,14.166725839788768,17.11252712401107,66.71335164377558,44.288210877786256,53.49741489253947,3.4655686383271336,1.3429807710779103,1.9110150408084166,8.350767803197913,3.23609824356123,4.604855520020282,31.994647984490527,23.641922697818575,27.26167474198262,77.09553731202537,56.968488428478494,65.6907825108015,3.1173714124239407,1.1439013176189698,1.671940334850803,9.54297371150186,3.5017387274050105,5.118184698522867,22.5869298197668,15.39132718115004,18.34324871543521,69.14366271357184,47.11630769739808,56.152802190107785,0.6532663316582914,0.008266331658291382,-0.006733668341708521,0.5879396984924623,0.007939698492462233,-0.002060301507537776,0.5477386934673367,0.0027386934673367946,-0.002261306532663321,0.5046728971962617,0.170302757227366,0.2228076122221685,0.421875,0.5326633165829145,0.20434251457790198,0.2521958708400097,0.4242424242424242,0.5050167224080268,0.17446580421103175,0.23137934754707012,0.41946308724832215,20.0,0.0,0.0,35.0,-2.0,-1.0,39.0,-1.0,0.0,0.002075972229466588,0.0005425781264966752,0.0005164341826367279,-0.04823996845704315,-0.04757973115023262,-0.048616441718551506,"[11.2890625, 10.8203125, 6.64453125, 6.41796875, 6.671875, 0.423095703125, 7.8984375, 6.67578125, 3.4296875, 4.703125, 4.93359375, 4.38671875, 3.46484375, 5.69921875, 12.3515625, 6.92578125, 8.1171875, 7.29296875, 0.303955078125, 0.77587890625, 0.403076171875, 9.6484375, 1.7275390625, 1.6123046875, 1.5947265625, 0.005138397216796875, 0.5546875, 0.240478515625, 7.9921875, 13.2890625, 2.970703125, 0.8544921875, 1.337890625, 0.0013675689697265625, 0.224853515625, 0.140869140625, 6.62890625, 5.43359375, 9.6328125, 6.3515625, 3.259765625, 2.7421875, 0.0015354156494140625, 0.0987548828125, 3.142578125, 6.6171875, 6.24609375, 10.453125, 11.0546875, 4.7578125, 10.515625, 6.80859375, 10.9453125, 4.05859375, 6.88671875, 6.80859375, 3.55859375, 2.0390625, 4.80859375, 4.7890625, 5.58203125, 5.08203125, 1.9208984375, 0.462646484375, 0.26953125, 4.5703125, 3.7421875, 4.37890625, 2.70703125, 5.2421875, 2.529296875, 0.1529541015625, 0.2332763671875, 5.96875, 6.8984375, 5.1796875, 0.86376953125, 0.06280517578125, 0.15234375, 4.37109375, 0.54931640625, 2.640625, 7.484375, 1.029296875, 0.06341552734375, 0.072998046875, 3.833984375, 0.35205078125, 3.513671875, 6.05078125, 0.287109375, 0.06488037109375, 8.15625, 6.58203125, 5.7890625, 1.306640625, 0.145263671875, 0.286865234375, 4.2578125, 0.2783203125, 6.4140625, 4.76171875, 0.6220703125, 0.05615234375, 5.44140625, 5.12109375, 4.69921875, 0.51318359375, 0.05682373046875, 6.375, 4.9609375, 4.375, 0.10162353515625, 0.051849365234375, 0.794921875, 3.796875, 5.41796875, 4.640625, 0.1673583984375, 0.016510009765625, 0.50146484375, 4.45703125, 4.984375, 5.43359375, 0.310302734375, 0.09991455078125, 0.325927734375, 2.78125, 5.8125, 1.474609375, 5.4296875, 1.1611328125, 0.044647216796875, 6.390625, 4.65625, 0.97216796875, 4.37109375, 1.576171875, 0.16552734375, 5.171875, 0.81201171875, 4.875, 5.0625, 1.41015625, 0.07330322265625, 0.51025390625, 5.13671875, 4.671875, 4.53515625, 1.080078125, 0.08795166015625, 6.46484375, 3.84375, 5.17578125, 0.6328125, 0.053924560546875, 0.5869140625, 3.7734375, 5.8515625, 0.86181640625, 4.3671875, 0.394775390625, 0.021942138671875, 5.53125, 4.1015625, 4.7578125, 0.425537109375, 0.0543212890625, 0.72021484375, 4.609375, 0.77392578125, 4.2734375, 5.5078125, 0.2056884765625, 0.0421142578125, 4.72265625, 5.734375, 4.3671875, 0.44091796875, 0.0447998046875, 5.4609375, 1.0517578125, 5.78515625, 3.876953125, 0.1756591796875, 0.018829345703125, 6.00390625, 0.99462890625, 5.33203125, 5.1328125, 0.58447265625, 0.041168212890625, 5.69140625, 5.46484375, 2.9609375, 0.07293701171875, 0.03179931640625, 4.69140625, 6.265625, 4.90234375, 0.2017822265625, 0.02099609375, 5.21875, 6.37109375, 4.5390625, 0.466064453125, 0.0258636474609375, 1.0078125, 4.01953125, 0.5908203125, 4.234375, 4.18359375, 0.382080078125, 0.0194091796875, 1.0029296875, 3.1640625, 5.0625, 1.6533203125, 5.02734375, 1.3046875, 0.01898193359375, 0.4755859375, 5.51171875, 0.5380859375, 4.71875, 1.0205078125, 4.3125, 0.998046875, 0.0095062255859375, 0.97509765625, 4.59375, 5.390625, 0.59375, 3.41015625, 1.1845703125, 0.03570556640625, 0.90673828125, 2.37109375, 5.73046875, 0.51806640625, 4.3828125, 0.89892578125, 0.01053619384765625, 5.20703125, 0.80810546875, 4.37109375, 4.12890625, 0.9609375, 0.0162200927734375, 5.2265625, 4.94921875, 0.826171875, 3.515625, 1.0322265625, 0.03814697265625, 4.7734375, 0.84765625, 4.44140625, 4.5078125, 0.418701171875, 0.0172576904296875, 3.580078125, 4.6796875, 0.95654296875, 3.326171875, 0.498291015625, 0.012298583984375, 3.498046875, 0.6396484375, 4.84765625, 1.2470703125, 4.21484375, 1.9677734375, 0.01328277587890625, 0.73046875, 4.07421875, 0.35498046875, 3.791015625, 0.442138671875, 5.4453125, 0.46142578125, 0.01255035400390625, 5.703125, 5.77734375, 5.4921875, 0.38525390625, 0.0158538818359375, 0.9052734375, 4.1015625, 5.5234375, 5.02734375, 1.58203125, 0.0162200927734375, 0.475830078125, 3.892578125, 4.4609375, 1.2119140625, 3.412109375, 0.56640625, 0.0119476318359375, 0.81494140625, 4.28125, 0.220947265625, 3.359375, 0.393798828125, 4.48046875, 0.568359375, 0.005859375, 5.16015625, 1.0185546875, 5.91796875, 5.0, 0.1737060546875, 0.0107879638671875, 1.40625, 3.763671875, 0.75048828125, 4.28515625, 0.521484375, 4.47265625, 1.0791015625]",-0.9038418215754618
145,0,test,3.5800371648424267,1.6668544086002755,2.2817792496977107,7.653872559318292,3.5636197701109333,4.878286671767519,35.87487410633066,29.100257631772248,32.21196410019727,76.69800671008623,62.21434390240963,68.86695773145624,3.6612064227386933,1.651480109018621,2.283213662976787,6.90793664667678,3.116000205695512,4.307950307503372,38.908254370888685,31.446979351638866,34.94132332377215,73.41180069978996,59.33392330497898,65.92702513919274,3.7276762592353947,1.762660499982251,2.3873650864286153,7.712433639797368,3.646883793066726,4.93937604088679,41.58236916306688,34.44734413112877,37.76213709029843,86.03248792358664,71.27036716785264,78.12855949716916,0.7487437185929648,-0.006256281407035158,-0.006256281407035158,0.6532663316582914,0.008266331658291382,0.01826633165829139,0.5376884422110553,-0.007311557788944656,0.002688442211055353,0.4563106796116505,0.13159339366657785,0.21411477003145674,0.39610389610389607,0.4371859296482412,0.09884006498658704,0.17842132196877547,0.36363636363636365,0.43143812709030105,0.10589555613871504,0.181160040327231,0.3959731543624161,24.0,3.0,3.0,33.0,0.0,1.0,44.0,2.0,1.0,0.0003829915482620284,0.000239992848531516,8.694518935359841e-05,-0.0018702187124333136,-0.0034314181985735104,-0.004263551828813661,"[7.2734375, 3.529296875, 8.4921875, 0.251708984375, 0.1683349609375, 5.9296875, 6.66796875, 7.47265625, 2.24609375, 7.24609375, 4.16796875, 4.09765625, 5.27734375, 8.265625, 0.7109375, 2.658203125, 3.455078125, 3.640625, 2.15234375, 8.6328125, 7.71484375, 4.25, 3.84375, 4.26953125, 7.19921875, 5.7265625, 2.416015625, 6.58203125, 3.693359375, 2.470703125, 3.662109375, 2.51953125, 0.8271484375, 6.65234375, 9.625, 1.1591796875, 3.6015625, 3.265625, 4.9921875, 4.69140625, 8.0234375, 9.0234375, 6.48828125, 1.076171875, 3.203125, 3.6875, 0.529296875, 3.44921875, 0.08367919921875, 0.0369873046875, 0.91064453125, 3.51953125, 7.53515625, 0.429931640625, 0.1871337890625, 5.83203125, 4.13671875, 5.23828125, 0.3935546875, 0.73193359375, 4.22265625, 1.9189453125, 0.2568359375, 1.978515625, 8.3203125, 0.4296875, 5.27734375, 1.880859375, 8.140625, 1.2880859375, 0.796875, 6.1875, 2.6640625, 2.333984375, 1.3037109375, 0.87646484375, 0.1593017578125, 9.5859375, 0.197998046875, 4.55078125, 11.734375, 1.8134765625, 7.02734375, 3.037109375, 10.2578125, 0.07000732421875, 3.91796875, 3.939453125, 0.2469482421875, 3.267578125, 2.435546875, 3.134765625, 6.953125, 9.421875, 3.421875, 1.517578125, 1.625, 8.6796875, 2.970703125, 4.11328125, 1.8134765625, 5.51171875, 1.076171875, 1.6552734375, 0.873046875, 0.432373046875, 1.66796875, 0.364990234375, 3.015625, 3.44140625, 6.0703125, 2.185546875, 2.93359375, 6.06640625, 8.234375, 3.81640625, 4.79296875, 6.578125, 4.49609375, 3.7734375, 5.23828125, 4.37109375, 0.58935546875, 0.86474609375, 2.328125, 2.859375, 0.44775390625, 8.734375, 1.2060546875, 0.250732421875, 1.9091796875, 0.2191162109375, 0.2012939453125, 4.55078125, 3.48046875, 1.373046875, 1.234375, 4.01171875, 12.8515625, 0.00276947021484375, 6.0078125, 2.775390625, 4.83984375, 13.46875, 2.921875, 7.65625, 0.059234619140625, 0.267822265625, 0.52099609375, 9.8671875, 1.345703125, 1.560546875, 7.953125, 3.337890625, 3.537109375, 0.006481170654296875, 1.20703125, 4.14453125, 6.32421875, 0.62890625, 3.744140625, 7.17578125, 5.73046875, 0.6826171875, 8.265625, 3.744140625, 0.334716796875, 6.46484375, 0.59423828125, 2.37890625, 0.75390625, 0.82177734375, 0.031646728515625, 4.31640625, 4.59765625, 2.1796875, 8.265625, 2.208984375, 0.019561767578125, 0.0865478515625, 1.2001953125, 5.80078125, 0.43701171875, 4.0703125, 0.00801849365234375, 1.9228515625, 0.66064453125, 3.880859375, 0.017547607421875, 0.034149169921875, 1.587890625, 8.25, 0.2464599609375, 2.22265625, 6.25390625, 8.390625, 3.87109375, 3.611328125, 7.43359375, 1.5478515625, 2.232421875, 11.3046875, 2.189453125, 0.379150390625, 0.0027103424072265625, 0.5859375, 0.370849609375, 2.298828125, 6.1171875, 1.125, 5.52734375, 2.951171875, 2.37890625, 4.578125, 0.372802734375, 3.001953125, 1.3916015625, 8.1484375, 8.125, 8.5703125, 9.0078125, 3.71875, 0.3935546875, 5.8046875, 3.689453125, 4.45703125, 0.059844970703125, 5.3046875, 1.64453125, 1.6142578125, 7.41015625, 0.0006394386291503906, 1.6240234375, 6.5390625, 2.65234375, 0.01232147216796875, 1.060546875, 0.57568359375, 6.00390625, 0.87353515625, 0.5927734375, 6.41796875, 1.09375, 4.3984375, 0.439453125, 1.4990234375, 7.16796875, 2.15625, 1.2734375, 1.83984375, 7.1484375, 0.0130615234375, 0.0038089752197265625, 2.130859375, 10.25, 4.91796875, 10.3046875, 9.8515625, 7.71875, 0.38037109375, 7.50390625, 2.759765625, 4.015625, 4.78125, 4.98046875, 8.4921875, 3.89453125, 1.40234375, 0.640625, 1.630859375, 4.08203125, 1.62890625, 2.173828125, 0.240966796875, 0.84423828125, 7.48046875, 3.640625, 0.96484375, 5.2421875, 6.234375, 9.8359375, 0.031982421875, 5.86328125, 0.150390625, 5.0546875, 6.32421875, 7.53515625, 0.34619140625, 4.8046875, 0.0226593017578125, 8.4375, 1.59375, 0.65673828125, 4.546875, 5.2890625, 7.01953125, 9.4921875, 5.0703125, 7.36328125, 0.01280975341796875, 0.1939697265625, 0.0033435821533203125, 0.0838623046875, 0.06298828125, 0.08953857421875, 0.066162109375, 0.09844970703125, 0.01096343994140625, 4.0703125]",-1.11338944419688
95,0,test,2.8006832551543925,1.2579645107049142,1.7030532687204702,6.8156487607953045,3.0613402078693017,4.144493269333731,16.455886500129704,11.77859714527353,13.458831959929551,40.046493021294665,28.663998647239083,32.75296169269569,2.998553942196333,1.2403727407108691,1.7843599811372215,5.657648947540251,2.340325925869564,3.366716945541927,20.056513065924307,14.254637715993464,16.68893449531693,37.84247748287605,26.895542860365026,31.488555651541372,2.7478030916041756,1.1822013046977629,1.6471965651084255,6.542388313343276,2.81476501118515,3.9218965835914896,15.608304176090694,10.822750222850791,12.602315493163498,37.162628990692134,25.76845291154951,30.005513078960718,0.7135678391959799,0.013567839195979925,0.003567839195979916,0.5376884422110553,-0.012311557788944771,-0.007311557788944656,0.40703517587939697,0.0020351758793969443,0.022035175879396962,0.40634005763688763,0.09410984180954951,0.1502305757209541,0.3323699421965318,0.4120603015075377,0.08875203083084593,0.15496514290987495,0.28787878787878785,0.4046822742474916,0.08581749962311769,0.15106714632758056,0.3120805369127517,18.0,5.0,5.0,28.0,8.0,6.0,36.0,7.0,8.0,0.002034903367760006,-0.00011692685146136608,0.00047658782822662237,-0.0043580424428508735,-0.00357861215046551,-0.0040376288664942805,"[3.84765625, 2.91015625, 6.4609375, 5.8671875, 1.2861328125, 3.119140625, 12.1796875, 0.097412109375, 0.03509521484375, 4.109375, 7.8671875, 11.53125, 9.734375, 1.416015625, 1.0595703125, 0.054290771484375, 8.109375, 4.4296875, 6.62890625, 3.3828125, 7.3203125, 6.37109375, 4.01953125, 2.587890625, 2.220703125, 5.1640625, 1.5830078125, 7.25, 2.46875, 0.038177490234375, 1.6650390625, 1.052734375, 4.515625, 6.7265625, 1.498046875, 4.828125, 0.298828125, 2.51171875, 3.41796875, 0.67529296875, 8.1484375, 5.68359375, 3.443359375, 0.7333984375, 4.61328125, 3.009765625, 9.1796875, 1.13671875, 4.03125, 6.80859375, 2.162109375, 4.08203125, 8.1015625, 7.4609375, 0.0872802734375, 1.44140625, 3.583984375, 9.140625, 2.060546875, 6.6796875, 4.83984375, 1.0576171875, 0.44677734375, 1.7421875, 6.79296875, 2.353515625, 1.6015625, 6.07421875, 1.5087890625, 0.5908203125, 3.5078125, 0.52783203125, 3.3984375, 1.0302734375, 4.4296875, 2.263671875, 4.6484375, 3.744140625, 2.91796875, 4.10546875, 5.94921875, 1.0751953125, 3.974609375, 5.3203125, 3.435546875, 0.264892578125, 7.53515625, 3.76171875, 0.83544921875, 1.87890625, 4.9765625, 2.693359375, 2.529296875, 0.5283203125, 0.2080078125, 0.90869140625, 0.654296875, 3.02734375, 0.87841796875, 9.8359375, 4.33203125, 0.182373046875, 3.443359375, 2.353515625, 2.12890625, 1.892578125, 7.30859375, 0.278076171875, 1.0322265625, 3.365234375, 4.44140625, 2.240234375, 0.66259765625, 6.0390625, 2.876953125, 8.3671875, 3.525390625, 2.728515625, 2.458984375, 1.775390625, 6.9609375, 2.029296875, 1.3427734375, 2.66015625, 5.078125, 1.150390625, 3.90625, 0.9892578125, 3.482421875, 2.021484375, 1.9365234375, 0.190185546875, 1.404296875, 0.4580078125, 5.0234375, 0.15966796875, 3.341796875, 4.12109375, 0.5888671875, 0.09234619140625, 3.501953125, 1.1328125, 1.0380859375, 3.244140625, 0.1575927734375, 0.1036376953125, 0.0252838134765625, 0.25048828125, 0.286865234375, 14.40625, 0.322509765625, 1.3310546875, 0.45849609375, 1.048828125, 0.043487548828125, 0.0198974609375, 0.328369140625, 1.0537109375, 1.5712890625, 0.09405517578125, 0.0152587890625, 0.026153564453125, 0.1318359375, 0.6337890625, 0.52685546875, 2.517578125, 0.59130859375, 3.634765625, 0.09454345703125, 2.275390625, 0.0131683349609375, 3.353515625, 2.2109375, 2.6171875, 0.03033447265625, 0.3056640625, 0.033294677734375, 10.859375, 1.6328125, 2.583984375, 0.357666015625, 0.89208984375, 2.298828125, 3.630859375, 0.08270263671875, 2.38671875, 7.88671875, 0.10858154296875, 0.87744140625, 0.335205078125, 10.6953125, 0.8603515625, 0.06085205078125, 0.07891845703125, 0.7470703125, 15.1015625, 3.458984375, 0.4638671875, 4.37109375, 1.0830078125, 0.462646484375, 0.474853515625, 4.078125, 2.759765625, 0.2423095703125, 0.78076171875, 2.720703125, 0.0806884765625, 0.050445556640625, 0.0804443359375, 0.498779296875, 3.490234375, 0.06982421875, 0.0186920166015625, 1.060546875, 0.414306640625, 2.736328125, 0.6376953125, 0.17626953125, 1.5263671875, 2.1484375, 1.572265625, 2.791015625, 3.34765625, 0.40234375, 0.1727294921875, 4.06640625, 0.053375244140625, 0.0227813720703125, 3.32421875, 0.07879638671875, 0.213623046875, 0.0196075439453125, 0.16064453125, 2.560546875, 5.17578125, 0.0288238525390625, 0.01305389404296875, 0.11468505859375, 0.42236328125, 0.63720703125, 0.0303955078125, 0.1534423828125, 0.54443359375, 0.351318359375, 3.431640625, 4.703125, 4.1171875, 0.2410888671875, 0.7890625, 0.1292724609375, 1.90625, 3.24609375, 0.196533203125, 7.0859375, 0.216064453125, 0.019683837890625, 3.14453125, 0.6845703125, 2.91796875, 3.7421875, 1.96484375, 0.333740234375, 1.6416015625, 4.765625, 4.33984375, 3.103515625, 6.59375, 5.38671875, 8.375, 2.09765625, 7.0390625, 7.7421875, 1.8447265625, 2.998046875, 3.541015625, 5.5625, 4.9921875, 9.015625, 0.7587890625, 3.291015625, 5.02734375, 3.716796875, 2.845703125, 3.009765625, 5.1484375, 1.1376953125, 1.994140625, 1.9326171875, 1.4658203125, 7.125, 1.5205078125, 1.2216796875, 1.0068359375, 0.8388671875, 2.171875, 5.25, 9.2265625, 1.7080078125, 0.1436767578125, 4.8125, 3.822265625, 0.83544921875, 1.0849609375, 2.859375, 5.86328125, 1.7353515625, 11.6171875, 6.25390625, 0.5263671875, 8.6640625, 1.9013671875, 2.119140625, 4.66015625, 5.06640625, 1.9482421875, 6.60546875, 2.75390625, 1.1513671875, 2.623046875, 4.77734375, 2.638671875, 6.1015625, 0.64111328125, 3.326171875, 0.417236328125, 4.625, 0.72119140625, 0.51220703125, 2.291015625, 4.21484375, 3.1640625, 0.33837890625, 0.413818359375, 4.36328125, 1.5615234375, 1.0048828125, 5.125, 5.109375, 0.666015625, 0.0185546875, 1.5732421875, 6.2890625, 0.394287109375, 1.5029296875, 0.8896484375, 4.6015625]",-0.9967026758606221
184,0,test,2.0744430291371083,0.7848477453496376,1.1033024743869553,7.779161359264156,2.9431790450611413,4.1373842789510835,7.960111673858651,4.328795068245222,5.319156777963242,29.850418776969942,16.232981505919586,19.946837917362156,2.1564494251605852,0.8548857836793531,1.1922777538504534,6.956288468259952,2.7576960763850096,3.8460572704853337,8.640404727336641,4.9653661072333275,6.01779035756061,27.872273313989165,16.017310023333316,19.41222695987294,2.0688983075262053,0.7818393819443838,1.1027519175187768,7.75836865322327,2.9318976822914395,4.135319690695413,7.916097207381915,4.293979250972422,5.288298795145906,29.685364527682182,16.10242219114658,19.83112048179715,0.457286432160804,0.007286432160804046,-0.0027135678391959628,0.38190954773869346,0.0019095477386934512,-0.0030904522613065533,0.29145728643216084,-0.0035427135678391952,0.0014572864321608092,0.3464566929133859,0.09105394242222675,0.1435771117615534,0.22924901185770752,0.3668341708542714,0.1011700104532689,0.15314468838348672,0.21717171717171713,0.34251968503937,0.09497548071716966,0.13964010388753756,0.23320158102766797,22.0,1.0,1.0,31.0,-1.0,-1.0,38.0,-1.0,-3.0,0.0003294517464046859,0.00013261384591144862,0.0005184265347074242,-0.11968383669579463,-0.1275445457324631,-0.13057679657223886,"[9.1875, 9.0703125, 2.865234375, 2.43359375, 6.76171875, 5.2890625, 7.23828125, 3.841796875, 6.28125, 2.912109375, 2.283203125, 10.6171875, 0.0250396728515625, 8.578125, 4.25390625, 4.74609375, 1.7353515625, 0.4130859375, 1.5390625, 4.31640625, 7.4609375, 4.66015625, 3.365234375, 2.021484375, 3.458984375, 8.984375, 3.7421875, 0.274169921875, 0.890625, 4.90234375, 9.4296875, 4.19921875, 9.4140625, 6.484375, 4.96875, 0.8212890625, 0.1070556640625, 4.76953125, 2.2890625, 3.322265625, 0.030731201171875, 0.85009765625, 10.1953125, 3.541015625, 0.436767578125, 0.044647216796875, 0.78369140625, 6.8359375, 2.251953125, 9.0703125, 4.05078125, 5.98046875, 3.63671875, 0.81201171875, 2.923828125, 5.03125, 2.421875, 0.073974609375, 0.0181121826171875, 2.767578125, 1.265625, 0.01201629638671875, 2.177734375, 0.30908203125, 0.0265350341796875, 0.0509033203125, 0.00551605224609375, 0.10369873046875, 0.019317626953125, 0.06134033203125, 0.0017194747924804688, 0.0889892578125, 5.66796875, 2.09765625, 0.01326751708984375, 0.01337432861328125, 0.3173828125, 5.7265625, 1.904296875, 8.0703125, 5.61328125, 2.970703125, 3.677734375, 0.1387939453125, 2.0, 1.4912109375, 0.2420654296875, 0.0143890380859375, 2.76171875, 0.59765625, 0.003849029541015625, 0.69921875, 0.184326171875, 0.0091400146484375, 0.01532745361328125, 0.0015363693237304688, 0.0850830078125, 0.018157958984375, 0.06585693359375, 0.0005745887756347656, 0.043212890625, 5.9609375, 4.72265625, 0.0198974609375, 0.005992889404296875, 0.20361328125, 7.81640625, 1.263671875, 4.859375, 3.4453125, 3.171875, 5.515625, 1.7939453125, 1.029296875, 1.1767578125, 0.025909423828125, 0.0031147003173828125, 1.751953125, 0.09918212890625, 0.0037059783935546875, 0.1314697265625, 0.07086181640625, 0.00678253173828125, 0.009674072265625, 0.0012722015380859375, 0.0300750732421875, 0.006137847900390625, 0.03875732421875, 0.0003304481506347656, 0.037353515625, 8.421875, 0.68994140625, 0.0032444000244140625, 0.00865936279296875, 0.22265625, 4.765625, 0.1932373046875, 1.5390625, 8.9921875, 0.61865234375, 2.998046875, 0.0192413330078125, 0.001979827880859375, 0.427734375, 0.1041259765625, 0.0022602081298828125, 0.06646728515625, 0.03546142578125, 0.00745391845703125, 0.011077880859375, 0.0006642341613769531, 0.0275115966796875, 0.00848388671875, 0.0201263427734375, 0.0002598762512207031, 0.034210205078125, 6.7109375, 0.165283203125, 0.0048065185546875, 0.007633209228515625, 0.1380615234375, 5.06640625, 0.8505859375, 2.173828125, 5.28125, 0.85302734375, 0.297607421875, 4.19140625, 0.9345703125, 0.55517578125, 0.0174713134765625, 0.0032405853271484375, 1.1962890625, 0.0946044921875, 0.0015430450439453125, 0.042327880859375, 0.00836944580078125, 0.00516510009765625, 0.007656097412109375, 0.0006341934204101562, 0.0175628662109375, 0.0028934478759765625, 0.01861572265625, 0.00011587142944335938, 0.030181884765625, 1.4052734375, 0.27587890625, 0.004962921142578125, 0.00766754150390625, 0.267578125, 2.779296875, 0.607421875, 7.64453125, 5.51171875, 2.705078125, 2.443359375, 8.1171875, 8.171875, 0.43408203125, 0.01078033447265625, 0.0015106201171875, 0.6357421875, 0.08319091796875, 0.0006990432739257812, 0.03924560546875, 0.003635406494140625, 0.0034580230712890625, 0.00536346435546875, 0.00043892860412597656, 0.0091094970703125, 0.0018873214721679688, 0.030548095703125, 0.0001728534698486328, 0.0282745361328125, 11.296875, 8.3046875, 0.619140625, 0.0078887939453125, 0.007129669189453125, 0.2171630859375, 4.140625, 0.05389404296875, 6.91796875, 6.6484375, 1.8857421875, 5.7421875, 0.873046875, 2.05078125, 1.513671875, 9.453125, 2.146484375, 3.052734375, 6.12109375, 10.328125, 0.2236328125, 3.255859375, 1.064453125, 0.015533447265625, 0.001323699951171875, 0.3828125, 0.03057861328125, 0.0012102127075195312, 0.093017578125, 0.00966644287109375, 0.00461578369140625, 0.0034427642822265625, 0.001087188720703125, 0.00537872314453125, 0.001773834228515625, 0.01015472412109375, 6.210803985595703e-05, 0.036346435546875, 7.55859375, 0.220458984375]",-0.6113775503917003
262,0,test,1.1832891038094444,0.28846104971321873,0.28846104971321873,11.297979525413462,2.754210296576897,2.754210296576897,3.2650958000350596,0.8181807837607571,0.8181807837607571,31.174955789375844,7.811945291523941,7.811945291523941,2.3280433578107824,1.019199032871848,1.422726912226095,8.954012914656856,3.9199962802763393,5.472026585484982,10.25785094048174,6.555957886801134,7.785136661701591,39.45327284800669,25.215222641542823,29.942833314236886,1.698771851517285,0.7154047961115265,0.9978529068052072,9.266028281003374,3.9022079787901456,5.442834037119313,5.467228698164751,2.7937859639238143,3.4516246127656185,29.82124744453501,15.238832530493536,18.82704334235792,0.4623115577889447,-0.01268844221105525,-0.01268844221105525,0.40703517587939697,0.012035175879396953,0.0020351758793969443,0.31658291457286436,-0.0134170854271356,-0.0134170854271356,0.27155172413793105,0.04476775541847844,0.04476775541847844,0.2028776978417266,0.371859296482412,0.12373899573053226,0.17987265207506642,0.28787878787878785,0.3010033444816054,0.0956611074198358,0.12747720432587684,0.20805369127516782,19.0,0.0,2.0,25.0,-1.0,-1.0,34.0,-1.0,-1.0,0.004139011731381854,0.00012974963491574402,0.0007636329836313435,-0.22830105274245405,-0.21361353750078838,-0.22714464570685244,"[4.234375, 3.787109375, 8.3828125, 3.611328125, 2.734375, 4.03515625, 3.564453125, 2.04296875, 7.84375, 0.68896484375, 0.8291015625, 5.20703125, 0.9599609375, 8.7109375, 7.30859375, 4.32421875, 6.8125, 2.5546875, 0.91015625, 1.8603515625, 0.1639404296875, 5.55859375, 12.546875, 4.8828125, 0.615234375, 1.2734375, 4.26171875, 0.17041015625, 0.95458984375, 8.96875, 2.697265625, 2.8359375, 2.880859375, 0.431640625, 13.0546875, 0.5751953125, 6.16796875, 2.603515625, 0.287109375, 2.279296875, 2.779296875, 0.2371826171875, 5.49609375, 4.76171875, 0.286376953125, 0.60546875, 2.5234375, 0.0574951171875, 5.52734375, 0.24853515625, 0.68359375, 0.088134765625, 1.2744140625, 0.01255035400390625, 8.5, 3.078125, 0.1939697265625, 0.08392333984375, 0.2135009765625, 1.14453125, 0.022491455078125, 6.625, 7.17578125, 7.62890625, 6.4609375, 9.6953125, 0.170166015625, 0.201416015625, 4.55078125, 0.379638671875, 4.0078125, 0.06488037109375, 14.09375, 0.1971435546875, 5.03515625, 0.402587890625, 11.9453125, 0.231201171875, 3.3984375, 0.2421875, 5.4296875, 0.066650390625, 3.150390625, 0.0579833984375, 4.76171875, 0.13232421875, 5.8125, 4.1328125, 6.390625, 6.79296875, 6.52734375, 0.7734375, 8.6484375, 0.330322265625, 3.064453125, 1.421875, 4.18359375, 5.91796875, 5.6796875, 0.6640625, 3.869140625, 0.043121337890625, 2.12109375, 0.08892822265625, 1.1982421875, 2.404296875, 0.671875, 0.016448974609375, 0.86767578125, 0.0280303955078125, 2.21875, 0.0806884765625, 5.82421875, 5.56640625, 5.40625, 0.1348876953125, 3.43359375, 0.0265960693359375, 4.2890625, 0.0193939208984375, 5.6875, 8.109375, 4.40234375, 0.07623291015625, 0.410400390625, 0.033966064453125, 1.5703125, 0.051025390625, 1.6875, 0.2432861328125, 0.2392578125, 0.0245513916015625, 0.91259765625, 0.0147247314453125, 1.1533203125, 0.0114288330078125, 0.349609375, 0.323974609375, 0.018707275390625, 0.0080718994140625, 0.1531982421875, 0.0112152099609375, 2.3359375, 0.0190582275390625, 4.87890625, 6.33203125, 3.93359375, 0.03411865234375, 0.456298828125, 0.00688934326171875, 0.7333984375, 0.0175018310546875, 2.166015625, 0.66357421875, 0.0142822265625, 0.0088043212890625, 0.12237548828125, 0.0164642333984375, 1.5888671875, 0.00925445556640625, 1.5, 0.292236328125, 0.044921875, 0.00494384765625, 4.2109375, 1.216796875, 0.18310546875, 2.98046875, 0.1529541015625, 0.0254058837890625, 0.032470703125, 0.0706787109375, 0.0343017578125, 0.0301971435546875, 0.30322265625, 0.08428955078125, 0.09356689453125, 0.0056915283203125, 1.91015625, 0.03546142578125, 0.2413330078125, 0.032012939453125, 0.310546875, 0.0207061767578125, 0.498291015625, 0.0245361328125, 0.31201171875, 0.01065826416015625, 0.673828125, 0.028961181640625, 0.338134765625, 0.034149169921875, 3.54296875, 0.10150146484375, 4.5234375, 1.5361328125, 0.48974609375, 0.007110595703125, 0.110107421875, 0.00612640380859375, 0.481201171875, 0.0120086669921875, 1.14453125, 0.25, 0.0714111328125, 0.012420654296875, 0.385498046875, 0.0039005279541015625, 2.3828125, 0.00447845458984375, 1.3564453125, 0.038177490234375, 0.00232696533203125, 0.00397491455078125, 0.021148681640625, 0.00511932373046875, 0.84716796875, 0.004119873046875, 0.1580810546875, 0.2095947265625, 0.321533203125, 0.007350921630859375, 0.10430908203125, 0.0034923553466796875, 2.46875, 0.00848388671875, 11.0234375, 9.2421875, 0.0312347412109375, 0.04730224609375, 0.00586700439453125, 1.5810546875, 0.0059967041015625, 0.34423828125, 0.06622314453125, 0.0267486572265625, 0.003627777099609375, 0.1412353515625, 0.0037746429443359375, 0.89013671875, 0.0019817352294921875, 1.3466796875, 0.0523681640625, 0.0025177001953125, 0.07080078125, 0.0042572021484375, 1.5009765625, 0.001308441162109375, 1.38671875, 0.3759765625, 0.046844482421875, 0.01058197021484375, 0.397705078125, 0.0025386810302734375, 3.82421875, 0.005054473876953125, 2.251953125, 0.07080078125, 0.002685546875, 0.0027256011962890625, 0.0401611328125, 0.0034046173095703125, 0.861328125, 0.0066680908203125, 0.6435546875, 0.032257080078125, 0.004180908203125, 0.0037403106689453125, 3.21484375, 0.0163116455078125, 0.0213775634765625, 0.38330078125, 0.005336761474609375, 0.002391815185546875, 0.0038242340087890625, 0.00492095947265625, 0.00567626953125, 0.005970001220703125, 0.133056640625, 0.01410675048828125, 0.022674560546875, 0.0017061233520507812, 0.0980224609375, 0.0051727294921875, 0.263916015625, 0.008636474609375, 0.1224365234375, 0.01050567626953125, 0.2420654296875, 0.01505279541015625, 0.35107421875, 0.0038623809814453125, 0.35400390625, 0.0100860595703125, 0.12322998046875, 0.0166778564453125, 1.71484375, 0.017669677734375, 0.4794921875, 0.18994140625, 0.007251739501953125, 0.005218505859375, 0.064208984375, 0.0032825469970703125, 5.18359375, 0.0406494140625, 5.9453125, 3.6328125, 3.232421875, 0.0084075927734375, 2.20703125, 0.004032135009765625, 0.818359375, 0.00682830810546875, 0.0672607421875, 0.037322998046875, 0.0013647079467773438, 0.0035858154296875, 0.020294189453125, 0.00287628173828125, 3.0546875, 0.00925445556640625, 5.2265625, 2.611328125, 2.12890625, 0.01386260986328125, 1.447265625, 0.0056304931640625, 3.05078125, 0.005802154541015625, 0.37255859375, 0.11669921875, 0.05291748046875, 0.003345489501953125, 0.02484130859375, 0.006061553955078125, 1.896484375, 0.006320953369140625, 0.266845703125, 0.0740966796875, 0.02227783203125, 0.00478363037109375, 1.388671875, 0.0091400146484375, 1.3310546875, 0.00620269775390625, 0.110107421875, 0.0390625, 0.01299285888671875, 0.0022563934326171875, 0.0301971435546875, 0.0047149658203125, 4.1015625, 0.0242767333984375, 7.0, 4.66796875, 2.296875, 0.0201263427734375, 2.189453125, 0.01375579833984375, 1.9453125, 0.004009246826171875, 1.2255859375, 0.07977294921875, 0.0015468597412109375, 0.0017185211181640625, 0.059478759765625, 0.006504058837890625, 3.189453125, 0.00995635986328125, 0.93359375, 0.045501708984375, 0.0047760009765625, 0.0019664764404296875, 3.203125, 0.0210418701171875, 0.057403564453125, 0.220458984375, 0.00452423095703125, 0.00208282470703125, 0.00299072265625, 0.003173828125, 0.002655029296875, 0.00583648681640625, 0.054443359375, 0.0078125, 0.01085662841796875, 0.0006136894226074219, 0.053497314453125, 0.0031585693359375, 0.244140625, 0.003658294677734375, 0.2109375, 0.003467559814453125, 0.30029296875, 0.00643157958984375, 0.185791015625, 0.005634307861328125, 0.1871337890625, 0.007068634033203125, 0.09796142578125, 0.00963592529296875, 1.5908203125, 0.004970550537109375, 0.77001953125, 0.10736083984375, 0.00826263427734375, 0.0017757415771484375, 0.0243072509765625, 0.0016031265258789062, 1.2021484375, 0.0175628662109375, 1.2939453125, 0.14306640625, 0.02032470703125, 0.0018301010131835938, 0.0775146484375, 0.002872467041015625, 1.8134765625, 0.00614166259765625, 0.09869384765625, 0.0096282958984375, 0.0009751319885253906, 0.0023097991943359375, 0.0148773193359375, 0.00859832763671875, 1.9736328125, 0.00356292724609375, 0.1676025390625, 0.271484375, 0.036163330078125, 0.002410888671875, 0.75634765625, 0.005588531494140625, 0.765625, 0.0026397705078125, 0.8330078125, 0.03521728515625, 0.0036830902099609375, 0.0325927734375, 0.005157470703125, 1.9169921875, 0.005771636962890625, 0.052703857421875, 0.0289154052734375, 0.0017032623291015625, 0.0033931732177734375, 3.099609375, 0.00579833984375, 0.47216796875, 0.0018987655639648438, 0.234619140625, 0.023529052734375, 0.005657196044921875, 0.034088134765625, 0.00315093994140625, 3.34765625, 0.0084381103515625, 0.313232421875, 0.016357421875, 0.01505279541015625, 0.00464630126953125, 1.4375, 0.00893402099609375, 3.2421875, 0.005756378173828125, 2.240234375, 0.046630859375, 0.00304412841796875, 0.0013446807861328125, 0.015350341796875, 0.00247955322265625, 2.2734375, 0.004474639892578125, 0.093505859375, 0.01454925537109375, 0.0011005401611328125, 0.0038242340087890625, 1.623046875, 0.00739288330078125, 0.0215301513671875, 0.08428955078125, 0.0017652511596679688, 0.0012044906616210938, 0.0014505386352539062, 0.0011501312255859375, 0.004497528076171875, 0.00485992431640625, 0.091552734375, 0.004581451416015625, 0.00628662109375, 0.0011882781982421875, 0.050506591796875, 0.00281524658203125, 0.220947265625, 0.002689361572265625, 0.0648193359375, 0.002872467041015625, 0.172119140625, 0.0055389404296875, 0.1549072265625, 0.0018253326416015625, 0.1370849609375, 0.00445556640625, 0.0887451171875, 0.006938934326171875, 9.546875, 0.0135498046875, 3.572265625, 6.99609375, 3.208984375, 0.029205322265625, 0.1005859375, 0.0036869049072265625, 4.6484375, 0.0692138671875, 5.58984375, 3.486328125, 0.491455078125, 0.007282257080078125, 5.02734375, 0.014892578125, 3.73046875, 0.0022296905517578125, 0.86328125, 0.30859375, 0.00666046142578125, 0.007114410400390625, 0.06878662109375, 0.0020694732666015625, 3.236328125, 0.007007598876953125, 4.5, 3.013671875, 0.077392578125, 0.021453857421875, 3.13671875, 0.01322174072265625, 4.14453125, 0.009490966796875, 6.609375, 1.89453125, 0.1300048828125, 0.0030517578125, 0.143310546875, 0.003711700439453125, 2.349609375, 0.00725555419921875, 1.603515625, 0.0316162109375, 0.00969696044921875, 0.010223388671875, 1.494140625, 0.0173492431640625, 0.83642578125, 0.002483367919921875, 0.6474609375, 0.03509521484375, 0.0054779052734375, 0.00391387939453125, 0.1636962890625, 0.0022335052490234375, 2.7734375, 0.00858306884765625, 5.609375, 6.796875, 1.56640625, 0.01215362548828125, 3.13671875, 0.006481170654296875, 1.8466796875, 0.0015583038330078125, 1.412109375, 1.6044921875, 0.0105438232421875, 0.005184173583984375, 0.05499267578125, 0.002735137939453125, 2.009765625, 0.004055023193359375, 0.46044921875, 0.042236328125, 0.0022125244140625, 0.0032291412353515625, 3.134765625, 0.0147705078125, 0.054595947265625, 0.132568359375, 0.001636505126953125, 0.0006694793701171875, 0.0012884140014648438, 0.0028533935546875, 0.0026607513427734375, 0.0081939697265625, 0.061248779296875, 0.00339508056640625, 0.006908416748046875, 0.0009670257568359375, 0.0399169921875, 0.0023059844970703125, 0.11859130859375, 0.006710052490234375, 0.1820068359375, 0.003543853759765625, 0.2208251953125, 0.0016956329345703125, 0.183837890625, 0.00485992431640625, 0.155517578125, 0.00469970703125, 0.103271484375, 0.0060272216796875, 4.40234375, 0.0278167724609375, 5.73046875, 5.95703125, 2.400390625, 0.02264404296875, 0.077880859375, 0.005207061767578125, 1.53125, 0.005748748779296875, 2.583984375, 0.322265625, 0.03582763671875, 0.00197601318359375, 4.04296875, 0.0048980712890625, 1.3203125, 0.0011110305786132812, 0.7783203125, 0.6279296875, 0.0390625, 0.003429412841796875, 0.06378173828125, 0.0023670196533203125, 2.408203125, 0.00485992431640625, 0.9345703125, 0.016387939453125, 0.250732421875, 0.0078277587890625, 0.387939453125, 0.00353240966796875, 4.6328125, 0.0599365234375, 11.1640625, 8.5390625, 0.007537841796875, 0.10284423828125, 0.0029544830322265625, 2.13671875, 0.005748748779296875, 0.7890625, 0.0162200927734375, 0.0230560302734375, 0.01233673095703125, 0.82763671875, 0.00756072998046875, 1.384765625, 0.003978729248046875, 0.58154296875, 0.0201263427734375, 0.0040740966796875, 0.243896484375, 0.00225830078125, 0.83837890625, 0.00637054443359375, 3.365234375, 0.07220458984375, 0.00948333740234375, 0.00572967529296875, 3.13671875, 0.0027904510498046875, 1.5048828125, 0.0011920928955078125, 2.744140625, 2.34765625, 0.004547119140625, 0.0059356689453125, 0.03961181640625, 0.00464630126953125, 1.0234375, 0.0100555419921875, 0.5947265625, 0.015899658203125, 0.0011053085327148438, 0.003307342529296875, 2.46875, 0.009368896484375, 0.02227783203125, 0.11175537109375, 0.0016574859619140625, 0.0006723403930664062, 0.0006890296936035156, 0.002960205078125]",-0.6881982752646523
207,0,test,3.7425929379547442,1.7731344012482604,2.3907539488874425,7.230587716864949,3.4256474146565035,4.618871574721318,42.20728928319236,35.040494401985136,38.342763462439635,81.54333439746007,67.69728170179442,74.077175668931,4.104545684316051,1.856158297989249,2.5288160789645056,7.32954586485009,3.3145683892665154,4.515742998150902,60.61519985510699,51.14275174137759,55.78093241598767,108.24142831269104,91.32634239531711,99.60880788569226,3.7289211876400787,1.7594626509335949,2.380664196643652,7.204174267277431,3.3992339650689862,4.599378447937395,41.634168472097535,34.46737359089031,37.783460612649705,80.43608058554898,66.59002788988332,72.99661778226202,0.7638190954773869,-0.001180904522613102,-0.001180904522613102,0.6432160804020101,-0.0067839195979899625,-0.011783919597989967,0.542713567839196,0.007713567839196078,-0.0022864321608039306,0.431095406360424,0.11716242576077673,0.18315181059074126,0.35815602836879434,0.457286432160804,0.11643430183498948,0.18850512999052016,0.3787878787878788,0.4381625441696113,0.12422956356996406,0.19139403653153841,0.36879432624113473,25.0,-1.0,-1.0,37.0,0.0,1.0,44.0,-3.0,-2.0,0.0011313719816459734,0.00018484976118284934,0.00027378851799494665,-0.012508567123725278,-0.00973496775480509,-0.010953764730690985,"[5.05859375, 0.73046875, 2.35546875, 14.71875, 5.53515625, 4.86328125, 8.078125, 0.63720703125, 11.4453125, 3.859375, 9.7265625, 7.578125, 4.265625, 6.859375, 1.7783203125, 8.515625, 5.54296875, 6.203125, 13.375, 4.15234375, 6.125, 0.9619140625, 1.115234375, 5.72265625, 2.955078125, 5.609375, 8.3125, 0.319091796875, 2.521484375, 5.95703125, 1.134765625, 3.970703125, 1.9638671875, 3.48046875, 1.9501953125, 6.23828125, 1.486328125, 0.6025390625, 6.5703125, 0.00272369384765625, 1.5205078125, 1.9384765625, 7.37109375, 10.375, 3.390625, 6.7421875, 0.1510009765625, 3.001953125, 8.078125, 5.23046875, 2.009765625, 6.1015625, 8.4296875, 4.94140625, 4.640625, 6.16796875, 7.3984375, 7.4609375, 2.904296875, 6.50390625, 1.4326171875, 0.473876953125, 2.8515625, 8.75, 0.63818359375, 0.322998046875, 2.33203125, 3.998046875, 0.35546875, 1.38671875, 1.841796875, 4.12890625, 12.84375, 0.01024627685546875, 0.17578125, 4.2734375, 9.140625, 0.2186279296875, 0.78955078125, 0.311279296875, 8.5078125, 0.13525390625, 0.163818359375, 0.2176513671875, 2.064453125, 0.251708984375, 0.2222900390625, 0.63037109375, 2.0703125, 6.6328125, 6.29296875, 0.47900390625, 4.35546875, 2.345703125, 0.0034389495849609375, 10.3203125, 2.15234375, 0.02362060546875, 12.171875, 0.01207733154296875, 2.376953125, 4.046875, 9.609375, 2.46484375, 1.6552734375, 7.26953125, 6.63671875, 6.28515625, 0.31640625, 9.859375, 2.16015625, 1.0205078125, 0.6826171875, 1.0478515625, 4.83984375, 2.431640625, 8.734375, 1.9248046875, 8.046875, 3.736328125, 9.1796875, 10.421875, 0.60546875, 3.177734375, 11.1484375, 2.732421875, 8.796875, 2.68359375, 3.71484375, 4.09375, 7.6484375, 6.01953125, 1.63671875, 4.171875, 3.1953125, 0.55908203125, 4.98046875, 1.3037109375, 6.9609375, 4.4765625, 0.22607421875, 8.640625, 0.08349609375, 7.56640625, 4.2421875, 3.19140625, 4.4140625, 3.068359375, 5.8125, 2.55078125, 1.1806640625, 1.6298828125, 9.3515625, 10.25, 0.0019159317016601562, 9.9765625, 2.927734375, 1.5751953125, 1.3935546875, 3.548828125, 9.1640625, 2.189453125, 4.78515625, 5.1875, 8.078125, 6.16796875, 0.03515625, 0.498779296875, 0.2264404296875, 2.828125, 0.008819580078125, 0.008544921875, 0.028472900390625, 0.155029296875, 0.10736083984375, 0.172119140625, 0.06378173828125, 5.69921875, 1.5263671875, 4.4765625, 6.58984375, 3.580078125, 4.91796875, 0.41552734375, 0.48779296875, 0.000713348388671875, 3.548828125, 8.21875, 4.453125, 12.0625, 5.609375, 9.3046875, 3.37109375, 12.828125, 0.0858154296875, 4.61328125, 11.0859375, 2.4375, 6.4140625, 9.1328125, 5.83203125, 0.52099609375, 0.47265625, 3.736328125, 5.09375, 3.892578125, 9.859375, 8.140625, 0.1375732421875, 5.98046875, 0.57763671875, 7.34375, 5.796875, 0.072021484375, 8.5078125, 3.123046875, 1.529296875, 0.330078125, 3.65234375, 4.80078125, 3.33203125, 3.294921875, 2.6484375, 4.046875, 2.763671875, 8.15625, 4.8828125, 3.67578125, 2.65234375, 6.328125, 1.158203125, 5.58203125, 8.90625, 1.9052734375, 7.90625, 2.41796875, 0.258544921875, 2.9609375, 0.00662994384765625, 0.00824737548828125, 0.07391357421875, 0.089599609375, 0.031707763671875, 0.064208984375, 0.044342041015625, 4.37890625, 7.05078125, 2.3671875, 4.28515625, 2.203125, 0.449462890625, 0.0241851806640625, 0.08197021484375, 1.412109375, 0.0015954971313476562, 1.8154296875, 0.0005440711975097656, 0.0013456344604492188, 0.003200531005859375, 5.8359375, 10.0234375, 0.318359375, 4.26953125, 0.0214691162109375, 6.21875, 5.30078125, 8.25, 0.225830078125, 0.0012559890747070312, 0.15625, 0.07269287109375, 0.169677734375, 0.376220703125, 0.1583251953125, 0.0018625259399414062, 0.01493072509765625, 0.055023193359375, 0.00032901763916015625, 1.1689453125, 1.7705078125, 1.1787109375, 0.07537841796875, 0.004528045654296875]",-0.7337945628081952
108,0,test,4.210023893815715,2.004916612437119,2.719274873210222,6.627262493135744,3.1560649066593887,4.280581020507958,67.35814923409359,58.2869245449468,62.91772899413083,106.03268467950619,91.75310131716506,99.0427408567897,4.187423092636032,1.891284764516405,2.621634552337201,6.157975136229458,2.781301124288831,3.855344929907648,65.85287536659315,55.917135657286096,61.06642761146021,96.8424637744017,82.23108184895014,89.80357001685324,4.194099960518521,1.9849755138072438,2.672240007170741,6.62226309555556,3.1341718639061744,4.2193263271116965,66.29403746668973,57.18629887611118,61.71330023244515,104.67479600003642,90.29415612017556,97.4420529985976,0.7688442211055276,-0.01115577889447239,-0.006155778894472386,0.6582914572864322,-0.0067085427135678,-0.0017085427135676845,0.5477386934673367,-0.007261306532663214,-0.01226130653266333,0.448170731707317,0.11940360841964581,0.1936068371839904,0.4067278287461774,0.4824120603015075,0.15910378962481575,0.21863910537663278,0.4292929292929293,0.45150501672240806,0.12262354760721605,0.1889911123842546,0.412751677852349,25.0,-2.0,-2.0,38.0,-3.0,-3.0,47.0,-2.0,-2.0,0.0006456928698236324,5.5818090056269794e-05,4.804649363412878e-05,0.00039251620327895864,-8.686395899459853e-06,-0.0001419379254530284,"[7.19140625, 6.1875, 9.6796875, 6.91015625, 4.30078125, 9.109375, 1.5556640625, 5.8046875, 10.2578125, 0.77880859375, 10.1875, 1.7783203125, 1.9365234375, 0.87158203125, 4.01953125, 9.3046875, 1.6923828125, 0.409423828125, 4.1484375, 8.765625, 4.77734375, 8.2890625, 2.439453125, 5.9453125, 10.59375, 1.65234375, 8.609375, 0.62255859375, 8.9140625, 0.2259521484375, 1.14453125, 0.244873046875, 0.479248046875, 0.201904296875, 0.178466796875, 13.4375, 0.9970703125, 1.58984375, 1.9990234375, 2.015625, 0.4189453125, 6.375, 6.93359375, 3.921875, 2.87109375, 7.7734375, 2.138671875, 4.69921875, 7.55078125, 12.234375, 3.16796875, 9.859375, 0.3515625, 3.8828125, 7.546875, 0.0552978515625, 6.9375, 4.359375, 0.1937255859375, 0.203369140625, 0.55517578125, 6.66796875, 2.619140625, 8.9765625, 8.7578125, 2.20703125, 4.65234375, 1.4365234375, 0.50537109375, 11.21875, 5.28515625, 4.51953125, 5.41015625, 5.109375, 2.29296875, 2.59765625, 9.296875, 0.1787109375, 8.421875, 4.484375, 0.454833984375, 5.14453125, 9.421875, 8.3828125, 1.6259765625, 8.171875, 0.62646484375, 1.3291015625, 5.4921875, 6.80859375, 5.5859375, 5.19140625, 4.88671875, 2.427734375, 9.0703125, 3.0390625, 8.1484375, 0.91357421875, 4.3203125, 3.72265625, 10.3359375, 7.08203125, 3.298828125, 4.6015625, 3.53125, 6.36328125, 1.669921875, 2.853515625, 8.53125, 0.298095703125, 2.517578125, 9.390625, 7.26171875, 0.931640625, 0.6748046875, 3.30859375, 0.1953125, 5.35546875, 4.7265625, 7.31640625, 1.6318359375, 7.87109375, 0.42578125, 6.23828125, 1.0673828125, 2.751953125, 11.40625, 7.4453125, 6.4453125, 6.18359375, 4.4140625, 2.876953125, 1.359375, 0.68994140625, 0.0784912109375, 0.95849609375, 6.5703125, 0.15771484375, 0.01788330078125, 3.484375, 7.8671875, 0.5810546875, 0.0152435302734375, 4.58203125, 7.609375, 1.119140625, 5.9609375, 8.0703125, 7.12890625, 1.552734375, 0.6259765625, 0.10406494140625, 5.40234375, 2.888671875, 7.3203125, 0.449951171875, 9.8359375, 4.7578125, 1.5458984375, 1.3037109375, 5.2578125, 0.43896484375, 0.295654296875, 7.4453125, 0.299560546875, 3.1796875, 2.732421875, 1.767578125, 4.49609375, 0.919921875, 4.00390625, 4.23046875, 2.791015625, 8.359375, 1.2705078125, 4.5, 3.271484375, 0.272705078125, 0.67626953125, 4.203125, 4.82421875, 7.01953125, 6.1953125, 5.30859375, 4.484375, 2.15625, 2.74609375, 0.424072265625, 6.5234375, 0.1116943359375, 0.6396484375, 3.138671875, 5.81640625, 9.453125, 2.130859375, 1.9306640625, 2.724609375, 1.275390625, 3.583984375, 2.7265625, 12.515625, 3.5390625, 8.8984375, 0.042755126953125, 2.654296875, 1.8056640625, 2.0234375, 3.3828125, 6.0078125, 3.958984375, 8.015625, 14.59375, 0.81884765625, 1.0849609375, 0.011688232421875, 3.17578125, 3.45703125, 8.28125, 6.93359375, 6.140625, 7.8671875, 8.609375, 11.7734375, 0.89306640625, 10.1484375, 5.94921875, 1.9072265625, 1.5634765625, 5.109375, 6.4375, 4.79296875, 0.69970703125, 4.34765625, 0.5986328125, 4.2578125, 1.0517578125, 5.64453125, 2.439453125, 3.951171875, 2.705078125, 4.40234375, 7.1953125, 3.255859375, 1.720703125, 4.20703125, 1.9208984375, 0.9130859375, 8.90625, 1.4482421875, 0.7265625, 4.92578125, 4.85546875, 3.4609375, 2.34375, 4.0546875, 5.10546875, 4.25, 0.00608062744140625, 0.66552734375, 2.837890625, 7.078125, 0.61376953125, 7.82421875, 1.0634765625, 6.265625, 0.034393310546875, 6.1796875, 7.33984375, 2.04296875, 6.95703125, 4.33984375, 1.71875, 1.2373046875, 3.6796875, 1.2744140625, 2.4453125, 2.05859375, 0.57958984375, 11.3515625, 9.796875, 2.525390625, 3.39453125, 1.37109375, 1.2890625, 3.3671875, 3.775390625, 5.703125, 2.142578125, 0.55517578125, 3.6328125, 1.7333984375, 8.609375, 11.78125, 10.296875, 1.1640625, 7.38671875, 1.28125, 1.0458984375, 0.0003821849822998047, 3.07421875, 0.007640838623046875, 0.05816650390625, 8.1875, 0.411865234375, 0.4921875, 0.1783447265625, 9.5078125, 0.071044921875, 9.9921875, 5.50390625, 8.421875, 0.44384765625, 6.4453125, 6.0625, 4.015625, 0.06927490234375, 8.3515625, 12.1015625, 9.171875, 5.71875, 2.63671875, 2.2734375, 13.3125, 3.90234375, 0.275634765625, 2.048828125, 10.234375, 2.34375]",-0.9480094771559644
28,0,test,2.1059088774320096,0.8774173538937886,1.1841862132701486,6.922200476744106,2.8841033391879156,3.8924639417676175,8.214565651102918,4.798493068489575,5.7009488711515655,27.001581538347555,15.772824438090732,18.739230085729687,2.127188457915531,0.7976830717064018,1.1757300451783297,5.992080163142342,2.246994568187048,3.3119156202206472,8.39124128690567,4.612067593113981,5.801757844490195,23.63729939973428,12.991739698912621,16.342979843634353,2.072470020291,0.8249948509531495,1.1737147365693055,6.4097010936835055,2.551530466865411,3.6300455770184703,7.944421786343301,4.462880238092374,5.4878782786528335,24.570376658793716,13.802722385852706,16.97281941851392,0.4723618090452262,-0.0026381909547738003,0.002361809045226204,0.3467336683417085,-0.0182663316582915,-0.033266331658291515,0.25125628140703515,-0.003743718592964851,-0.008743718592964855,0.33333333333333337,0.08086506817113304,0.12609970674486803,0.26345609065155806,0.3417085427135679,0.07604438231256538,0.1296885093245862,0.2222222222222222,0.3311036789297659,0.08736411298652713,0.13088120951930982,0.24832214765100669,16.0,0.0,-1.0,23.0,0.0,-2.0,29.0,-1.0,-3.0,0.001039402989647201,-0.00022528807374152108,0.00030578431561049886,-0.0839522515576343,-0.07461835867208766,-0.08515849208590609,"[7.19140625, 5.828125, 3.25, 2.962890625, 4.47265625, 7.82421875, 8.1484375, 3.12109375, 0.1763916015625, 2.4765625, 5.20703125, 9.765625, 6.27734375, 6.86328125, 3.607421875, 4.99609375, 3.2890625, 0.8154296875, 0.058197021484375, 1.083984375, 0.00875091552734375, 0.06646728515625, 2.498046875, 3.23046875, 2.998046875, 2.029296875, 0.0712890625, 0.27587890625, 0.148681640625, 0.01263427734375, 3.08984375, 3.0, 1.6494140625, 2.40625, 0.8271484375, 2.248046875, 0.03759765625, 0.2027587890625, 4.30859375, 7.1796875, 2.015625, 5.15625, 4.41015625, 1.298828125, 2.384765625, 0.014678955078125, 3.1953125, 2.6171875, 0.80029296875, 0.07147216796875, 0.0264129638671875, 0.10504150390625, 0.004299163818359375, 4.15625, 6.8828125, 0.7744140625, 0.446044921875, 0.0008678436279296875, 1.12890625, 1.5712890625, 12.15625, 4.9921875, 0.1529541015625, 0.3837890625, 0.00238800048828125, 0.413818359375, 1.5234375, 5.93359375, 3.33984375, 4.12890625, 2.818359375, 0.230712890625, 6.9375, 0.7158203125, 8.6171875, 1.2509765625, 10.046875, 1.453125, 4.296875, 4.20703125, 7.45703125, 1.48046875, 0.006855010986328125, 0.85986328125, 0.79931640625, 2.779296875, 0.5068359375, 0.002288818359375, 0.396728515625, 2.248046875, 2.75390625, 0.07049560546875, 0.138671875, 0.423828125, 0.004207611083984375, 0.443359375, 0.791015625, 1.421875, 0.322265625, 0.39990234375, 0.431640625, 0.048187255859375, 1.9169921875, 0.564453125, 0.0799560546875, 0.410888671875, 0.00440216064453125, 0.0970458984375, 0.1517333984375, 0.5205078125, 3.14453125, 0.10784912109375, 0.152099609375, 9.6484375, 2.623046875, 0.96337890625, 10.6171875, 0.448974609375, 0.79736328125, 0.035125732421875, 1.4072265625, 0.394775390625, 0.53173828125, 0.042938232421875, 0.0119476318359375, 0.04534912109375, 0.0015535354614257812, 9.5859375, 0.0013170242309570312, 0.2646484375, 0.13720703125, 7.3828125, 2.236328125, 1.7431640625, 0.08514404296875, 0.79833984375, 0.0006952285766601562, 0.73779296875, 6.27734375, 8.59375, 0.330322265625, 0.45751953125, 0.0005335807800292969, 0.29638671875, 1.091796875, 0.56494140625, 0.048614501953125, 0.5947265625, 0.0008754730224609375, 14.34375, 0.33349609375, 2.478515625, 4.9453125, 7.30859375, 2.0546875, 3.587890625, 0.1239013671875, 1.541015625, 0.053131103515625, 0.156005859375, 0.377685546875, 0.01074981689453125, 2.173828125, 1.357421875, 2.119140625, 0.98876953125, 0.02947998046875, 0.10784912109375, 0.0307464599609375, 3.201171875, 0.324462890625, 0.0015621185302734375, 0.07598876953125, 0.0010004043579101562, 0.0005731582641601562, 0.61669921875, 3.861328125, 1.609375, 0.194091796875, 0.29150390625, 3.6875, 0.0731201171875, 0.01910400390625, 5.602836608886719e-06, 0.00634765625, 0.0025177001953125, 6.878376007080078e-05, 2.783203125, 0.2607421875, 0.0731201171875, 0.77392578125, 0.01324462890625, 4.40625, 9.2265625, 0.11749267578125, 1.8095703125, 10.328125, 2.3671875, 2.90234375, 4.75, 0.76708984375, 0.85888671875, 0.0821533203125, 0.446533203125, 0.1873779296875, 0.301025390625, 3.830078125, 6.56640625, 9.015625, 1.85546875, 0.4912109375, 0.912109375, 4.3203125, 2.703125, 7.0625, 6.375, 0.20703125, 0.294921875, 0.085693359375, 0.07794189453125, 0.427001953125, 0.56640625, 0.72265625, 0.034454345703125, 0.055816650390625, 0.047454833984375, 0.029388427734375, 0.187744140625, 0.158935546875, 0.413818359375, 2.2890625, 0.4248046875, 0.00811767578125, 0.08538818359375, 0.01251983642578125, 2.931640625, 3.654296875, 0.0298919677734375, 3.408203125, 0.21337890625, 0.06097412109375, 0.189208984375, 1.49609375, 0.184326171875, 0.00182342529296875, 0.1097412109375, 0.006195068359375, 0.1781005859375, 0.7958984375, 1.541015625, 0.26953125, 0.004314422607421875, 8.4140625, 3.140625, 0.0205535888671875, 0.07696533203125, 0.364990234375, 1.0205078125, 0.0290679931640625, 0.0010461807250976562, 2.27734375, 0.72216796875, 0.0113983154296875, 0.07781982421875, 0.375732421875, 1.2041015625, 0.08160400390625, 0.001209259033203125, 8.109375, 10.21875, 0.046966552734375, 0.07464599609375, 0.373779296875, 8.125, 8.0234375, 0.0167236328125, 7.0859375, 1.701171875, 2.16015625, 0.007236480712890625, 6.88671875, 1.3701171875, 5.7421875, 6.265625, 0.297119140625, 4.16015625, 4.6640625, 0.43701171875, 1.1259765625, 0.63037109375, 0.97119140625, 0.80859375, 3.6875, 0.2392578125, 0.2166748046875, 2.587890625, 0.41796875, 11.0859375, 6.0, 0.1871337890625, 0.1273193359375, 0.8740234375, 12.4453125, 0.144287109375, 0.2421875, 5.97265625, 7.70703125, 0.50830078125, 0.411376953125, 1.0029296875, 0.1318359375, 0.07110595703125, 0.8876953125, 1.2109375, 0.478515625, 4.41796875, 6.71484375, 8.3515625, 0.62939453125, 1.1552734375, 1.1884765625, 0.51220703125, 0.95947265625, 0.16845703125, 0.40478515625, 0.06341552734375, 0.1759033203125, 0.5341796875, 11.1953125, 1.1376953125, 5.3125, 0.06866455078125, 0.03546142578125, 0.1556396484375, 9.21875, 2.29296875, 0.0054779052734375, 0.0927734375, 0.0994873046875, 4.515625, 7.05859375, 0.091796875, 0.399658203125, 2.568359375, 5.21875, 1.3193359375, 0.578125, 1.33984375, 0.845703125, 0.56201171875, 8.375, 1.134765625, 0.077392578125, 3.775390625]",-1.3816630772951632
221,0,test,2.413588687971041,1.0420143597130065,1.33926653061278,8.101262900494103,3.4975438508627876,4.495277224491592,11.173989238706636,7.232438129968747,8.245981739330107,37.50573779252836,24.275835810155968,27.677816968534096,3.1585960771570254,1.4422119692518025,1.9933906253556808,7.178627448084149,3.2777544755722787,4.530433239444729,23.537527848968725,17.97315597303375,20.33094623546824,53.49438147492892,40.84808175689489,46.20669598970054,2.663323504470264,1.2025056143746726,1.6392153194818369,7.91086189446613,3.571798854578235,4.868956394500506,14.343881923079643,10.034399152468113,11.559270928077703,42.60558987053359,29.80514599743004,34.3344681032011,0.5628140703517588,-0.0021859296482411583,-0.0021859296482411583,0.49246231155778897,-0.002537688442211028,-0.002537688442211028,0.4120603015075377,0.00706030150753767,0.002060301507537665,0.34285714285714286,0.10550305725402997,0.14930875576036862,0.26302083333333337,0.40201005025125625,0.1288270928577725,0.20000671135309267,0.33333333333333337,0.36454849498327757,0.12080892904003881,0.17878653725246552,0.28523489932885904,29.0,3.0,6.0,38.0,5.0,6.0,48.0,8.0,11.0,0.0014466712773171563,0.001207902516201271,0.0005634121802697089,-0.08798386018812376,-0.11148607482684803,-0.09810126878704573,"[3.1953125, 7.2421875, 3.419921875, 8.78125, 4.3828125, 10.6484375, 6.75, 0.2066650390625, 6.9453125, 9.171875, 7.4609375, 1.814453125, 8.65625, 0.334716796875, 9.8671875, 7.91796875, 3.90234375, 2.259765625, 8.90625, 1.912109375, 7.28515625, 2.76953125, 5.0703125, 0.1708984375, 0.9052734375, 0.21533203125, 2.9140625, 2.283203125, 7.39453125, 0.037506103515625, 9.515625, 4.703125, 3.564453125, 2.80078125, 3.146484375, 2.6796875, 3.666015625, 3.4765625, 6.05078125, 2.578125, 0.033477783203125, 1.5087890625, 7.35546875, 0.7734375, 2.166015625, 5.8515625, 1.630859375, 0.2396240234375, 6.90625, 3.3359375, 6.67578125, 5.6484375, 2.705078125, 8.6953125, 1.744140625, 0.6884765625, 5.265625, 8.734375, 7.63671875, 0.1795654296875, 0.0731201171875, 6.48046875, 0.3681640625, 6.14453125, 2.423828125, 0.06494140625, 2.5625, 3.375, 1.970703125, 3.84375, 1.0712890625, 3.970703125, 0.033599853515625, 5.59375, 4.83203125, 10.25, 2.751953125, 0.73583984375, 0.54296875, 8.328125, 0.455322265625, 7.91796875, 4.47265625, 0.1099853515625, 0.4453125, 1.90625, 6.69140625, 0.05279541015625, 7.1875, 6.234375, 9.515625, 1.4482421875, 10.6484375, 10.1796875, 1.2421875, 0.82470703125, 7.49609375, 0.1282958984375, 3.08984375, 10.5078125, 7.98046875, 6.20703125, 0.61181640625, 0.06854248046875, 9.0234375, 0.056182861328125, 2.263671875, 0.032257080078125, 2.88671875, 0.0550537109375, 1.646484375, 0.65576171875, 0.2232666015625, 0.2149658203125, 0.324951171875, 0.00701904296875, 0.85302734375, 0.00716400146484375, 10.4375, 0.7958984375, 0.06719970703125, 0.27685546875, 0.0164947509765625, 9.28125, 6.69921875, 0.277587890625, 0.38427734375, 1.681640625, 0.0163726806640625, 0.35791015625, 7.09765625, 4.1953125, 0.80908203125, 0.7578125, 0.0892333984375, 0.310302734375, 0.0889892578125, 0.348388671875, 0.00830841064453125, 0.060699462890625, 2.4609375, 7.5078125, 7.49609375, 5.47265625, 7.77734375, 4.2578125, 0.039581298828125, 4.3828125, 0.2841796875, 0.01708984375, 0.390869140625, 0.0833740234375, 0.0276031494140625, 0.1439208984375, 0.053955078125, 0.0017194747924804688, 8.5078125, 10.3515625, 5.76953125, 0.6240234375, 0.07696533203125, 0.54931640625, 0.0229644775390625, 3.322265625, 8.0625, 0.9189453125, 0.07489013671875, 0.154296875, 0.1190185546875, 0.0017547607421875, 9.015625, 0.19970703125, 0.16796875, 0.8662109375, 0.134765625, 0.08721923828125, 0.0479736328125, 3.072265625, 0.276611328125, 0.0309295654296875, 0.05523681640625, 0.0216217041015625, 0.002635955810546875, 5.9140625, 6.51953125, 1.060546875, 0.0792236328125, 0.619140625, 0.0077056884765625, 2.78125, 2.408203125, 0.01091766357421875, 8.03125, 0.36572265625, 0.09771728515625, 0.0034084320068359375, 1.0078125, 5.12890625, 7.0234375, 2.837890625, 0.0251312255859375, 0.08453369140625, 0.07440185546875, 0.10882568359375, 2.21484375, 0.0845947265625, 0.025238037109375, 0.05731201171875, 0.0135955810546875, 0.0011844635009765625, 10.8359375, 7.40625, 2.33203125, 1.3818359375, 0.08038330078125, 1.2197265625, 0.00998687744140625, 1.9013671875, 1.0400390625, 0.00646209716796875, 0.232177734375, 0.07611083984375, 0.1190185546875, 0.0019216537475585938, 7.1640625, 7.484375, 1.4091796875, 0.272216796875, 0.0777587890625, 0.14599609375, 0.8193359375, 0.046112060546875, 0.0198822021484375, 0.054901123046875, 0.0227508544921875, 0.0007548332214355469, 9.1171875, 4.78515625, 1.3916015625, 0.2484130859375, 0.15576171875, 0.9169921875, 0.00977325439453125, 4.23828125, 3.107421875, 0.005504608154296875, 0.07086181640625, 0.07061767578125, 0.330078125, 0.002223968505859375, 0.669921875, 0.1988525390625, 0.0130615234375, 9.390625, 1.2275390625, 0.8037109375, 0.031219482421875, 0.01262664794921875, 0.0361328125, 0.310791015625, 0.04644775390625, 0.017669677734375, 0.0251312255859375, 0.007686614990234375, 0.0006456375122070312, 7.68359375, 6.015625, 9.7109375, 1.583984375, 0.08245849609375, 1.4521484375, 0.0015048980712890625, 1.9072265625, 0.0511474609375, 0.1436767578125, 6.15625, 2.427734375, 0.01416015625, 0.01593017578125, 0.89111328125, 1.2392578125, 0.0009274482727050781, 3.9296875, 6.1953125, 0.056793212890625, 2.169921875, 0.83349609375, 0.041259765625, 0.01541900634765625, 0.0618896484375, 0.00439453125, 0.0003581047058105469, 4.515625, 8.8671875, 6.81640625, 0.76806640625, 0.06341552734375, 0.70556640625, 0.0015583038330078125, 3.0, 0.109130859375, 0.001567840576171875, 0.050445556640625, 0.06842041015625, 0.128173828125, 0.0008792877197265625, 0.6689453125, 2.142578125, 0.0250396728515625, 1.43359375, 0.048919677734375, 0.059906005859375, 0.027984619140625, 0.411376953125, 0.02252197265625, 0.005924224853515625, 0.020782470703125, 0.003429412841796875, 0.0002796649932861328, 8.296875, 8.2890625, 6.59765625, 7.09375, 8.09375, 4.21875, 8.4375, 0.6552734375, 0.05859375, 0.1519775390625, 1.3798828125, 0.01403045654296875, 3.51953125, 0.3798828125, 0.005626678466796875, 0.0701904296875, 0.0841064453125, 0.481689453125, 0.0011034011840820312, 0.44189453125, 0.1878662109375, 0.411865234375, 0.04400634765625, 0.01611328125, 0.0193023681640625, 0.20556640625, 0.015655517578125, 0.0158538818359375, 0.020660400390625, 0.0031375885009765625, 0.000286102294921875, 8.7578125, 9.015625, 1.00390625, 0.0251922607421875, 0.353271484375, 0.0012693405151367188, 5.26171875, 0.048553466796875, 0.00366973876953125, 0.022216796875, 0.07708740234375, 0.02288818359375, 0.0007519721984863281, 0.10028076171875, 0.0472412109375, 0.50439453125, 0.01334381103515625, 0.002658843994140625, 0.01068878173828125, 0.79150390625, 0.08221435546875, 0.0011568069458007812, 0.0950927734375, 1.7607421875, 0.124755859375, 5.015625, 5.66015625, 9.0703125, 1.0009765625, 2.5546875, 0.2125244140625, 5.359375, 8.265625, 4.734375, 0.517578125]",-1.6438625601979044
210,0,test,2.32084709159986,0.9768859993229169,0.9744958485322797,8.703176593499474,3.663322497460938,3.654359431996049,10.184297686181692,6.350096596604919,6.340921317056431,38.19111632318135,23.812862237268448,23.77845493896162,3.0110848968352504,1.3661707310611655,1.8709124966950452,6.922034245598277,3.140622370255553,4.300948268264472,20.309421604680487,15.128856386621766,17.18211413772051,46.68832552800112,34.7789801991305,39.49911296027703,2.6699396870208028,1.197572024202518,1.657868171936429,7.348457854185695,3.2960697913830774,4.562939922760814,14.439098301504636,10.079553437953333,11.687803837572751,39.74063752707698,27.74189019620183,32.16826744286078,0.6532663316582914,0.008266331658291382,0.033266331658291404,0.46733668341708545,-0.0076633165829145256,-0.002663316582914521,0.3869346733668342,0.001934673366834172,-0.008065326633165837,0.33595284872298625,0.0857075101557635,0.08570846944634891,0.30708661417322836,0.3869346733668342,0.11876424730167123,0.16155904732342852,0.36868686868686873,0.36454849498327757,0.10745333638561483,0.14764081978861687,0.32885906040268453,26.0,6.0,5.0,34.0,3.0,2.0,43.0,4.0,4.0,0.0011585839662375476,0.0007812174379987365,0.0009964005098740205,-0.06509267233758376,-0.06308225503917608,-0.07504631599467171,"[1.248046875, 3.29296875, 7.30859375, 0.76904296875, 8.3984375, 6.78125, 9.5546875, 1.4873046875, 1.109375, 0.260009765625, 1.322265625, 0.0158843994140625, 1.53125, 1.9140625, 7.05859375, 1.8837890625, 0.382080078125, 5.83984375, 0.1986083984375, 0.017822265625, 4.421875, 7.25, 9.4296875, 1.091796875, 0.2039794921875, 6.2421875, 8.1875, 0.0084075927734375, 1.0546875, 3.951171875, 5.25390625, 0.716796875, 0.0687255859375, 0.31689453125, 4.71875, 1.140625, 4.50390625, 0.80908203125, 0.84033203125, 5.4921875, 7.3984375, 3.498046875, 0.55419921875, 2.16796875, 2.28125, 0.1746826171875, 0.701171875, 0.0032405853271484375, 1.2021484375, 3.771484375, 7.37109375, 4.1484375, 3.4140625, 5.625, 7.28125, 2.958984375, 1.322265625, 1.455078125, 0.67529296875, 6.7578125, 0.8984375, 9.90625, 2.46875, 1.1357421875, 3.326171875, 3.38671875, 0.00913238525390625, 0.0213623046875, 12.03125, 4.09375, 4.3671875, 0.693359375, 1.2353515625, 0.223876953125, 0.073486328125, 0.00881195068359375, 4.2578125, 11.671875, 2.921875, 3.556640625, 1.955078125, 7.015625, 5.34765625, 0.98974609375, 0.428955078125, 7.18359375, 1.662109375, 0.040283203125, 11.3125, 0.80712890625, 8.2421875, 3.240234375, 11.3046875, 0.04736328125, 8.0546875, 10.0234375, 3.544921875, 1.0537109375, 7.109375, 1.216796875, 2.60546875, 7.7265625, 6.80078125, 0.12371826171875, 2.341796875, 6.1015625, 4.703125, 0.01910400390625, 0.366943359375, 6.84765625, 1.4296875, 0.2283935546875, 6.01171875, 0.0030956268310546875, 0.85498046875, 0.96435546875, 0.77001953125, 7.3046875, 2.998046875, 1.3515625, 3.779296875, 6.0390625, 0.0119476318359375, 2.33203125, 0.89892578125, 3.5546875, 0.287841796875, 0.1092529296875, 9.1171875, 1.4521484375, 2.17578125, 0.008514404296875, 0.064453125, 0.059112548828125, 3.2265625, 0.93505859375, 0.391845703125, 0.87451171875, 0.88818359375, 0.4169921875, 0.71484375, 1.24609375, 0.47705078125, 0.1304931640625, 1.1015625, 0.0188446044921875, 11.3671875, 6.58984375, 3.423828125, 0.250732421875, 0.03955078125, 3.75, 4.58984375, 3.8125, 0.1304931640625, 0.145263671875, 8.578125, 4.921875, 1.9169921875, 0.7060546875, 3.251953125, 8.15625, 1.19921875, 2.130859375, 3.6796875, 0.173583984375, 0.055328369140625, 0.88427734375, 0.9970703125, 0.763671875, 10.5859375, 6.63671875, 2.107421875, 8.328125, 5.48046875, 2.392578125, 1.8291015625, 5.2734375, 0.2330322265625, 5.3984375, 1.27734375, 7.17578125, 6.765625, 0.006786346435546875, 0.253173828125, 0.76220703125, 1.150390625, 2.1875, 0.03326416015625, 0.08612060546875, 2.138671875, 0.1883544921875, 3.86328125, 0.2120361328125, 1.4326171875, 0.1416015625, 0.1839599609375, 0.334228515625, 0.1932373046875, 0.06414794921875, 4.02734375, 0.1939697265625, 1.3427734375, 0.0062103271484375, 0.1436767578125, 1.8154296875, 0.336181640625, 8.3828125, 1.029296875, 7.43359375, 5.65625, 3.056640625, 2.630859375, 1.01953125, 3.921875, 0.39306640625, 1.3681640625, 0.0010862350463867188, 0.0023670196533203125, 6.8203125, 9.515625, 2.203125, 10.0078125, 6.25390625, 2.4375, 5.37890625, 6.64453125, 0.1385498046875, 2.669921875, 5.18359375, 0.0343017578125, 2.42578125, 4.3046875, 4.29296875, 0.23681640625, 0.07159423828125, 0.00920867919921875, 0.00049591064453125, 6.640625, 0.433349609375, 2.146484375, 0.0867919921875, 0.34423828125, 4.53515625, 4.0546875, 2.904296875, 1.23046875, 7.12890625, 1.5009765625, 0.199462890625, 0.734375, 0.207275390625, 1.4208984375, 0.003566741943359375, 0.1324462890625, 0.004749298095703125, 0.05670166015625, 0.76123046875, 3.216796875, 3.203125, 0.25439453125, 0.364501953125, 0.10906982421875, 0.1357421875, 0.168212890625, 0.2474365234375, 0.0384521484375, 0.00234222412109375, 0.001827239990234375, 0.81591796875, 0.465576171875, 0.005847930908203125, 0.71337890625, 0.025054931640625, 0.06658935546875, 0.019195556640625, 0.12457275390625, 0.0189208984375, 0.029449462890625, 9.078125, 0.38427734375, 0.0140838623046875, 0.8251953125, 0.016143798828125, 12.0078125, 0.79833984375, 0.456787109375, 0.03472900390625, 0.043426513671875, 2.728515625, 0.1561279296875, 0.11627197265625, 0.208251953125, 4.87109375, 8.484375, 1.65234375, 2.107421875, 0.3369140625, 0.01305389404296875, 7.0234375, 7.421875, 1.2041015625, 1.638671875, 9.609375, 5.59765625, 8.2421875, 0.9521484375, 0.017059326171875, 0.07403564453125, 0.002750396728515625, 2.279296875, 0.01457977294921875, 0.07965087890625, 0.0136871337890625, 0.061737060546875, 7.34375, 3.873046875, 3.0546875, 3.587890625, 0.89501953125, 1.478515625, 1.205078125, 0.024200439453125, 0.309814453125, 0.004154205322265625, 0.081298828125, 2.90625, 1.2470703125, 0.054107666015625, 1.6181640625, 3.216796875, 0.065673828125, 3.3046875, 0.1298828125, 0.2000732421875, 0.079345703125, 0.0133056640625, 1.0966796875, 0.0033092498779296875, 0.35400390625, 6.734375, 5.19921875, 9.546875, 0.609375, 0.428955078125, 0.05426025390625, 0.040740966796875, 0.0732421875, 0.01226806640625, 0.1793212890625, 0.0020771026611328125, 0.035858154296875, 9.9140625, 6.578125, 0.1673583984375, 2.18359375, 0.3251953125, 0.0027484893798828125, 0.1357421875, 0.0015764236450195312, 0.1258544921875, 0.88671875, 1.54296875, 6.9140625, 10.265625, 0.036102294921875, 1.25, 8.4609375, 0.60791015625, 3.12109375, 0.36474609375, 0.1077880859375, 0.83447265625, 0.267578125, 0.06121826171875, 0.001605987548828125, 0.002468109130859375, 4.91015625, 3.1328125, 7.41796875, 3.59375, 3.615234375, 0.2340087890625, 7.203125, 0.2236328125, 0.033721923828125, 0.0225830078125, 0.0020923614501953125, 1.8310546875, 4.03125, 2.02734375, 7.39453125, 3.484375, 1.908203125, 0.78173828125, 0.7421875, 2.09375, 7.03515625, 1.0048828125, 0.37255859375, 0.34619140625, 0.14794921875, 0.07061767578125, 0.59716796875, 0.14404296875, 2.22265625, 0.17333984375, 0.06463623046875, 0.11181640625, 3.115234375, 0.06903076171875, 3.02734375, 0.0114288330078125, 0.0018291473388671875, 0.05010986328125, 0.07171630859375, 1.2138671875, 0.421875, 0.325927734375, 0.0025806427001953125, 0.135009765625, 0.005825042724609375, 0.042327880859375, 0.302978515625, 0.9462890625, 7.44140625, 0.00897216796875, 0.54443359375, 0.10614013671875, 6.046875, 6.6640625, 1.80859375, 0.0014543533325195312, 0.006839752197265625, 6.6953125, 0.24853515625, 1.98046875, 0.020233154296875, 0.00429534912109375, 0.00604248046875, 2.494140625, 0.007419586181640625, 8.015625, 0.7421875, 0.033203125, 0.10516357421875, 0.05194091796875, 0.26318359375, 0.0109405517578125, 0.005756378173828125, 0.024383544921875, 0.27685546875, 5.05859375, 1.4638671875, 7.078125, 1.8330078125, 0.1326904296875, 0.1331787109375, 0.017578125, 6.0546875, 8.328125, 5.34375, 0.324951171875, 3.69921875, 4.37890625, 2.40234375, 0.2113037109375, 0.0115814208984375, 0.10430908203125, 0.0010585784912109375, 0.49560546875, 2.142578125, 0.08740234375, 0.052490234375, 0.04541015625, 5.53515625, 0.2259521484375, 0.32421875, 0.4287109375, 0.826171875, 0.7626953125, 8.09375, 0.3505859375, 0.36669921875, 0.047760009765625, 0.0211181640625, 0.1883544921875, 0.0400390625, 0.03985595703125, 9.6171875, 0.69775390625, 2.16015625, 0.40771484375, 0.70703125, 0.0011463165283203125, 0.0516357421875, 0.0022449493408203125, 0.06402587890625, 0.473388671875, 0.93017578125, 8.234375, 9.453125, 3.775390625, 4.78125, 0.360595703125, 0.12481689453125, 0.1292724609375, 0.150390625, 0.67138671875]",-1.1178433323655943
58,0,test,3.6165172482325025,1.6080301023071968,2.19564922220126,9.657293311214264,4.293970492974163,5.863107263680288,37.20775652320539,29.75572154950152,33.06704339567001,99.35697621031768,79.45758611570186,88.2999070895364,3.9024056521329014,1.7297067411818876,2.3845340976669993,8.824758236073265,3.911495926081768,5.392298698133328,49.52143727728238,40.73948348091835,44.95893346505064,111.98597747930901,92.12678650798581,101.6684972675577,3.6165172482325025,1.6080301023071968,2.19564922220126,9.657293311214264,4.293970492974163,5.863107263680288,37.20775652320539,29.75572154950152,33.06704339567001,99.35697621031768,79.45758611570186,88.2999070895364,0.7878787878787878,0.007878787878787818,0.012878787878787823,0.6717171717171717,0.006717171717171677,0.02171717171717169,0.5303030303030303,-0.029696969696969777,-0.004696969696969644,0.43388429752066116,0.11017295731447563,0.16740078103714462,0.34854771784232363,0.4494949494949495,0.10692567997353897,0.17768286895803675,0.3756345177664975,0.43388429752066116,0.11017295731447563,0.16740078103714462,0.34854771784232363,25.0,0.0,0.0,35.0,0.0,-2.0,47.0,1.0,2.0,0.0005209814590047581,0.00026438733105392775,0.0003361777316855443,1.0723023486036709e-05,-6.835210348388188e-05,-8.884262040620428e-05,"[9.3125, 11.890625, 6.01953125, 7.4140625, 5.75390625, 9.34375, 0.77099609375, 7.8515625, 6.36328125, 2.228515625, 4.97265625, 4.03515625, 7.3671875, 3.47265625, 6.48828125, 3.43359375, 0.1510009765625, 6.19140625, 9.46875, 6.328125, 8.984375, 6.41015625, 0.378662109375, 1.5302734375, 4.61328125, 6.35546875, 5.296875, 1.970703125, 4.3125, 4.30859375, 2.708984375, 7.9453125, 4.00390625, 2.865234375, 6.29296875, 4.765625, 9.4453125, 0.966796875, 3.013671875, 5.3359375, 5.51171875, 2.82421875, 4.7734375, 1.6884765625, 1.625, 2.083984375, 5.69140625, 4.5, 6.26953125, 1.630859375, 5.33203125, 6.875, 6.6328125, 7.97265625, 3.546875, 7.5859375, 1.3955078125, 0.042755126953125, 7.08984375, 4.0703125, 7.375, 8.28125, 3.2890625, 0.355224609375, 3.8203125, 0.263671875, 0.032928466796875, 10.4609375, 0.67626953125, 0.47900390625, 10.203125, 1.2958984375, 8.1796875, 2.560546875, 2.76171875, 0.394775390625, 1.083984375, 4.70703125, 2.115234375, 3.4609375, 0.92626953125, 0.035369873046875, 0.8857421875, 0.6923828125, 0.366455078125, 1.373046875, 4.859375, 2.080078125, 6.609375, 10.0078125, 7.57421875, 7.09375, 0.7197265625, 2.654296875, 0.1175537109375, 1.4482421875, 0.98193359375, 0.0733642578125, 13.0234375, 6.98046875, 2.794921875, 3.55859375, 1.298828125, 5.94140625, 8.796875, 7.97265625, 8.40625, 7.23046875, 1.7890625, 7.89453125, 4.50390625, 0.11712646484375, 2.236328125, 0.1126708984375, 0.1129150390625, 5.9296875, 2.958984375, 4.8359375, 6.90625, 3.6328125, 3.50390625, 1.646484375, 0.625, 0.95703125, 0.42919921875, 0.12115478515625, 2.19921875, 2.24609375, 0.60205078125, 6.45703125, 1.1640625, 8.265625, 2.095703125, 3.86328125, 6.45703125, 7.1953125, 5.93359375, 2.86328125, 5.99609375, 3.087890625, 6.8515625, 1.83203125, 1.607421875, 2.59375, 5.86328125, 5.56640625, 2.361328125, 3.11328125, 0.1173095703125, 0.2509765625, 5.13671875, 12.3359375, 3.353515625, 3.14453125, 1.04296875, 2.140625, 6.171875, 1.21484375, 2.61328125, 0.86962890625, 1.2783203125, 0.58251953125, 0.199462890625, 0.151611328125, 0.0877685546875, 0.4404296875, 5.14453125, 0.20068359375, 1.3232421875, 0.005828857421875, 0.440185546875, 5.421875, 3.033203125, 0.294921875, 3.60546875, 1.5263671875, 0.39453125, 3.4765625, 3.14453125, 6.65234375, 7.54296875, 6.9453125, 0.828125, 4.50390625, 5.140625, 3.78515625, 4.20703125, 0.1968994140625, 8.0234375, 7.65234375, 2.26953125, 2.4609375, 6.34375, 1.4716796875, 0.283935546875, 6.30078125, 4.0390625, 0.1121826171875, 0.245361328125, 0.2271728515625, 0.06585693359375, 2.40625, 0.67724609375, 0.211669921875, 7.20703125, 1.4814453125, 1.943359375, 0.783203125, 0.2467041015625, 0.07525634765625, 0.09002685546875, 0.034454345703125, 0.125244140625, 0.0309295654296875, 0.01094818115234375, 6.33984375, 3.091796875, 5.09765625, 3.630859375, 4.88671875, 8.3046875, 2.095703125, 6.25, 4.53515625, 1.1572265625, 0.55712890625, 0.2568359375, 1.736328125, 0.00414276123046875, 0.599609375, 0.9677734375, 2.44140625, 2.31640625, 4.1640625, 0.41259765625, 4.421875, 4.1171875, 1.4873046875, 0.83837890625, 1.1298828125, 12.0859375, 8.171875]",-0.4791787242101244
96,0,test,3.7498510154381908,1.673613307421745,2.182014148621257,7.307401978802628,3.2614002913859643,4.252130135774758,42.51474748717738,34.54033714209672,37.71848547621127,82.84925151347386,67.30937494357308,73.50268964595017,3.595087971519585,1.5583617673627095,2.1995115043863818,6.536523584581063,2.8333850315685627,3.999111826157058,36.418903673258214,28.753430790771173,32.381602399832744,66.21618849683311,52.2789650741294,58.87564072696862,3.72610936754922,1.694749728778799,2.3255818587955694,6.8160537211266226,3.100151942888047,4.254113156333359,41.51726511335096,33.89281930659859,37.45992542871566,75.94621667076396,61.99905970719255,68.52425383301645,0.6834170854271358,-0.011582914572864311,0.008417085427135707,0.5628140703517588,-0.0021859296482411583,-0.007185929648241274,0.46733668341708545,-0.0076633165829145256,0.007336683417085488,0.4195250659630607,0.09320927648937649,0.14582027612923865,0.3835978835978836,0.4170854271356784,0.10958542713567843,0.17082918753501286,0.3535353535353535,0.4147157190635451,0.09804905239687844,0.15722404314789584,0.3825503355704698,24.0,-1.0,0.0,37.0,-2.0,1.0,43.0,0.0,0.0,0.000662341411684111,-0.00014538549191912638,0.0001917123725519112,0.00019112094891227116,-0.00020623617343673573,7.15412892633438e-05,"[6.96484375, 7.81640625, 3.236328125, 3.138671875, 2.689453125, 9.296875, 4.15234375, 2.40625, 5.828125, 10.7578125, 6.3046875, 10.09375, 13.1796875, 2.560546875, 5.39453125, 0.95361328125, 2.42578125, 5.16796875, 5.2734375, 5.33203125, 1.8798828125, 0.44140625, 4.62890625, 9.0546875, 0.84326171875, 3.869140625, 0.0031833648681640625, 4.60546875, 3.46875, 0.0037708282470703125, 4.53125, 0.032470703125, 4.12890625, 5.34765625, 6.38671875, 6.3828125, 2.61328125, 3.853515625, 0.2137451171875, 0.67919921875, 1.2333984375, 1.576171875, 1.2568359375, 5.18359375, 0.484130859375, 0.342041015625, 0.016815185546875, 5.953125, 5.46484375, 8.4375, 4.28515625, 9.046875, 3.10546875, 9.453125, 5.7578125, 1.7177734375, 12.15625, 9.71875, 0.60205078125, 8.5234375, 0.505859375, 0.0189971923828125, 0.53515625, 2.294921875, 0.90869140625, 0.1217041015625, 1.3251953125, 2.142578125, 0.002635955810546875, 0.06390380859375, 4.18359375, 12.4921875, 2.853515625, 1.5029296875, 1.837890625, 0.07513427734375, 0.11566162109375, 0.2763671875, 3.158203125, 3.9375, 2.904296875, 11.3984375, 3.69140625, 0.33056640625, 4.265625, 0.72607421875, 0.4765625, 3.837890625, 3.783203125, 10.5390625, 4.1015625, 7.33984375, 4.82421875, 0.875, 0.7255859375, 6.47265625, 0.3203125, 0.4248046875, 4.75390625, 0.62060546875, 0.0892333984375, 0.14794921875, 3.923828125, 4.13671875, 7.484375, 2.0078125, 2.171875, 0.21142578125, 2.57421875, 8.3984375, 9.8671875, 3.2890625, 3.361328125, 4.20703125, 13.2109375, 1.97265625, 0.0697021484375, 2.24609375, 2.33984375, 0.143310546875, 0.890625, 0.001953125, 0.1507568359375, 0.43359375, 3.30078125, 0.2030029296875, 0.80029296875, 0.052459716796875, 0.7119140625, 0.251708984375, 4.62109375, 7.26953125, 11.2734375, 2.955078125, 12.40625, 7.703125, 9.9921875, 9.046875, 1.818359375, 0.30029296875, 3.107421875, 1.0498046875, 8.859375, 11.796875, 10.5859375, 4.3125, 1.228515625, 0.30517578125, 2.28515625, 0.525390625, 3.876953125, 6.12890625, 7.26953125, 3.2265625, 0.130126953125, 1.568359375, 8.359375, 7.65234375, 0.783203125, 0.12335205078125, 3.822265625, 2.3359375, 0.03509521484375, 0.03253173828125, 0.8779296875, 2.603515625, 0.038330078125, 4.26171875, 7.78515625, 7.71875, 1.6025390625, 6.5078125, 1.4970703125, 7.890625, 0.382080078125, 2.71875, 1.5751953125, 3.001953125, 1.216796875, 0.256591796875, 4.2578125, 6.140625, 0.08819580078125, 5.51953125, 0.927734375, 0.71435546875, 0.0550537109375, 2.0234375, 6.58984375, 1.0439453125, 7.9765625, 2.236328125, 1.65625, 1.43359375, 1.0224609375, 0.318115234375, 0.148681640625, 3.560546875, 6.26171875, 5.91796875, 1.240234375, 4.40234375, 7.19140625, 1.47265625, 12.859375, 2.54296875, 8.5703125, 11.9375, 1.4404296875, 4.671875, 1.546875, 4.44140625, 2.884765625, 1.9140625, 0.701171875, 1.9541015625, 0.53857421875, 0.70703125, 0.370361328125, 0.1435546875, 0.51953125, 10.7421875, 0.6396484375, 11.859375, 2.33984375, 1.4404296875, 9.9765625, 2.046875, 0.7734375, 0.25048828125, 1.9580078125, 1.087890625, 3.376953125, 1.9833984375, 3.8828125, 2.162109375, 0.213623046875, 0.404541015625, 7.3515625, 9.75, 3.171875, 8.171875, 2.83203125, 3.0234375, 6.44140625, 3.44140625, 7.40234375, 3.177734375, 6.15234375, 3.84375, 5.26953125, 1.7158203125, 1.66015625, 1.7666015625, 0.658203125, 0.501953125, 0.445556640625, 4.53125, 0.88330078125, 3.279296875, 3.1796875, 5.12109375, 6.2265625, 2.1171875, 6.26953125, 8.5234375, 2.765625, 6.76171875, 4.140625, 0.73876953125, 0.2100830078125, 5.6875, 2.603515625, 1.0732421875, 4.39453125, 5.55859375, 3.349609375, 6.23046875, 2.87890625, 5.55078125, 4.94140625, 2.162109375, 2.072265625, 6.6015625, 1.4462890625, 4.51953125, 8.78125, 4.71875, 6.41796875, 5.19921875, 12.0390625, 1.52734375, 9.359375, 3.1796875, 7.71875, 6.09375, 6.96484375, 1.958984375, 0.5107421875, 2.0390625, 0.84228515625, 0.443115234375, 0.56640625, 10.8515625, 10.5859375, 0.176025390625, 0.47509765625, 6.56640625, 4.68359375, 9.6875, 2.373046875, 8.734375, 9.3515625, 3.369140625, 0.42138671875, 7.06640625, 8.3828125, 6.17578125, 3.79296875, 10.125, 1.625, 8.0859375, 2.98828125, 2.5703125, 7.04296875, 3.7109375, 2.3203125, 2.689453125, 0.044342041015625, 1.09765625, 0.246826171875, 3.544921875, 8.8828125, 8.2109375, 1.0810546875, 7.5546875, 2.166015625, 0.033294677734375, 1.5224609375, 7.3359375, 7.76171875, 5.58203125, 2.423828125, 0.377685546875, 5.53125, 1.2568359375, 4.0703125, 0.416259765625, 7.08203125, 3.626953125, 2.775390625, 5.15234375, 0.255859375, 4.65234375, 0.253173828125, 0.95703125, 7.05078125, 7.5390625, 2.51953125, 0.482421875, 1.138671875, 5.73046875, 1.0556640625, 8.4921875, 1.9853515625, 0.74462890625, 8.53125, 0.085205078125, 7.3203125, 2.78515625, 0.1763916015625, 0.42578125, 7.37109375, 1.8642578125, 0.02001953125, 0.013214111328125, 0.2471923828125, 0.8466796875, 6.58984375]",-1.6323234764441334
181,0,test,2.866938224021098,1.2954650817709985,1.3324518147480156,7.138676177812534,3.2257080536097864,3.317805018722559,17.583100185734875,12.76936589729285,12.944157785504657,43.78191946247984,31.795721084259203,32.230952885906596,2.6647482445491617,1.0984309073504979,1.553842603042731,6.661870611372904,2.7460772683762444,3.8846065076068275,14.364332791669087,9.57535330847604,11.327225111580335,35.91083197917271,23.938383271190094,28.318062778950832,2.677012929549584,1.2020715928987036,1.664375814918661,6.323652589487206,2.839539195823709,3.931596413193687,14.541591598343377,10.17081223749011,11.788740563353823,34.35021637403947,24.025540718480578,27.847418653591703,0.5577889447236181,-0.00221105527638199,0.007788944723618019,0.4522613065326633,0.007261306532663325,-0.0027386934673366836,0.3266331658291457,-0.008366834170854265,-0.023366834170854278,0.38229376257545267,0.0888264258920356,0.09294869903684078,0.3729838709677419,0.3668341708542714,0.07861361947582524,0.13645019756545673,0.30808080808080807,0.3745819397993311,0.09912284130183524,0.1643483469183522,0.3355704697986577,20.0,1.0,0.0,29.0,-2.0,-2.0,36.0,-1.0,-1.0,-0.0007937901433555108,0.00017973956831354284,-0.00023974375816588486,-0.003484112666643391,-0.003322687145291603,-0.0024783883347110347,"[8.1953125, 2.853515625, 0.271484375, 2.00390625, 1.6728515625, 4.78515625, 6.34375, 6.84765625, 3.859375, 0.75927734375, 4.6796875, 0.3466796875, 2.818359375, 2.12890625, 0.56005859375, 0.9287109375, 9.1171875, 2.4375, 3.8046875, 2.498046875, 0.474853515625, 2.873046875, 8.5078125, 1.6982421875, 6.625, 10.5390625, 10.4296875, 2.4921875, 5.5546875, 1.54296875, 1.43359375, 2.021484375, 0.255126953125, 1.2294921875, 0.51318359375, 0.0198822021484375, 0.80322265625, 0.00946807861328125, 1.9501953125, 0.3115234375, 0.0350341796875, 0.10400390625, 9.2890625, 0.419921875, 0.1865234375, 0.0633544921875, 1.146484375, 5.08984375, 3.37109375, 0.53515625, 4.90234375, 12.0546875, 4.30859375, 8.21875, 3.177734375, 7.703125, 2.962890625, 6.265625, 3.48046875, 10.9140625, 8.6328125, 2.09375, 3.025390625, 1.53125, 3.88671875, 3.109375, 2.021484375, 2.19921875, 0.203125, 0.07269287109375, 0.1854248046875, 0.50244140625, 6.91015625, 0.88427734375, 7.2734375, 0.2445068359375, 0.69091796875, 2.142578125, 1.1044921875, 0.36083984375, 0.042816162109375, 0.0201263427734375, 0.08740234375, 0.26904296875, 1.859375, 1.1728515625, 0.8876953125, 0.438232421875, 1.1103515625, 9.96875, 0.78271484375, 4.44921875, 1.9345703125, 2.919921875, 5.36328125, 3.306640625, 0.53369140625, 6.61328125, 0.2174072265625, 3.513671875, 9.5234375, 4.2421875, 1.5576171875, 4.4140625, 0.91748046875, 0.04803466796875, 0.460205078125, 14.15625, 0.80712890625, 5.953125, 0.6533203125, 7.25390625, 4.4453125, 1.8720703125, 8.9921875, 0.0141754150390625, 3.572265625, 0.09857177734375, 0.391357421875, 0.4580078125, 3.705078125, 3.408203125, 3.11328125, 0.289794921875, 0.09027099609375, 0.66650390625, 0.0216827392578125, 0.005336761474609375, 3.296875, 0.0049896240234375, 0.63525390625, 0.2783203125, 0.0210723876953125, 0.01467132568359375, 11.890625, 0.76904296875, 6.91015625, 1.267578125, 0.239990234375, 0.059478759765625, 0.317138671875, 7.1875, 3.140625, 0.264892578125, 9.6484375, 0.290771484375, 0.1517333984375, 2.49609375, 5.36328125, 0.09100341796875, 2.3203125, 3.62109375, 0.38427734375, 3.220703125, 0.1036376953125, 0.0217132568359375, 3.97265625, 0.01061248779296875, 0.0272369384765625, 0.27685546875, 2.431640625, 0.1259765625, 1.5927734375, 1.244140625, 2.1484375, 0.378662109375, 0.0340576171875, 0.053497314453125, 0.007564544677734375, 0.0026569366455078125, 4.12109375, 0.032318115234375, 0.89208984375, 0.12176513671875, 0.03515625, 0.0230712890625, 5.703125, 0.00493621826171875, 0.0201568603515625, 0.005084991455078125, 0.06671142578125, 3.349609375, 0.1187744140625, 0.034423828125, 10.15625, 7.4453125, 12.2734375, 5.09765625, 2.80078125, 6.515625, 0.037689208984375, 0.1278076171875, 0.0445556640625, 0.0186309814453125, 0.2239990234375, 4.17578125, 1.6845703125, 5.51171875, 2.62890625, 6.16796875, 0.0584716796875, 1.5068359375, 0.1883544921875, 0.5673828125, 1.5068359375, 0.00028777122497558594, 1.7890625, 0.00018990039825439453, 0.0005846023559570312, 0.00209808349609375, 7.6015625, 1.68359375, 10.1015625, 1.10546875, 7.15625, 10.4609375, 3.15234375, 8.9375, 3.47265625, 10.4765625, 0.276611328125, 0.2098388671875, 0.5126953125, 4.28125, 10.703125, 2.78515625, 3.47265625, 0.06689453125, 0.459716796875, 0.0196990966796875, 2.234375, 0.0012102127075195312, 0.029052734375, 0.006595611572265625, 1.9931640625, 5.515625, 0.0206298828125, 1.6943359375, 8.0, 0.55810546875, 2.279296875, 0.006317138671875, 5.33203125, 0.256591796875, 7.9375, 3.111328125, 1.3359375, 2.609375, 0.00899505615234375, 6.51171875, 0.11260986328125, 1.7421875, 0.3759765625, 0.1988525390625, 1.408203125, 3.234375, 4.5625, 3.375, 0.72705078125, 0.7919921875, 8.03125, 11.03125, 7.1875, 0.072265625, 0.341796875, 0.576171875, 0.00015091896057128906, 2.71484375, 0.0018568038940429688, 7.7578125, 0.1436767578125, 0.20654296875, 1.591796875, 0.07098388671875, 5.734375, 0.0677490234375, 4.12890625, 6.05078125, 0.002750396728515625, 0.0557861328125, 0.9501953125, 0.6142578125, 0.102783203125, 0.0096282958984375, 0.0865478515625, 0.94140625, 3.064453125, 1.5283203125, 5.046875, 0.26025390625, 5.8531761169433594e-05, 5.5859375, 7.5390625, 0.9462890625, 4.79296875, 6.05859375, 3.130859375, 0.6376953125, 4.796875, 7.421875, 0.00782012939453125, 1.6298828125, 10.078125, 0.01690673828125, 7.86328125, 1.7060546875, 8.453125, 0.0172882080078125, 0.038818359375, 4.484375, 5.17578125, 6.16796875, 4.1640625, 7.76953125, 3.193359375, 4.1875, 1.146484375, 6.6328125, 1.853515625, 1.94140625, 0.88330078125, 0.038726806640625, 0.0211639404296875, 0.556640625, 4.07421875, 0.34716796875, 1.1328125, 8.7890625, 2.107421875, 2.857421875, 2.6953125, 4.1796875, 0.0897216796875, 0.0579833984375, 0.245849609375, 0.00479888916015625, 0.0010623931884765625, 4.3046875, 8.2265625, 0.162109375, 1.669921875, 4.50390625, 7.71875, 7.8359375, 4.1484375, 6.27734375, 10.625, 0.036163330078125, 0.4521484375, 1.134765625, 0.376953125, 0.000274658203125, 2.416015625, 0.00046825408935546875, 0.0014257431030273438, 0.0025768280029296875, 7.22265625, 0.53515625, 0.358154296875, 9.7421875, 6.6015625, 0.0002522468566894531, 0.79833984375, 0.155517578125, 0.007083892822265625, 0.005962371826171875, 0.017669677734375, 5.78125, 0.0254058837890625, 1.671875, 0.859375, 2.109375, 0.75830078125, 0.335205078125, 0.142578125, 6.5078125, 5.49609375, 0.456298828125, 10.5, 2.23046875, 3.08984375, 3.2265625, 2.841796875, 0.0167694091796875, 0.94384765625, 1.681640625, 6.6796875, 1.9677734375, 0.66357421875, 6.65625, 8.171875, 2.96875, 2.58203125, 0.04034423828125, 0.06817626953125, 0.115966796875, 0.0015411376953125, 7.033348083496094e-05, 0.26416015625, 3.466796875, 5.4140625, 5.33984375, 4.7890625, 2.162109375, 14.09375, 0.02081298828125, 0.037933349609375, 0.017669677734375, 0.00638580322265625, 0.024658203125, 0.0782470703125, 5.46484375, 15.0859375, 6.46484375, 3.3984375, 1.0703125, 1.8056640625, 1.6953125, 0.6044921875, 0.72119140625, 6.50390625, 3.65625, 0.69677734375, 3.671875, 11.140625, 4.1484375, 6.0859375, 5.72265625, 3.96484375, 6.30859375, 2.01171875, 0.9619140625, 3.826171875, 2.59765625, 2.412109375, 5.5234375, 4.390625, 7.75, 9.4140625, 2.1484375, 5.296875, 0.82763671875, 3.064453125, 2.001953125, 2.15234375, 8.2578125, 11.03125, 3.591796875, 8.7734375, 2.537109375, 0.487548828125, 1.21875, 2.333984375, 3.625, 3.259765625, 3.412109375, 5.0703125, 2.771484375, 2.31640625, 9.1015625, 1.6171875, 2.6953125, 2.50390625, 2.72265625, 4.62109375, 2.21484375, 2.455078125, 10.1015625, 0.861328125, 2.763671875, 0.998046875, 7.1640625, 0.50244140625, 3.939453125, 1.3662109375, 4.14453125, 2.609375, 3.974609375, 0.09857177734375, 0.1873779296875, 0.170654296875, 0.00753021240234375, 0.000324249267578125, 0.11138916015625, 1.19140625, 1.587890625, 5.2265625, 0.0163421630859375, 5.7421875, 0.52685546875, 4.0546875, 9.3671875, 1.4560546875, 6.2421875, 0.0850830078125, 0.5927734375, 8.625]",-1.493615040596822
19,0,test,2.9615921805302303,1.3273850155742972,1.4182492716075856,7.537173750449951,3.3781597486308836,3.6094068764193055,19.32872208394582,14.203329289245394,14.648512419961829,49.19108636178804,36.14709729167743,37.280076582019255,4.105198328219466,1.8826529969361459,2.572037328478764,6.516187822570582,2.988338090374835,4.0825989340932765,60.6547729078979,51.42397648358574,56.02197493330546,96.27741731412365,81.62535949775514,88.92376973540549,3.425667462939004,1.5622249997885973,2.146407395763034,7.288654176465966,3.3238829782736112,4.566824246304327,30.743157923425546,24.297269568744024,27.149178485307043,65.41097430516074,51.69631823137026,57.764209543206476,0.7587939698492463,0.0037939698492462925,0.013793969849246301,0.6281407035175879,-0.01185929648241213,-0.01185929648241213,0.5527638190954773,0.012763819095477302,-0.0022361809045226,0.3729166666666667,0.1096492369060007,0.11973973607038124,0.3444676409185804,0.4723618090452262,0.1440410070402136,0.23029169218379042,0.5151515151515151,0.40802675585284276,0.12755931010993793,0.1900067336059017,0.4093959731543624,24.0,0.0,1.0,39.0,1.0,0.0,45.0,-1.0,0.0,0.0010291530959877352,0.0007892460171571846,0.0013013927561637982,-0.0693519672236782,-0.07594484488531794,-0.08054752497240525,"[7.19140625, 3.509765625, 0.09625244140625, 0.56982421875, 0.02545166015625, 0.402587890625, 1.9375, 0.7548828125, 1.962890625, 1.412109375, 0.280029296875, 0.07550048828125, 0.162353515625, 0.0013408660888671875, 0.00897979736328125, 0.01654052734375, 0.07879638671875, 2.54296875, 8.3359375, 3.357421875, 6.51171875, 3.87890625, 1.6279296875, 2.24609375, 8.078125, 6.2265625, 5.7734375, 0.203369140625, 5.796875, 6.16796875, 7.6171875, 3.61328125, 2.31640625, 10.078125, 3.05078125, 0.90087890625, 6.28515625, 2.568359375, 1.51953125, 8.5703125, 3.33203125, 5.578125, 5.1796875, 3.39453125, 1.515625, 6.265625, 3.08984375, 7.421875, 0.72509765625, 6.05859375, 13.640625, 5.359375, 6.046875, 4.453125, 5.1328125, 0.818359375, 4.6171875, 3.46484375, 3.16015625, 0.53466796875, 2.193359375, 6.6171875, 5.99609375, 1.8330078125, 6.66015625, 2.5390625, 7.30859375, 9.828125, 8.2265625, 6.76953125, 0.7646484375, 0.496337890625, 8.2265625, 10.296875, 2.951171875, 9.609375, 1.2177734375, 1.5, 4.859375, 8.84375, 7.48046875, 0.95654296875, 3.48046875, 8.1328125, 4.3203125, 6.5546875, 5.09765625, 1.28515625, 5.41015625, 8.5390625, 12.1953125, 2.55859375, 4.390625, 6.35546875, 5.0703125, 10.640625, 1.140625, 4.66796875, 2.52734375, 0.1212158203125, 0.228515625, 10.40625, 8.515625, 8.5, 0.5302734375, 0.61474609375, 0.88134765625, 0.1485595703125, 1.2421875, 0.0312042236328125, 0.046905517578125, 10.1328125, 9.875, 9.53125, 2.0, 0.051910400390625, 0.50830078125, 4.72265625, 9.53125, 1.1064453125, 0.429931640625, 4.4296875, 3.26953125, 14.9609375, 2.94140625, 0.0224609375, 2.380859375, 6.45703125, 8.4453125, 5.28125, 5.33203125, 1.130859375, 0.01027679443359375, 0.21240234375, 6.83984375, 5.6953125, 8.6875, 7.23828125, 7.97265625, 1.1318359375, 0.08807373046875, 0.256103515625, 4.3203125, 7.1640625, 4.7265625, 0.289306640625, 7.15625, 5.19140625, 2.068359375, 8.546875, 10.2890625, 6.7265625, 5.66015625, 6.921875, 8.0, 4.63671875, 5.48828125, 10.4765625, 1.5107421875, 8.0078125, 0.93798828125, 6.92578125, 0.61376953125, 5.56640625, 0.079345703125, 1.361328125, 0.1634521484375, 5.66796875, 2.279296875, 3.44140625, 3.0546875, 5.60546875, 6.9609375, 12.2734375, 6.44140625, 0.92138671875, 7.15625, 1.2099609375, 0.71826171875, 0.325927734375, 11.8828125, 2.353515625, 6.921875, 5.30859375, 3.412109375, 1.6826171875, 0.294189453125, 2.498046875, 0.384521484375, 0.5234375, 1.19921875, 2.708984375, 0.2196044921875, 2.455078125, 5.390625, 0.130615234375, 0.1483154296875, 0.02178955078125, 5.61328125, 0.2705078125, 0.90478515625, 0.5205078125, 6.80859375, 9.4140625, 6.76171875, 9.203125, 1.0966796875, 4.46484375, 4.328125, 1.34375, 8.265625, 0.26171875, 3.333984375, 0.35986328125, 0.443359375, 0.51708984375, 0.13916015625, 0.01194000244140625, 0.050811767578125, 0.08697509765625, 0.4736328125, 0.1292724609375, 0.157958984375, 12.6328125, 4.7109375, 1.17578125, 3.4921875, 0.074951171875, 0.005062103271484375, 0.435791015625, 0.384521484375, 0.452880859375, 0.05035400390625, 0.0023250579833984375, 0.01227569580078125, 0.04779052734375, 0.26611328125, 0.038055419921875, 0.0667724609375, 6.83203125, 0.9931640625, 0.1571044921875, 9.5625, 0.62451171875, 0.161865234375, 0.11572265625, 0.01441192626953125, 0.0035457611083984375, 0.00238800048828125, 0.0286407470703125, 0.37109375, 0.043182373046875, 0.06378173828125, 9.0078125, 1.8515625, 0.393310546875, 0.489990234375, 2.2578125, 0.51123046875, 0.0247802734375, 0.350341796875, 6.16796875, 6.65234375, 0.89990234375, 0.16259765625, 0.005512237548828125, 0.002899169921875, 0.1943359375, 0.326904296875, 0.10052490234375, 0.0457763671875, 6.0390625, 9.140625, 3.4765625, 1.58203125, 0.2724609375, 0.01300811767578125, 6.32421875, 0.7001953125, 10.7109375, 4.54296875, 1.509765625, 2.810546875, 1.15234375, 1.3935546875, 1.84765625, 2.642578125, 1.583984375, 1.3984375, 2.216796875, 0.1507568359375, 0.056060791015625, 0.0015687942504882812, 0.0006937980651855469, 0.006793975830078125, 0.0216827392578125, 0.08111572265625, 0.006465911865234375, 15.3359375, 5.1875, 2.255859375, 12.1015625, 4.421875, 0.00878143310546875, 6.9375, 4.39453125, 0.07012939453125, 5.140625, 0.031280517578125, 8.8046875, 2.439453125, 9.53125, 2.439453125, 9.609375, 2.291015625, 2.10546875, 0.353515625, 0.07891845703125, 3.81640625, 3.078125, 1.3251953125, 3.55078125, 0.0022525787353515625, 0.0010652542114257812, 0.65673828125, 2.080078125, 0.35546875, 0.462158203125, 0.0841064453125, 0.09588623046875, 0.5517578125, 0.3037109375, 0.202392578125, 10.4140625, 0.52978515625, 0.8056640625, 0.1153564453125, 0.0701904296875, 0.0251922607421875, 0.0703125, 0.43994140625, 0.08551025390625, 0.2064208984375, 3.283203125, 0.017974853515625, 0.0675048828125, 0.18896484375, 1.009765625, 0.01910400390625, 0.1422119140625, 0.0207977294921875, 0.0616455078125, 0.41650390625, 0.06817626953125, 0.1397705078125, 3.50390625, 0.0138092041015625, 0.00212860107421875, 0.211669921875, 0.83984375, 0.0161285400390625, 0.13037109375, 0.03997802734375, 0.06427001953125, 0.4736328125, 0.045196533203125, 0.11285400390625, 7.7890625, 0.329345703125, 0.03546142578125, 0.01824951171875, 0.049774169921875, 0.0091705322265625, 0.059661865234375, 6.22265625, 2.294921875, 10.1171875, 0.2352294921875, 2.748046875, 3.890625, 1.126953125, 0.019927978515625, 0.0161285400390625, 1.005859375, 1.625, 3.017578125, 1.033203125, 2.580078125, 0.6005859375, 0.06787109375, 0.63232421875, 1.14453125, 7.1484375, 12.2578125, 3.013671875, 6.11328125, 0.56787109375, 6.6953125, 0.11029052734375, 1.6884765625, 0.89697265625, 0.0733642578125, 1.2431640625, 9.4921875, 0.177490234375, 4.15234375, 0.439453125, 0.044464111328125, 2.66015625, 0.53857421875, 4.5234375, 5.046875, 0.7958984375, 2.94140625, 0.275146484375, 1.2939453125, 0.0185546875, 1.8115234375, 0.37353515625, 10.2890625, 0.1685791015625, 1.4677734375, 6.2265625, 0.4140625, 5.48828125, 0.78515625, 11.6640625, 1.3779296875, 5.12109375, 1.34375, 1.7158203125, 7.859375, 4.62109375, 1.794921875, 0.40625, 2.681640625, 1.4580078125, 3.71875, 1.8828125, 7.32421875, 0.8515625, 2.1953125, 0.9931640625, 9.7265625, 3.53515625, 4.9296875, 3.521484375, 2.681640625, 0.09429931640625, 1.5419921875, 0.184814453125, 0.58349609375, 1.900390625, 1.642578125, 1.7451171875, 0.2298583984375, 8.2421875, 0.60986328125, 0.266357421875, 0.0112152099609375, 0.407958984375, 0.007232666015625, 0.84716796875, 0.0030117034912109375, 0.2125244140625, 0.0418701171875, 0.1424560546875, 1.2490234375, 0.033599853515625, 0.1573486328125, 0.000873565673828125, 0.0164947509765625, 10.03125, 5.4296875, 3.09765625, 0.11932373046875, 0.57470703125, 0.1007080078125, 2.587890625, 0.0296173095703125]",-0.8619759251674015
208,0,test,1.8665941456602655,0.7778082942170101,1.1041875297631103,5.825414696346323,2.4274456654684715,3.4460358071727843,6.466235795763798,3.495570742387225,4.322807368517601,20.180340285680423,10.909253745472217,13.490959259988996,1.9474696124618376,0.7736447356909002,1.1398644499750303,5.409637812393994,2.1490131546969455,3.1662901388195297,7.010924760013386,3.7765847982438374,4.768393706698916,19.474791000037182,10.490513328455103,13.245538074163655,1.8745508189757385,0.7905148831196913,1.1050759974143667,5.850246511968239,2.4671013934724435,3.4488086073151663,6.51789074985208,3.561302646089073,4.359258460943115,20.341549153384513,11.114395071310952,13.604718713273016,0.4170854271356784,0.002085427135678386,0.012085427135678395,0.3065326633165829,0.0015326633165828607,0.016532663316582874,0.24120603015075381,-0.008793969849246186,-0.0037939698492461815,0.28621908127208484,0.06576052748019767,0.10290533274094504,0.24113475177304966,0.3065326633165829,0.09099381619878844,0.13457940789087341,0.23737373737373735,0.31448763250883394,0.09932008400795211,0.12412335518803486,0.25177304964539005,18.0,-1.0,-2.0,29.0,-1.0,1.0,34.0,-1.0,-1.0,0.00022282843846096643,0.0005862409317210072,0.00028076956321284815,-0.1005574424231348,-0.10596493172367971,-0.10140013227831712,"[11.2109375, 5.078125, 3.0078125, 4.72265625, 1.146484375, 5.37890625, 9.609375, 2.57421875, 9.6953125, 2.078125, 0.0224456787109375, 0.04705810546875, 0.79052734375, 5.19140625, 2.62890625, 0.485107421875, 0.52734375, 0.1302490234375, 8.9296875, 3.703125, 7.984375, 4.67578125, 0.1566162109375, 0.70361328125, 4.3984375, 6.21484375, 1.423828125, 0.720703125, 0.32080078125, 6.4375, 8.203125, 9.6875, 4.0546875, 9.3046875, 5.99609375, 0.08636474609375, 0.70654296875, 0.05078125, 0.03900146484375, 5.40234375, 8.703125, 2.310546875, 5.85546875, 3.255859375, 7.87890625, 0.98974609375, 4.765625, 0.5537109375, 0.1776123046875, 0.7861328125, 3.369140625, 5.49609375, 0.658203125, 0.474609375, 1.8271484375, 0.285400390625, 0.14697265625, 1.0703125, 0.8525390625, 0.00276947021484375, 0.1802978515625, 0.2529296875, 0.011688232421875, 0.0084381103515625, 7.421875, 0.286376953125, 1.326171875, 0.38037109375, 0.00372314453125, 0.03997802734375, 0.344482421875, 0.0250701904296875, 0.007183074951171875, 1.583984375, 0.431884765625, 2.673828125, 0.8388671875, 0.55810546875, 0.1561279296875, 0.0192718505859375, 0.6552734375, 0.11053466796875, 3.869140625, 0.1478271484375, 4.2265625, 3.45703125, 0.49267578125, 2.802734375, 1.5546875, 0.245361328125, 0.15087890625, 0.019287109375, 0.25341796875, 0.00989532470703125, 1.5927734375, 0.485595703125, 7.93359375, 10.6875, 1.4384765625, 0.51025390625, 4.1796875, 0.51513671875, 8.6796875, 0.1611328125, 1.857421875, 0.415771484375, 2.51953125, 0.132568359375, 4.5, 0.76025390625, 0.0645751953125, 1.0166015625, 4.265625, 11.6875, 0.0254364013671875, 0.275634765625, 0.2156982421875, 0.041961669921875, 0.250244140625, 0.03173828125, 0.0037250518798828125, 0.39111328125, 0.0736083984375, 0.174560546875, 0.0545654296875, 6.140625, 0.004634857177734375, 0.0301361083984375, 0.0171356201171875, 0.001758575439453125, 0.83984375, 0.002223968505859375, 0.0029125213623046875, 1.580078125, 7.295608520507812e-05, 1.2138671875, 0.1602783203125, 5.9140625, 0.337158203125, 0.1053466796875, 4.5078125, 0.486572265625, 1.6982421875, 0.489501953125, 0.6689453125, 3.365234375, 1.7080078125, 0.40625, 1.244140625, 0.1400146484375, 0.07440185546875, 0.02056884765625, 4.515625, 1.7734375, 0.060089111328125, 0.3447265625, 0.018707275390625, 0.023162841796875, 0.043304443359375, 1.123046875, 0.0088348388671875, 0.626953125, 1.69921875, 0.01071929931640625, 0.026702880859375, 0.0011072158813476562, 0.003021240234375, 0.0005235671997070312, 0.97265625, 0.034576416015625, 1.322265625, 0.05926513671875, 7.25390625, 2.55859375, 4.18359375, 0.724609375, 0.289794921875, 1.380859375, 0.01314544677734375, 0.01261138916015625, 0.7138671875, 0.0005092620849609375, 1.02734375, 0.52880859375, 0.7841796875, 0.00909423828125, 0.0042266845703125, 0.1307373046875, 0.0853271484375, 0.94677734375, 1.6533203125, 0.10333251953125, 0.325927734375, 0.003734588623046875, 0.02020263671875, 0.041839599609375, 7.15625, 2.837890625, 10.40625, 2.013671875, 1.767578125, 2.357421875, 0.77783203125, 0.0258331298828125, 0.052215576171875, 2.705078125, 5.3203125, 1.2587890625, 0.06524658203125, 0.1046142578125, 0.001789093017578125, 0.00041866302490234375, 0.8935546875, 2.244140625, 0.00275421142578125, 0.0016422271728515625, 0.705078125, 0.00023496150970458984, 0.8662109375, 0.1287841796875, 5.31640625, 4.2578125, 7.81640625, 0.80126953125, 3.853515625, 6.0390625, 2.728515625, 8.96875, 2.986328125, 0.348876953125, 0.003559112548828125, 8.703125, 6.01953125, 0.93798828125, 3.412109375, 0.033782958984375, 2.859375, 0.1817626953125, 6.46875, 1.337890625, 0.004352569580078125, 0.0222015380859375, 1.357421875, 1.3271484375, 0.5927734375, 0.0153350830078125, 3.22265625, 0.135009765625, 1.14453125, 4.77734375, 1.4853515625, 0.13427734375, 0.00389862060546875, 0.11981201171875, 0.10498046875, 0.408447265625, 0.1346435546875, 0.0191497802734375, 0.028350830078125, 0.00141143798828125, 0.005702972412109375, 0.005596160888671875, 9.4453125, 1.5703125, 0.22216796875, 1.4716796875, 0.06939697265625, 0.033233642578125, 0.00835418701171875, 1.0595703125, 1.0849609375, 0.0302886962890625, 4.37890625, 2.9375, 5.31640625, 0.064208984375, 0.032440185546875, 0.060211181640625, 0.86181640625, 0.0072021484375, 0.11260986328125, 0.55908203125, 0.004268646240234375]",-2.3725382586671273
12,0,test,3.1274728647194006,1.2609041143759352,1.6191173408856194,5.714745870987269,2.304015699905118,2.9585689592546323,22.81624688157883,16.35017529583648,18.296954070697264,41.69150566543041,29.876229404210296,33.433525165546826,3.1708282561757457,1.3200436407092766,1.88019069716862,4.993430324686214,2.0788088830067353,2.9609302317616066,23.827211220696697,17.46239972720079,20.192107810667125,37.52316727668771,27.49984209007998,31.798594977428543,3.1253741763582163,1.3886330051475615,1.9230075663005644,5.40165825856131,2.4000073325960742,3.3235795510050217,22.768412901668047,17.089605925806687,19.440429251763444,39.351187616177725,29.53637093535376,33.59935460275879,0.6532663316582914,-0.006733668341708521,-0.011733668341708636,0.5628140703517588,0.01781407035175886,0.00781407035175885,0.44221105527638194,-0.0027889447236180143,0.012211055276381888,0.4413965087281796,0.1188560355027749,0.16378165046816007,0.43000000000000005,0.4321608040201005,0.12138386166421078,0.18508233991325573,0.40909090909090906,0.43624161073825507,0.13305903117376594,0.20186661073825507,0.42087542087542085,23.0,14.0,14.0,36.0,22.0,22.0,41.0,19.0,19.0,-2.0827070613745556e-05,2.5068498527595366e-05,-3.918636499107547e-05,-0.0031104551414546933,-0.003115202987914678,-0.003368155746557022,"[3.591796875, 10.4453125, 0.006450653076171875, 5.703125, 4.96484375, 0.81201171875, 7.73046875, 0.90673828125, 4.73828125, 0.5986328125, 9.3125, 8.0859375, 0.210205078125, 1.3603515625, 13.03125, 2.125, 2.966796875, 8.7890625, 4.9765625, 3.58203125, 1.3564453125, 0.1513671875, 2.119140625, 0.06982421875, 6.11328125, 3.642578125, 0.71728515625, 0.0024242401123046875, 0.01535797119140625, 2.669921875, 0.5185546875, 0.40869140625, 0.2191162109375, 0.184814453125, 0.77978515625, 5.171875, 5.87109375, 6.36328125, 0.0216827392578125, 9.6875, 8.3046875, 8.0078125, 0.72705078125, 7.078125, 0.053680419921875, 0.06805419921875, 2.1875, 6.02734375, 4.171875, 0.468994140625, 0.37158203125, 9.274482727050781e-05, 3.16796875, 2.26953125, 3.5, 0.5283203125, 0.05218505859375, 1.744140625, 2.53515625, 6.12890625, 4.140625, 6.86328125, 5.8515625, 3.2734375, 0.998046875, 3.296875, 9.9921875, 2.419921875, 8.25, 1.1484375, 0.421142578125, 0.143310546875, 1.4543533325195312e-05, 4.64453125, 0.0010929107666015625, 0.0289764404296875, 0.0008087158203125, 4.887580871582031e-06, 0.0004298686981201172, 0.0014200210571289062, 0.050872802734375, 5.73046875, 0.89111328125, 3.158203125, 0.292724609375, 5.75, 6.21875, 6.05078125, 0.1954345703125, 0.8515625, 4.73046875, 2.6796875, 6.078125, 0.13818359375, 0.0732421875, 2.205371856689453e-05, 0.6298828125, 0.0001857280731201172, 0.004848480224609375, 7.03515625, 1.0009765625, 3.744140625, 6.48046875, 1.353515625, 3.19140625, 6.02734375, 8.859375, 0.32763671875, 8.046875, 1.482421875, 1.2275390625, 2.19140625, 1.796875, 2.48828125, 7.73828125, 1.3427734375, 0.462646484375, 1.8984375, 3.58203125, 3.638671875, 4.8125, 10.2578125, 1.8779296875, 0.250732421875, 2.21875, 2.126953125, 6.4921875, 2.296875, 1.71875, 1.6044921875, 8.3828125, 1.814453125, 5.81640625, 0.1783447265625, 0.07318115234375, 3.24609375, 5.453125, 0.0953369140625, 3.083984375, 7.34765625, 4.69140625, 4.62109375, 2.970703125, 5.02734375, 8.234375, 2.966796875, 6.1953125, 0.85693359375, 3.24609375, 6.890625, 1.048828125, 0.580078125, 8.09375, 1.8291015625, 4.91796875, 1.23046875, 5.30078125, 2.638671875, 1.5224609375, 3.134765625, 6.20703125, 7.16796875, 1.4501953125, 7.203125, 0.131591796875, 7.234375, 5.25, 6.96484375, 1.8173828125, 0.036346435546875, 3.701171875, 5.015625, 0.52001953125, 0.1083984375, 2.947265625, 4.2265625, 0.147216796875, 0.401611328125, 6.72265625, 6.2890625, 5.8125, 0.043853759765625, 2.189453125, 5.05078125, 0.517578125, 1.0703125, 0.87158203125, 0.173828125, 4.5, 1.7041015625, 9.171875, 3.943359375, 2.802734375, 0.42333984375, 0.39306640625, 0.0002353191375732422, 4.92578125, 0.410400390625, 0.33740234375, 9.548664093017578e-05, 0.0079345703125, 0.0006270408630371094, 5.16796875, 7.79296875, 4.546875, 4.01171875, 8.484375, 0.5322265625, 0.49609375, 0.193115234375, 0.642578125, 0.2119140625, 3.390625, 3.494140625, 1.861328125, 0.031494140625, 3.119140625, 5.328125, 3.322265625, 6.51953125, 0.71142578125, 3.29296875, 1.056640625, 4.50390625, 0.08453369140625, 9.015625, 0.98681640625, 0.86474609375, 1.8564453125, 1.9296875, 4.58203125, 0.6455078125, 7.25, 1.02734375, 0.303955078125, 7.68359375, 0.368408203125, 1.4560546875, 6.90234375, 0.478515625, 0.79736328125, 4.06640625, 5.00390625, 0.01552581787109375, 3.037109375, 1.990234375, 6.80859375, 0.1527099609375, 0.1368408203125, 3.0, 9.140625, 0.2423095703125, 4.50390625, 5.765625, 0.045654296875, 1.0380859375, 7.61328125, 0.28125, 0.020782470703125, 8.765625, 0.51953125, 1.693359375, 1.4384765625, 0.05133056640625, 5.24609375, 5.859375, 2.83984375, 0.10382080078125, 1.015625, 6.59765625, 2.359375, 4.91796875, 9.859375, 3.869140625, 0.053955078125, 7.83984375, 0.298095703125, 0.96728515625, 6.26953125, 3.98828125, 6.734375, 0.437744140625, 3.49609375, 0.127197265625, 0.2445068359375, 5.14984130859375e-05, 9.5859375, 0.2139892578125, 7.01171875, 5.1328125, 6.37109375, 0.026641845703125, 0.83740234375, 0.158203125, 4.11328125, 4.015625, 3.501953125, 0.84326171875, 0.1109619140625, 1.7998046875, 3.41796875, 0.499267578125, 0.010772705078125, 1.9365234375, 6.390625, 1.470703125, 3.14453125, 6.26171875, 0.031646728515625, 2.5, 5.703125, 1.8017578125, 1.6171875, 0.3232421875, 11.671875, 3.68359375, 2.744140625, 0.71337890625, 2.162109375, 6.77734375, 1.037109375, 4.41796875, 3.365234375, 3.3984375, 0.041107177734375, 0.75, 5.40234375, 0.190185546875, 1.4482421875, 0.5888671875, 2.8359375, 5.2578125, 0.180419921875, 10.6640625, 1.4326171875, 2.23828125, 7.32421875, 1.3740234375, 3.00390625, 5.86328125, 2.5234375, 0.01085662841796875, 2.90234375, 0.0540771484375, 0.36669921875, 8.8359375, 3.88671875, 5.046875, 4.39453125, 4.59765625, 0.01229095458984375, 1.2431640625, 4.81640625, 1.044921875, 6.1953125, 1.9609375, 5.73828125, 0.0219879150390625, 2.11328125, 6.046875, 0.004436492919921875, 3.03515625, 6.6796875, 0.58349609375, 0.77001953125, 5.203125, 0.07470703125, 0.003192901611328125, 2.080078125, 4.703125, 3.908203125, 0.00907135009765625, 0.015960693359375, 4.3515625, 6.3984375, 10.703125, 7.23828125, 4.34375, 5.42578125, 5.19140625, 5.875, 0.050537109375, 9.3515625, 0.06890869140625, 2.337890625, 4.13671875, 7.74609375, 0.01084136962890625, 5.16015625, 4.8671875, 0.71875, 0.0017757415771484375, 2.62890625, 3.765625, 2.921875, 8.859375, 0.03369140625, 0.0019378662109375, 3.509765625, 5.80078125, 3.564453125]",-0.9875550397910975
138,0,test,1.3342643133317582,0.46306326295005773,0.6549948323862095,10.195147830073434,3.5382782656183895,5.004832309002318,3.7972013681551458,1.4074219921639823,1.8247650646595688,29.01451301821111,10.754147529868376,13.943076647911575,1.704214344120989,0.6360212000193488,0.8858132734717971,9.165909580542616,3.4207626703743355,4.764238957321287,5.497065168654128,2.586948583226692,3.2301927991475856,29.565296447626256,13.913588326003017,17.373199108928908,1.3184916254647252,0.46342824635331503,0.6259692693470325,10.074628317653541,3.541067113161228,4.7830472375747615,3.7377791521447055,1.3862557388282384,1.7390284107049259,28.560466342028775,10.592415645405513,13.287960676668408,0.3737373737373737,-0.006262626262626303,-0.006262626262626303,0.2777777777777778,-0.012222222222222245,-0.007222222222222241,0.20707070707070707,-0.007929292929292897,-0.007929292929292897,0.27609427609427606,0.05424553659847775,0.07228688527680682,0.16554054054054057,0.31313131313131315,0.08391216955448699,0.11011117890312527,0.18274111675126903,0.27609427609427606,0.057606881136292865,0.06892742279080466,0.16554054054054057,15.0,1.0,0.0,26.0,1.0,0.0,28.0,0.0,0.0,0.001665282285836109,0.0005965752968622945,0.0002643566596673,-0.20073388436419215,-0.19190135526759633,-0.195520382943573,"[6.19140625, 3.84765625, 10.359375, 5.0625, 2.38671875, 5.171875, 3.86328125, 1.765625, 9.0078125, 3.73046875, 3.3671875, 0.59619140625, 7.52734375, 6.171875, 0.1409912109375, 3.69140625, 4.15625, 5.6796875, 0.97900390625, 3.4765625, 0.59326171875, 2.466796875, 3.38671875, 5.828125, 3.525390625, 10.3984375, 1.865234375, 1.861328125, 3.552734375, 1.6171875, 1.306640625, 0.390625, 10.765625, 0.047698974609375, 1.0322265625, 0.794921875, 2.048828125, 5.703125, 0.72705078125, 1.4716796875, 0.204833984375, 0.3125, 0.427490234375, 0.62158203125, 0.180908203125, 6.4609375, 0.00623321533203125, 0.0728759765625, 0.01543426513671875, 0.83056640625, 2.810546875, 1.2880859375, 0.40869140625, 1.0986328125, 0.1842041015625, 9.8984375, 6.125, 5.95703125, 1.4501953125, 0.206787109375, 2.736328125, 1.4111328125, 2.529296875, 0.1685791015625, 0.7744140625, 0.17578125, 0.244140625, 0.1558837890625, 0.192626953125, 0.016204833984375, 0.486572265625, 0.02874755859375, 0.1875, 0.62744140625, 0.0213775634765625, 0.326171875, 0.161376953125, 2.494140625, 0.465087890625, 0.1268310546875, 0.08392333984375, 0.0160369873046875, 0.1912841796875, 2.142578125, 1.0986328125, 3.169921875, 0.020782470703125, 0.76171875, 0.148681640625, 0.049896240234375, 0.10833740234375, 0.09442138671875, 0.00980377197265625, 1.52734375, 0.0014009475708007812, 0.00525665283203125, 0.004070281982421875, 0.036102294921875, 0.2548828125, 0.1627197265625, 0.025909423828125, 0.251220703125, 7.046875, 5.29296875, 2.291015625, 2.400390625, 0.48291015625, 4.51953125, 0.0855712890625, 0.01006317138671875, 0.9755859375, 0.72412109375, 0.1107177734375, 0.04248046875, 0.2646484375, 0.1661376953125, 0.0236358642578125, 0.08245849609375, 0.0306243896484375, 0.00461578369140625, 0.122314453125, 0.0157623291015625, 0.0361328125, 0.11065673828125, 0.021026611328125, 0.27978515625, 4.1171875, 0.0244140625, 1.4228515625, 0.9052734375, 0.065185546875, 10.4140625, 0.00750732421875, 0.443359375, 0.3359375, 0.169921875, 2.22265625, 0.00936126708984375, 0.525390625, 0.06298828125, 0.024383544921875, 0.08758544921875, 0.054168701171875, 0.003261566162109375, 1.4111328125, 0.000499725341796875, 0.00421142578125, 0.0031147003173828125, 0.050384521484375, 0.0248565673828125, 5.1953125, 0.08441162109375, 12.390625, 0.67333984375, 2.9765625, 0.0731201171875, 3.64453125, 0.430908203125, 6.37109375, 1.2783203125, 0.1048583984375, 2.322265625, 0.171630859375, 5.12109375, 0.486083984375, 1.671875, 0.304443359375, 0.1705322265625, 0.006519317626953125, 0.47216796875, 0.01788330078125, 0.042327880859375, 0.94921875, 0.058624267578125, 3.1484375, 0.03717041015625, 9.265625, 0.99560546875, 0.037994384765625, 0.8134765625, 0.042205810546875, 1.07421875, 4.76953125, 0.1083984375, 0.5244140625, 0.0240936279296875, 4.125, 0.387451171875, 0.2054443359375, 0.80419921875, 0.654296875, 0.081787109375, 0.002811431884765625, 2.224609375, 0.0002567768096923828, 0.0006613731384277344, 0.005523681640625, 0.0357666015625, 0.077392578125, 0.931640625, 0.0406494140625, 0.85205078125, 0.176025390625, 3.333984375, 5.14453125, 2.298828125, 0.3837890625, 4.140625, 0.51123046875, 0.036346435546875, 0.0030727386474609375, 0.2012939453125, 0.006694793701171875, 0.019683837890625, 0.337646484375, 0.04547119140625, 1.67578125, 0.039031982421875, 2.490234375, 0.46826171875, 0.9677734375, 0.058380126953125, 0.058380126953125, 0.11785888671875, 0.032073974609375, 0.0026226043701171875, 2.16796875, 0.00021064281463623047, 0.0008006095886230469, 0.0024166107177734375, 0.07305908203125, 0.064453125, 7.3828125, 0.49560546875, 0.67919921875, 0.07958984375, 2.310546875, 0.377197265625, 0.460693359375, 0.02374267578125, 0.047882080078125, 0.1710205078125, 0.05596923828125, 0.0021724700927734375, 0.07196044921875, 0.0026721954345703125, 0.0106658935546875, 1.486328125, 0.07061767578125, 0.395751953125, 0.01433563232421875, 2.62890625, 0.1070556640625, 0.433837890625, 0.02154541015625, 0.0153350830078125, 0.13330078125, 0.0296783447265625, 0.00159454345703125, 2.173828125, 7.748603820800781e-05, 0.0005502700805664062, 0.001949310302734375, 0.029998779296875, 0.01032257080078125, 2.87109375, 0.02349853515625, 0.159912109375, 0.04193115234375, 3.10546875, 0.01311492919921875, 0.0211029052734375, 0.412841796875, 0.331298828125, 0.1441650390625, 0.0085601806640625, 0.442626953125, 0.07806396484375, 0.016845703125, 0.060028076171875, 0.03179931640625, 0.0021915435791015625, 0.03387451171875, 0.00447845458984375, 0.0227203369140625, 1.0595703125, 0.0192108154296875, 0.2095947265625, 0.08856201171875, 6.6640625, 0.006317138671875, 0.2958984375, 0.32666015625, 0.1451416015625, 2.28515625, 0.006977081298828125, 0.327880859375]",-0.39200064028152304
110,0,test,4.018151044845581,1.8533396855206559,2.5598713945767195,5.991135390218861,2.763362764638583,3.816814235027564,55.59821213229672,46.88525398878795,51.29965399195504,82.89793305953224,69.90675594735448,76.48870565267546,4.088164545183805,1.8563480445343883,2.5672228309702376,5.840235064548293,2.651925777906269,3.6674611871003395,59.630342399352394,50.313567754535384,55.05380944673647,85.18620342764628,71.87652536362198,78.64829920962353,4.037109744164251,1.8856411812763034,2.574423381405533,6.019403151478434,2.8115248750766435,3.838511508802261,56.66233725971353,48.06486219617877,52.34479481105367,84.48456274053095,71.66557297514079,78.0470293889363,0.8442211055276382,-0.0007788944723617908,-0.005778894472361795,0.7085427135678393,0.0035427135678391952,0.0035427135678391952,0.5829145728643217,0.017914572864321743,0.017914572864321743,0.4354838709677419,0.08538326734601154,0.16738735622243361,0.3927125506072875,0.4371859296482412,0.08380247100162463,0.16339628023254837,0.38383838383838387,0.4354838709677419,0.08538326734601154,0.16202542592752744,0.3846153846153846,25.0,12.0,12.0,36.0,7.0,9.0,44.0,10.0,11.0,0.00038229833864864444,-5.8378897994326776e-05,0.0002943457908820458,-3.085650767697956e-05,-0.00010133182060556578,-0.00011602607612637428,"[3.279296875, 6.2734375, 5.38671875, 3.47265625, 2.83984375, 6.6640625, 3.1953125, 6.58984375, 4.2890625, 7.62109375, 2.765625, 8.5078125, 7.66015625, 8.359375, 10.796875, 8.0234375, 11.59375, 2.439453125, 2.474609375, 6.92578125, 8.4609375, 0.09417724609375, 8.828125, 5.96484375, 9.609375, 5.44140625, 2.205078125, 1.845703125, 2.82421875, 8.7734375, 4.875, 5.015625, 1.1240234375, 6.44921875, 9.6171875, 3.3203125, 3.6953125, 1.2451171875, 3.880859375, 2.697265625, 0.66259765625, 7.015625, 6.1328125, 0.99609375, 0.671875, 7.109375, 14.0390625, 4.76171875, 3.697265625, 4.30859375, 8.7578125, 0.1685791015625, 1.4697265625, 4.3984375, 8.1796875, 0.57666015625, 1.74609375, 2.576171875, 4.26171875, 2.23828125, 3.384765625, 5.734375, 5.17578125, 1.984375, 12.9609375, 7.10546875, 5.03515625, 2.11328125, 7.01953125, 3.416015625, 6.3828125, 3.35546875, 6.86328125, 2.521484375, 2.666015625, 4.390625, 7.52734375, 2.583984375, 2.783203125, 0.412353515625, 0.591796875, 0.3583984375, 6.81640625, 1.8349609375, 1.224609375, 1.75, 0.314453125, 1.9599609375, 3.248046875, 1.060546875, 0.9833984375, 4.8515625, 4.65234375, 0.25537109375, 6.0703125, 5.36328125, 0.18212890625, 1.7529296875, 1.6923828125, 6.109375, 2.341796875, 6.51953125, 3.55859375, 1.69140625, 1.833984375, 0.380126953125, 0.1458740234375, 0.487548828125, 8.609375, 2.375, 0.9892578125, 7.58203125, 8.078125, 3.83203125, 0.0035152435302734375, 12.2265625, 5.03515625, 0.02001953125, 3.197265625, 0.88525390625, 2.66796875, 0.4208984375, 4.01953125, 4.40625, 0.2369384765625, 1.94140625, 11.90625, 0.1341552734375, 0.271728515625, 2.7109375, 10.140625, 1.2353515625, 1.6611328125, 3.083984375, 3.431640625, 3.966796875, 8.7109375, 2.076171875, 2.119140625, 6.96875, 1.603515625, 2.59375, 0.6533203125, 0.3408203125, 5.515625, 2.494140625, 8.703125, 6.50390625, 4.9140625, 1.681640625, 4.3359375, 2.677734375, 0.005817413330078125, 1.31640625, 6.7890625, 4.234375, 5.03125, 4.91015625, 1.42578125, 6.375, 4.640625, 7.9140625, 0.01267242431640625, 3.6875, 4.1015625, 3.962890625, 2.47265625, 1.34765625, 1.2255859375, 2.984375, 8.5390625, 0.00337982177734375, 9.34375, 2.990234375, 5.1484375, 8.515625, 0.11248779296875, 5.39453125, 9.03125, 1.1572265625, 0.221435546875, 1.666015625, 3.162109375, 0.701171875, 3.8671875, 6.578125, 5.859375, 2.4453125, 2.203125, 3.73046875, 5.76953125, 4.7734375, 5.06640625, 6.140625, 6.109375, 3.021484375, 7.03125, 1.3466796875, 2.1015625, 1.08203125, 1.0, 8.3203125, 8.453125, 0.4375, 6.2109375, 0.180419921875, 0.38525390625, 8.96875, 0.96630859375, 2.06640625, 5.890625, 0.57373046875, 0.50439453125, 5.26953125, 0.360107421875, 1.697265625, 3.40625, 5.13671875, 1.015625, 2.408203125, 5.56640625, 0.171875, 7.54296875, 2.8359375, 7.64453125, 1.1123046875, 4.00390625, 1.669921875, 4.19921875, 7.3203125, 0.65087890625, 4.70703125, 4.609375, 1.2119140625, 11.5390625, 1.5166015625, 6.3671875, 3.974609375, 3.45703125, 3.271484375, 6.20703125, 0.48046875, 2.16796875, 2.58203125, 13.3671875, 4.98828125, 7.15234375, 0.0792236328125]",-0.8735697269439697
107,0,test,1.2605567412226613,0.3754112996874097,0.4945611698820276,7.663384633147291,2.2822623457186975,3.0066179057907396,3.527384781307277,1.1040479616237113,1.3762498640868537,21.44425986096329,6.711910623839387,8.366725364210554,1.72756431510101,0.5420930719716719,0.836407589328974,6.91025726040404,2.1683722878866876,3.345630357315896,5.626931771068459,2.3547032976917683,3.1889837128049527,22.507727084273835,9.418813190767073,12.755934851219811,1.4408077914579258,0.4779845332394631,0.6848742216038853,7.204038957289629,2.3899226661973154,3.4243711080194266,4.224106636453966,1.605026251057677,2.0945079116680088,21.120533182269828,8.025131255288384,10.472539558340042,0.29145728643216084,0.0014572864321608092,-0.0035427135678391952,0.2361809045226131,0.001180904522613102,0.0061809045226131065,0.20100502512562812,-0.008994974874371842,-0.003994974874371837,0.2172774869109948,0.03557814050576602,0.052077095904152215,0.1627296587926509,0.25125628140703515,0.050755028274203084,0.07429467873591666,0.1767676767676768,0.22742474916387956,0.03877700292013997,0.06724677363551468,0.1610738255033557,18.0,6.0,6.0,24.0,5.0,5.0,28.0,5.0,7.0,0.0011938658945007436,0.0005262912181086322,0.0004353778245587231,-0.23243712281723994,-0.243318048116409,-0.2429379492693826,"[14.21875, 11.2109375, 3.115234375, 1.939453125, 0.52001953125, 3.35546875, 0.0030231475830078125, 4.64453125, 0.483154296875, 0.051116943359375, 0.1474609375, 6.6328125, 9.3046875, 4.93359375, 0.6474609375, 1.310546875, 8.625, 4.71875, 0.1270751953125, 0.138427734375, 9.1328125, 0.86328125, 0.046905517578125, 5.37890625, 5.30859375, 0.489013671875, 0.7138671875, 5.09765625, 9.0546875, 13.796875, 2.515625, 3.560546875, 0.79638671875, 5.0703125, 0.12445068359375, 0.28466796875, 10.8828125, 10.53125, 1.4111328125, 9.2578125, 0.035980224609375, 1.849609375, 2.1328125, 9.4453125, 2.00390625, 0.9677734375, 0.400146484375, 0.27294921875, 0.0028667449951171875, 0.023681640625, 3.78125, 9.546875, 1.7744140625, 0.1124267578125, 0.70458984375, 0.003879547119140625, 0.047027587890625, 0.0596923828125, 1.845703125, 0.01519012451171875, 0.454345703125, 0.3515625, 0.33837890625, 0.0528564453125, 0.0005383491516113281, 0.00876617431640625, 1.103515625, 5.33203125, 1.7421875, 2.146484375, 0.06939697265625, 0.0215911865234375, 0.0013933181762695312, 0.0265655517578125, 0.0143280029296875, 2.04296875, 0.0005178451538085938, 0.0033416748046875, 0.10272216796875, 0.342041015625, 0.1544189453125, 0.03411865234375, 0.0010204315185546875, 0.0029239654541015625, 0.470703125, 5.0625, 2.16015625, 3.384765625, 0.02813720703125, 0.0005435943603515625, 0.0231475830078125, 0.005924224853515625, 1.142578125, 0.005870819091796875, 0.501953125, 0.06805419921875, 0.151611328125, 0.072998046875, 0.0005373954772949219, 0.0091400146484375, 0.259521484375, 7.42578125, 0.41259765625, 0.0287628173828125, 0.0002472400665283203, 0.01605224609375, 0.004718780517578125, 1.736328125, 0.27099609375, 0.0694580078125, 0.07574462890625, 0.032012939453125, 0.0002338886260986328, 0.0031185150146484375, 0.26171875, 7.66796875, 0.412841796875, 0.019989013671875, 0.0007457733154296875, 0.0144500732421875, 0.00540924072265625, 0.414306640625, 0.293212890625, 0.0256195068359375, 0.1593017578125, 0.016204833984375, 0.00010859966278076172, 0.0019435882568359375, 0.2330322265625, 5.84765625, 5.046875, 0.2010498046875, 0.01380157470703125, 0.0016164779663085938, 0.0196380615234375, 7.01953125, 5.16796875, 7.0390625, 1.294921875, 0.0274658203125, 0.1610107421875, 0.02734375, 0.00032067298889160156, 0.00543975830078125, 0.10760498046875, 7.48046875, 0.40576171875, 0.01568603515625, 0.0012912750244140625, 0.032257080078125, 0.71240234375, 2.123046875, 0.141845703125, 0.056243896484375, 0.06451416015625, 0.0103607177734375, 0.0003223419189453125, 0.0019683837890625, 0.13134765625, 7.03515625, 0.89892578125, 0.0093231201171875, 0.0002295970916748047, 0.00811004638671875, 0.05267333984375, 0.3447265625, 0.213623046875, 0.058746337890625, 0.06439208984375, 0.01499176025390625, 0.00028634071350097656, 0.00302886962890625, 0.0762939453125, 8.15625, 0.6259765625, 0.375, 0.036102294921875, 0.00191497802734375, 0.0138702392578125, 0.1395263671875, 0.15478515625, 0.0092010498046875, 0.2462158203125, 0.064697265625, 0.166015625, 0.0194091796875, 0.00014448165893554688, 0.002124786376953125, 0.11761474609375, 6.9765625, 15.046875, 4.7265625, 0.2939453125, 0.00505828857421875, 0.0004627704620361328, 0.006717681884765625, 0.0207061767578125, 0.156982421875, 0.93505859375, 0.017974853515625, 0.04986572265625, 0.055999755859375, 0.0665283203125, 0.006885528564453125, 0.00023257732391357422, 0.0018396377563476562, 0.10809326171875, 3.369140625, 4.94921875, 3.310546875, 0.10968017578125, 0.0018749237060546875, 0.00015532970428466797, 0.00789642333984375, 0.0216064453125, 9.046875, 4.7109375, 0.51611328125, 4.0234375, 0.0289306640625, 0.11932373046875, 0.002902984619140625, 0.003505706787109375, 0.505859375, 6.55078125, 3.56640625, 1.0458984375, 0.0312042236328125, 0.0005650520324707031, 0.01364898681640625, 0.0543212890625, 0.0655517578125, 0.04620361328125, 0.22021484375, 0.142333984375, 0.06707763671875, 0.006381988525390625, 0.0001138448715209961, 0.0011625289916992188, 0.0960693359375, 0.59912109375, 5.55859375, 0.0889892578125, 0.007099151611328125, 7.11679458618164e-05, 0.004795074462890625, 0.0019683837890625, 0.01800537109375, 0.736328125, 0.08148193359375, 0.0249176025390625, 0.0233306884765625, 0.01204681396484375, 0.0001068115234375, 0.0019397735595703125, 0.1141357421875, 1.1689453125, 3.763671875, 0.0889892578125, 0.005336761474609375, 0.00015437602996826172, 0.00684356689453125, 0.0013113021850585938, 0.007320404052734375, 0.80224609375, 0.035247802734375, 0.1361083984375, 0.03076171875, 0.0272064208984375, 0.00011169910430908203, 0.002460479736328125, 0.104248046875, 8.703125, 3.78515625, 1.0546875, 0.004642486572265625, 6.115436553955078e-05, 0.00380706787109375, 0.0006384849548339844, 0.7958984375, 0.1505126953125, 0.64599609375, 0.0225830078125, 0.0247802734375, 0.0136566162109375, 0.00010728836059570312, 0.0024814605712890625, 0.03179931640625, 5.1171875, 4.7578125, 0.25048828125, 0.00632476806640625, 0.00021660327911376953, 0.0088653564453125, 0.0027713775634765625, 0.0675048828125, 0.04254150390625, 0.12225341796875, 0.1414794921875, 0.0292510986328125, 0.019622802734375, 0.0002219676971435547, 0.003879547119140625, 0.1763916015625, 5.76953125, 4.58203125, 0.2119140625, 0.00794219970703125, 0.00030875205993652344, 0.00600433349609375, 0.0022869110107421875, 0.2349853515625, 0.8466796875, 0.045562744140625, 0.057037353515625, 0.01230621337890625, 0.0133209228515625, 0.0002684593200683594, 0.003253936767578125, 0.07037353515625, 2.384765625, 3.380859375, 0.7568359375, 0.0030498504638671875, 0.00011074542999267578, 0.0036029815673828125, 0.01480865478515625, 0.02447509765625, 0.814453125, 0.046295166015625, 0.026885986328125, 0.0245819091796875, 0.00782012939453125, 0.0002727508544921875, 0.0017728805541992188, 0.07696533203125, 4.828125, 5.13671875, 1.634765625, 0.002040863037109375, 0.0001043081283569336, 0.004650115966796875, 0.0010480880737304688, 0.0518798828125, 0.84814453125, 0.77734375, 0.004940032958984375, 0.0250091552734375, 0.00971221923828125, 7.843971252441406e-05, 0.00206756591796875, 0.0657958984375, 4.6875, 4.828125, 0.06158447265625, 0.001934051513671875, 0.0001552104949951172, 0.0035419464111328125, 0.0016231536865234375, 0.1273193359375, 0.149658203125, 0.08465576171875, 0.0217437744140625, 0.012237548828125, 0.00701904296875, 0.0002129077911376953, 0.0017547607421875, 0.0789794921875, 5.1015625, 1.5703125, 2.2578125, 0.10357666015625, 0.00559234619140625, 0.0001971721649169922, 0.0077972412109375, 0.004459381103515625, 0.07208251953125, 0.0031337738037109375, 0.01012420654296875, 0.0765380859375, 0.00894927978515625, 4.02734375]",-1.780069546237666
219,0,test,2.994668171955989,1.3256578292350572,1.763137130613963,7.64373344590165,3.383672081613957,4.500315053665011,19.978729287146816,14.671816114925967,16.552257695118485,50.99465866999012,37.44904113250334,42.24876964138633,3.2134983178341026,1.462109207115176,2.0018144460720384,6.661314221343608,3.030830543915833,4.149594528836829,24.865923146856034,19.103321135895246,21.50678689925079,51.54498652317032,39.59959277128286,44.581777009905295,3.0202468677507994,1.364463085928582,1.8782501768447373,7.36645577500195,3.3279587461672735,4.581097992304237,20.496350947740805,15.259167824848511,17.363333155583774,49.99109987253855,37.21748249963051,42.34959306239945,0.6111111111111112,-0.008888888888888835,-0.008888888888888835,0.5151515151515151,-0.00484848484848488,-0.00484848484848488,0.43434343434343436,-0.01565656565656559,-0.0006565656565656885,0.3928571428571429,0.10753478346070944,0.16216310571149284,0.3663911845730028,0.41414141414141414,0.12446887006080964,0.19098705172530672,0.3908629441624365,0.4046822742474916,0.12588427758638976,0.18554990494827028,0.3657718120805369,21.0,-1.0,0.0,32.0,-1.0,0.0,40.0,0.0,-1.0,0.0007878043321310559,2.0583419678032207e-05,0.00037035425778063406,-0.01111716964695919,-0.015710929247329197,-0.017736346497366107,"[6.6796875, 5.8203125, 5.1171875, 3.048828125, 3.45703125, 0.485107421875, 5.4296875, 0.388671875, 2.73046875, 8.0859375, 0.148193359375, 0.1474609375, 3.51171875, 2.421875, 0.84228515625, 5.1484375, 0.587890625, 0.14306640625, 0.006439208984375, 0.006214141845703125, 0.546875, 2.943359375, 1.9482421875, 0.18212890625, 5.98828125, 10.6796875, 6.2421875, 14.0234375, 0.2275390625, 1.8642578125, 0.6513671875, 0.2186279296875, 6.41796875, 0.050933837890625, 0.36083984375, 0.003337860107421875, 7.98046875, 9.046875, 11.0703125, 3.21484375, 2.939453125, 0.20068359375, 0.533203125, 7.30859375, 8.7734375, 1.787109375, 3.724609375, 5.84375, 0.3408203125, 10.03125, 5.6640625, 8.3984375, 2.95703125, 8.6875, 0.7978515625, 5.4453125, 5.0234375, 8.2734375, 0.0020427703857421875, 0.66455078125, 0.0022945404052734375, 6.8984375, 4.13671875, 9.390625, 5.515625, 9.078125, 0.724609375, 9.5078125, 0.2056884765625, 2.69921875, 4.96875, 6.57421875, 6.953125, 2.9453125, 1.265625, 1.181640625, 0.05712890625, 7.91796875, 3.78125, 0.238037109375, 0.448974609375, 4.390625, 0.029937744140625, 0.0290679931640625, 3.27734375, 5.046875, 0.1822509765625, 5.359375, 5.30078125, 0.398681640625, 0.0631103515625, 1.8935546875, 8.1640625, 4.171875, 0.75927734375, 4.76953125, 0.0224761962890625, 0.73681640625, 0.1390380859375, 6.5, 2.92578125, 4.53515625, 4.30859375, 7.03515625, 0.1456298828125, 3.427734375, 5.34765625, 10.5625, 1.3935546875, 3.177734375, 9.0234375, 8.6171875, 7.46875, 11.28125, 8.1484375, 0.27392578125, 2.095703125, 1.1962890625, 0.36376953125, 0.9140625, 0.360107421875, 0.0078582763671875, 4.5, 0.58642578125, 2.19921875, 3.12109375, 1.6015625, 0.031768798828125, 8.390625, 7.10546875, 1.8623046875, 2.306640625, 2.400390625, 2.255859375, 4.015625, 0.00202178955078125, 11.1953125, 2.88671875, 1.23046875, 2.26953125, 4.109375, 0.9482421875, 0.2127685546875, 0.2371826171875, 9.6171875, 9.3125, 1.3134765625, 0.0237274169921875, 0.297607421875, 0.255126953125, 0.98095703125, 0.1541748046875, 0.057769775390625, 0.005245208740234375, 1.94921875, 0.1270751953125, 0.380859375, 1.3603515625, 0.1602783203125, 0.01421356201171875, 4.46484375, 4.1015625, 4.078125, 0.006359100341796875, 0.007904052734375, 1.3515625, 6.41015625, 1.935546875, 1.9404296875, 5.1796875, 8.515625, 4.3203125, 2.197265625, 0.06292724609375, 5.2578125, 0.44189453125, 0.1812744140625, 2.716796875, 3.861328125, 0.08056640625, 8.5390625, 0.17138671875, 4.07421875, 0.013763427734375, 0.8994140625, 0.166259765625, 1.4013671875, 0.0011472702026367188, 0.3310546875, 0.00335693359375, 0.64990234375, 0.08843994140625, 1.3779296875, 7.640625, 1.720703125, 5.00390625, 5.5234375, 0.1636962890625, 0.09442138671875, 0.15185546875, 3.296875, 5.203125, 0.0299224853515625, 9.4453125, 3.53125, 0.2362060546875, 10.28125, 0.080078125, 5.078125, 0.28466796875, 4.28125, 7.28125, 3.34375, 1.3779296875, 2.09375, 4.28125, 10.3046875, 0.62646484375, 0.4140625, 5.75390625, 5.6953125, 0.69580078125, 0.494140625, 0.34228515625, 1.6259765625, 1.294921875, 0.01519775390625, 1.7509765625, 5.23828125, 2.181640625, 1.8095703125, 0.04388427734375, 1.1220703125, 0.08355712890625, 0.5361328125, 7.87109375, 0.18115234375, 4.9453125, 7.7734375, 3.638671875, 3.2890625, 0.58642578125, 0.09576416015625, 1.083984375, 0.353759765625, 0.299560546875, 0.32861328125, 0.1461181640625, 0.798828125, 0.7890625, 0.005580902099609375, 0.50830078125, 7.609375, 0.0006103515625, 2.40234375, 0.0300445556640625, 0.273193359375, 0.0160369873046875, 0.314697265625, 1.5634765625, 8.0078125, 1.5419921875, 0.433349609375, 11.1015625, 0.7529296875, 0.0302581787109375, 1.9365234375, 8.640625, 9.3203125, 4.0234375, 0.31298828125, 4.2578125, 5.58984375, 0.023162841796875, 2.5703125, 4.8203125, 5.375, 5.61328125, 0.062347412109375, 1.0009765625, 0.1275634765625, 2.154296875, 2.744140625, 0.0843505859375, 2.701171875, 0.314208984375, 0.045623779296875, 0.0272216796875, 0.040985107421875, 1.4814453125, 8.421875, 6.94140625, 0.40576171875, 5.2578125, 4.94921875, 0.465576171875, 3.77734375, 1.17578125, 2.40625, 1.2880859375, 1.740234375, 1.3330078125, 2.609375, 3.62109375, 0.07952880859375, 2.5, 1.7353515625, 0.21923828125, 5.18359375, 6.1796875, 0.44677734375, 0.441650390625, 3.318359375, 2.55859375, 0.426513671875, 2.1484375, 6.91015625, 4.4296875, 0.015167236328125, 3.171875, 0.07666015625, 0.053009033203125, 10.1015625, 6.8359375, 4.765625, 1.7822265625, 10.0, 1.1611328125, 0.37109375, 0.0218048095703125, 0.6748046875, 2.5625, 7.63671875, 0.00531005859375, 1.833984375, 0.0193634033203125, 8.2578125, 0.69482421875, 4.93359375, 0.544921875, 0.90478515625, 7.1953125, 6.328125, 8.375, 3.341796875, 1.58984375, 4.8828125, 2.4921875, 0.179931640625, 8.796875, 2.587890625, 0.1639404296875, 0.69140625, 0.027435302734375, 3.490234375, 0.0246429443359375, 2.234375, 0.37255859375, 1.0263671875, 4.29296875, 0.9736328125, 9.359375, 5.6484375, 0.1866455078125]",-1.0472596425276537
118,0,test,2.368243636063167,0.972135942011422,1.3409404161728522,7.992822271713189,3.2809588042885487,4.5256739045833765,10.67862026016371,6.6391736938553185,7.885098107695606,36.04034337805252,22.4072112167617,26.612206113472666,2.2533191664135037,0.8506333628351914,1.246582707374016,7.511063888045013,2.8354445427839714,4.15527569124672,9.519279530913142,5.4531734542082715,6.782624291876893,31.730931769710473,18.177244847360903,22.608747639589645,2.122821545919846,0.8540053008997135,1.205010199388401,7.6728489611560695,3.08676614783029,4.35545855200627,8.354677368484074,4.798037489197608,5.8508729400390935,30.19762904271352,17.342304177822676,21.14773351821359,0.42211055276381915,-0.012889447236180906,-0.0178894472361808,0.3517587939698492,0.0017587939698492372,0.0017587939698492372,0.27135678391959794,-0.013643216080402087,-0.013643216080402087,0.34285714285714286,0.09464030976156512,0.13464599916212816,0.3037249283667621,0.3316582914572864,0.09857558469036909,0.13132440164092585,0.20707070707070707,0.3210702341137124,0.07232232092506463,0.12418480586009728,0.24161073825503354,21.0,3.0,3.0,31.0,5.0,5.0,34.0,4.0,3.0,0.0016971374518873973,-0.0005266189142716373,0.0005774148204313018,-0.05828809289568149,-0.05169950709179805,-0.056420682261885347,"[8.9609375, 11.8515625, 11.09375, 4.3515625, 6.7890625, 2.904296875, 1.3115234375, 13.4765625, 4.40234375, 1.2333984375, 5.44921875, 0.459228515625, 1.6220703125, 5.8203125, 8.921875, 12.15625, 6.49609375, 4.38671875, 3.353515625, 4.234375, 0.1893310546875, 0.412353515625, 0.52490234375, 0.07843017578125, 0.8212890625, 2.255859375, 9.703125, 3.892578125, 6.37109375, 0.050933837890625, 0.0367431640625, 0.103759765625, 1.9326171875, 13.09375, 1.685546875, 5.73828125, 1.2255859375, 0.1092529296875, 0.1849365234375, 7.76171875, 5.53515625, 5.1953125, 3.79296875, 7.875, 0.00899505615234375, 0.1961669921875, 0.074462890625, 0.841796875, 7.81640625, 4.171875, 0.2275390625, 7.0625, 0.0022869110107421875, 0.35302734375, 0.1732177734375, 0.345947265625, 10.671875, 5.47265625, 2.181640625, 0.55859375, 3.75, 0.005657196044921875, 1.3544921875, 0.013763427734375, 9.1015625, 0.08074951171875, 0.7724609375, 0.08270263671875, 6.39453125, 2.490234375, 0.335693359375, 8.421875, 1.30078125, 0.4931640625, 0.347900390625, 0.029388427734375, 0.380126953125, 0.00873565673828125, 0.08538818359375, 0.00962066650390625, 0.128173828125, 0.0018243789672851562, 0.018646240234375, 0.544921875, 0.1484375, 0.03704833984375, 1.34765625, 0.0193023681640625, 6.84375, 8.671875, 0.50390625, 3.970703125, 1.333984375, 0.00982666015625, 3.47265625, 10.6328125, 2.5390625, 8.7265625, 0.810546875, 0.7353515625, 3.078125, 0.170166015625, 0.134765625, 1.8095703125, 4.421875, 1.8544921875, 1.435546875, 0.794921875, 0.0211334228515625, 0.0281982421875, 0.0687255859375, 6.8203125, 0.02044677734375, 1.462890625, 0.8876953125, 0.0819091796875, 1.3564453125, 0.01230621337890625, 3.111328125, 2.533203125, 3.263671875, 0.1142578125, 0.55712890625, 1.4443359375, 0.5361328125, 2.306640625, 6.109375, 0.01287078857421875, 0.89892578125, 2.59765625, 1.0439453125, 0.0019168853759765625, 0.0016994476318359375, 0.19775390625, 0.0928955078125, 0.65673828125, 1.0126953125, 0.005260467529296875, 0.147705078125, 0.456787109375, 0.354248046875, 0.0164794921875, 0.0322265625, 0.03387451171875, 0.01203155517578125, 3.701171875, 2.97265625, 0.026397705078125, 1.0751953125, 0.611328125, 0.0006961822509765625, 9.171875, 0.01190948486328125, 0.1922607421875, 0.07659912109375, 0.5009765625, 0.0010395050048828125, 0.01177978515625, 0.094970703125, 0.06280517578125, 0.09735107421875, 0.8955078125, 0.00041675567626953125, 0.740234375, 0.01032257080078125, 0.056365966796875, 0.0215301513671875, 0.2529296875, 0.00033593177795410156, 0.00537109375, 0.0635986328125, 0.05108642578125, 0.00951385498046875, 1.619140625, 0.052642822265625, 0.006683349609375, 1.365234375, 0.79345703125, 0.07647705078125, 0.10498046875, 0.2314453125, 11.140625, 4.046875, 1.45703125, 7.625, 5.80859375, 2.86328125, 2.2109375, 4.44921875, 1.408203125, 0.207763671875, 0.0298309326171875, 0.01479339599609375, 0.016510009765625, 4.640625, 1.7705078125, 0.0229034423828125, 0.23828125, 0.36328125, 3.068359375, 0.06048583984375, 0.057403564453125, 0.11102294921875, 3.48046875, 4.51953125, 0.0134124755859375, 0.533203125, 0.036773681640625, 0.004550933837890625, 0.004482269287109375, 0.01088714599609375, 4.52734375, 3.220703125, 2.63671875, 0.0221099853515625, 0.0570068359375, 0.2122802734375, 0.10662841796875, 2.853515625, 7.2578125, 0.990234375, 0.18212890625, 0.01404571533203125, 0.00550079345703125, 0.0106353759765625, 0.00933837890625, 0.42236328125, 5.10546875, 1.150390625, 6.1953125, 0.84765625, 4.3125, 0.351806640625, 2.203125, 0.0168304443359375, 0.0092010498046875, 4.4453125, 2.259765625, 0.0316162109375, 0.00012481212615966797, 0.16650390625, 0.1844482421875, 0.04632568359375, 7.7578125, 0.1422119140625, 6.60546875, 0.0247802734375, 0.16064453125, 0.007904052734375, 0.00257110595703125, 0.1434326171875, 0.720703125, 8.046875, 6.1171875, 1.3388671875, 1.478515625, 0.0025348663330078125, 0.01143646240234375, 0.013031005859375, 3.119140625, 8.2578125, 1.7431640625, 3.126953125, 7.28515625, 4.1328125, 3.26953125, 0.272216796875, 0.256591796875, 0.36181640625, 0.13525390625, 0.41455078125, 4.375, 0.0491943359375, 0.267578125, 0.0003685951232910156, 0.006107330322265625, 0.0535888671875, 0.374755859375, 2.439453125, 0.1678466796875, 0.8310546875, 0.042572021484375, 1.3779296875, 0.4013671875, 0.055145263671875, 0.07464599609375, 0.341552734375, 1.330078125, 0.055816650390625, 0.0546875, 0.148681640625, 4.0625, 4.55859375, 11.5859375, 4.9296875, 5.35546875, 8.5078125, 4.609375, 0.875, 0.055023193359375, 0.0306396484375, 0.023590087890625, 0.03350830078125, 10.265625, 7.79296875, 2.1953125, 0.78662109375, 3.208984375, 7.1015625, 0.05712890625, 0.38720703125, 0.360107421875, 9.0234375, 2.08984375, 9.34375, 2.361328125, 6.4375, 6.7109375, 7.0, 0.357177734375, 1.3359375, 9.0625, 0.059906005859375, 9.234375, 11.0078125, 3.123046875, 0.669921875, 0.045074462890625, 0.043212890625, 4.9453125, 3.591796875, 3.625, 7.984375, 5.94140625, 0.978515625, 0.174072265625, 0.14453125, 5.1875, 7.7734375, 3.53515625, 7.9453125, 6.72265625, 5.6484375, 0.7763671875, 3.974609375, 7.6015625, 2.775390625, 1.7705078125, 2.537109375, 2.16015625]",-1.296067772933415
109,0,test,2.250370019759586,0.6953060367801762,0.6953060367801762,7.384026627336142,2.2814729331849533,2.2814729331849533,9.491247135676714,4.75585763588114,4.75585763588114,31.143154663939214,15.60515786773499,15.60515786773499,2.4315420982226654,1.023085505292376,1.4551859610456805,6.078855245556663,2.5577137632309395,3.637964902614201,11.376412104904652,7.286773551371499,8.721647108510947,28.44103026226163,18.216933878428748,21.804117771277365,2.2305104557088384,0.9084669150280917,1.2809318584788076,6.434164776083188,2.620577639504111,3.6949957456119455,9.30461446103142,5.553535428200512,6.71999419737505,26.84023402220602,16.019813735193782,19.384598646274185,0.49246231155778897,0.0024623115577889765,0.007462311557788981,0.371859296482412,-0.008140703517588,0.0018592964824120095,0.3015075376884422,0.0015075376884421399,-0.0034924623115578646,0.33545310015898255,0.06859093007100603,0.06859093007100603,0.3121019108280255,0.3467336683417085,0.08858830493318715,0.13972198219813592,0.2828282828282829,0.3377926421404682,0.07902803446100248,0.126446702207209,0.28859060402684567,20.0,-1.0,-1.0,29.0,-1.0,-1.0,33.0,-1.0,-1.0,0.0013095053978553932,0.00031461096113697166,7.308027540895741e-05,-0.07637610292879415,-0.07903513303912035,-0.06811460078438092,"[8.1953125, 7.2109375, 13.5390625, 0.332275390625, 0.356201171875, 9.0703125, 1.8818359375, 4.80859375, 7.26953125, 12.09375, 2.5, 7.58203125, 3.400390625, 6.046875, 0.5859375, 1.671875, 0.005733489990234375, 3.947265625, 0.87109375, 6.0859375, 1.5634765625, 1.572265625, 0.00689697265625, 8.8046875, 0.681640625, 0.3447265625, 0.385009765625, 5.76171875, 0.0019178390502929688, 0.008087158203125, 7.609375, 1.326171875, 0.6142578125, 2.2265625, 0.472900390625, 6.51171875, 1.580078125, 1.2099609375, 0.1522216796875, 0.061920166015625, 0.1300048828125, 3.169921875, 0.486572265625, 2.400390625, 1.9990234375, 8.15625, 1.0234375, 5.62890625, 9.5078125, 2.97265625, 0.38818359375, 5.8515625, 1.794921875, 3.775390625, 7.98828125, 4.88671875, 1.1787109375, 0.1497802734375, 1.2685546875, 5.37890625, 2.205078125, 6.18359375, 1.1484375, 2.154296875, 0.014862060546875, 1.572265625, 0.1044921875, 0.185302734375, 0.7080078125, 0.239501953125, 0.560546875, 0.08697509765625, 0.87646484375, 4.05859375, 5.09375, 6.67578125, 0.9970703125, 2.732421875, 1.0029296875, 2.759765625, 0.935546875, 0.54736328125, 2.90625, 0.1016845703125, 0.138671875, 1.6533203125, 0.796875, 0.0024566650390625, 5.53131103515625e-05, 0.002971649169921875, 0.2119140625, 0.006694793701171875, 0.72900390625, 0.002407073974609375, 0.0026264190673828125, 1.2993812561035156e-05, 0.098388671875, 0.0283966064453125, 0.156982421875, 0.426513671875, 0.032623291015625, 0.07720947265625, 0.02996826171875, 0.185791015625, 6.61328125, 0.23291015625, 0.0860595703125, 5.6640625, 0.3447265625, 0.04998779296875, 0.66455078125, 7.5234375, 0.6298828125, 3.220703125, 0.002460479736328125, 0.00016164779663085938, 0.006855010986328125, 7.796875, 1.4130859375, 5.0859375, 0.2322998046875, 5.421875, 3.2578125, 0.1331787109375, 0.045257568359375, 0.11199951171875, 0.34033203125, 0.0165863037109375, 0.04388427734375, 0.0169525146484375, 0.113037109375, 3.95703125, 0.477294921875, 0.116943359375, 1.220703125, 0.005496978759765625, 0.00421142578125, 6.556510925292969e-05, 6.17578125, 4.015625, 5.69140625, 1.126953125, 0.0011501312255859375, 1.3113021850585938e-05, 0.0024013519287109375, 2.400390625, 3.072265625, 0.99853515625, 0.049560546875, 9.15625, 6.703125, 8.875, 0.87109375, 4.44140625, 0.420654296875, 8.609375, 13.484375, 5.35546875, 4.08203125, 0.73583984375, 0.0242919921875, 1.9833984375, 0.2479248046875, 0.149169921875, 2.509765625, 5.30078125, 8.8125, 0.671875, 8.421875, 3.408203125, 0.64013671875, 2.611328125, 6.953125, 1.853515625, 8.625, 5.19140625, 1.1728515625, 0.63818359375, 0.4453125, 0.1318359375, 0.580078125, 1.5537109375, 5.0859375, 0.1712646484375, 0.68994140625, 8.359375, 0.4931640625, 0.108642578125, 2.810546875, 0.1331787109375, 0.03656005859375, 0.72216796875, 0.0018939971923828125, 0.32568359375, 0.0379638671875, 0.06988525390625, 0.0997314453125, 0.83203125, 4.5, 0.114013671875, 4.3515625, 0.1920166015625, 2.2578125, 4.83203125, 0.59814453125, 0.0004973411560058594, 5.3828125, 0.08477783203125, 1.95703125, 4.6640625, 0.164794921875, 0.08831787109375, 0.12017822265625, 0.4375, 2.646484375, 0.2021484375, 2.578125, 0.0625, 0.6650390625, 2.12890625, 0.033416748046875, 5.841255187988281e-06, 5.67578125, 1.3037109375, 0.154052734375, 1.4033203125, 0.039306640625, 0.0728759765625, 0.039642333984375, 5.140625, 0.41064453125, 0.5380859375, 0.00939178466796875, 0.333251953125, 3.712890625, 3.26171875, 3.916015625, 0.2666015625, 5.93359375, 1.80859375, 1.3125, 1.2548828125, 1.1015625, 0.7626953125, 0.0343017578125, 0.062469482421875, 0.077880859375, 7.1796875, 1.9130859375, 2.556640625, 0.9345703125, 4.26953125, 0.25634765625, 0.001194000244140625, 0.047271728515625, 9.4375, 0.1727294921875, 4.7265625, 5.9375, 3.361328125, 1.97265625, 0.68408203125, 0.1954345703125, 0.031402587890625, 0.1488037109375, 7.078125, 8.28125, 0.09686279296875, 0.248779296875, 0.26416015625, 1.3154296875, 0.042083740234375, 6.198883056640625e-06, 0.019866943359375, 5.75, 6.23828125, 2.140625, 2.17578125, 0.0223236083984375, 0.0225830078125, 0.21044921875, 0.044830322265625, 0.04913330078125, 6.03125, 0.01282501220703125, 1.2314453125, 0.047698974609375, 0.3896484375, 7.80078125, 3.06640625, 0.40869140625, 6.6796875, 1.826171875, 7.078125, 0.0223846435546875, 3.35546875, 0.001255035400390625, 3.2067298889160156e-05, 0.0010309219360351562, 6.33984375, 0.438720703125, 3.4140625, 0.2445068359375, 0.0880126953125, 0.050994873046875, 0.2249755859375, 9.21875, 10.6640625, 6.5078125, 5.171875, 9.1796875, 0.2010498046875, 6.55859375, 0.0211181640625, 0.07781982421875, 4.5234375, 11.1171875, 0.9814453125, 0.386962890625, 6.21875, 0.326904296875, 1.7412109375, 0.0003879070281982422, 6.318092346191406e-06, 0.00038886070251464844, 7.64453125, 3.875, 0.8525390625, 7.23828125, 6.796875, 0.121337890625, 0.42333984375, 6.58984375, 8.828125, 5.76171875, 1.130859375, 5.94921875, 1.0146484375, 0.0745849609375, 0.08526611328125, 0.299072265625, 5.828125, 9.2265625, 10.328125, 4.3984375, 1.078125, 1.154296875, 0.02301025390625, 0.259033203125, 0.014892578125, 0.11529541015625, 4.83984375, 1.8828125, 8.6953125, 3.0625, 0.97216796875, 5.7109375, 0.1829833984375, 0.369384765625, 0.0011873245239257812, 2.7418136596679688e-06, 0.0006418228149414062, 4.94140625, 0.00725555419921875, 0.646484375, 6.37109375, 5.875, 0.1805419921875, 0.052490234375, 7.26953125, 0.272705078125, 0.08514404296875, 0.01465606689453125, 5.1484375, 0.3740234375, 9.1640625, 0.41943359375, 2.59765625, 14.3046875, 6.3828125, 7.46875, 3.361328125, 0.71435546875, 2.25390625, 0.78369140625, 2.390625, 0.001361846923828125, 0.0838623046875, 1.2040138244628906e-05, 0.07537841796875, 0.37744140625, 3.23828125, 0.0247955322265625, 0.0228424072265625, 0.0011425018310546875, 0.2347412109375, 0.0176544189453125, 0.0240020751953125, 0.0975341796875, 2.603515625, 0.0004241466522216797, 0.00241851806640625, 0.44482421875, 0.00232696533203125, 0.1046142578125, 0.08538818359375, 0.0130157470703125, 0.287353515625, 0.03076171875, 0.0179290771484375, 0.00960540771484375, 0.0567626953125, 0.00982666015625, 1.408203125, 0.097412109375, 5.23828125, 12.796875, 2.7890625, 7.6875, 11.7109375, 0.8603515625, 8.046875, 0.0196685791015625, 5.53125, 0.2115478515625, 0.62841796875, 3.15234375, 0.453857421875, 0.161865234375, 6.6953125, 6.52734375, 0.0491943359375, 0.0003497600555419922, 8.015625, 0.32373046875, 3.181640625, 0.0687255859375, 6.55859375, 1.20703125, 1.646484375, 0.180419921875, 10.09375, 0.75732421875, 0.5595703125, 0.2176513671875, 0.042999267578125, 3.33984375, 0.131103515625, 11.1484375, 4.078125, 0.385009765625, 6.0390625, 4.4765625, 3.640625, 6.69140625, 3.171875, 3.427734375, 0.4912109375, 0.050811767578125, 6.66015625, 0.61572265625, 0.052642822265625, 0.088623046875, 3.75, 0.2293701171875, 7.08203125, 0.399658203125, 0.2193603515625, 9.46875, 0.1448974609375, 0.0181427001953125, 7.87109375, 6.20703125, 3.314453125, 4.93359375, 0.1322021484375, 0.042755126953125, 1.009765625, 0.12457275390625, 0.0538330078125, 0.049530029296875, 1.0703125, 0.0246124267578125, 4.21484375, 0.2459716796875, 0.09332275390625, 6.66015625, 2.6171875, 0.04974365234375, 2.62109375, 0.0611572265625, 0.0167999267578125, 0.266357421875, 0.00466156005859375, 0.00394439697265625, 0.205078125, 0.09710693359375, 0.034149169921875, 0.06622314453125, 0.94384765625, 0.01128387451171875, 6.0, 0.348876953125, 0.1893310546875, 4.1953125, 1.4912109375, 4.7265625, 5.453125, 0.042877197265625, 3.41796875, 0.23291015625, 0.356689453125, 2.873046875, 8.6796875, 0.8837890625, 0.2705078125, 0.0167388916015625, 0.06304931640625, 1.59765625, 0.06695556640625, 0.08416748046875, 0.71337890625, 0.013031005859375, 6.7265625, 1.361328125, 0.1480712890625, 4.13671875, 0.028076171875, 0.332763671875, 0.47607421875, 0.0218505859375, 0.18994140625, 0.0008587837219238281, 0.00070953369140625, 0.60791015625, 6.6875, 1.0009765625, 0.1414794921875, 0.00225067138671875, 0.0006413459777832031, 0.12548828125, 0.03204345703125, 4.08203125, 12.3046875, 1.298828125, 0.01271820068359375, 3.443359375, 4.9453125, 0.0499267578125, 1.3271484375, 0.0004115104675292969, 6.210803985595703e-05, 0.002593994140625, 6.1640625, 6.01171875, 8.8203125, 9.1171875, 0.45556640625, 7.20703125, 0.078125, 0.0033588409423828125, 0.423583984375, 1.619140625, 0.002777099609375, 0.33740234375, 0.0233306884765625, 4.62890625, 0.1453857421875, 7.56640625, 0.1988525390625, 0.2705078125, 2.546875, 3.56640625, 0.263427734375, 0.08856201171875, 1.0537109375, 3.939453125, 0.40283203125, 3.3671875, 5.09765625, 1.2060546875, 0.062042236328125, 0.402099609375, 0.365966796875, 0.64111328125, 0.0011539459228515625, 0.0782470703125, 1.8596649169921875e-05, 0.10009765625, 0.11871337890625, 1.4013671875, 0.01503753662109375, 0.005474090576171875, 7.140636444091797e-05, 0.08062744140625, 0.00994873046875, 0.0389404296875, 0.08587646484375, 0.4638671875, 0.00015985965728759766, 0.0013875961303710938, 0.1387939453125, 0.0003533363342285156, 0.020721435546875, 0.049957275390625, 0.0101776123046875, 0.1817626953125, 0.007965087890625, 0.0450439453125, 0.006099700927734375, 0.06060791015625, 0.00876617431640625, 0.462158203125, 0.0838623046875, 1.576171875, 8.09375, 12.1171875, 0.580078125, 3.19921875, 0.055389404296875, 11.4140625, 1.06640625, 2.357421875, 5.73046875, 0.58984375, 6.00390625, 6.4609375, 1.8232421875, 7.963180541992188e-05]",-0.7062854825597498
122,0,test,2.000332234510735,0.8000956015535134,1.0199138114565796,8.485619900082382,3.394089762379642,4.326581747547386,7.391511406214795,4.070608741429933,4.7259400610907925,31.355569438995392,17.26795076627645,20.047935206521995,2.278970061834134,0.9603784118656113,1.3495112774935158,7.3515163284972065,3.097994876985843,4.353262185462954,9.766616216877368,6.028463176528986,7.23347838418514,31.50521360283022,19.44665540815802,23.3338012393069,2.0861903130011417,0.8678265272176255,1.229195334290547,8.128014206497955,3.3811423138349053,4.789072731002132,8.05417276475886,4.672522664248721,5.6981027600763685,31.379893888670885,18.204633756813198,22.200400363933902,0.4522613065326633,-0.007738693467336688,-0.0027386934673366836,0.33668341708542715,-0.0033165829145728187,-0.008316582914572823,0.29648241206030146,-0.0035175879396985854,-0.0035175879396985854,0.30348258706467657,0.07491115849324803,0.10113654600895805,0.24937655860349128,0.31658291457286436,0.06595634815682427,0.12125737200191278,0.23737373737373735,0.3177257525083612,0.08734177921954656,0.13196379477754916,0.2516778523489933,17.0,1.0,0.0,26.0,2.0,0.0,33.0,2.0,2.0,0.000649398469166356,0.0006488729965726305,0.0001981873194107692,-0.07615761608630578,-0.08381224140468646,-0.08124640237916303,"[12.71875, 11.7890625, 6.45703125, 3.283203125, 3.853515625, 4.76171875, 7.015625, 1.0986328125, 0.470458984375, 1.5908203125, 3.83203125, 0.2137451171875, 5.7109375, 1.8251953125, 4.0078125, 0.94970703125, 0.1693115234375, 0.1988525390625, 5.7265625, 12.5546875, 3.951171875, 6.62890625, 0.38037109375, 0.50146484375, 1.412109375, 11.84375, 0.2137451171875, 0.0039215087890625, 1.3720703125, 6.26171875, 1.732421875, 1.96484375, 0.89306640625, 5.27734375, 3.3203125, 3.763671875, 4.85546875, 0.8154296875, 11.28125, 3.5859375, 2.267578125, 3.033203125, 0.005382537841796875, 0.0028667449951171875, 0.1607666015625, 4.79296875, 2.232421875, 3.984375, 0.31005859375, 1.953125, 3.52734375, 0.94189453125, 0.209228515625, 5.13671875, 3.869140625, 1.3515625, 7.8046875, 0.8564453125, 4.17578125, 5.69921875, 0.1427001953125, 6.9140625, 1.0234375, 6.47265625, 0.0406494140625, 0.327392578125, 3.50390625, 15.703125, 0.00728607177734375, 0.0027217864990234375, 0.103759765625, 1.3955078125, 0.3251953125, 0.2017822265625, 0.1260986328125, 0.007350921630859375, 0.97412109375, 0.1962890625, 8.8125, 0.5283203125, 0.80712890625, 2.44140625, 0.0010099411010742188, 0.0014925003051757812, 0.016571044921875, 3.3671875, 0.05364990234375, 0.1357421875, 0.033721923828125, 0.466796875, 0.755859375, 0.130859375, 0.0284576416015625, 7.05859375, 12.25, 0.06500244140625, 0.9091796875, 0.1995849609375, 0.005218505859375, 1.376953125, 0.27734375, 0.006412506103515625, 0.34716796875, 6.11328125, 2.828125, 0.01398468017578125, 1.236328125, 0.828125, 0.1201171875, 0.336669921875, 0.057647705078125, 1.7421875, 2.384765625, 0.464599609375, 3.671875, 0.0771484375, 0.74755859375, 0.1533203125, 0.004962921142578125, 1.6806640625, 0.06842041015625, 0.040069580078125, 0.53662109375, 1.3720703125, 3.837890625, 0.0313720703125, 0.458984375, 0.040252685546875, 0.0283660888671875, 1.080078125, 1.3623046875, 0.062103271484375, 0.164794921875, 0.028533935546875, 0.006839752197265625, 2.265625, 0.097412109375, 0.004711151123046875, 0.1195068359375, 0.258544921875, 4.078125, 0.00470733642578125, 0.0618896484375, 0.0380859375, 0.0025653839111328125, 0.1162109375, 0.0194854736328125, 0.00156402587890625, 0.0504150390625, 0.415771484375, 0.243408203125, 0.40087890625, 2.892578125, 0.0496826171875, 0.487548828125, 2.734375, 0.0015506744384765625, 1.396484375, 0.7099609375, 0.6884765625, 5.125, 0.108154296875, 3.44140625, 0.1767578125, 0.70263671875, 0.0650634765625, 0.328125, 0.0194549560546875, 0.055908203125, 5.0703125, 1.720703125, 0.0089111328125, 7.5, 0.0167236328125, 0.006622314453125, 0.09576416015625, 6.58984375, 0.5517578125, 10.3515625, 1.5615234375, 1.677734375, 6.23046875, 1.28125, 6.734375, 9.2734375, 0.39306640625, 5.546875, 0.22265625, 0.46826171875, 0.0718994140625, 0.70263671875, 11.203125, 1.748046875, 4.9921875, 4.91015625, 6.7265625, 0.005138397216796875, 3.333984375, 0.75634765625, 0.077392578125, 0.71826171875, 0.349609375, 1.9208984375, 1.2822265625, 0.0212554931640625, 0.017822265625, 0.034698486328125, 0.0006108283996582031, 0.0362548828125, 0.09393310546875, 0.0033168792724609375, 0.08404541015625, 1.0087890625, 2.830078125, 0.022613525390625, 0.0011043548583984375, 6.18359375, 1.138671875, 0.07574462890625, 0.08648681640625, 0.0313720703125, 4.74609375, 0.007266998291015625, 0.27392578125, 1.7822265625, 10.1328125, 2.5859375, 9.8125, 0.5859375, 0.387451171875, 0.344970703125, 0.01666259765625, 0.327392578125, 0.327392578125, 0.61572265625, 5.10546875, 0.40234375, 4.04296875, 1.5048828125, 0.02166748046875, 0.050811767578125, 0.01715087890625, 0.0006299018859863281, 0.392578125, 0.0196990966796875, 0.0028705596923828125, 0.114501953125, 0.2445068359375, 4.30078125, 0.324951171875, 0.01128387451171875, 0.990234375, 0.0450439453125, 0.0219879150390625, 0.060791015625, 0.00754547119140625, 8.1484375, 0.91943359375, 1.4052734375, 5.92578125, 0.020965576171875, 0.35009765625, 4.94140625, 1.2109375, 0.2626953125, 12.296875, 3.37890625, 0.130859375, 8.2421875, 0.505859375, 3.2109375, 2.220703125, 2.193359375, 0.0872802734375, 3.00390625, 0.282470703125, 3.177734375, 10.8359375, 4.953125, 2.6328125, 6.0625, 1.1142578125, 3.130859375, 6.703125, 0.410888671875, 0.7734375, 1.150390625, 1.34375, 0.149658203125, 0.044464111328125, 1.3330078125, 0.130615234375, 0.008209228515625, 0.70263671875, 0.0260467529296875, 0.1116943359375, 4.21484375, 0.046722412109375, 0.0019330978393554688, 3.533203125, 7.90625, 0.442138671875, 0.59326171875, 1.82421875, 0.13525390625, 0.1300048828125, 0.0673828125, 0.323486328125, 0.02142333984375, 0.238525390625, 6.421875, 0.67822265625, 0.0189971923828125, 2.099609375, 1.71875, 1.583984375, 3.40625, 7.171875, 0.012237548828125, 0.9951171875, 0.2705078125, 0.09588623046875, 0.76025390625, 0.0177764892578125, 0.70556640625, 0.0251617431640625, 0.251708984375, 5.57421875, 0.158203125, 0.1575927734375, 0.0136260986328125, 1.1650390625, 1.00390625, 0.038360595703125, 0.0050811767578125, 9.0546875, 0.0187225341796875, 5.171875, 7.11328125, 8.953125, 2.03515625, 0.303955078125, 0.05816650390625, 0.0197601318359375, 0.71142578125, 0.0265045166015625, 0.56982421875, 9.390625, 3.24609375, 0.11029052734375, 0.00968170166015625, 1.681640625, 1.529296875, 0.0025234222412109375, 2.39453125, 0.053009033203125, 0.013763427734375, 0.323486328125, 0.028106689453125, 0.2352294921875, 6.26171875, 0.42138671875, 0.02691650390625, 0.00524139404296875, 0.7490234375, 5.41015625, 0.2464599609375, 6.2109375, 2.59375, 0.00382232666015625, 5.60546875, 3.232421875, 5.40625, 1.037109375, 5.06640625, 0.1578369140625, 3.533203125, 0.031402587890625, 0.032440185546875, 0.1351318359375, 2.17578125, 8.453125, 4.16015625, 6.58203125, 0.7373046875, 1.498046875, 0.0885009765625, 1.845703125, 0.327392578125, 5.5078125, 0.67626953125, 0.2093505859375, 0.3583984375, 0.0242462158203125, 0.70361328125, 0.05023193359375, 0.00702667236328125, 0.70751953125, 0.064208984375, 0.0020694732666015625, 0.7294921875, 0.35400390625]",-2.27771341978614
218,0,test,0.8392411418749471,0.11086200778255095,0.11086200778255095,5.884117668876034,0.7772796950147391,0.7772796950147391,2.3146098496695724,0.24288994504768535,0.24288994504768535,16.228275799930486,1.7029587158399515,1.7029587158399515,1.2156868412267023,0.32819364045849686,0.5362817997772463,6.753815784592791,1.8232980025472045,2.979343332095813,3.3726097163827102,0.9435768013923944,1.3999060103037015,18.736720646570614,5.242093341068859,7.777255612798344,1.0299153547223197,0.2770167259190729,0.4515837488460718,6.4369709670144974,1.7313545369942052,2.822398430287948,2.8008287477379876,0.6776834317325315,1.0177676486386313,17.505179673362424,4.235521448328324,6.361047803991447,0.24120603015075381,0.001206030150753823,-0.0037939698492461815,0.1959798994974874,0.0009798994974874464,0.0009798994974874464,0.16080402010050254,0.0008040201005025116,-0.004195979899497493,0.1845906902086677,0.0057050597101340195,0.0057050597101340195,0.13665594855305463,0.2160804020100503,0.025604211533859833,0.03744935025712881,0.13131313131313127,0.2006688963210702,0.017029497322739617,0.03937857374042508,0.1308724832214765,15.0,0.0,0.0,18.0,-1.0,0.0,21.0,-1.0,0.0,0.0016693523074859115,0.0003733878038565476,0.0004228596383776361,-0.2932187720832915,-0.2896324470927967,-0.2910918810032679,"[4.9140625, 6.56640625, 3.4921875, 2.03515625, 0.74462890625, 5.83984375, 2.265625, 12.46875, 1.2939453125, 6.19140625, 4.01171875, 5.640625, 3.01171875, 4.46875, 0.447998046875, 11.8828125, 2.1328125, 4.171875, 0.52392578125, 6.05078125, 3.892578125, 1.1376953125, 5.60546875, 3.97265625, 3.31640625, 8.0390625, 3.439453125, 1.1318359375, 0.275390625, 1.5703125, 0.039581298828125, 1.0927734375, 0.6650390625, 0.07781982421875, 0.056884765625, 0.10687255859375, 0.393798828125, 0.11083984375, 1.7119140625, 0.469970703125, 5.8125, 1.3935546875, 0.71484375, 0.052581787109375, 0.120849609375, 0.01483917236328125, 0.63525390625, 0.0247039794921875, 0.0141448974609375, 0.0195770263671875, 0.0195465087890625, 0.08465576171875, 0.0311279296875, 0.93994140625, 1.787109375, 0.07098388671875, 8.6640625, 0.3671875, 0.139404296875, 0.01366424560546875, 0.06256103515625, 0.0036640167236328125, 0.1065673828125, 0.001678466796875, 0.009613037109375, 0.0106201171875, 0.01422882080078125, 0.2076416015625, 0.00650787353515625, 0.587890625, 2.505859375, 0.0079193115234375, 7.92578125, 0.0787353515625, 0.0997314453125, 0.005451202392578125, 0.0462646484375, 0.002452850341796875, 0.0217742919921875, 0.0014219284057617188, 0.0033130645751953125, 0.00733184814453125, 0.012451171875, 0.01145172119140625, 0.00493621826171875, 0.9013671875, 0.51513671875, 0.0025959014892578125, 8.4453125, 0.0206756591796875, 0.07977294921875, 0.0039043426513671875, 0.036895751953125, 0.001163482666015625, 0.0209808349609375, 0.0018281936645507812, 0.0034847259521484375, 0.006168365478515625, 0.0181427001953125, 0.309814453125, 0.0104522705078125, 0.477294921875, 0.414306640625, 0.004528045654296875, 6.828125, 0.016204833984375, 0.043701171875, 0.0026454925537109375, 0.016815185546875, 0.0013704299926757812, 0.01763916015625, 0.00054168701171875, 0.0018825531005859375, 0.01435089111328125, 0.013275146484375, 0.002292633056640625, 0.00615692138671875, 0.48583984375, 1.4130859375, 0.0109100341796875, 7.56640625, 0.00852203369140625, 0.05511474609375, 0.00244903564453125, 0.01837158203125, 0.0012340545654296875, 0.0178985595703125, 0.001438140869140625, 0.0013599395751953125, 0.006008148193359375, 0.0180816650390625, 0.0013818740844726562, 0.0086212158203125, 5.44140625, 1.345703125, 8.1015625, 0.0426025390625, 0.04583740234375, 0.0017938613891601562, 0.0174102783203125, 0.001171112060546875, 0.007335662841796875, 0.0007472038269042969, 0.0035381317138671875, 0.01277923583984375, 0.013824462890625, 0.0019550323486328125, 0.0132598876953125, 0.482421875, 0.859375, 0.005985260009765625, 6.6953125, 0.0070648193359375, 0.04095458984375, 0.0018396377563476562, 0.014434814453125, 0.0010919570922851562, 0.007472991943359375, 0.0012969970703125, 0.001270294189453125, 0.0054168701171875, 0.0078887939453125, 0.00823211669921875, 0.006526947021484375, 0.388427734375, 2.80078125, 0.0274810791015625, 7.375, 0.01363372802734375, 0.0501708984375, 0.0016422271728515625, 0.0258026123046875, 0.0018548965454101562, 0.006023406982421875, 0.00018918514251708984, 0.0030155181884765625, 0.01058197021484375, 0.006984710693359375, 0.010162353515625, 0.01094818115234375, 4.48046875, 0.0615234375, 7.890625, 0.00901031494140625, 0.03125, 0.0010099411010742188, 0.0297698974609375, 0.0008840560913085938, 0.0076446533203125, 0.0005307197570800781, 0.002315521240234375, 0.0050811767578125, 0.006542205810546875, 0.01129150390625, 0.0201873779296875, 2.50390625, 0.014862060546875, 8.3359375, 0.02752685546875, 0.04693603515625, 0.0020542144775390625, 0.00679779052734375, 0.0011987686157226562, 0.0051422119140625, 0.00020873546600341797, 0.002452850341796875, 0.01064300537109375, 0.011444091796875, 0.006740570068359375, 0.0200958251953125, 2.044921875, 0.057281494140625, 7.9765625, 0.0146636962890625, 0.01499176025390625, 0.001422882080078125, 0.0169677734375, 0.0005207061767578125, 0.0025501251220703125, 0.00046324729919433594, 0.0012178421020507812, 0.00397491455078125, 0.005126953125, 0.0219573974609375, 0.0184783935546875, 1.232421875, 2.4609375, 0.0075225830078125, 7.07421875, 0.0115509033203125, 0.0189056396484375, 0.0005574226379394531, 0.00719451904296875, 0.0004944801330566406, 0.0024662017822265625, 0.00047326087951660156, 0.0010862350463867188, 0.004467010498046875, 0.007785797119140625, 0.00182342529296875, 0.01409149169921875, 0.62646484375, 1.197265625, 0.005527496337890625, 7.93359375, 0.005161285400390625, 0.0423583984375, 0.000812530517578125, 0.014556884765625, 0.001987457275390625, 0.005054473876953125, 0.0005769729614257812, 0.0021381378173828125, 0.0091400146484375, 0.0078582763671875, 0.000667572021484375, 0.0104217529296875, 1.08203125, 3.310546875, 0.01004791259765625, 6.69921875, 0.01313018798828125, 0.0430908203125, 0.0010213851928710938, 0.0133056640625, 0.0007038116455078125, 0.0025234222412109375, 0.00021636486053466797, 0.0013570785522460938, 0.00399017333984375, 0.00653076171875, 0.053558349609375, 0.018707275390625, 1.0087890625, 3.78515625, 0.0250244140625, 6.51953125, 0.00586700439453125, 0.0247039794921875, 0.0008535385131835938, 0.006763458251953125, 0.0007014274597167969, 0.00115966796875, 0.00019109249114990234, 0.0007276535034179688, 0.00830078125, 0.005718231201171875, 0.126953125, 0.0200042724609375, 0.98779296875, 1.998046875, 0.011260986328125, 7.08203125, 0.002468109130859375, 0.0245361328125, 0.0008978843688964844, 0.0118865966796875, 0.0009717941284179688, 0.002140045166015625, 0.00010645389556884766, 0.0019664764404296875, 0.0037441253662109375, 0.0054931640625, 0.0025043487548828125, 0.00677490234375, 0.90478515625, 2.53125, 0.00986480712890625, 6.0625, 0.0213623046875, 0.0164642333984375, 0.00040531158447265625, 0.0103607177734375, 0.0005030632019042969, 0.0016326904296875, 0.00025582313537597656, 0.0008158683776855469, 0.003971099853515625, 0.00469970703125, 0.017303466796875, 0.012969970703125, 3.955078125, 0.05584716796875, 6.99609375, 0.06671142578125, 0.0138397216796875, 0.0004029273986816406, 0.010162353515625, 0.0009055137634277344, 0.0026874542236328125, 0.00019788742065429688, 0.00127410888671875, 0.003490447998046875, 0.002178192138671875, 0.029052734375, 0.0037174224853515625, 4.69921875, 0.1507568359375, 7.36328125, 0.006359100341796875, 0.0163421630859375, 0.0003402233123779297, 0.0049285888671875, 0.0005974769592285156, 0.0031299591064453125, 0.0005044937133789062, 0.0019369125366210938, 0.00395965576171875, 0.00382232666015625, 0.0017108917236328125, 0.1328125, 0.728515625, 1.6904296875, 0.0151214599609375, 7.00390625, 0.007686614990234375, 0.0179595947265625, 0.0006017684936523438, 0.00998687744140625, 0.0005049705505371094, 0.0021572113037109375, 0.00026416778564453125, 0.0009465217590332031, 0.00859832763671875, 0.0023441314697265625, 0.002033233642578125, 0.005859375, 0.61669921875, 1.302734375, 0.00441741943359375, 6.75, 0.0038585662841796875, 0.01483154296875, 0.0003364086151123047, 0.0089263916015625, 0.00014960765838623047, 0.0030727386474609375, 0.0002014636993408203, 0.0010614395141601562, 0.0032176971435546875, 0.0052490234375, 0.00888824462890625, 0.007671356201171875, 0.5341796875, 1.021484375, 0.006572723388671875, 6.8515625, 0.0140533447265625, 0.011993408203125, 0.0006070137023925781, 0.0214385986328125, 0.0003581047058105469, 0.0026111602783203125, 0.00019311904907226562, 0.0008535385131835938, 0.0033473968505859375, 0.006805419921875, 0.0017404556274414062, 0.011383056640625, 3.5625, 0.0159759521484375, 7.5703125, 0.020416259765625, 0.00799560546875, 0.0005145072937011719, 0.00478363037109375, 0.00020706653594970703, 0.00235748291015625, 4.4226646423339844e-05, 0.0010995864868164062, 0.003993988037109375, 0.00695037841796875, 0.0021266937255859375, 0.024627685546875, 1.05859375, 2.99609375, 0.0258026123046875, 3.955078125, 3.125, 0.004795074462890625, 0.00826263427734375, 0.0004565715789794922, 0.00455474853515625, 0.0003173351287841797, 0.00211334228515625, 2.9921531677246094e-05, 0.0012578964233398438, 0.0032444000244140625, 0.00484466552734375, 0.01390838623046875, 0.012237548828125, 0.98779296875, 1.18359375, 0.0018749237060546875, 7.48828125, 0.006687164306640625, 0.018280029296875, 0.00043892860412597656, 0.00592803955078125, 0.0001627206802368164, 0.0012655258178710938, 6.473064422607422e-05, 0.0008792877197265625, 0.00827789306640625, 0.0027484893798828125, 0.00675201416015625, 0.025909423828125, 0.49853515625, 2.396484375, 0.01020050048828125, 7.03515625, 0.0048980712890625, 0.01145172119140625, 0.0003783702850341797, 0.005916595458984375, 0.00037288665771484375, 0.001918792724609375, 7.164478302001953e-05, 0.0019063949584960938, 0.003574371337890625, 0.003879547119140625, 0.00726318359375, 0.006725311279296875, 0.52001953125, 1.361328125, 0.00946807861328125, 6.9765625, 0.05853271484375, 0.01319122314453125, 0.00032210350036621094, 0.0099029541015625, 0.0004220008850097656, 0.0028057098388671875, 6.020069122314453e-05, 0.0009608268737792969, 0.0040283203125, 0.0027561187744140625, 0.0035037994384765625, 0.0092926025390625, 3.486328125, 0.0261383056640625, 8.09375, 0.01062774658203125, 0.01338958740234375, 0.0002765655517578125, 0.00919342041015625, 0.00019097328186035156, 0.0013027191162109375, 6.520748138427734e-05, 0.001941680908203125, 0.0031719207763671875, 0.0031757354736328125, 0.00727081298828125, 0.004535675048828125, 0.56494140625, 0.85498046875, 0.002513885498046875, 4.25, 2.849609375, 0.002246856689453125, 0.0088043212890625, 0.0004856586456298828, 0.01024627685546875, 0.0004069805145263672, 0.0036029815673828125, 7.796287536621094e-05, 0.0009412765502929688, 0.00411224365234375, 0.002948760986328125, 0.0088958740234375, 0.02410888671875, 3.6328125, 0.01041412353515625, 3.3046875, 4.53125, 0.0045928955078125, 0.0146331787109375, 0.0005764961242675781, 0.007144927978515625, 0.0004906654357910156, 0.001949310302734375, 8.869171142578125e-05, 0.0019311904907226562, 0.0039825439453125, 0.00691986083984375, 0.05596923828125, 0.027374267578125, 3.599609375, 0.060791015625, 8.84375, 0.0135955810546875, 0.02642822265625, 0.0001659393310546875, 0.005916595458984375, 0.00025272369384765625, 0.003955841064453125, 6.687641143798828e-05, 0.0019989013671875, 0.00432586669921875, 0.00566864013671875, 0.05255126953125, 0.01003265380859375, 0.8115234375, 0.75732421875, 0.0039005279541015625, 7.9140625, 0.005374908447265625, 0.01454925537109375, 0.0001811981201171875, 0.0031585693359375, 0.0002472400665283203, 0.003971099853515625, 7.450580596923828e-05, 0.0008497238159179688, 0.0034389495849609375, 0.00647735595703125, 0.00608062744140625, 0.0207977294921875, 0.7109375, 1.7734375, 0.01372528076171875, 3.689453125, 4.578125, 0.0074310302734375, 0.01294708251953125, 0.0005602836608886719, 0.0029582977294921875, 0.0003757476806640625, 0.0015087127685546875, 8.511543273925781e-05, 0.00121307373046875, 0.004299163818359375, 0.00511932373046875, 0.0005078315734863281, 0.0123138427734375, 3.697265625, 0.022125244140625, 7.98046875, 0.012176513671875, 0.01064300537109375, 0.0002428293228149414, 0.006069183349609375, 0.0003552436828613281, 0.001922607421875, 5.996227264404297e-05, 0.0009016990661621094, 0.0034198760986328125, 0.004146575927734375, 0.0006275177001953125, 0.004207611083984375, 2.759765625, 0.0116119384765625, 7.078125, 0.0032100677490234375, 0.01277923583984375, 0.00030112266540527344, 0.00417327880859375, 0.0004138946533203125, 0.001781463623046875, 0.00011396408081054688, 0.00101470947265625, 0.0033702850341796875, 0.00365447998046875, 0.0014257431030273438, 0.055450439453125, 1.6865234375, 0.138671875, 6.71875, 0.006969451904296875, 0.00827789306640625, 0.0001914501190185547, 0.0027484893798828125, 0.0002818107604980469, 0.0012989044189453125, 5.817413330078125e-05, 0.0008902549743652344, 0.0033664703369140625, 0.0022411346435546875, 0.039215087890625, 0.00498199462890625, 3.181640625, 0.009552001953125, 6.41796875]",-0.6401674799130778
259,0,test,3.7006668669141765,1.3665387405854088,2.0100829329645897,7.668851820593233,2.831863414225184,4.165473065902523,40.47428632480259,30.153828454684046,35.05164007675449,83.87442467308489,62.487451737417544,72.6371336530334,3.7889046980508008,1.1595723845132033,1.7673774680054377,7.1488767887750955,2.187872423609818,3.334674467934788,44.20795269170678,30.343443026111707,36.65810620592361,83.41123149378637,57.25177929455039,69.16623812438417,3.6747940726902173,1.3556287014311637,2.00655132602588,7.30091537620573,2.693302055823504,3.986525813296451,39.44053413779296,29.273349198726322,34.13769296816929,78.35867709495291,58.158971917999324,67.82323106258801,0.7889447236180904,0.01894472361809041,-0.001055276381909609,0.6884422110552764,0.008442211055276427,0.01344221105527632,0.5879396984924623,0.0029396984924623393,0.012939698492462348,0.47813411078717205,0.08714573869414877,0.1575084998389804,0.45321637426900585,0.49246231155778897,0.06246231155778892,0.12640573917842124,0.43939393939393945,0.48494983277591974,0.09161649944258643,0.1730741391022238,0.4530201342281879,27.0,4.0,5.0,38.0,3.0,4.0,48.0,6.0,6.0,0.00015693908458963386,0.00010701184256382261,0.00017299640383136477,0.0003332823049371214,-6.678927164482928e-05,0.00016045041052237252,"[4.69921875, 10.5859375, 4.1875, 6.96875, 3.87109375, 4.0, 11.3359375, 7.5625, 5.6015625, 3.205078125, 4.91015625, 3.603515625, 1.0419921875, 1.994140625, 4.328125, 3.4375, 2.818359375, 0.4033203125, 5.1953125, 4.234375, 2.25, 0.337158203125, 2.763671875, 6.5078125, 4.51171875, 8.640625, 7.69921875, 1.5703125, 0.2147216796875, 2.94140625, 6.26171875, 6.75, 4.9140625, 1.064453125, 3.1796875, 3.06640625, 3.03125, 1.669921875, 5.16796875, 0.12127685546875, 0.0631103515625, 1.23828125, 2.1875, 0.33740234375, 3.541015625, 3.888671875, 5.46484375, 7.78125, 5.640625, 4.546875, 7.2734375, 0.81005859375, 2.623046875, 8.609375, 6.42578125, 0.650390625, 1.314453125, 5.88671875, 10.0625, 0.732421875, 6.9375, 5.359375, 2.7578125, 0.5078125, 8.0859375, 3.115234375, 0.173095703125, 1.80078125, 5.33984375, 1.009765625, 6.2890625, 4.96875, 3.01953125, 0.1025390625, 1.591796875, 4.16796875, 4.640625, 0.255126953125, 7.2890625, 2.91015625, 0.08966064453125, 5.0078125, 4.5, 2.69140625, 0.0985107421875, 1.9931640625, 4.1875, 3.568359375, 8.296875, 2.5625, 0.1768798828125, 4.8125, 5.8984375, 3.265625, 1.2822265625, 4.9765625, 5.75390625, 0.88037109375, 5.58984375, 8.4609375, 4.90234375, 6.62109375, 1.2109375, 4.34375, 3.244140625, 0.87744140625, 5.65625, 0.489501953125, 1.78515625, 5.33203125, 3.060546875, 1.322265625, 1.306640625, 4.51171875, 2.154296875, 1.3916015625, 7.546875, 1.0517578125, 9.40625, 4.91015625, 0.38525390625, 0.5908203125, 4.484375, 7.2578125, 3.021484375, 0.59716796875, 6.3671875, 4.015625, 0.9521484375, 8.8359375, 0.63134765625, 5.67578125, 3.53125, 7.65234375, 1.611328125, 0.455810546875, 2.78515625, 3.6015625, 0.279296875, 3.828125, 3.986328125, 0.474853515625, 4.9609375, 8.015625, 0.267333984375, 3.787109375, 3.630859375, 6.41015625, 7.61328125, 9.59375, 7.078125, 0.07232666015625, 5.6171875, 4.91796875, 3.92578125, 0.169677734375, 8.7109375, 0.80517578125, 2.86328125, 4.4453125, 0.2127685546875, 0.15966796875, 6.78125, 3.990234375, 0.966796875, 5.32421875, 7.47265625, 5.36328125, 0.174560546875, 2.509765625, 4.359375, 2.361328125, 3.646484375, 4.171875, 0.08697509765625, 2.580078125, 3.8203125, 0.1947021484375, 5.609375, 3.291015625, 1.806640625, 8.4921875, 0.18896484375, 1.6669921875, 7.26171875, 0.337646484375, 6.46875, 7.109375, 1.744140625, 7.6953125, 6.703125, 0.564453125, 4.26171875, 3.53515625, 0.5751953125, 9.984375, 5.546875, 0.96875, 0.45751953125, 6.640625, 5.4921875, 0.155517578125, 10.5, 0.17626953125, 6.8125, 0.64501953125, 0.040802001953125, 6.69921875, 0.7880859375, 5.80859375, 5.33203125, 0.21435546875, 6.58203125, 4.52734375, 3.42578125, 0.2005615234375, 4.25, 5.83203125, 4.84375, 0.265625, 3.55078125, 4.5859375, 3.169921875, 1.4228515625, 4.20703125, 0.1405029296875, 4.88671875, 5.17578125, 0.2021484375, 0.343017578125, 3.5625, 7.19140625, 0.77978515625, 6.2265625, 9.984375, 0.285888671875, 2.927734375, 2.193359375, 0.60498046875, 5.80078125, 0.96484375, 3.890625, 3.5703125, 2.322265625, 0.0670166015625, 4.1171875, 4.546875, 1.501953125, 7.0546875, 10.9140625, 0.11676025390625, 6.3984375, 6.515625, 7.3203125, 0.603515625, 4.71484375, 4.25, 0.338134765625, 2.44921875, 3.63671875, 1.8095703125, 0.196533203125, 3.0859375, 3.70703125, 0.1949462890625, 1.13671875, 6.35546875, 0.48095703125, 0.9091796875, 5.91796875, 2.896484375, 0.0738525390625, 0.732421875, 4.44921875, 0.080078125, 0.49462890625, 3.880859375, 0.1304931640625, 6.953125, 2.939453125, 8.2578125, 0.84716796875, 2.970703125, 4.44140625, 7.32421875, 0.09234619140625, 8.640625, 5.5859375, 0.66259765625, 5.04296875, 4.15625, 0.217529296875, 6.83984375, 7.1171875, 0.6376953125, 4.296875, 7.203125, 3.18359375, 0.027008056640625, 7.72265625, 0.296630859375, 6.0078125, 7.69140625, 0.06402587890625, 3.681640625, 7.87890625, 4.69140625, 9.6015625, 0.07952880859375, 2.55078125, 3.265625, 0.70361328125, 0.255859375, 2.94140625, 5.75, 0.23583984375, 1.87890625, 3.6171875, 0.2568359375, 1.5849609375, 3.09765625, 0.1925048828125, 5.5390625, 3.40625, 0.391845703125, 4.23828125, 9.140625, 3.654296875, 0.06768798828125, 4.328125, 4.46484375, 0.433837890625, 2.71484375, 5.98046875, 5.390625, 0.335205078125, 6.21875, 1.11328125, 3.107421875, 5.43359375, 13.8671875, 9.0390625, 7.0625]",-5.172133006437875
26,0,test,2.87205714598332,1.2475574794416746,1.4392937026685355,8.655514686525073,3.759762266810526,4.337597460096956,17.67333746519214,12.597458695428521,13.483074704648159,53.26211290879823,37.964944013620205,40.633923767432805,3.4292579425705805,1.513683408156784,2.1148114210851685,6.9634931690974025,3.0737040635020403,4.294361967305597,30.85373900652649,24.062899759259807,27.13104902050579,62.65198022753848,48.86241889890512,55.092640357965834,3.035242794748134,1.3372647531422563,1.85318948866925,8.130114628789645,3.581959160202472,4.9639004160783475,20.8060288808168,15.343138400892459,17.544965586567535,55.730434502187855,41.097692145247656,46.99544353544875,0.6767676767676767,0.016767676767676765,0.01176767676767665,0.5404040404040404,-0.009595959595959602,-0.01959595959595961,0.4797979797979798,-0.010202020202020212,-0.02020202020202022,0.41457858769931666,0.12902682433185364,0.1516264860375376,0.36073059360730597,0.4545454545454546,0.14975956033890547,0.21125686394142773,0.3908629441624365,0.42140468227424754,0.1492844819403577,0.19893527181818527,0.35906040268456374,22.0,-2.0,-1.0,37.0,0.0,1.0,42.0,-3.0,-3.0,0.0005282794300182173,0.001254691852557121,5.869313797399134e-05,-0.005603718295080995,-0.006699822897335395,-0.0056609078931915136,"[6.8671875, 3.166015625, 3.416015625, 5.23828125, 0.2451171875, 0.83349609375, 7.765625, 6.41796875, 4.91796875, 9.40625, 4.90234375, 5.6171875, 1.966796875, 5.43359375, 1.6787109375, 8.5703125, 2.818359375, 6.546875, 5.578125, 0.42236328125, 9.09375, 5.2890625, 6.28125, 3.703125, 0.5009765625, 5.76171875, 8.390625, 5.86328125, 2.271484375, 5.2265625, 6.12109375, 10.640625, 10.5546875, 2.05859375, 3.3046875, 5.60546875, 7.40625, 0.382080078125, 3.5390625, 0.049163818359375, 6.34765625, 0.99267578125, 2.39453125, 10.3828125, 6.7890625, 5.8671875, 0.70751953125, 6.5234375, 0.28271484375, 0.01073455810546875, 6.640625, 4.80078125, 0.7275390625, 0.02679443359375, 7.984375, 4.75, 3.1875, 10.1015625, 12.875, 6.3046875, 3.220703125, 0.0635986328125, 8.03125, 3.48828125, 1.76171875, 2.18359375, 1.6953125, 13.3125, 0.65771484375, 11.0390625, 0.4560546875, 0.00832366943359375, 8.90625, 0.34814453125, 1.400390625, 4.296875, 4.65625, 10.125, 4.5234375, 2.77734375, 0.01007080078125, 0.28369140625, 3.21875, 0.0118255615234375, 6.49609375, 8.75, 3.390625, 3.05859375, 1.498046875, 8.875, 4.90234375, 5.63671875, 6.85546875, 4.796875, 1.5810546875, 1.021484375, 1.7421875, 5.8515625, 4.87109375, 0.07794189453125, 1.197265625, 10.0859375, 0.0279541015625, 3.673828125, 8.9765625, 1.6279296875, 0.5107421875, 0.1566162109375, 6.08203125, 0.7138671875, 0.07110595703125, 4.0625, 0.9267578125, 0.023590087890625, 0.025848388671875, 0.1522216796875, 2.171875, 4.24609375, 0.405517578125, 0.1416015625, 0.2314453125, 5.64453125, 0.3486328125, 2.12109375, 0.00334930419921875, 0.0028667449951171875, 0.07659912109375, 0.289794921875, 0.1160888671875, 0.2237548828125, 6.008148193359375e-05, 5.05859375, 1.5712890625, 0.32373046875, 4.96875, 1.9208984375, 10.2890625, 13.171875, 1.1474609375, 0.5703125, 0.007350921630859375, 0.09588623046875, 7.0546875, 7.10546875, 4.015625, 0.3759765625, 0.0143890380859375, 0.473388671875, 0.18408203125, 7.55859375, 3.1875, 4.890625, 0.044342041015625, 5.29296875, 6.05078125, 0.0270538330078125, 1.6064453125, 4.359375, 0.478515625, 6.734375, 0.68896484375, 3.625, 1.83984375, 7.48046875, 4.0546875, 3.205078125, 0.051116943359375, 0.035369873046875, 0.458740234375, 8.0703125, 0.802734375, 0.1339111328125, 0.330078125, 1.6513671875, 0.0010280609130859375, 2.0546875, 3.259765625, 1.388671875, 2.296875, 6.5625, 5.50390625, 0.00995635986328125, 0.25, 3.662109375, 0.135009765625, 5.765625, 5.24609375, 4.02734375, 1.8974609375, 3.462890625, 0.1541748046875, 0.01531219482421875, 1.11328125, 3.521484375, 1.4033203125, 0.06732177734375, 0.42431640625, 0.5341796875, 0.0003085136413574219, 0.54931640625, 0.55419921875, 0.1458740234375, 3.140625, 7.921875, 0.03765869140625, 0.1090087890625, 0.56640625, 0.13232421875, 3.396484375, 7.203125, 1.162109375, 3.935546875, 0.058837890625, 0.003078460693359375, 0.3984375, 5.6875, 0.314208984375, 0.005771636962890625, 0.1510009765625, 0.433349609375, 0.0002541542053222656, 0.2476806640625, 5.703125, 0.1566162109375, 0.045013427734375, 0.389404296875, 1.857421875, 0.455810546875, 3.318359375, 0.02740478515625, 0.1085205078125, 6.8203125, 0.26953125, 3.107421875, 0.63525390625, 14.3828125, 0.1456298828125, 1.88671875, 0.05426025390625, 0.0039005279541015625, 0.25537109375, 5.0546875, 1.5, 3.212890625, 0.292236328125, 0.016845703125, 1.376953125, 9.8046875, 0.343017578125, 0.454833984375, 0.00015342235565185547, 3.2890625, 0.3310546875, 1.91015625, 0.203369140625, 1.939453125, 6.734375, 0.01154327392578125, 0.1771240234375, 5.890625, 9.296875, 4.88671875, 1.4814453125, 5.21875, 0.60302734375, 6.66796875, 3.671875, 3.525390625, 1.21875, 0.98046875, 0.0645751953125, 0.426513671875, 0.05963134765625, 0.009033203125, 0.1685791015625, 2.693359375, 0.030029296875, 8.0390625, 0.37890625, 0.03643798828125, 0.1510009765625, 0.25146484375, 0.034881591796875, 0.4013671875, 0.0003104209899902344, 0.301513671875, 0.053131103515625, 9.0390625, 3.10546875, 1.19140625, 3.92578125, 0.08270263671875, 1.07421875, 6.140625, 8.34375, 3.7109375, 3.236328125, 0.89892578125, 6.71875, 0.0027923583984375, 0.256591796875, 7.4609375, 5.87109375, 2.05859375, 3.251953125, 7.203125, 1.1962890625, 0.6103515625, 7.5234375, 4.32421875, 0.0413818359375, 0.007282257080078125, 0.46240234375, 3.955078125, 3.884765625, 0.80322265625, 0.2098388671875, 0.7060546875, 1.1240234375, 0.2191162109375, 5.359375, 0.0006299018859863281, 3.4375, 4.33984375, 2.755859375, 3.0859375, 5.87890625, 9.125, 1.2197265625, 4.60546875, 7.734375, 0.0011701583862304688, 2.177734375, 2.712890625, 0.026885986328125, 0.21142578125, 0.52001953125, 0.7197265625, 1.0703125, 3.037109375, 3.091796875, 2.283203125, 0.489013671875, 0.9755859375, 0.01303863525390625, 4.4765625, 9.359375, 6.13671875, 0.0401611328125, 1.2158203125, 1.3642578125, 0.1904296875, 1.5078125, 0.76416015625, 0.38916015625, 0.021240234375, 5.796875, 12.3515625, 0.05963134765625, 4.35546875, 0.473388671875, 1.689453125, 2.34375, 0.0494384765625, 2.732421875, 7.50390625, 3.08984375, 4.58984375, 4.640625, 4.76171875, 1.5224609375, 0.0029582977294921875, 1.1123046875, 0.7294921875, 0.5869140625, 2.54296875, 3.63671875, 0.38232421875, 1.783203125, 0.42578125, 5.06640625, 0.51318359375, 5.5703125, 0.0106658935546875, 0.0928955078125, 9.2890625, 3.7578125, 4.14453125, 8.015625, 0.951171875, 1.1943359375, 0.061248779296875, 0.10919189453125, 0.0201568603515625, 0.004322052001953125, 0.1561279296875, 0.92041015625, 6.58984375, 1.5693359375, 0.01073455810546875, 1.3349609375, 2.880859375, 5.015625, 0.00037169456481933594, 4.19921875, 2.21875, 2.560546875, 3.232421875, 4.4296875, 0.0021572113037109375, 0.68212890625, 11.3359375, 2.728515625, 3.830078125, 0.00029850006103515625, 0.9228515625, 1.76953125, 4.359375, 0.00542449951171875, 0.428955078125, 0.0005373954772949219, 1.76171875, 0.118896484375, 0.1661376953125, 0.453857421875, 1.4404296875, 1.9482421875, 0.357177734375, 5.0859375, 0.032318115234375, 1.09765625, 3.72265625, 7.43359375, 4.296875, 2.529296875, 11.0, 0.98681640625, 6.94921875, 0.81982421875]",-1.324180418103594
126,0,test,3.9297664182405945,1.8312319776683115,2.4946783453547123,7.723082613625613,3.598879511667584,4.902735914829053,50.895088116436824,42.740877445542615,46.695073216504845,100.02298567327516,83.99769664644835,91.76878972410329,3.9485260086442957,1.7862473860313783,2.481691843824244,7.450049072913765,3.3702780868516564,4.682437441177818,51.85887094405234,43.16795250733496,47.52338299245525,97.84692630953272,81.44896699497161,89.6667603631231,3.94466089695058,1.8445053467618568,2.5072855620332053,7.752354401645932,3.6249653689833714,4.927512597606926,51.65881747908829,43.491377218450715,47.44918504983206,101.52392601793048,85.47263717237192,93.25082895210052,0.7839195979899498,0.013919597989949795,0.00891959798994979,0.5979899497487438,0.007989949748743674,-0.007010050251256228,0.5125628140703518,-0.00743718592964826,0.012562814070351758,0.42553191489361697,0.12287704763697982,0.1849658771577679,0.395017793594306,0.42713567839195976,0.13139633002103246,0.186735010612327,0.398989898989899,0.43617021276595747,0.13351534550932032,0.19442492974708958,0.40569395017793597,27.0,6.0,6.0,38.0,4.0,4.0,49.0,7.0,6.0,-0.00033124134564856757,-0.00013217592581585573,6.303710980529821e-05,-0.007279767413777449,-0.005074997412042315,-0.0055649956195802375,"[11.1875, 4.87109375, 1.283203125, 11.8515625, 12.1640625, 3.62890625, 5.98828125, 6.375, 3.873046875, 2.419921875, 1.5947265625, 6.70703125, 1.4013671875, 4.59765625, 0.8623046875, 6.734375, 0.72021484375, 4.03125, 1.5771484375, 7.00390625, 0.974609375, 4.578125, 5.16796875, 2.55078125, 7.94140625, 1.53125, 1.1396484375, 4.14453125, 8.765625, 3.81640625, 11.0390625, 5.03515625, 3.28515625, 4.60546875, 2.66796875, 0.40673828125, 3.212890625, 1.8046875, 2.861328125, 7.74609375, 1.744140625, 7.296875, 0.429443359375, 1.5751953125, 0.1964111328125, 0.009246826171875, 0.67626953125, 0.336181640625, 0.463623046875, 2.966796875, 1.1455078125, 11.3359375, 10.28125, 0.406982421875, 5.1875, 3.96484375, 4.49609375, 1.87890625, 2.171875, 5.97265625, 0.008209228515625, 0.458251953125, 3.85546875, 0.449951171875, 2.666015625, 0.88525390625, 1.7705078125, 4.3046875, 7.15625, 0.80712890625, 2.1640625, 3.798828125, 0.5185546875, 7.09765625, 1.4150390625, 1.654296875, 5.05078125, 2.185546875, 7.453125, 1.5517578125, 1.5302734375, 0.365478515625, 1.955078125, 4.7578125, 7.1953125, 0.99462890625, 4.03515625, 2.15234375, 12.15625, 7.953125, 9.953125, 0.0804443359375, 10.890625, 1.09375, 3.60546875, 2.439453125, 0.97705078125, 3.6484375, 5.0390625, 1.197265625, 8.109375, 4.65625, 2.140625, 0.291748046875, 2.49609375, 2.0, 1.86328125, 8.1953125, 9.8359375, 0.7548828125, 0.1875, 6.10546875, 0.92236328125, 2.09375, 4.95703125, 9.0859375, 0.52001953125, 0.35107421875, 1.2119140625, 3.962890625, 1.21875, 3.111328125, 4.1171875, 10.3046875, 2.916015625, 0.53564453125, 7.9140625, 4.30078125, 1.3291015625, 8.5, 0.625, 8.390625, 6.26171875, 8.84375, 4.109375, 0.5224609375, 7.12890625, 0.57421875, 7.97265625, 9.890625, 11.640625, 0.12353515625, 4.9609375, 1.365234375, 1.50390625, 0.297119140625, 3.46875, 5.30859375, 1.4501953125, 3.84375, 0.1141357421875, 5.609375, 7.30859375, 0.0236358642578125, 10.7890625, 1.4169921875, 9.2890625, 8.4453125, 0.074462890625, 5.86328125, 7.6171875, 1.322265625, 0.282470703125, 0.642578125, 5.4609375, 1.6689453125, 0.4052734375, 7.3046875, 1.201171875, 6.41015625, 0.3876953125, 3.1015625, 0.01343536376953125, 11.0859375, 5.2265625, 5.09765625, 1.708984375, 5.58984375, 2.56640625, 0.8154296875, 7.6328125, 9.15625, 1.0986328125, 1.6796875, 3.234375, 6.80859375, 6.21875, 7.0234375, 0.302001953125, 8.4609375, 4.78515625, 0.70068359375, 10.921875, 7.2734375, 1.61328125, 0.58544921875, 3.052734375, 6.43359375, 0.1986083984375, 0.5009765625, 2.947265625, 1.2431640625, 0.034820556640625, 0.68310546875, 0.6298828125, 0.0198822021484375, 1.3134765625, 0.37646484375, 0.83447265625, 4.04296875, 8.8671875, 3.345703125, 1.095703125, 7.546875, 3.763671875, 10.0625, 0.5703125, 2.529296875, 1.453125, 1.96875, 12.234375, 15.8046875, 4.76953125, 0.57421875, 3.8828125, 8.5859375, 7.078125, 8.2578125, 12.8359375, 4.875, 3.896484375, 0.266845703125, 7.67578125, 0.73193359375, 2.91015625, 6.8671875, 2.806640625, 0.41162109375, 0.7265625, 7.53515625, 6.30859375, 5.12890625, 1.3544921875, 0.76806640625, 12.984375, 1.0859375, 2.32421875, 4.4921875, 0.0298309326171875, 0.12384033203125, 6.05859375, 9.5703125, 3.54296875, 5.11328125, 0.51318359375, 0.0283355712890625, 1.5986328125, 9.203125, 4.17578125, 0.173828125, 4.08984375, 8.0859375, 2.501953125, 8.6953125, 0.0261383056640625, 5.0859375, 10.9296875, 0.34375, 5.109375, 2.296875, 2.486328125, 0.70068359375, 2.06640625, 0.99462890625, 5.6875, 6.4609375, 0.734375, 1.1728515625, 0.0276336669921875, 0.97021484375, 7.92578125, 2.41796875]",-0.604395626284552
41,0,test,2.4314578692775126,0.8895591629986626,0.9574084465295847,9.071208204612258,3.318739954264241,3.5718699735911423,11.375453922067363,6.701998550795951,7.008571182109288,42.43919347848209,25.00360997796951,26.14736171786927,3.167016860827729,1.2767387652247397,1.8137701473893617,7.631365929705371,3.0764789523487703,4.3705304756370165,23.73656914481485,17.11535939046168,19.86659930594218,57.19655215618037,41.241829856534174,47.87132362877634,2.7035425307359984,1.0693249060716918,1.5325875879004436,8.537502728639994,3.3768154928579737,4.839750277580348,14.932537108976188,9.807090703881457,11.707466182100543,47.15538034413533,30.969760117520387,36.97094583821224,0.5477386934673367,-0.007261306532663214,-0.002261306532663321,0.44221105527638194,-0.0027889447236180143,0.00221105527638199,0.3517587939698492,0.0017587939698492372,-0.0032412060301507672,0.3223140495867769,0.07282951350430267,0.07695725584288637,0.2795031055900621,0.33668341708542715,0.06418341708542719,0.11039389961454527,0.30808080808080807,0.33444816053511706,0.09611482720178377,0.11691208950293064,0.2785234899328859,24.0,-1.0,-2.0,35.0,2.0,2.0,42.0,1.0,1.0,0.0003801182660470826,0.00127771191083721,0.000561519320386584,-0.05957680695952838,-0.07145638447279978,-0.06832529295003553,"[0.315185546875, 13.15625, 6.9375, 3.072265625, 7.2421875, 0.006710052490234375, 0.171875, 1.453125, 8.328125, 8.3671875, 2.673828125, 2.205078125, 4.31640625, 10.34375, 9.9765625, 3.466796875, 2.74609375, 2.671875, 10.2265625, 3.6796875, 5.5390625, 5.328125, 12.046875, 0.65869140625, 6.54296875, 1.8974609375, 1.5439453125, 6.76171875, 1.5205078125, 1.0, 3.14453125, 5.8828125, 10.59375, 1.4609375, 7.0390625, 0.6337890625, 2.876953125, 0.857421875, 8.953125, 1.5419921875, 9.2421875, 0.163330078125, 2.880859375, 2.697265625, 4.73046875, 11.109375, 0.39697265625, 8.4375, 0.3134765625, 10.5625, 1.115234375, 2.3359375, 7.4140625, 2.982421875, 0.192626953125, 1.6328125, 1.380859375, 0.10748291015625, 10.0859375, 13.0, 0.509765625, 1.7607421875, 7.5859375, 5.71875, 0.98583984375, 2.052734375, 0.58447265625, 0.501953125, 1.0576171875, 2.583984375, 8.5859375, 7.04296875, 0.2431640625, 2.61328125, 2.2265625, 0.708984375, 1.1748046875, 9.3828125, 3.576171875, 7.53125, 5.48046875, 1.96484375, 8.7578125, 4.69140625, 1.0458984375, 4.4609375, 5.46875, 1.59765625, 12.234375, 0.59130859375, 1.283203125, 0.87109375, 1.11328125, 0.407958984375, 0.8486328125, 0.0062408447265625, 8.9296875, 2.89453125, 9.859375, 5.54296875, 0.265869140625, 1.3955078125, 0.11834716796875, 0.52001953125, 0.426025390625, 0.35986328125, 0.0030460357666015625, 8.5703125, 4.28125, 0.40478515625, 1.3828125, 0.12445068359375, 0.435302734375, 0.16455078125, 0.11578369140625, 0.002399444580078125, 7.74609375, 7.98046875, 0.94970703125, 0.1722412109375, 0.06976318359375, 0.21435546875, 5.18359375, 0.332763671875, 0.069580078125, 0.0005221366882324219, 9.9375, 15.15625, 6.21875, 3.396484375, 0.00782012939453125, 0.0263519287109375, 0.796875, 6.0234375, 2.6640625, 0.023712158203125, 11.171875, 0.025146484375, 0.00835418701171875, 0.79443359375, 0.04962158203125, 0.311279296875, 0.282958984375, 0.04498291015625, 0.0205078125, 0.0003821849822998047, 7.625, 0.07989501953125, 3.080078125, 0.28662109375, 0.0068359375, 1.5693359375, 0.003154754638671875, 0.004764556884765625, 6.078125, 12.390625, 0.1728515625, 0.041259765625, 0.358642578125, 0.06353759765625, 0.033203125, 0.00931549072265625, 0.0010890960693359375, 9.0078125, 2.6328125, 0.09820556640625, 0.71826171875, 0.422119140625, 0.005290985107421875, 0.5703125, 0.012847900390625, 0.005420684814453125, 0.46630859375, 1.5234375, 0.0224456787109375, 0.023284912109375, 0.1475830078125, 7.05078125, 0.0743408203125, 0.08587646484375, 0.002231597900390625, 6.91796875, 0.062103271484375, 0.74267578125, 0.329345703125, 0.005794525146484375, 14.2421875, 6.16796875, 3.37109375, 8.2734375, 0.0062408447265625, 0.00921630859375, 1.6171875, 8.3046875, 2.515625, 9.6796875, 0.07208251953125, 0.03460693359375, 0.1622314453125, 0.8857421875, 0.0211181640625, 0.02740478515625, 0.0006871223449707031, 5.84375, 0.135009765625, 0.068115234375, 0.134765625, 0.004467010498046875, 11.359375, 0.30078125, 0.032958984375, 0.386962890625, 0.94873046875, 0.0200042724609375, 0.018951416015625, 0.0006961822509765625, 6.890625, 0.0999755859375, 0.061248779296875, 0.10552978515625, 0.00732421875, 6.9453125, 2.263671875, 6.359375, 0.44921875, 10.8125, 0.279541015625, 0.0201416015625, 0.11590576171875, 4.4609375, 0.07757568359375, 0.0216064453125, 0.0013418197631835938, 8.234375, 3.390625, 4.8203125, 0.28271484375, 0.0638427734375, 0.182373046875, 0.0069580078125, 1.416015625, 0.211669921875, 5.73828125, 2.076171875, 5.328125, 1.8037109375, 3.025390625, 0.2822265625, 1.380859375, 0.03680419921875, 0.0201416015625, 0.354736328125, 1.8818359375, 0.0204315185546875, 0.0167694091796875, 0.0028839111328125, 10.7109375, 0.1663818359375, 0.2000732421875, 0.0292510986328125, 0.0660400390625, 0.00798797607421875, 0.6484375, 0.213134765625, 1.1025390625, 3.080078125, 7.8828125, 0.0004203319549560547, 0.0010538101196289062, 0.9091796875, 0.95361328125, 0.0193634033203125, 0.01141357421875, 0.1573486328125, 1.41796875, 0.024505615234375, 0.003925323486328125, 0.0011339187622070312, 7.7421875, 0.6435546875, 6.83203125, 0.1348876953125, 0.01110076904296875, 0.08990478515625, 0.004825592041015625, 6.484375, 0.90869140625, 11.90625, 1.7392578125, 3.7890625, 0.73974609375, 0.016876220703125, 0.150390625, 0.80029296875, 0.012420654296875, 0.0032024383544921875, 0.0010213851928710938, 5.2734375, 0.047393798828125, 6.41796875, 0.9326171875, 0.018096923828125, 0.099853515625, 0.00853729248046875, 1.962890625, 4.08203125, 1.6298828125, 0.218994140625, 0.005832672119140625, 0.114501953125, 0.378662109375, 0.01303863525390625, 0.0054473876953125, 0.0027446746826171875, 6.44140625, 0.157470703125, 7.76171875, 0.80615234375, 0.2265625, 0.0172882080078125, 0.172607421875, 0.002227783203125, 9.265625, 0.94140625, 1.478515625, 0.9873046875, 3.0234375, 1.2373046875, 9.1640625, 0.406494140625, 0.00896453857421875, 0.12109375, 0.296142578125, 0.0167694091796875, 0.004608154296875, 0.002170562744140625, 3.10546875, 0.02288818359375, 7.23046875, 3.09765625, 0.1748046875, 0.010009765625, 0.066162109375, 0.004329681396484375, 5.22265625, 1.431640625, 3.287109375, 1.3876953125, 2.830078125, 0.1259765625, 0.00806427001953125, 0.12152099609375, 0.307861328125, 0.03125, 0.005889892578125, 0.003482818603515625, 4.95703125, 0.56396484375, 7.8671875, 0.37548828125, 0.22216796875, 0.00814056396484375, 0.1767578125, 0.007022857666015625, 9.6015625, 0.37255859375, 2.259765625, 0.11444091796875, 0.011810302734375, 0.1190185546875, 0.146240234375, 0.023895263671875, 0.006107330322265625, 0.0045928955078125, 10.4296875, 11.4609375, 9.4765625, 4.48046875, 0.09344482421875, 0.058441162109375, 0.16552734375, 0.00417327880859375, 4.2890625, 1.388671875, 0.032196044921875, 0.11187744140625, 0.20263671875, 0.043487548828125, 0.003936767578125, 0.001190185546875, 6.3671875, 2.345703125, 0.58251953125, 3.248046875, 0.02960205078125, 0.00860595703125, 0.11444091796875, 0.0046234130859375, 4.19140625, 0.8037109375, 0.0189971923828125, 0.045867919921875, 0.06414794921875, 0.00902557373046875, 0.0084381103515625, 0.0025959014892578125, 5.87109375, 2.34375, 0.136474609375, 0.77392578125, 0.020172119140625, 0.00799560546875, 0.11956787109375, 0.0020751953125, 2.166015625, 0.11224365234375, 3.28125, 1.4453125, 5.8203125, 0.09429931640625, 0.005283355712890625, 0.06573486328125, 0.031707763671875, 0.0240478515625, 0.00484466552734375, 0.001743316650390625, 7.921875, 0.29248046875, 3.98828125, 0.057769775390625, 0.004764556884765625, 0.0743408203125, 0.001613616943359375, 1.43359375, 3.107421875, 4.609375, 0.08795166015625, 0.01140594482421875, 0.1104736328125, 9.03125, 0.08587646484375, 0.025238037109375, 0.00261688232421875, 9.8671875, 0.033447265625, 0.31884765625, 6.01953125, 0.142333984375, 2.17578125, 0.0165863037109375, 0.014862060546875, 0.002262115478515625, 8.625, 0.252685546875, 2.1484375, 4.09765625, 4.98828125, 5.5625, 0.03472900390625, 7.69140625, 7.97265625, 0.9599609375, 9.6640625, 1.2578125, 0.56689453125, 0.95263671875, 5.69140625, 0.454833984375, 8.265625, 0.427734375, 6.54296875, 4.2109375, 0.93896484375, 2.05859375, 6.2578125, 0.478271484375, 4.3203125, 0.50927734375, 7.5234375, 2.58203125, 0.0704345703125, 5.7734375, 1.1142578125, 6.6796875]",-0.7878505070347432
104,0,test,2.8788028204683256,1.1954314545244082,1.3873429831775441,7.699930435469497,3.197419071137574,3.710724605607407,17.792959057351048,12.409283306516345,13.34938137054203,47.59080615339678,33.191095108995526,35.705574268196756,2.6524671046578105,1.036419245167146,1.5090415608201757,7.801373837228854,3.0482918975504294,4.438357531824046,14.189001250514002,9.155842045667864,11.051503636959183,41.73235661915883,26.92894719314078,32.50442246164466,2.8028054253313455,1.1872381427676886,1.666987373649445,7.507514532137532,3.1801021681277364,4.4651447508467275,16.490845773338876,11.460104807555053,13.37712608838839,44.17190832144342,30.69670930595104,35.83158773675462,0.5025125628140703,0.012512562814070316,0.012512562814070316,0.3919597989949749,-0.018040201005025125,-0.0030402010050251116,0.31155778894472363,-0.01344221105527632,-0.01344221105527632,0.3679458239277652,0.0962434563967618,0.12161151307732532,0.3642533936651584,0.321608040201005,0.07850027077744604,0.1212741503846444,0.29292929292929293,0.36789297658862874,0.11580616523637499,0.1621087719167711,0.3523489932885906,20.0,0.0,-3.0,32.0,1.0,-2.0,36.0,-2.0,-4.0,0.0011629657577090326,-0.0005062777758363262,0.00010938335561443472,-0.07835446388927725,-0.06298663443351504,-0.06571908937250193,"[9.3671875, 2.0859375, 6.2109375, 12.4140625, 2.1640625, 3.009765625, 4.54296875, 11.484375, 2.369140625, 2.33984375, 6.16015625, 6.7421875, 11.46875, 2.63671875, 1.041015625, 9.8203125, 2.451171875, 0.63232421875, 0.60546875, 10.359375, 9.234375, 10.7109375, 7.46875, 1.255859375, 1.1533203125, 9.484375, 1.138671875, 2.115234375, 0.00572967529296875, 0.6826171875, 0.88427734375, 0.55126953125, 6.8515625, 4.10546875, 0.63818359375, 5.30078125, 8.6796875, 0.63134765625, 0.0118560791015625, 0.034423828125, 0.5322265625, 0.433837890625, 0.27001953125, 2.5859375, 0.2425537109375, 0.04608154296875, 8.484375, 0.042816162109375, 1.9970703125, 0.61572265625, 0.00926971435546875, 0.453369140625, 0.016693115234375, 0.01436614990234375, 0.0804443359375, 0.82080078125, 2.19140625, 1.7744140625, 0.947265625, 8.6796875, 4.33984375, 5.14453125, 3.701171875, 8.3515625, 0.0285491943359375, 0.82177734375, 0.55859375, 0.045867919921875, 5.91015625, 11.4375, 4.6875, 2.720703125, 7.27734375, 1.208984375, 7.3125, 0.7880859375, 0.0821533203125, 0.3330078125, 0.387451171875, 6.43359375, 2.39453125, 1.5146484375, 4.03125, 0.26220703125, 3.923828125, 0.3388671875, 0.513671875, 0.8564453125, 4.75, 0.2919921875, 0.10137939453125, 7.29296875, 0.57080078125, 0.1136474609375, 0.487060546875, 1.38671875, 0.58984375, 0.414306640625, 3.595703125, 0.1651611328125, 0.23486328125, 0.0382080078125, 0.53857421875, 0.0161285400390625, 0.292236328125, 0.184326171875, 0.006633758544921875, 3.33984375, 8.3203125, 1.484375, 1.6337890625, 0.0986328125, 1.0205078125, 0.361328125, 0.48291015625, 0.384033203125, 0.2169189453125, 0.0107574462890625, 0.48291015625, 0.37744140625, 0.52490234375, 0.0399169921875, 0.044952392578125, 2.6171875, 0.02496337890625, 0.336181640625, 0.04156494140625, 0.431884765625, 0.75048828125, 1.80078125, 0.03009033203125, 0.017547607421875, 0.7744140625, 0.1845703125, 0.038818359375, 0.408935546875, 0.74609375, 0.50732421875, 0.01739501953125, 0.142333984375, 0.0182647705078125, 8.234375, 0.466796875, 0.04327392578125, 0.22900390625, 12.359375, 0.1075439453125, 0.857421875, 0.09307861328125, 0.417724609375, 5.51171875, 4.55859375, 3.662109375, 2.767578125, 9.5859375, 5.09765625, 5.24609375, 1.2060546875, 5.53125, 1.9150390625, 0.216064453125, 0.86865234375, 0.93994140625, 0.66015625, 0.83056640625, 8.8671875, 0.12078857421875, 0.98974609375, 0.066650390625, 0.014312744140625, 3.828125, 7.8671875, 1.80859375, 5.33203125, 5.01953125, 8.1640625, 2.0625, 8.609375, 4.5703125, 6.90234375, 5.20703125, 1.2685546875, 1.5166015625, 0.3125, 0.44775390625, 0.045989990234375, 4.94140625, 6.0234375, 1.033203125, 3.619140625, 6.1875, 5.125, 0.76123046875, 5.85546875, 8.578125, 0.321533203125, 0.005886077880859375, 0.48828125, 0.66796875, 0.047943115234375, 0.57568359375, 1.43359375, 4.8828125, 2.875, 0.66357421875, 7.8046875, 3.1875, 4.171875, 7.6953125, 7.7265625, 7.64453125, 6.16796875, 1.1943359375, 0.349853515625, 0.2303466796875, 0.01143646240234375, 8.515625, 6.3046875, 7.453125, 0.9140625, 0.282958984375, 1.248046875, 0.623046875, 1.5703125, 0.4296875, 1.119140625, 0.46484375, 2.51171875, 0.1693115234375, 0.1304931640625, 0.031402587890625, 0.004486083984375, 2.38671875, 1.53515625, 1.4150390625, 6.28125, 1.4189453125, 3.201171875, 6.5078125, 5.421875, 6.58984375, 1.01171875, 0.132080078125, 0.0159454345703125, 6.94921875, 5.25, 8.6796875, 5.9765625, 4.5703125, 7.09375, 1.052734375, 0.316650390625, 3.115234375, 3.30859375, 1.517578125, 5.13671875, 5.26953125, 3.369140625, 1.8251953125, 0.13134765625, 0.317138671875, 0.009490966796875, 4.609375, 0.9736328125, 0.40234375, 0.005573272705078125, 0.1329345703125, 0.2413330078125, 0.41748046875, 0.74951171875, 1.0400390625, 17.765625, 3.287109375, 3.373046875, 0.173828125, 1.4140625, 1.1923828125, 0.7255859375, 0.42236328125, 5.8828125, 4.4453125, 2.216796875, 10.4453125, 0.337158203125, 3.48046875, 8.3046875, 3.7265625, 1.9150390625, 3.677734375, 7.15625, 3.470703125, 4.234375, 8.765625, 3.23046875, 0.047027587890625, 0.54638671875, 11.8125, 2.169921875, 0.06414794921875, 1.6728515625, 0.59619140625, 0.251953125, 6.2421875, 1.9990234375, 9.0703125, 3.43359375, 4.91015625, 8.125, 1.537109375, 11.96875, 0.828125, 0.689453125, 3.51953125, 8.9765625, 12.2109375, 2.5625, 0.30029296875, 0.873046875, 14.8046875, 0.7890625, 0.2110595703125, 11.2109375, 8.90625, 4.48828125, 0.75439453125, 3.69921875, 8.7578125, 0.96630859375, 0.61962890625, 2.4765625, 3.99609375, 9.515625, 3.412109375, 6.03515625, 9.078125, 5.125, 0.91943359375, 5.44140625, 0.615234375, 1.2880859375, 2.71484375, 0.47607421875, 0.08380126953125, 0.47412109375, 10.6875, 2.28515625, 0.82470703125, 0.394287109375, 2.228515625, 0.51611328125, 1.076171875, 4.9375, 10.8125, 5.32421875, 11.2265625, 4.7265625, 2.28515625, 0.26953125, 0.363525390625, 8.65625, 5.87890625, 4.03515625, 4.38671875, 0.30029296875, 3.53125, 5.390625, 3.748046875, 0.5556640625, 0.27734375, 5.04296875, 1.86328125, 2.732421875, 0.1781005859375, 1.244140625, 7.453125, 2.2890625, 0.36474609375, 0.9013671875, 7.125, 3.21484375, 6.921875, 1.1181640625, 2.009765625, 5.21484375, 7.640625, 3.326171875, 3.568359375, 0.394775390625, 0.5576171875, 12.1953125, 2.23828125, 0.1739501953125, 2.314453125, 1.16796875, 8.859375, 5.05078125, 1.9853515625, 1.2041015625, 0.007720947265625, 0.345947265625, 2.212890625, 0.409912109375, 1.3388671875, 3.078125, 6.1015625, 5.07421875, 0.78271484375, 0.208984375, 0.041351318359375, 0.00756072998046875, 0.0224761962890625, 0.383056640625, 0.0228271484375, 0.0557861328125, 4.27734375, 0.38720703125, 0.06500244140625, 0.1455078125, 0.004848480224609375, 0.00653076171875, 0.033843994140625, 0.14794921875, 0.043670654296875, 0.02349853515625, 5.19921875, 0.014495849609375, 0.0032329559326171875, 0.006160736083984375, 0.0143585205078125, 0.1444091796875, 0.007701873779296875, 0.0247039794921875, 3.466796875, 0.04412841796875, 0.003147125244140625, 0.0018243789672851562, 0.0130462646484375, 2.140625, 2.251953125, 7.453125, 5.89453125, 1.1416015625, 0.15380859375]",-1.2960819756742525
76,0,test,3.979892034141995,1.8845417016654582,2.575453548201863,6.432148742047668,3.045723962287609,4.162349168811092,53.51125652687572,45.38296845211757,49.43801760879223,86.4828388313143,73.34621163978598,79.8998264384521,4.0630867157749195,1.9062479832204193,2.6090395328113525,5.888531472137565,2.7626782365513325,3.781216714219352,58.15353776812798,49.50976861248866,53.87313468712553,84.28048951902606,71.75328784418646,78.07700679293555,3.985445421276284,1.8707262849458433,2.5716673185733807,6.326103843295689,2.969406801501339,4.082011616783143,53.809251926470324,45.5219940768996,49.697792312409554,85.41151099439733,72.25713345539619,78.8853846228723,0.7638190954773869,-0.001180904522613102,-0.0061809045226131065,0.6733668341708543,0.0033668341708543714,0.01336683417085438,0.5628140703517588,-0.007185929648241274,-0.0021859296482411583,0.457680250783699,0.12434691745036563,0.206376809699236,0.4811320754716981,0.4522613065326633,0.1038903792143675,0.19516614793500053,0.505050505050505,0.4581939799331104,0.1309819598997214,0.2112529343268813,0.4832214765100671,30.0,-1.0,0.0,42.0,-2.0,1.0,52.0,0.0,-2.0,-0.0003084270971331379,-0.00015634571470001958,0.00017905776830642558,0.0004280565422867255,2.617532955007107e-05,-0.00011039691273584396,"[7.21484375, 3.53515625, 0.10516357421875, 0.625, 0.03656005859375, 0.38134765625, 1.7099609375, 0.414794921875, 1.810546875, 0.9189453125, 0.45703125, 0.1802978515625, 0.191162109375, 0.0013227462768554688, 0.00995635986328125, 0.01525115966796875, 0.07464599609375, 2.541015625, 0.333984375, 3.919921875, 9.609375, 2.048828125, 3.287109375, 3.5078125, 1.6318359375, 7.48046875, 2.98828125, 7.28515625, 7.78125, 5.57421875, 3.767578125, 10.1484375, 7.953125, 0.8720703125, 3.533203125, 10.203125, 0.1519775390625, 2.27734375, 5.609375, 7.3984375, 5.328125, 3.162109375, 0.900390625, 6.50390625, 6.79296875, 9.1875, 11.03125, 5.0703125, 8.4140625, 11.2734375, 6.30078125, 0.74658203125, 2.78515625, 1.845703125, 0.06903076171875, 1.45703125, 5.0234375, 3.986328125, 6.78125, 0.8740234375, 0.014617919921875, 10.5703125, 0.10211181640625, 0.60693359375, 10.2578125, 3.708984375, 4.80859375, 3.275390625, 1.4794921875, 2.287109375, 4.94140625, 2.375, 2.26953125, 5.41015625, 5.875, 8.4921875, 4.3984375, 6.625, 0.423095703125, 8.1640625, 0.6396484375, 5.01171875, 0.11492919921875, 2.916015625, 8.7265625, 2.529296875, 5.6796875, 4.73828125, 9.4140625, 1.337890625, 0.0196685791015625, 12.15625, 0.06890869140625, 0.48046875, 1.916015625, 5.60546875, 5.5234375, 0.052093505859375, 3.0078125, 1.9541015625, 6.765625, 3.34765625, 7.96484375, 9.125, 1.791015625, 3.029296875, 8.1328125, 0.80859375, 0.71484375, 0.36474609375, 4.92578125, 4.51171875, 1.4248046875, 9.96875, 0.396484375, 5.59375, 3.537109375, 2.572265625, 8.84375, 5.0546875, 1.22265625, 0.763671875, 0.66650390625, 0.1259765625, 6.78515625, 4.1953125, 4.203125, 2.4453125, 9.9375, 2.560546875, 6.359375, 0.499267578125, 4.34765625, 4.89453125, 6.23046875, 0.0102996826171875, 8.4765625, 5.1640625, 0.0609130859375, 8.921875, 9.0703125, 5.33203125, 0.869140625, 4.49609375, 3.3984375, 6.71875, 2.623046875, 3.88671875, 4.68359375, 1.248046875, 5.953125, 3.03515625, 9.7578125, 8.8125, 1.2255859375, 5.453125, 3.296875, 1.4140625, 8.640625, 4.04296875, 7.5703125, 2.43359375, 7.0078125, 3.595703125, 7.75390625, 0.5830078125, 0.495361328125, 8.6953125, 2.255859375, 2.69921875, 6.3203125, 2.625, 9.1015625, 3.70703125, 7.13671875, 4.25390625, 1.7119140625, 5.49609375, 0.66064453125, 6.01171875, 3.21484375, 3.52734375, 0.88818359375, 0.1055908203125, 6.4765625, 9.703125, 2.189453125, 8.53125, 1.5439453125, 1.08203125, 3.259765625, 0.036865234375, 6.69140625, 2.03515625, 0.5244140625, 5.30078125, 5.3671875, 8.0234375, 1.9970703125, 7.90625, 4.03515625, 1.00390625, 5.234375, 7.6484375, 2.72265625, 5.88671875, 8.734375, 6.05078125, 1.837890625, 5.0546875, 11.78125, 1.298828125, 0.67919921875, 7.21875, 1.169921875, 2.794921875, 0.21923828125, 0.2041015625, 0.6630859375, 6.7734375, 0.187255859375, 7.98828125, 5.00390625, 6.58203125, 2.55859375, 4.80859375, 2.8359375, 1.7568359375, 0.12744140625, 1.1181640625, 7.265625, 0.72265625, 1.1591796875, 4.3125, 10.296875, 0.76171875, 5.54296875, 1.2158203125, 6.3828125, 5.1640625, 9.3359375, 3.87890625, 1.216796875, 6.08984375, 1.71875, 2.638671875, 8.296875, 4.58984375, 6.97265625, 0.529296875, 0.2327880859375, 0.323974609375, 5.5703125, 9.6484375, 0.6796875, 3.845703125, 6.1171875, 4.546875, 5.2890625, 4.26953125, 1.0576171875, 0.09381103515625, 0.244873046875, 4.74609375, 5.1171875, 9.8125, 9.25, 3.123046875, 10.78125, 2.306640625, 2.095703125, 6.46484375, 0.1083984375, 2.86328125, 0.93505859375, 0.25634765625, 0.373046875, 6.66796875, 11.640625, 1.2490234375, 0.09698486328125, 1.85546875, 0.00904083251953125, 2.4140625, 5.65234375, 9.484375, 4.39453125, 8.453125, 5.51171875, 4.15625, 5.3125, 2.044921875, 1.046875, 0.11920166015625, 3.564453125, 0.29736328125, 2.39453125, 0.67529296875, 0.06488037109375, 8.7734375, 2.7734375, 2.80859375, 8.8046875, 0.1419677734375, 4.359375, 3.421875, 0.36962890625, 10.359375, 1.2822265625, 4.71484375, 3.109375, 1.31640625, 2.75390625, 5.26171875, 0.8818359375, 6.296875, 4.67578125, 1.2890625, 4.54296875]",-1.018084268958591
157,0,test,3.6835728589894057,1.7113707641593547,2.2951063963945,6.694005500092422,3.110003723700756,4.170802486848888,39.78829839915224,32.601814002313894,35.779600550366816,72.30563871521066,59.24593610572778,65.02079693924527,3.8663860367770173,1.7696716255279044,2.4513940162195436,5.994396956243437,2.7436769388029525,3.800610877859757,47.769436765171214,39.630053499556155,43.652983146334066,74.06114227158328,61.44194341016458,67.67904363772723,3.7977029503787243,1.779887150163236,2.4378234474954,6.510347914934956,3.0512351145655474,4.1791259099921145,44.598621495634646,37.07674380110155,40.70289764561395,76.45477970680224,63.5601322304598,69.77639596390962,0.7085427135678393,0.0035427135678391952,-0.006457286432160814,0.5879396984924623,-0.012060301507537674,-0.01706030150753768,0.5125628140703518,0.002562814070351749,0.002562814070351749,0.4201680672268907,0.10784313725490191,0.1660136195240559,0.3820224719101124,0.44723618090452266,0.128140703517588,0.20268006700167507,0.40909090909090906,0.4280936454849499,0.11371237458193983,0.18506131549609817,0.3959731543624161,22.0,0.0,0.0,32.0,0.0,-1.0,43.0,-1.0,0.0,-6.762932368314459e-05,0.0004425545589824606,0.0001410493527691042,-0.004397531708412394,-0.005365511790773603,-0.004062325844622627,"[8.6484375, 5.18359375, 3.76953125, 12.7578125, 9.9375, 6.875, 3.50390625, 6.109375, 6.69921875, 8.140625, 1.5380859375, 2.013671875, 0.97900390625, 10.4921875, 9.7265625, 1.5888671875, 2.53515625, 0.11090087890625, 9.4609375, 5.296875, 0.0008435249328613281, 4.02734375, 0.0027599334716796875, 0.005306243896484375, 0.0015153884887695312, 5.49609375, 8.03125, 8.5390625, 1.689453125, 0.08782958984375, 0.027191162109375, 6.1328125, 5.25, 7.26171875, 5.49609375, 7.45703125, 6.7734375, 7.29296875, 0.8974609375, 1.6357421875, 0.56640625, 10.4609375, 3.396484375, 3.228515625, 0.430908203125, 0.0010576248168945312, 1.0615234375, 0.0009946823120117188, 0.1363525390625, 7.784366607666016e-05, 0.00015294551849365234, 0.005489349365234375, 0.19580078125, 0.00254058837890625, 0.012420654296875, 0.0093536376953125, 8.3828125, 15.8984375, 3.83984375, 4.9453125, 4.34375, 4.45703125, 8.0234375, 1.59375, 0.07305908203125, 0.0552978515625, 3.70703125, 0.55615234375, 4.744529724121094e-05, 9.171875, 4.234375, 7.3203125, 5.5, 0.1033935546875, 4.3671875, 0.281982421875, 9.59375, 1.3447265625, 0.28515625, 8.25, 0.69775390625, 2.994140625, 0.798828125, 0.0281982421875, 0.06781005859375, 0.0233917236328125, 3.38671875, 6.44140625, 0.359375, 0.0601806640625, 6.9609375, 2.515625, 0.02716064453125, 2.599609375, 0.1683349609375, 0.00038433074951171875, 0.8818359375, 11.3984375, 4.5234375, 4.6171875, 7.390625, 1.0859375, 3.13671875, 9.0625, 0.72705078125, 7.51171875, 3.748046875, 0.67919921875, 5.171875, 1.5908203125, 6.2890625, 12.1484375, 7.64453125, 0.018890380859375, 8.6484375, 0.6953125, 5.6015625, 9.0, 2.400390625, 1.0732421875, 3.158203125, 1.6044921875, 2.1953125, 4.5390625, 1.5927734375, 7.8125, 1.5478515625, 5.51953125, 3.099609375, 0.6640625, 4.7578125, 1.7568359375, 0.94482421875, 1.5390625, 1.3515625, 3.21484375, 6.02734375, 1.9892578125, 11.25, 6.14453125, 4.5, 9.515625, 8.484375, 3.318359375, 8.1640625, 11.0234375, 3.240234375, 3.498046875, 2.228515625, 4.90625, 5.6796875, 1.357421875, 8.3046875, 0.1402587890625, 0.033935546875, 0.8359375, 2.86328125, 3.03125, 9.8125, 1.2587890625, 3.83984375, 1.658203125, 13.8046875, 4.4765625, 1.0478515625, 0.0025005340576171875, 1.5498046875, 0.90234375, 0.016845703125, 3.97265625, 4.4296875, 2.224609375, 0.04547119140625, 7.0703125, 5.453125, 0.006877899169921875, 0.319580078125, 5.58203125, 5.7421875, 2.208984375, 3.76171875, 3.564453125, 0.011688232421875, 6.34375, 4.23046875, 8.3515625, 5.890625, 2.23046875, 0.19677734375, 4.12890625, 6.49609375, 0.681640625, 5.0546875, 2.869140625, 0.513671875, 5.6171875, 2.326171875, 5.16796875, 6.92578125, 0.424560546875, 7.4296875, 3.548828125, 0.8447265625, 0.5849609375, 2.6171875, 9.0390625, 7.41796875, 0.796875, 7.5078125, 1.173828125, 2.41015625, 3.328125, 0.31298828125, 9.4296875, 5.2890625, 10.96875, 5.08984375, 7.89453125, 0.42578125, 11.2109375, 2.625, 3.259765625, 2.46875, 1.623046875, 2.994140625, 12.546875, 6.07421875, 6.59375, 0.84326171875, 5.1796875, 0.1527099609375, 3.517578125, 0.93115234375, 1.240234375, 9.1875, 4.24609375, 2.822265625, 9.8203125, 7.5, 4.03515625, 2.21875, 1.61328125, 0.76416015625, 0.79248046875, 0.0106658935546875, 4.52734375, 12.484375, 10.0390625, 3.841796875, 11.1796875, 2.951171875, 0.46533203125, 12.546875, 1.255859375, 0.0093994140625, 3.154296875, 0.19970703125, 9.703636169433594e-05, 2.1640625, 0.0002390146255493164, 0.0009393692016601562, 0.0022029876708984375, 4.9296875, 0.0236358642578125, 0.265625, 3.91015625, 5.12109375, 0.73876953125, 0.52197265625, 0.003925323486328125, 0.20703125, 0.00923919677734375, 4.28125, 1.3828125, 5.2421875, 9.9140625, 2.001953125, 8.3125, 3.669921875, 2.205078125, 0.0430908203125, 0.0239105224609375, 6.86328125, 3.13671875, 1.8955078125, 2.568359375, 1.4296875, 0.45654296875, 3.802734375, 2.740234375, 3.048828125, 2.958984375, 0.014923095703125, 6.50390625, 2.861328125, 5.14453125, 5.51953125, 2.0, 3.69921875, 4.61328125, 2.083984375, 1.4462890625, 9.4296875, 2.787109375, 0.62109375, 1.966796875, 1.6376953125, 4.94921875, 4.51953125, 1.0087890625, 4.5078125, 5.02734375, 8.8359375, 3.115234375, 3.1015625, 0.54833984375, 7.29296875, 2.044921875, 1.53515625, 2.033203125, 0.426513671875, 2.619140625, 0.77685546875, 0.9140625, 5.6328125, 1.1982421875, 4.453125, 4.515625, 2.080078125, 0.8896484375, 0.90380859375, 4.578125, 0.1787109375, 3.181640625, 0.95751953125, 1.7001953125, 1.5048828125, 5.30078125, 11.5625, 0.25048828125, 8.4765625, 2.37109375, 4.9609375, 0.98388671875, 0.89453125, 8.015625, 1.8466796875, 0.92529296875, 8.625, 0.01036834716796875, 2.61328125, 7.6171875, 7.875, 1.3857421875, 1.970703125, 3.228515625, 2.314453125]",-0.9976629312632799
100,0,test,3.0818240208314456,1.4077993970047626,1.9210925697968997,6.869409267807497,3.137995602483899,4.282130002906067,21.798126393112007,16.464536038892376,18.605858983452745,48.58819012815806,36.69957651417232,41.47260170357406,2.935555117813187,1.3057673058550845,1.800887664349819,5.871110235626374,2.611534611710169,3.601775328699638,18.83195418736018,13.729162335116367,15.72181508243269,37.66390837472036,27.458324670232734,31.44363016486538,3.066203574544376,1.3834059452795966,1.915879305249637,6.83459117379357,3.083622412378948,4.270509596434305,21.460275491123813,16.079687666622945,18.30105831038572,47.835117888611855,35.84174655460992,40.793198676584964,0.6180904522613065,0.0030904522613065533,0.0030904522613065533,0.5125628140703518,-0.01743718592964827,-0.00743718592964826,0.40703517587939697,-0.00296482412060306,0.007035175879396949,0.415807560137457,0.1104902359522083,0.18037898870888558,0.3758620689655172,0.42211055276381915,0.11634614173625024,0.1867182322295955,0.33838383838383834,0.4054982817869416,0.10018095760169288,0.17692685321551305,0.3758620689655172,25.0,0.0,2.0,35.0,-3.0,0.0,45.0,-2.0,2.0,-0.00034226334394118026,0.00021557448572849015,-6.802333008349554e-05,-0.043310820920144266,-0.04374338041319348,-0.04409783936179679,"[7.18359375, 3.443359375, 0.06298828125, 3.787109375, 3.244140625, 3.109375, 0.64306640625, 1.693359375, 1.240234375, 10.6875, 3.404296875, 5.44140625, 8.890625, 4.74609375, 2.998046875, 1.0498046875, 5.58984375, 9.2734375, 10.5859375, 2.59765625, 1.607421875, 2.95703125, 1.7041015625, 4.0546875, 0.77099609375, 3.376953125, 3.994140625, 6.4921875, 7.2109375, 3.642578125, 0.86767578125, 0.169921875, 1.4130859375, 4.65625, 0.23828125, 0.11981201171875, 2.73046875, 2.30078125, 0.84033203125, 3.01953125, 5.16796875, 5.85546875, 4.08984375, 5.0703125, 3.2578125, 4.578125, 0.0226287841796875, 0.354248046875, 6.26171875, 8.6171875, 1.0810546875, 2.53515625, 4.6328125, 2.42578125, 1.4892578125, 4.8203125, 6.25, 1.7646484375, 12.1171875, 6.3984375, 6.875, 3.951171875, 4.71484375, 2.2109375, 4.03515625, 0.0184783935546875, 0.10595703125, 4.15625, 0.7490234375, 1.4072265625, 1.75, 0.1463623046875, 0.3544921875, 2.0859375, 0.2763671875, 0.1702880859375, 0.5400390625, 0.0654296875, 0.09490966796875, 9.8984375, 7.625, 5.7890625, 2.01171875, 0.81396484375, 4.171875, 0.004894256591796875, 1.912109375, 7.328125, 3.548828125, 0.81591796875, 3.15234375, 0.204833984375, 0.7001953125, 0.04931640625, 5.48828125, 2.9921875, 5.56640625, 0.0770263671875, 0.42138671875, 0.1593017578125, 2.341796875, 0.130126953125, 0.0634765625, 0.04815673828125, 0.1334228515625, 0.794921875, 0.264404296875, 0.360107421875, 0.085205078125, 0.69091796875, 0.042572021484375, 3.302734375, 9.140625, 8.53125, 0.62646484375, 8.1171875, 6.37890625, 1.763671875, 3.16015625, 4.07421875, 3.162109375, 0.515625, 3.236328125, 1.818359375, 9.5, 6.81640625, 7.89453125, 0.60009765625, 3.0859375, 9.203125, 0.09881591796875, 2.76953125, 2.4140625, 3.712890625, 8.8515625, 0.13330078125, 0.1724853515625, 1.0390625, 8.8828125, 5.0703125, 1.416015625, 0.043975830078125, 0.274169921875, 0.50048828125, 0.47265625, 0.031402587890625, 0.03631591796875, 0.04754638671875, 0.060394287109375, 3.03125, 0.1953125, 0.447509765625, 0.03656005859375, 3.576171875, 1.2216796875, 0.48828125, 0.0309295654296875, 4.15234375, 10.078125, 1.7646484375, 0.182861328125, 0.84375, 0.20458984375, 0.0304107666015625, 0.01433563232421875, 0.041015625, 0.26416015625, 0.110107421875, 10.078125, 7.35546875, 2.064453125, 2.31640625, 2.05078125, 0.17626953125, 1.57421875, 4.3828125, 2.341796875, 2.876953125, 0.0426025390625, 1.5888671875, 0.373046875, 0.533203125, 0.154541015625, 3.140625, 0.02545166015625, 0.15771484375, 3.841796875, 0.87841796875, 6.75390625, 0.062042236328125, 11.21875, 0.60009765625, 8.265625, 1.947265625, 9.6328125, 2.134765625, 0.242431640625, 6.9609375, 2.048828125, 0.55224609375, 7.78125, 2.28125, 9.2265625, 3.185546875, 3.791015625, 6.0546875, 6.140625, 0.1910400390625, 1.6162109375, 4.296875, 0.477294921875, 4.00390625, 0.0055694580078125, 0.50390625, 1.1376953125, 1.947265625, 11.3203125, 7.45703125, 5.32421875, 2.875, 4.90234375, 1.8017578125, 0.02392578125, 0.5546875, 0.164794921875, 0.79443359375, 8.28125, 0.0718994140625, 0.049346923828125, 0.0006017684936523438, 0.01091766357421875, 0.96728515625, 0.0130462646484375, 0.67822265625, 0.83447265625, 5.546875, 1.7431640625, 8.7265625, 11.046875, 1.9814453125, 8.84375, 0.21533203125, 0.0099334716796875, 3.115234375, 2.57421875, 4.3203125, 0.77001953125, 4.98828125, 3.4921875, 7.81640625, 7.21875, 4.05859375, 5.5234375, 2.98828125, 9.0078125, 5.55859375, 4.7890625, 9.1484375, 0.5419921875, 4.7265625, 1.5537109375, 3.15234375, 1.4052734375, 0.13671875, 11.6328125, 6.45703125, 1.4833984375, 10.953125, 1.654296875, 4.796875, 9.15625, 5.41015625, 0.7939453125, 0.005558013916015625, 0.89453125, 0.12432861328125, 1.1962890625, 0.0875244140625, 6.13671875, 2.310546875, 0.13916015625, 7.328125, 4.33984375, 1.12890625, 0.01213836669921875, 0.361328125, 5.09375, 5.30078125, 2.267578125, 0.192626953125, 3.720703125]",-0.8795104461027585
247,0,test,2.4950748294978946,1.1635249704509585,1.2658431986626457,7.405254141394392,3.453282444351242,3.7569576985949036,12.122640615760641,8.335732600391486,8.704038837078945,35.979375673699856,24.740026884495247,25.83314090748431,3.273642170968367,1.505133302559686,2.0700044468386634,6.547284341936734,3.010266605119372,4.140008893677327,26.40734446696906,20.545238796901327,23.075127880512838,52.81468893393812,41.09047759380265,46.150255761025676,2.8685420620002873,1.3201630754123808,1.823263585471903,7.0537919557384114,3.2463026444566743,4.483435046242384,17.611323256170934,12.907484243151712,14.767132802507643,43.30653259714164,31.739715352012407,36.312621645510596,0.6934673366834171,-0.0015326633165829717,0.0034673366834171437,0.5728643216080402,-0.0021356783919597166,0.012864321608040186,0.4120603015075377,-0.032939698492462255,-0.017939698492462353,0.36363636363636365,0.0955282555282555,0.1133919843597263,0.2885032537960954,0.39698492462311563,0.08119545093890512,0.15992315500708887,0.3232323232323232,0.3745819397993311,0.10580063762904723,0.17102242923203403,0.2986577181208053,25.0,1.0,3.0,31.0,-3.0,-1.0,44.0,2.0,2.0,0.00011670644245034991,0.0012334449548732892,0.0005142006614174583,-0.029556430313103732,-0.041417536833896484,-0.03531494954966252,"[12.875, 4.26953125, 6.58984375, 0.4326171875, 1.9794921875, 4.18359375, 0.7705078125, 2.712890625, 2.087890625, 1.6279296875, 2.34375, 0.61474609375, 3.591796875, 7.1171875, 1.3857421875, 2.05078125, 0.072021484375, 6.3203125, 2.78515625, 0.043731689453125, 0.96484375, 2.853515625, 13.09375, 4.09375, 2.20703125, 12.8359375, 2.185546875, 6.5625, 4.1328125, 1.310546875, 4.1171875, 9.21875, 1.673828125, 4.171875, 3.45703125, 6.2265625, 12.765625, 4.32421875, 7.4296875, 10.0, 6.359375, 6.6875, 1.6591796875, 2.802734375, 1.876953125, 0.0950927734375, 1.193359375, 2.521484375, 1.7724609375, 7.2265625, 0.53466796875, 5.125, 2.849609375, 0.86376953125, 6.16796875, 9.34375, 0.217041015625, 7.8671875, 7.015625, 3.6875, 3.0390625, 0.01123046875, 2.583984375, 4.390625, 1.146484375, 3.75, 3.677734375, 9.328125, 1.900390625, 2.234375, 4.58984375, 0.7353515625, 4.42578125, 3.212890625, 10.421875, 5.84375, 0.205810546875, 4.328125, 1.138671875, 0.2147216796875, 6.76171875, 0.13916015625, 4.7890625, 0.39697265625, 1.7109375, 2.21484375, 7.20703125, 3.8359375, 6.90234375, 4.015625, 4.73046875, 2.818359375, 3.607421875, 2.205078125, 1.60546875, 0.1697998046875, 4.06640625, 1.0205078125, 7.890625, 5.40625, 8.2265625, 2.177734375, 10.09375, 8.15625, 2.611328125, 2.384765625, 5.921875, 3.0546875, 0.16796875, 8.6171875, 0.92041015625, 3.92578125, 0.1278076171875, 2.3828125, 5.125, 0.77734375, 2.30078125, 6.16796875, 0.60595703125, 2.79296875, 6.3203125, 8.5390625, 4.76171875, 3.626953125, 2.15625, 8.2734375, 10.90625, 1.9912109375, 0.8291015625, 6.77734375, 0.6962890625, 3.21875, 11.8515625, 3.888671875, 8.265625, 0.40478515625, 1.962890625, 0.434814453125, 2.021484375, 5.2109375, 10.328125, 3.513671875, 4.578125, 2.32421875, 0.04779052734375, 4.07421875, 3.78515625, 2.24609375, 0.53759765625, 0.06903076171875, 7.98046875, 2.994140625, 1.6005859375, 2.09375, 1.5302734375, 1.2412109375, 0.013824462890625, 0.1396484375, 4.55859375, 0.043548583984375, 0.98095703125, 0.6904296875, 0.5654296875, 0.75830078125, 0.0168304443359375, 0.05133056640625, 3.935546875, 0.028900146484375, 2.2890625, 0.369140625, 0.433349609375, 0.8154296875, 0.016632080078125, 0.0545654296875, 5.85546875, 0.662109375, 0.300537109375, 0.57421875, 0.2666015625, 0.8017578125, 0.018646240234375, 0.132568359375, 4.71875, 0.0975341796875, 0.54736328125, 0.568359375, 0.6162109375, 0.78857421875, 0.04083251953125, 0.1427001953125, 7.87109375, 0.93359375, 0.2027587890625, 0.70068359375, 3.8515625, 0.76123046875, 0.10894775390625, 0.1466064453125, 2.390625, 0.143310546875, 0.2122802734375, 0.100830078125, 1.423828125, 0.401123046875, 0.035675048828125, 0.334228515625, 9.359375, 0.43017578125, 0.697265625, 0.501953125, 0.1610107421875, 0.888671875, 0.0229644775390625, 0.340087890625, 6.7421875, 0.83740234375, 0.33935546875, 0.241455078125, 0.33349609375, 0.7822265625, 0.018890380859375, 0.14794921875, 7.734375, 0.26318359375, 0.95654296875, 0.1343994140625, 1.287109375, 0.85009765625, 0.0236968994140625, 0.1490478515625, 9.3515625, 0.61328125, 0.14306640625, 0.115966796875, 0.1961669921875, 0.0242156982421875, 0.1319580078125, 0.4384765625, 0.0106658935546875, 0.1522216796875, 9.7265625, 0.5673828125, 0.4150390625, 0.0419921875, 1.0234375, 0.4404296875, 0.0877685546875, 0.14990234375, 7.16015625, 8.0390625, 0.335693359375, 0.41748046875, 0.01142120361328125, 0.08697509765625, 0.06390380859375, 0.399169921875, 0.00641632080078125, 0.05816650390625, 6.21875, 0.183837890625, 0.23779296875, 0.0298004150390625, 0.32666015625, 0.187744140625, 0.0204620361328125, 0.1417236328125, 9.1015625, 1.740234375, 0.6015625, 0.354736328125, 3.666015625, 8.3828125, 0.6953125, 12.59375, 2.8046875, 0.0255279541015625, 1.34375, 2.7578125, 7.21875, 5.12890625, 1.78515625, 2.98046875, 3.05859375, 9.359375, 1.0830078125, 7.05078125, 0.5654296875, 0.91943359375, 0.25048828125, 0.0223541259765625, 3.005859375, 0.59521484375, 8.5625, 11.5546875, 1.4853515625, 3.673828125, 4.734375, 3.23046875, 0.4013671875, 0.2978515625, 0.72509765625, 0.0167083740234375, 2.96875, 2.404296875, 0.227294921875, 1.4052734375, 3.88671875, 1.25390625, 0.20947265625, 2.4609375, 0.081298828125, 0.310302734375, 2.140625, 8.0078125, 7.73828125, 1.138671875, 2.35546875, 8.5390625, 0.83837890625, 4.04296875, 0.20849609375, 0.0657958984375, 6.48046875, 4.57421875, 1.0107421875, 2.705078125, 0.6474609375, 2.38671875, 0.032257080078125, 0.08111572265625, 5.0625, 1.8720703125, 1.1572265625, 0.7939453125, 1.6279296875, 0.783203125, 0.0169525146484375, 0.1058349609375, 8.671875, 0.58154296875, 2.771484375, 3.4453125, 0.0460205078125, 0.73388671875, 3.794921875, 0.448974609375, 3.576171875, 0.03179931640625, 0.81494140625, 1.5048828125, 0.38330078125, 2.470703125, 1.2392578125, 2.7890625, 1.0498046875, 0.7587890625, 0.00943756103515625, 0.08892822265625, 6.671875, 6.63671875, 0.129150390625, 0.80859375, 0.3310546875, 0.142578125, 0.030792236328125, 5.71484375, 0.48095703125, 2.791015625, 0.18701171875, 0.07080078125, 0.1190185546875, 4.4765625, 9.546875, 7.45703125, 1.6767578125, 3.080078125, 1.1171875, 0.07354736328125, 2.552734375, 1.2255859375, 2.0234375, 3.060546875, 4.32421875, 0.98681640625, 1.0419921875, 5.47265625, 0.65771484375, 1.2333984375, 2.822265625, 0.5263671875, 0.55126953125, 0.455078125, 0.17919921875, 2.365234375, 0.1746826171875, 4.453125, 1.869140625, 0.002685546875, 1.3173828125, 0.051361083984375, 0.04345703125, 5.90234375, 4.1328125, 4.796875, 6.19140625, 4.6171875, 1.1005859375, 0.38525390625, 0.018218994140625, 0.003749847412109375, 2.900390625, 0.156494140625, 3.375, 0.40576171875, 1.4873046875, 3.201171875, 0.8095703125, 0.265380859375, 0.56591796875, 4.34765625, 0.66650390625, 1.94921875, 4.12890625, 0.06353759765625, 0.1456298828125, 0.70166015625, 0.0931396484375, 0.061492919921875, 1.279296875, 0.10882568359375, 1.77734375, 1.142578125, 0.058563232421875, 0.463623046875, 0.007480621337890625, 0.0267486572265625, 0.00403594970703125, 0.144775390625, 0.01047515869140625, 0.279296875, 1.341796875, 0.1361083984375, 3.15625, 0.517578125, 0.04193115234375, 3.1796875, 0.0396728515625, 0.1307373046875, 0.1317138671875, 0.061187744140625, 4.0859375, 0.05267333984375, 0.0924072265625, 3.25, 5.4609375, 0.314208984375, 1.6953125, 0.1484375, 0.0250091552734375, 3.150390625, 0.3291015625, 0.11761474609375]",-1.7513240962833554
20,0,test,2.344223172690279,0.9956952820352039,1.1060008923678806,7.915999988939638,3.3622753726696013,3.734756636546612,10.425171023584257,6.573419867383764,6.9756952137447135,35.20383838398742,22.197200421745173,23.555608475398813,3.3174189179386926,1.387323257879617,1.9706846184540958,6.84003900605916,2.8604603255249836,4.063267254544527,27.58904898107609,20.698879657014654,23.744200099960047,56.88463707438369,42.67810238559723,48.957113608165045,2.8174997045842303,1.2163545165041798,1.7066011532426737,7.349999229350165,3.173098738706555,4.4520030084591475,16.734955985684817,11.776248158515632,13.697869839113919,43.656406919177776,30.720647370040773,35.73357349334065,0.6281407035175879,-0.0018592964824121205,-0.006859296482412125,0.5175879396984925,-0.027412060301507446,-0.017412060301507437,0.4321608040201005,-0.00783919597989946,-0.002839195979899567,0.3505376344086022,0.09704676437637882,0.11495601173020531,0.28663793103448276,0.40201005025125625,0.09624563922368734,0.1582704843080175,0.35858585858585856,0.3812709030100334,0.10915070267614357,0.16770026897221357,0.3221476510067114,28.0,7.0,8.0,40.0,11.0,12.0,46.0,8.0,10.0,0.0009093296319345051,0.0014330594248443385,0.0005253164887201906,-0.1020731565305546,-0.10384898553613198,-0.11632080841685344,"[9.078125, 1.35546875, 4.84765625, 2.521484375, 4.3359375, 3.125, 9.9140625, 6.7734375, 7.17578125, 2.474609375, 7.22265625, 2.787109375, 11.09375, 8.4453125, 3.05078125, 4.8671875, 1.462890625, 8.1640625, 0.0029392242431640625, 0.0023212432861328125, 0.10906982421875, 0.2330322265625, 0.031341552734375, 0.005779266357421875, 7.6015625, 1.07421875, 3.77734375, 9.125, 4.05078125, 1.552734375, 1.103515625, 2.046875, 7.2265625, 0.039642333984375, 2.9296875, 7.50390625, 10.4609375, 2.24609375, 5.59765625, 4.1796875, 0.281494140625, 1.5380859375, 5.32421875, 0.87939453125, 0.1866455078125, 0.135498046875, 7.45703125, 5.0546875, 3.921875, 9.0625, 0.72998046875, 5.09765625, 0.1600341796875, 11.2421875, 0.724609375, 1.2724609375, 1.0166015625, 4.8671875, 2.638671875, 1.5283203125, 3.208984375, 9.828125, 8.890625, 0.1251220703125, 0.09576416015625, 1.67578125, 5.88671875, 5.05078125, 3.083984375, 7.72265625, 9.734375, 3.671875, 0.52001953125, 1.751953125, 7.54296875, 4.5234375, 0.11187744140625, 3.443359375, 9.3515625, 0.0143890380859375, 0.041107177734375, 0.0498046875, 0.8193359375, 0.4638671875, 0.8125, 0.03564453125, 0.275390625, 8.328125, 1.08203125, 0.462646484375, 0.10076904296875, 0.348388671875, 2.181640625, 7.83984375, 3.951171875, 0.76220703125, 1.48046875, 10.2421875, 4.4765625, 3.615234375, 0.38330078125, 9.6015625, 1.953125, 0.5380859375, 7.28515625, 0.7529296875, 5.49609375, 0.141845703125, 8.46875, 9.7421875, 1.8447265625, 10.1953125, 0.802734375, 0.276123046875, 0.0582275390625, 0.0190277099609375, 1.599609375, 0.0114288330078125, 10.1171875, 0.8515625, 6.484375, 1.5361328125, 2.7890625, 0.177490234375, 0.04425048828125, 3.75, 0.1380615234375, 3.14453125, 0.77685546875, 8.3125, 2.9375, 0.2100830078125, 0.4541015625, 0.06890869140625, 0.01030731201171875, 2.8359375, 0.66357421875, 4.6875, 3.4921875, 0.2235107421875, 0.08160400390625, 4.77734375, 9.15625, 6.2578125, 1.619140625, 3.5859375, 0.59716796875, 1.4814453125, 0.401123046875, 9.3828125, 5.2578125, 0.088134765625, 0.200439453125, 0.025604248046875, 0.0095672607421875, 6.6015625, 7.5703125, 0.348388671875, 0.08636474609375, 0.9775390625, 5.5234375, 2.482421875, 0.056396484375, 1.9951171875, 6.54296875, 4.03515625, 1.052734375, 0.08349609375, 4.04296875, 8.0390625, 8.109375, 4.44140625, 1.9130859375, 4.05078125, 4.859375, 6.3046875, 4.27734375, 7.1953125, 8.6796875, 2.236328125, 0.3173828125, 0.00540924072265625, 0.00641632080078125, 5.60546875, 2.669921875, 0.11822509765625, 8.65625, 0.60693359375, 0.178955078125, 1.3623046875, 5.9453125, 0.498779296875, 2.33984375, 5.29296875, 3.693359375, 0.306640625, 0.013885498046875, 0.77685546875, 0.27587890625, 5.1015625, 0.12139892578125, 0.2861328125, 0.0077667236328125, 8.140625, 3.51953125, 0.01496124267578125, 0.26123046875, 5.2109375, 0.11065673828125, 0.0953369140625, 0.01064300537109375, 0.0044097900390625, 2.2734375, 0.00751495361328125, 0.017364501953125, 7.21484375, 0.25146484375, 5.0625, 5.8046875, 3.744140625, 0.0280303955078125, 0.0176544189453125, 11.4921875, 0.84619140625, 0.4619140625, 0.54443359375, 2.294921875, 0.1767578125, 0.63232421875, 8.3359375, 7.8828125, 2.033203125, 2.36328125, 2.203125, 0.299560546875, 5.32421875, 2.64453125, 7.1328125, 1.322265625, 3.3203125, 8.2734375, 0.7685546875, 5.30078125, 0.0098419189453125, 0.427001953125, 0.1182861328125, 4.4921875, 0.08038330078125, 0.1214599609375, 6.4921875, 0.086669921875, 1.4267578125, 0.00391387939453125, 5.40234375, 5.5234375, 0.05712890625, 0.06304931640625, 1.4208984375, 0.0198211669921875, 0.0301666259765625, 0.00865936279296875, 0.5908203125, 0.323486328125, 2.3515625, 0.0108795166015625, 0.07891845703125, 0.059722900390625, 0.09332275390625, 0.01245880126953125, 0.0224456787109375, 0.2861328125, 0.01010894775390625, 11.0625, 0.0552978515625, 0.09344482421875, 0.00279998779296875, 2.125, 0.041595458984375, 0.00939178466796875, 0.0019626617431640625, 0.61572265625, 0.0007548332214355469, 0.77978515625, 0.0284423828125, 0.0127410888671875, 0.00806427001953125, 0.0914306640625, 0.026123046875, 3.234375, 0.0006976127624511719, 0.0225830078125, 0.037628173828125, 0.1357421875, 0.00565338134765625, 0.006092071533203125, 8.3046875, 0.0156402587890625, 0.030914306640625, 3.455078125, 0.046051025390625, 0.004241943359375, 0.0026264190673828125, 2.099609375, 0.005523681640625, 0.0034732818603515625, 0.12042236328125, 0.06744384765625, 3.21484375, 0.0013370513916015625, 0.0171966552734375, 0.01372528076171875, 0.068359375, 0.005947113037109375, 10.0078125, 0.005977630615234375, 2.70703125, 0.01328277587890625, 0.00708770751953125, 0.0027866363525390625, 0.040557861328125, 0.0751953125, 0.0682373046875, 7.224082946777344e-05, 0.357177734375, 0.0211181640625, 6.19921875, 0.04412841796875, 0.00675201416015625, 0.0011301040649414062, 3.4921875, 0.0027713775634765625, 0.0005044937133789062, 0.001758575439453125, 0.004848480224609375, 0.0066680908203125, 0.0703125, 9.500980377197266e-05, 0.05413818359375, 0.019287109375, 0.19189453125, 0.02349853515625, 3.185546875, 0.0002582073211669922, 0.01042938232421875, 0.00818634033203125, 0.03179931640625, 0.00872802734375, 3.07421875, 0.0014734268188476562, 5.515625, 0.0027179718017578125, 0.0073089599609375, 0.39306640625, 0.00024056434631347656, 0.0003437995910644531, 0.011749267578125, 0.09881591796875, 4.208087921142578e-05, 0.03631591796875, 0.0604248046875, 1.103515625, 0.0158538818359375, 0.01078033447265625, 0.0003654956817626953, 0.7021484375, 7.855892181396484e-05, 0.0004019737243652344, 0.97900390625, 0.0005931854248046875, 0.0025119781494140625, 0.004764556884765625, 0.032257080078125, 3.695487976074219e-05, 0.0035839080810546875, 0.00634765625, 0.084228515625, 0.02386474609375, 1.4306640625, 0.00019800662994384766, 0.01084136962890625, 0.0063323974609375, 0.0232086181640625, 0.006587982177734375, 1.33203125, 0.0012731552124023438, 1.3056640625, 0.0012331008911132812, 0.001873016357421875, 0.69921875, 0.018524169921875, 0.0192718505859375, 0.72607421875, 2.94140625, 0.01093292236328125, 0.006099700927734375, 0.0007777214050292969, 0.058319091796875, 0.00017333030700683594, 0.0006194114685058594, 0.0130157470703125, 0.00394439697265625, 0.007686614990234375, 0.0238494873046875, 0.3046875, 0.022705078125, 1.4326171875, 0.2685546875, 10.9140625, 0.310302734375, 0.10675048828125, 7.28125, 4.6328125, 2.724609375, 3.859375, 9.296875, 3.361328125, 2.705078125, 2.5390625, 7.7265625, 1.326171875, 1.9248046875, 1.4384765625, 12.9921875, 8.53125, 1.076171875, 0.6455078125, 6.921875, 4.7109375, 1.8095703125, 4.28515625, 7.5078125, 7.36328125, 3.642578125, 2.533203125, 3.8359375, 0.0455322265625, 0.019134521484375, 0.86962890625, 0.61474609375, 0.82177734375, 13.2109375, 8.8984375, 2.0234375, 3.9453125, 3.0625, 3.755859375, 10.3359375, 0.316162109375, 0.0130157470703125, 0.67822265625, 1.0693359375, 0.0711669921875, 0.017974853515625, 0.13037109375, 0.068603515625, 0.033447265625, 0.03955078125, 0.156005859375, 2.0859375, 0.0139312744140625, 0.01276397705078125, 5.16796875, 0.3525390625, 3.58203125, 4.375]",-1.0171080517512494
190,0,test,3.7402044388712667,1.6471759180614818,2.080625296307297,7.49949155345106,3.302755794888583,4.171866027799835,42.10659751039684,33.99715989764181,36.8494996203254,84.42802459992835,68.16777469272057,73.88700689177492,3.76559457826854,1.6372953079962849,2.2850230432818375,6.606306277664106,2.872447908765413,4.008812356634803,43.18937769255455,34.788810132228235,38.79392057186498,75.77083805711325,61.03300023197936,68.05950977520173,3.752073807859899,1.6470191656991657,2.261743776600424,7.262078337793352,3.1877790303854816,4.377568599871787,42.60935405212781,34.40180257643773,38.17079391122939,82.46971752024737,66.58413401891173,73.87895595721817,0.6733668341708543,0.0033668341708543714,0.0033668341708543714,0.592964824120603,-0.007035175879396949,-0.012035175879396953,0.5025125628140703,0.002512562814070307,0.002512562814070307,0.4285714285714286,0.10159941839331155,0.1558441558441559,0.40664961636828645,0.4321608040201005,0.09216080402010052,0.17259341633291247,0.38383838383838387,0.4280936454849499,0.10809364548494993,0.17837111496330726,0.3959731543624161,21.0,0.0,2.0,32.0,-1.0,0.0,41.0,0.0,1.0,0.001022734190078645,0.00026025465269652407,0.0003834400952568831,-0.002197979616599177,-0.003752920777705171,-0.002752698439147494,"[6.4765625, 8.8125, 9.5234375, 4.73046875, 5.578125, 3.494140625, 0.3125, 7.48828125, 5.4921875, 3.01171875, 6.4296875, 3.513671875, 0.5947265625, 1.609375, 1.0380859375, 0.055267333984375, 3.1484375, 11.7578125, 7.72265625, 4.7734375, 2.89453125, 2.80859375, 9.359375, 2.365234375, 3.009765625, 2.37109375, 3.33203125, 5.92578125, 1.9267578125, 8.6796875, 1.740234375, 6.70703125, 3.021484375, 6.3125, 16.4375, 0.6162109375, 2.791015625, 7.421875, 1.3583984375, 2.283203125, 0.0021209716796875, 1.3515625, 0.0015630722045898438, 9.375, 5.25390625, 0.943359375, 0.2447509765625, 0.11181640625, 6.82421875, 0.2198486328125, 5.6484375, 0.5048828125, 6.78125, 0.884765625, 1.0390625, 4.7890625, 0.06976318359375, 9.2734375, 0.5439453125, 7.515625, 2.791015625, 5.46875, 6.85546875, 0.266357421875, 10.9609375, 10.0859375, 5.5, 6.38671875, 6.30859375, 8.1875, 6.6171875, 2.908203125, 3.3125, 5.23828125, 5.44140625, 4.26953125, 8.3359375, 0.10467529296875, 6.734375, 8.390625, 4.2109375, 9.5546875, 2.376953125, 7.140625, 1.37890625, 7.015625, 3.5625, 5.82421875, 5.1171875, 3.328125, 10.953125, 4.94921875, 0.330078125, 4.75390625, 3.291015625, 6.6796875, 6.18359375, 11.21875, 9.4140625, 9.21875, 5.3203125, 7.91015625, 2.185546875, 1.388671875, 0.067626953125, 5.75, 8.3515625, 5.796875, 2.94140625, 0.63037109375, 10.390625, 2.189453125, 1.3857421875, 4.5, 0.266845703125, 0.1806640625, 0.053741455078125, 8.1015625, 2.689453125, 4.77734375, 0.0845947265625, 2.44921875, 0.07794189453125, 0.09112548828125, 0.0255889892578125, 5.0625, 6.15234375, 3.708984375, 6.02734375, 2.958984375, 0.0277862548828125, 1.36328125, 0.146484375, 0.07672119140625, 0.0189056396484375, 5.3828125, 4.125, 4.25, 0.342529296875, 0.65966796875, 0.1197509765625, 0.0849609375, 0.0196075439453125, 6.94140625, 4.859375, 0.3974609375, 1.6298828125, 0.054443359375, 0.1527099609375, 0.052734375, 0.097412109375, 0.020111083984375, 6.5703125, 9.65625, 5.8984375, 10.109375, 3.080078125, 0.0239410400390625, 0.58935546875, 0.050933837890625, 0.07818603515625, 0.020751953125, 6.58984375, 9.46875, 2.041015625, 0.00516510009765625, 0.338623046875, 0.07501220703125, 0.1954345703125, 0.01428985595703125, 4.69921875, 2.32421875, 2.556640625, 0.289794921875, 0.043914794921875, 10.0078125, 7.57421875, 2.24609375, 2.65234375, 0.022369384765625, 1.255859375, 0.080078125, 0.093994140625, 0.01169586181640625, 7.3203125, 0.70556640625, 11.0390625, 1.9853515625, 0.0684814453125, 7.4453125, 0.459228515625, 0.04962158203125, 0.08416748046875, 0.01081085205078125, 7.1796875, 6.26953125, 0.8408203125, 0.60009765625, 0.078369140625, 0.032745361328125, 0.1026611328125, 0.02117919921875, 7.5234375, 14.5546875, 5.125, 1.1748046875, 0.322265625, 0.0131988525390625, 0.0916748046875, 0.016998291015625, 8.8203125, 7.375, 2.076171875, 0.027587890625, 0.466796875, 0.0208587646484375, 0.09454345703125, 0.01454925537109375, 7.42578125, 12.109375, 1.2802734375, 0.040008544921875, 0.578125, 0.014862060546875, 0.09063720703125, 0.0125732421875, 5.69921875, 6.44921875, 5.3125, 6.64453125, 12.0078125, 0.7412109375, 5.45703125, 2.115234375, 0.0244140625, 0.04248046875, 0.01189422607421875, 8.609375, 3.611328125, 6.15234375, 1.4423828125, 0.147216796875, 0.41650390625, 0.00937652587890625, 0.04901123046875, 0.0120849609375, 6.26171875, 0.2427978515625, 3.466796875, 8.578125, 1.4892578125, 7.61328125, 8.7734375, 0.56640625, 1.90625, 10.015625, 1.5498046875, 4.94921875, 10.40625, 3.5390625, 3.091796875, 0.0308990478515625, 11.6484375, 5.015625, 7.08203125, 7.66015625, 7.45703125, 9.640625, 0.3359375, 3.314453125, 0.0201263427734375, 5.80859375, 8.734375, 1.541015625, 5.703125, 7.078125, 0.057647705078125, 0.90771484375, 5.1953125, 4.484375, 0.32373046875, 3.44921875, 0.65283203125, 0.00689697265625, 1.486328125, 3.875, 0.8759765625, 11.8515625, 0.0745849609375, 7.70703125, 11.2265625, 9.25, 4.42578125, 3.44921875, 4.7265625, 7.08203125, 0.386962890625, 1.7197265625, 4.52734375, 9.4375, 2.54296875, 1.5888671875, 3.734375, 8.1171875, 1.8603515625, 3.958984375, 5.6640625, 0.01398468017578125, 5.5390625, 1.505859375, 0.346923828125, 6.1328125, 3.330078125, 1.7880859375, 0.055572509765625, 1.0126953125, 3.396484375, 8.5390625, 1.654296875, 0.300537109375, 1.255859375, 0.65673828125, 0.0198822021484375, 1.7998046875, 7.51171875, 4.80859375, 3.681640625, 1.18359375, 1.712890625, 4.08203125, 1.11328125, 7.6171875, 1.138671875, 1.0517578125, 0.136962890625, 2.177734375, 0.498046875, 0.06695556640625, 2.85546875, 3.234375, 5.75390625, 9.4453125, 8.609375, 3.296875, 0.360107421875, 12.0234375, 4.515625, 4.83203125, 6.39453125, 1.212890625, 0.304443359375, 0.96142578125, 2.9765625, 2.439453125, 2.111328125, 0.10845947265625, 5.375, 0.9248046875, 3.67578125, 10.3515625, 5.29296875, 2.654296875, 4.81640625, 7.69140625, 7.28125, 2.45703125, 5.1875, 4.9609375, 6.08984375, 6.58203125, 5.49609375, 1.2294921875, 4.59765625, 5.27734375, 5.8515625, 2.748046875, 8.765625, 1.5205078125, 0.26416015625, 1.650390625, 0.34423828125, 0.023895263671875, 2.048828125, 13.8984375, 2.435546875, 4.94140625, 9.171875, 5.71875, 5.9453125, 5.96484375, 0.01525115966796875, 2.6875]",-0.07299651175129185
147,0,test,3.2974385082993876,1.5286689220230312,2.0882656516544835,6.3634778230339055,2.9500628319742703,4.029986345298125,27.043278991446357,21.179644766436102,23.692567004590025,52.18878401858069,40.87299867206967,45.722497728156185,3.523714357884086,1.568919680905002,2.2028190788929214,6.2923470676501525,2.8016422873303597,3.9336054980230735,33.910149263553635,26.847680476157333,30.16337497910891,60.553837970631484,47.94228656456666,53.86316960555162,3.279955528642489,1.508275542331778,2.06673424257936,6.329738739485506,2.910707186956063,3.988434503223327,26.574590865464177,20.69386626134761,23.21028626181841,51.28429816142209,39.93553138154801,44.791780505263596,0.6984924623115578,-0.0015075376884421399,-0.0015075376884421399,0.5728643216080402,0.0028643216080401768,-0.007135678391959832,0.4723618090452262,0.002361809045226204,-0.007638190954773805,0.406392694063927,0.10570932276552147,0.17118783822174188,0.3302752293577982,0.42713567839195976,0.11134620470774925,0.180057214285115,0.36363636363636365,0.4155251141552512,0.11939755151288212,0.1833551596787717,0.33944954128440363,22.0,6.0,6.0,34.0,6.0,6.0,44.0,11.0,11.0,0.00018181220702043316,0.00015111156970927932,0.0002629572107568933,0.0001701112262777471,5.807014548331324e-05,1.5360626520077858e-05,"[3.603515625, 10.375, 8.46875, 2.138671875, 12.96875, 11.640625, 5.6953125, 3.05859375, 2.025390625, 5.16796875, 1.7138671875, 3.30078125, 6.37109375, 0.3603515625, 7.4375, 0.25927734375, 1.0126953125, 1.189453125, 0.1370849609375, 0.5986328125, 0.72802734375, 0.3271484375, 0.57177734375, 0.222900390625, 6.140625, 0.01213836669921875, 11.875, 3.6953125, 0.349609375, 7.3046875, 0.5927734375, 1.013671875, 7.1875, 6.61328125, 0.642578125, 3.130859375, 3.01953125, 2.02734375, 10.25, 10.75, 3.796875, 2.80078125, 7.02734375, 2.74609375, 5.328125, 0.07171630859375, 3.279296875, 1.6142578125, 8.0625, 5.13671875, 3.27734375, 1.9736328125, 6.90625, 4.22265625, 6.49609375, 2.46484375, 2.84765625, 3.234375, 1.810546875, 2.642578125, 0.336181640625, 2.607421875, 6.77734375, 1.5537109375, 7.7265625, 5.1875, 3.451171875, 6.98046875, 5.55078125, 3.828125, 12.5703125, 2.341796875, 3.603515625, 0.578125, 1.412109375, 1.921875, 4.83203125, 0.88916015625, 5.34765625, 0.75244140625, 0.489990234375, 4.4765625, 5.578125, 2.103515625, 0.107421875, 1.4169921875, 0.68603515625, 1.0322265625, 0.61962890625, 8.4765625, 1.89453125, 7.3515625, 7.6796875, 7.12109375, 5.40625, 0.356201171875, 4.8515625, 5.41015625, 5.25, 0.84619140625, 0.0908203125, 0.6787109375, 3.701171875, 9.0078125, 4.20703125, 3.802734375, 0.86181640625, 6.0625, 1.080078125, 7.86328125, 6.1875, 3.716796875, 0.362548828125, 0.6708984375, 7.27734375, 1.6279296875, 6.65625, 3.572265625, 1.197265625, 6.390625, 0.2186279296875, 0.149658203125, 0.361328125, 3.072265625, 5.19921875, 6.140625, 1.6767578125, 3.10546875, 2.8203125, 7.96875, 3.611328125, 9.671875, 9.71875, 7.87109375, 7.77734375, 0.041168212890625, 4.86328125, 0.10333251953125, 0.54541015625, 10.7421875, 0.6640625, 7.23046875, 1.0087890625, 4.828125, 1.36328125, 8.578125, 0.77734375, 4.91015625, 6.62890625, 2.345703125, 2.423828125, 1.31640625, 2.44921875, 7.69921875, 7.16796875, 1.0390625, 5.8125, 3.921875, 1.853515625, 3.34375, 1.365234375, 1.8271484375, 13.859375, 6.88671875, 0.017486572265625, 0.7353515625, 0.1651611328125, 0.3896484375, 0.00926971435546875, 0.0298614501953125, 6.2734375, 1.2197265625, 0.60791015625, 0.39208984375, 3.65234375, 0.078857421875, 0.82470703125, 1.271484375, 0.278076171875, 0.3798828125, 1.951171875, 0.0015401840209960938, 0.037933349609375, 4.84765625, 0.005329132080078125, 2.2734375, 0.029937744140625, 4.0625, 0.4013671875, 4.2421875, 4.93359375, 1.7177734375, 0.86376953125, 2.189453125, 2.455078125, 0.11480712890625, 3.67578125, 0.01189422607421875, 0.82666015625, 1.4794921875, 0.279052734375, 0.8271484375, 0.8203125, 1.3857421875, 0.041412353515625, 0.287841796875, 2.462890625, 4.015625, 3.115234375, 0.0750732421875, 0.08526611328125, 1.09375, 0.0870361328125, 1.3359375, 0.6015625, 0.431396484375, 1.333984375, 0.07757568359375, 2.240234375]",-1.1211267649855245
129,0,test,3.392297185563111,1.564103199031189,2.0978414314703997,6.427510456856421,2.9635639560590947,3.9748574491018096,29.734178802139226,23.51154046650958,26.085169326993398,56.338444046158536,44.548181936544474,49.42453135640855,3.4492397907391266,1.6062618767416008,2.204902381054154,5.34765859029322,2.4903284910722494,3.418453303959929,31.476454518811313,25.161137761865525,28.00582009025139,48.80070468032761,39.00951590986903,43.41987610891688,3.351553428133196,1.5709046232679782,2.1475841229695676,6.057024267710595,2.8389842589180327,3.8811761258486164,28.547045000425737,22.613340013790335,25.213723330946355,51.59104518149229,40.86748195263313,45.56696987520425,0.7085427135678393,-0.0014572864321606982,0.0035427135678391952,0.5527638190954773,-0.0072361809045227155,-0.017236180904522724,0.457286432160804,0.007286432160804046,-0.0027135678391959628,0.3955431754874652,0.08817182639149856,0.1443212791042785,0.35195530726256985,0.40201005025125625,0.09624563922368734,0.1599399333898205,0.31313131313131315,0.4013377926421404,0.0974980597539935,0.1577337881927522,0.3489932885906041,20.0,-1.0,0.0,30.0,0.0,0.0,37.0,-2.0,-3.0,0.0004729052781452734,-0.00012641081365118972,0.00018282303011020814,0.0002700994800370893,-0.00012876567244202164,0.00012093524551914925,"[13.1875, 15.171875, 3.35546875, 1.78515625, 10.2109375, 11.578125, 7.37890625, 9.140625, 2.392578125, 2.96484375, 5.25390625, 2.392578125, 4.23828125, 6.51953125, 1.19921875, 6.37109375, 7.12109375, 1.478515625, 1.384765625, 3.03125, 7.6875, 1.9921875, 4.31640625, 6.55859375, 1.3525390625, 1.994140625, 1.2216796875, 6.12109375, 3.4921875, 4.640625, 0.08502197265625, 1.5791015625, 1.861328125, 6.06640625, 3.02734375, 0.873046875, 6.14453125, 3.9921875, 6.59765625, 3.3671875, 1.1923828125, 4.5390625, 1.349609375, 7.15234375, 4.9140625, 3.587890625, 6.546875, 5.18359375, 4.25390625, 8.1015625, 2.6875, 0.8359375, 0.861328125, 0.1971435546875, 7.1796875, 5.96484375, 3.37109375, 9.953125, 0.30322265625, 1.5810546875, 3.052734375, 0.0037479400634765625, 2.84765625, 0.00948333740234375, 0.08282470703125, 0.0518798828125, 0.0003955364227294922, 0.0009145736694335938, 0.002838134765625, 0.0025310516357421875, 11.234375, 11.453125, 0.56591796875, 5.2734375, 0.1090087890625, 1.4091796875, 0.50830078125, 0.047119140625, 8.71875, 0.69970703125, 7.171875, 0.11260986328125, 0.5439453125, 1.205078125, 3.451171875, 0.0751953125, 0.1943359375, 0.0167999267578125, 3.17578125, 9.125, 3.2890625, 0.5751953125, 1.076171875, 4.1015625, 3.025390625, 2.78515625, 7.296875, 8.0390625, 3.595703125, 5.234375, 0.473388671875, 2.904296875, 0.7197265625, 6.94140625, 6.94140625, 0.0210418701171875, 0.54931640625, 0.97119140625, 9.322166442871094e-05, 1.7236328125, 0.0010385513305664062, 5.5078125, 0.32666015625, 0.01055145263671875, 0.0219573974609375, 0.0010547637939453125, 0.03509521484375, 0.0005865097045898438, 9.4921875, 7.7265625, 2.263671875, 0.080322265625, 1.2138671875, 0.017059326171875, 2.08984375, 8.828125, 11.0625, 1.3974609375, 5.87890625, 0.09906005859375, 0.75, 2.0, 0.1461181640625, 3.509765625, 0.0728759765625, 0.30029296875, 0.0023365020751953125, 3.7421875, 5.3671875, 1.8662109375, 0.0469970703125, 2.513671875, 4.39453125, 4.6015625, 3.671875, 10.0390625, 2.61328125, 1.4716796875, 2.236328125, 4.609375, 5.3515625, 0.325927734375, 0.7236328125, 0.343505859375, 0.172607421875, 0.183349609375, 4.25, 7.484375, 6.77734375, 2.791015625, 3.796875, 1.2587890625, 1.9599609375, 8.09375, 0.005001068115234375, 0.04266357421875, 4.55078125, 3.21484375, 2.08203125, 11.59375, 12.5234375, 2.044921875, 0.355224609375, 0.90234375, 0.9072265625, 5.00390625, 0.221923828125, 2.916015625, 1.044921875, 5.16796875, 1.0517578125, 2.6171875, 2.544921875, 1.5673828125, 3.916015625, 8.2578125, 2.1015625, 3.193359375, 0.168701171875, 12.296875, 1.80078125, 7.80859375, 3.447265625, 7.2890625, 2.443359375, 1.990234375, 2.466796875, 5.94921875, 4.7578125, 0.275146484375, 4.1484375, 5.92578125, 1.4921875, 8.015625, 3.392578125, 2.212890625, 0.197265625, 3.484375, 1.2099609375, 6.86328125, 0.1688232421875, 5.31640625, 0.002506256103515625, 0.01256561279296875, 3.490234375, 10.171875, 0.29248046875, 0.348876953125, 1.9150390625, 3.37890625, 1.2255859375, 9.0625, 5.53125, 2.41796875, 0.374755859375, 1.390625, 1.685546875, 8.625, 6.55859375, 1.1591796875, 2.19140625, 2.275390625, 5.31640625, 3.873046875, 2.962890625, 2.21875, 6.1953125, 2.486328125, 10.3671875, 0.146240234375, 0.192138671875, 1.69921875, 0.95166015625, 3.849609375, 2.115234375, 0.82373046875, 8.625, 0.66015625, 1.0498046875, 11.6328125, 0.052520751953125, 0.015625, 3.091796875, 0.42822265625, 2.484375, 2.0625, 7.98828125, 0.26318359375, 4.03125, 1.34375, 3.359375, 0.00144195556640625, 8.1015625, 5.53515625, 0.1153564453125, 3.046875, 3.966796875, 6.02734375, 0.62890625, 4.52734375, 0.269775390625, 0.081298828125, 4.24609375, 0.468994140625, 2.30859375, 0.47607421875, 10.3125, 1.9853515625, 1.1640625, 8.7578125, 6.2265625, 7.22265625, 7.75390625, 1.375, 2.0546875, 4.71484375, 1.267578125, 0.75927734375, 1.8154296875, 5.42578125, 1.421875, 2.11328125, 3.828125, 2.470703125, 4.28125, 0.77880859375, 0.09515380859375, 7.484375, 1.7724609375, 1.7109375, 1.134765625, 5.1875, 4.5859375, 2.265625, 1.9453125, 0.53662109375, 1.8037109375, 5.4765625, 1.98828125, 0.94384765625, 2.3125, 6.20703125, 0.024932861328125, 6.86328125, 7.10546875, 2.0390625, 0.94873046875, 2.201171875, 2.1953125, 0.89453125, 7.69921875, 2.087890625, 3.869140625, 6.25390625, 0.00433349609375, 5.02734375, 4.4296875, 9.0625, 3.859375, 1.7216796875, 6.1484375, 0.0261077880859375, 0.09539794921875, 1.306640625, 16.4375, 4.72265625, 1.0419921875, 0.2822265625, 0.41748046875, 2.92578125, 7.49609375, 2.142578125, 5.328125, 0.1788330078125, 2.93359375, 13.71875, 2.25390625, 1.556640625, 0.1427001953125, 4.71875, 0.0189971923828125, 8.2890625, 1.2880859375, 3.0625, 4.23046875, 11.734375, 3.798828125, 1.6982421875, 5.41015625]",-1.2335034240255118
73,0,test,2.216804233808366,0.9483939556858436,1.227834111079487,7.120074615367549,3.0461127898723275,3.9436366788061488,9.177953356014806,5.622757061742357,6.489489098144556,29.47834171126789,18.059533274579266,20.84335905251514,3.0686624493431207,1.353442516055579,1.8615226536130902,6.262576427230859,2.762127583786896,3.7990258237001844,21.513108550022253,15.955210805347738,18.16920184462348,43.90430316331072,32.5616547047913,37.080003764537715,2.6199255651454862,1.1576955351398035,1.6023178743852482,6.77566956503143,2.994040177085699,4.143925537203229,13.734701206541999,9.419128544440834,10.96813285266383,35.520778982436205,24.359815201140094,28.365860825854732,0.6381909547738693,-0.0018090452261306789,-0.0018090452261306789,0.5276381909547738,-0.007361809045226098,0.01263819095477381,0.39698492462311563,-0.0130150753768844,-0.028015075376884413,0.36243386243386244,0.09559106190546085,0.13173982528821238,0.3023872679045093,0.3919597989949749,0.0962204506240476,0.16157582570616025,0.3787878787878788,0.3812709030100334,0.11582849900335557,0.15546445139713017,0.34563758389261745,23.0,0.0,0.0,36.0,2.0,1.0,42.0,-3.0,-1.0,0.000541951867428677,0.0012442023967618456,0.00037381764352007797,-0.06675389422847466,-0.08204305162046932,-0.07450901914677655,"[10.1953125, 1.71484375, 2.451171875, 0.210693359375, 1.0234375, 0.0003612041473388672, 0.0712890625, 0.03057861328125, 1.4052734375, 2.03125, 5.44921875, 7.203125, 4.15234375, 0.5380859375, 4.25390625, 7.46484375, 1.0517578125, 0.149169921875, 4.41015625, 6.27734375, 6.73828125, 3.533203125, 3.625, 0.07135009765625, 1.4755859375, 4.14453125, 9.34375, 0.4453125, 0.61083984375, 5.9765625, 10.90625, 9.5546875, 0.6279296875, 0.1470947265625, 3.4765625, 2.53515625, 0.03521728515625, 0.576171875, 2.8515625, 2.75, 3.439453125, 0.07958984375, 3.689453125, 8.0703125, 10.734375, 7.01171875, 7.87109375, 3.25390625, 0.89404296875, 4.26953125, 2.25390625, 0.56787109375, 1.29296875, 5.171875, 4.56640625, 2.068359375, 4.91015625, 2.291015625, 3.544921875, 4.84375, 3.390625, 0.2109375, 5.4375, 1.3623046875, 0.3310546875, 0.0304412841796875, 2.439453125, 3.919921875, 0.93115234375, 0.38720703125, 1.220703125, 5.14453125, 1.1591796875, 2.849609375, 4.4921875, 4.4453125, 0.2000732421875, 0.271484375, 0.360595703125, 7.4375, 1.091796875, 7.01953125, 0.237060546875, 0.0728759765625, 0.0236663818359375, 4.26171875, 4.4375, 1.6328125, 0.08331298828125, 0.0158843994140625, 4.17578125, 8.5859375, 2.08203125, 4.7734375, 8.203125, 0.04205322265625, 0.029327392578125, 4.515625, 3.921875, 5.63671875, 0.65673828125, 9.203125, 0.39208984375, 3.271484375, 7.2890625, 8.3125, 7.65625, 12.2734375, 1.30078125, 0.658203125, 2.37109375, 3.328125, 0.55517578125, 0.177490234375, 0.79736328125, 0.0033473968505859375, 0.005970001220703125, 0.170654296875, 0.05078125, 0.67333984375, 0.0181121826171875, 0.6396484375, 0.0253448486328125, 6.45703125, 3.513671875, 0.393798828125, 0.003856658935546875, 0.135498046875, 0.327392578125, 0.17822265625, 0.68701171875, 1.259765625, 0.75634765625, 1.0947265625, 5.2890625, 2.041015625, 0.0016260147094726562, 0.0195465087890625, 8.625, 0.1365966796875, 2.212890625, 7.3203125, 1.7998046875, 6.53515625, 0.87841796875, 3.896484375, 3.443359375, 2.05859375, 2.953125, 6.71484375, 0.0523681640625, 2.693359375, 9.765625, 1.021484375, 4.58203125, 4.28125, 1.724609375, 12.84375, 0.99169921875, 6.8984375, 0.205322265625, 0.491943359375, 11.0625, 0.00933074951171875, 0.7646484375, 0.74658203125, 1.0732421875, 0.2403564453125, 1.666015625, 2.32421875, 0.35791015625, 0.135498046875, 2.193359375, 2.24609375, 7.046875, 2.638671875, 2.1328125, 2.58203125, 0.5673828125, 4.80078125, 9.296875, 2.271484375, 1.3955078125, 5.21484375, 4.9375, 3.513671875, 1.12890625, 10.359375, 4.41015625, 3.552734375, 3.05078125, 3.638671875, 0.876953125, 0.5458984375, 0.09375, 0.31884765625, 0.323486328125, 2.740234375, 11.0234375, 0.7685546875, 7.73046875, 2.0234375, 0.00876617431640625, 3.666015625, 1.4765625, 4.27734375, 0.0150299072265625, 0.057830810546875, 0.495849609375, 0.1654052734375, 0.365234375, 0.1177978515625, 4.4765625, 0.0077056884765625, 0.01812744140625, 1.5654296875, 0.034271240234375, 5.4140625, 0.0335693359375, 10.8984375, 1.228515625, 0.470947265625, 6.671875, 2.8125, 0.00547027587890625, 0.08154296875, 0.275390625, 0.08587646484375, 2.30859375, 1.3037109375, 0.091064453125, 0.0014514923095703125, 1.1416015625, 0.0005841255187988281, 0.0028533935546875, 0.052825927734375, 0.00914764404296875, 4.72265625, 0.046417236328125, 0.1123046875, 0.6904296875, 0.7138671875, 0.0005154609680175781, 0.0098724365234375, 0.190673828125, 0.046112060546875, 0.450439453125, 0.247802734375, 1.3212890625, 0.04949951171875, 0.01024627685546875, 0.320556640625, 0.0521240234375, 0.181884765625, 5.5234375, 3.259765625, 3.37109375, 1.1328125, 0.12017822265625, 0.0148468017578125, 0.75390625, 1.4140625, 4.3671875, 1.6328125, 1.4208984375, 4.62109375, 1.2578125, 3.873046875, 4.0546875, 2.935546875, 1.10546875, 0.16845703125, 1.4091796875, 0.01448822021484375, 0.225830078125, 0.021270751953125, 4.29296875, 2.873046875, 0.138427734375, 3.689453125, 1.099609375, 2.193359375, 3.353515625, 2.3828125, 7.5234375, 0.43896484375, 0.7548828125, 0.61181640625, 10.953125, 5.6484375, 2.73046875, 1.6962890625, 0.9765625, 1.7275390625, 3.279296875, 3.205078125, 0.67333984375, 0.209228515625, 0.8994140625, 0.372802734375, 0.89111328125, 0.927734375, 0.2978515625, 1.310546875, 0.08587646484375, 7.30859375, 0.251220703125, 0.344970703125, 3.16796875, 0.6728515625, 0.5126953125, 3.3359375, 0.16943359375, 2.841796875, 1.6435546875, 3.2421875, 0.98193359375, 3.630859375, 1.6171875, 0.8232421875, 0.7265625, 0.10028076171875, 0.2032470703125, 0.1322021484375, 0.11517333984375, 0.52783203125, 0.0231781005859375, 1.0625, 0.169921875, 0.026885986328125, 3.951171875, 0.199951171875, 0.1116943359375, 0.33447265625, 0.072265625, 4.07421875, 0.037872314453125, 0.031036376953125, 0.10968017578125, 0.1822509765625, 0.0743408203125, 0.2347412109375, 0.2447509765625, 0.017852783203125, 0.11859130859375, 3.115234375, 0.056304931640625, 0.038330078125, 0.252197265625, 0.06524658203125, 3.37890625, 0.0125274658203125, 0.02825927734375, 0.0164947509765625, 0.02783203125, 0.043975830078125, 0.036865234375, 0.075439453125, 0.0207061767578125, 0.101318359375, 1.5048828125, 0.70458984375, 0.10186767578125, 0.2088623046875, 0.70849609375, 0.058380126953125, 0.00872039794921875, 1.3232421875, 0.357177734375, 0.09307861328125, 0.32470703125, 0.156005859375, 0.019287109375, 0.70751953125, 0.0809326171875, 0.016021728515625, 0.70947265625, 0.315673828125]",-1.9033305966664873
241,0,test,3.322391292215631,1.4998436520081129,2.0909597498289623,6.644782584431262,2.9996873040162257,4.1819194996579245,27.726573687358346,21.53897151657992,24.300443008713437,55.45314737471669,43.07794303315984,48.60088601742687,3.232968314808218,1.396383490439748,1.9736388336116948,5.986978360755958,2.5858953526661996,3.654886728910545,25.354806429544027,19.07973527471545,21.831748011246447,46.95334523989634,35.332843101324904,40.429162983789716,3.322391292215631,1.4998436520081129,2.0909597498289623,6.644782584431262,2.9996873040162257,4.1819194996579245,27.726573687358346,21.53897151657992,24.300443008713437,55.45314737471669,43.07794303315984,48.60088601742687,0.7336683417085428,-0.001331658291457205,-0.001331658291457205,0.6180904522613065,0.0030904522613065533,0.02309045226130657,0.44221105527638194,-0.017788944723618028,-0.012788944723618023,0.40484429065743943,0.08014653590787124,0.15283048168160518,0.38888888888888884,0.4120603015075377,0.06368937418924192,0.14995679566446596,0.36868686868686873,0.40484429065743943,0.08014653590787124,0.15283048168160518,0.38888888888888884,23.0,-1.0,3.0,31.0,-3.0,-1.0,43.0,0.0,3.0,-0.00017838859455850112,0.00013670716388948411,-3.1157844710701147e-05,-0.0003149833039568506,0.00014238108104080993,-5.260203672641239e-06,"[10.21875, 2.736328125, 5.08203125, 6.1015625, 3.888671875, 0.9970703125, 6.09765625, 0.72607421875, 0.9033203125, 3.6484375, 1.8798828125, 1.732421875, 1.2890625, 0.7744140625, 1.8720703125, 4.38671875, 1.8583984375, 5.859375, 9.2265625, 2.90234375, 6.3203125, 0.84130859375, 1.796875, 2.5859375, 6.5546875, 0.4677734375, 3.208984375, 4.3359375, 3.794921875, 0.51904296875, 1.1259765625, 0.4521484375, 4.96484375, 6.35546875, 5.23046875, 6.203125, 3.794921875, 8.546875, 4.9609375, 2.396484375, 7.87890625, 7.08984375, 6.625, 1.900390625, 5.0625, 2.42578125, 0.1343994140625, 6.796875, 0.06494140625, 8.5234375, 2.07421875, 4.65234375, 2.29296875, 4.4765625, 1.8017578125, 1.2734375, 7.625, 0.342041015625, 3.587890625, 0.3154296875, 3.384765625, 2.439453125, 3.220703125, 2.205078125, 3.880859375, 4.53515625, 4.40234375, 0.54150390625, 3.1171875, 4.80078125, 5.62890625, 0.00247955322265625, 2.857421875, 7.88671875, 0.88916015625, 0.088623046875, 2.33984375, 0.79443359375, 5.41796875, 2.263671875, 2.5546875, 3.8046875, 1.4580078125, 0.8291015625, 2.353515625, 2.45703125, 1.9130859375, 2.369140625, 1.8759765625, 4.04296875, 1.1962890625, 2.98046875, 0.8486328125, 0.0137481689453125, 6.61328125, 4.86328125, 3.361328125, 2.576171875, 1.021484375, 3.1953125, 0.46875, 2.701171875, 5.6875, 0.50830078125, 0.429443359375, 1.74609375, 4.76953125, 0.305419921875, 0.498046875, 6.703125, 0.1502685546875, 3.310546875, 7.7109375, 11.4453125, 2.400390625, 0.11773681640625, 3.111328125, 9.6796875, 1.751953125, 2.634765625, 4.0546875, 3.18359375, 7.22265625, 7.89453125, 7.7890625, 10.375, 0.3681640625, 0.405029296875, 0.0002613067626953125, 3.201171875, 0.357421875, 0.15087890625, 1.5185546875, 0.483642578125, 4.71875, 0.79541015625, 0.341796875, 3.111328125, 0.2037353515625, 6.3203125, 0.1309814453125, 2.82421875, 7.0, 0.432373046875, 0.8466796875, 5.37109375, 1.9931640625, 6.515625, 3.486328125, 2.2421875, 1.4375, 0.4375, 0.008392333984375, 9.234375, 0.023193359375, 3.142578125, 3.361328125, 1.5595703125, 2.79296875, 0.765625, 1.291015625, 0.64697265625, 3.048828125, 2.919921875, 1.50390625, 3.994140625, 7.234375, 0.90576171875, 3.66796875, 3.443359375, 0.732421875, 3.845703125, 2.431640625, 9.7421875, 2.91796875, 5.640625, 12.7109375, 2.369140625, 5.48828125, 3.16015625, 1.005859375, 4.27734375, 1.1640625, 1.060546875, 4.51953125, 1.900390625, 0.09326171875, 5.703125, 2.216796875, 2.0, 0.833984375, 0.70361328125, 0.01358795166015625, 2.853515625, 13.0546875, 5.28125, 0.267578125, 0.0176239013671875, 6.8828125, 1.1669921875, 6.5546875, 0.101318359375, 7.55859375, 1.3251953125, 3.677734375, 0.172119140625, 2.490234375, 1.2041015625, 0.04412841796875, 1.9052734375, 2.228515625, 7.11328125, 0.076171875, 0.728515625, 0.88525390625, 2.72265625, 5.63671875, 8.90625, 6.1015625, 1.287109375, 0.86865234375, 10.0859375, 2.5, 7.3671875, 0.62060546875, 0.97216796875, 10.1640625, 3.5625, 0.1636962890625, 0.3046875, 7.46484375, 0.662109375, 0.10089111328125, 8.84375, 9.0, 4.8515625, 6.859375, 6.45703125, 1.6669921875, 0.1566162109375, 0.068115234375, 7.4375, 0.34912109375, 0.80078125, 0.1883544921875, 3.728515625, 7.2265625, 5.890625, 1.7890625, 0.1715087890625, 0.1290283203125, 7.01171875, 2.53515625, 0.471923828125, 0.156494140625, 7.23046875, 4.27734375, 2.078125, 10.96875, 0.4599609375, 2.861328125, 6.890625, 1.3974609375, 4.80859375, 2.6484375, 0.362060546875, 0.09991455078125, 2.37890625, 5.1953125, 3.3671875, 6.36328125, 0.7802734375, 3.08203125, 6.98828125, 1.005859375, 6.0390625, 4.34765625, 6.81640625, 2.376953125, 4.34765625, 3.443359375, 0.60693359375, 9.71875, 5.9765625, 2.51171875, 4.7265625, 0.99365234375, 4.8828125, 1.2412109375]",-0.8211290630089785
87,0,test,3.6817254707926796,1.7237959764932091,2.371257368228954,7.17191609050366,3.357914705654402,4.6191545265500435,39.71486182014209,32.63021874525516,36.00695283240382,77.36363256293575,63.56291165983231,70.14071158682131,3.8173990105863793,1.7156425827665132,2.395223679000984,7.135325253432485,3.2068085659187164,4.477053605609316,45.48574638369623,37.30522057925917,41.339616539010315,85.02008669849762,69.72938426029751,77.27031128786975,3.656932011097171,1.7004566371985677,2.3373144015384715,7.170454923719943,3.334228700389348,4.582969414781316,38.74229940804161,31.66795077069298,35.00030920568193,75.96529295694434,62.094021119005845,68.62805726604302,0.7587939698492463,0.008793969849246297,0.013793969849246301,0.6080402010050252,-0.01195979899497479,-0.006959798994974786,0.5226130653266332,0.0026130653266331905,0.0126130653266332,0.4285714285714286,0.12545107195924432,0.19688826025459694,0.417910447761194,0.4623115577889447,0.13900328711225296,0.20354695010947899,0.4494949494949495,0.4247491638795987,0.1142316346642398,0.18225750648249084,0.412751677852349,27.0,-1.0,0.0,38.0,-3.0,-2.0,47.0,-3.0,0.0,0.0004881643205944447,5.694787003721267e-05,0.00013877124688930424,-0.004314604250732934,-0.0035360033749185504,-0.0040104621905543425,"[9.1875, 8.265625, 3.845703125, 7.5390625, 1.0283203125, 1.4248046875, 0.1461181640625, 3.447265625, 2.79296875, 5.3125, 1.32421875, 2.4375, 4.79296875, 8.4765625, 1.3447265625, 0.81005859375, 4.76953125, 1.3759765625, 5.2890625, 8.15625, 2.81640625, 2.177734375, 4.4765625, 4.88671875, 0.260498046875, 9.390625, 1.0625, 2.0546875, 5.71875, 1.6884765625, 5.890625, 1.4521484375, 0.0760498046875, 5.73828125, 0.55126953125, 1.103515625, 1.0634765625, 9.9453125, 1.125, 0.31103515625, 6.5546875, 3.90234375, 8.171875, 4.7421875, 6.109375, 2.984375, 8.6328125, 2.37109375, 3.232421875, 8.75, 4.3046875, 1.6328125, 0.705078125, 0.169921875, 3.162109375, 0.12213134765625, 1.412109375, 0.9267578125, 8.84375, 7.609375, 9.2890625, 6.578125, 5.48046875, 1.1259765625, 0.666015625, 0.256103515625, 4.14453125, 4.06640625, 8.0859375, 2.69140625, 5.140625, 0.0025463104248046875, 7.4296875, 0.401123046875, 5.26171875, 11.359375, 3.404296875, 5.3359375, 10.59375, 8.9375, 3.564453125, 8.359375, 2.037109375, 6.97265625, 3.525390625, 4.94140625, 4.6484375, 7.546875, 2.162109375, 7.03515625, 1.1025390625, 6.1015625, 8.96875, 1.8955078125, 0.260009765625, 0.210693359375, 8.5625, 5.140625, 4.7421875, 4.07421875, 0.166748046875, 1.103515625, 1.3017578125, 4.90234375, 0.10247802734375, 1.0693359375, 10.1171875, 0.48095703125, 0.69482421875, 2.53125, 1.1064453125, 8.7578125, 2.515625, 4.3828125, 3.11328125, 6.69140625, 7.70703125, 1.64453125, 0.386474609375, 0.80615234375, 1.4833984375, 0.87158203125, 3.23828125, 1.5087890625, 0.32666015625, 0.352783203125, 0.10693359375, 1.3505859375, 0.7021484375, 0.1827392578125, 0.50927734375, 0.10015869140625, 0.3349609375, 4.31640625, 6.22265625, 4.0390625, 6.359375, 4.3671875, 1.9130859375, 6.38671875, 0.06182861328125, 0.00211334228515625, 0.195068359375, 3.951171875, 9.78125, 4.703125, 6.73828125, 9.5625, 2.314453125, 6.48046875, 2.24609375, 0.495361328125, 4.375, 4.0390625, 7.5234375, 3.13671875, 4.171875, 7.30859375, 4.625, 1.7138671875, 3.5703125, 8.9296875, 0.43701171875, 4.01953125, 5.375, 1.0185546875, 0.1219482421875, 1.7490234375, 0.68408203125, 0.1356201171875, 0.546875, 0.037445068359375, 0.210205078125, 2.056640625, 7.00390625, 0.496826171875, 0.208740234375, 1.93359375, 1.1318359375, 5.3046875, 4.05859375, 11.0859375, 0.27880859375, 7.765625, 2.078125, 0.10589599609375, 10.9140625, 2.484375, 12.1953125, 11.4921875, 7.94921875, 1.8935546875, 1.0703125, 2.419921875, 8.8671875, 0.058380126953125, 4.34375, 7.73828125, 8.5, 1.6630859375, 3.076171875, 0.80078125, 5.890625, 0.15283203125, 13.2578125, 0.6806640625, 6.23046875, 1.4345703125, 0.457763671875, 1.974609375, 5.65234375, 0.517578125, 8.078125, 1.333984375, 0.73876953125, 1.69140625, 0.03033447265625, 11.6171875, 3.203125, 5.73828125, 0.63427734375, 0.197998046875, 0.1307373046875, 0.01331329345703125, 11.5390625, 1.9541015625, 0.96826171875, 0.5908203125, 0.1845703125, 0.20654296875, 0.08258056640625, 0.01641845703125, 6.2421875, 0.904296875, 1.2783203125, 6.68359375, 6.84765625, 9.953125, 2.669921875, 8.8515625, 4.20703125, 4.8203125, 4.52734375, 2.34375, 1.1142578125, 0.51318359375, 0.55908203125, 0.200439453125, 12.390625, 13.5625, 0.74951171875, 0.0806884765625, 0.154296875, 1.486328125, 0.5283203125, 0.00899505615234375, 11.2265625, 0.214599609375, 0.294677734375, 0.111328125, 2.36328125, 1.5185546875, 6.28515625, 5.44140625, 1.43359375, 2.39453125, 3.046875, 1.4599609375, 1.4580078125, 3.24609375, 4.56640625, 12.5, 3.20703125, 3.662109375, 0.00618743896484375, 0.0014562606811523438, 0.09906005859375, 7.0703125, 6.19921875, 5.53515625, 8.4140625, 2.642578125, 0.55078125, 4.75390625, 1.6904296875, 0.93115234375, 8.1875, 6.60546875, 0.5439453125, 5.8203125, 6.23828125, 0.994140625, 3.84375, 0.69677734375, 1.0849609375, 0.8173828125, 5.73046875, 2.619140625, 9.46875, 1.18359375, 1.310546875, 9.6953125, 0.415771484375, 5.35546875, 1.0009765625, 8.28125, 1.7568359375, 4.85546875, 1.9033203125, 9.4140625, 6.6015625, 1.671875, 8.2578125, 4.703125, 1.03125, 5.96875, 0.0982666015625, 7.1875, 1.3251953125, 0.25830078125, 2.1015625, 0.55224609375, 8.171875, 1.2294921875, 4.3203125, 0.10357666015625, 5.53515625, 6.41015625, 7.87109375, 7.06640625, 0.0548095703125, 2.91015625, 3.548828125, 8.765625, 1.05859375, 0.7421875]",-1.328485520113082
17,0,test,2.436291198793836,1.0150831631049453,1.4360687928543647,6.2885465131259695,2.620129190236696,3.7067758584787875,11.430568325011466,7.288447075649232,8.711681867294537,29.50454388165353,18.81291467389802,22.48656345233291,2.731107783676991,1.0931792777890297,1.564302172447093,5.937190834080415,2.3764766908457164,3.4006568966241146,15.349881953486008,10.205380291533235,12.138165190750236,33.3693085945348,22.18560932942008,26.387315632065732,2.453683520639222,1.0447372182603079,1.4429492649991473,6.291496206767235,2.678813380154635,3.6998699102542236,11.631111347379644,7.53946956874627,8.883493619031094,29.823362429178573,19.331973253195564,22.778188766746396,0.5628140703517588,-0.0021859296482411583,-0.012185929648241167,0.4723618090452262,0.017361809045226217,0.002361809045226204,0.371859296482412,0.006859296482412014,0.016859296482412023,0.3754152823920266,0.09183319283978775,0.15110589012683318,0.30666666666666664,0.40703517587939697,0.12132089016511127,0.1699734062633702,0.31818181818181823,0.3913043478260869,0.11417580024678808,0.16661024326546403,0.30536912751677847,15.0,-1.0,-1.0,24.0,-1.0,-3.0,31.0,-2.0,-2.0,0.001806838301518967,0.0005088783530501691,0.00026451481940068357,-0.011792752423666286,-0.01433623024150954,-0.01237828022688614,"[9.9140625, 5.6015625, 2.505859375, 3.3828125, 9.78125, 1.490234375, 0.7099609375, 6.23828125, 5.37890625, 0.61328125, 6.0546875, 5.8203125, 6.6484375, 6.453125, 6.1484375, 6.69140625, 5.3046875, 10.546875, 3.47265625, 0.71875, 2.07421875, 2.4140625, 9.453125, 2.900390625, 0.50732421875, 0.2203369140625, 4.453125, 0.168701171875, 1.6884765625, 2.9765625, 7.21484375, 0.06378173828125, 1.1650390625, 0.08026123046875, 3.69921875, 1.08984375, 0.1378173828125, 0.46337890625, 2.263671875, 9.5234375, 3.091796875, 0.0462646484375, 7.046875, 0.126953125, 2.466796875, 0.3876953125, 1.19140625, 2.349609375, 1.48828125, 0.0038242340087890625, 1.94140625, 1.8076171875, 7.2578125, 9.375, 3.115234375, 3.130859375, 16.765625, 2.40234375, 0.084228515625, 0.38720703125, 10.078125, 3.5625, 7.5625, 0.560546875, 2.740234375, 12.1640625, 5.2734375, 0.552734375, 0.187255859375, 1.732421875, 0.046051025390625, 0.368896484375, 4.3359375, 0.71923828125, 2.521484375, 0.133544921875, 0.01154327392578125, 4.30078125, 0.900390625, 0.078125, 0.06134033203125, 0.01611328125, 2.45703125, 0.01238250732421875, 0.1826171875, 0.306396484375, 1.30078125, 0.331298828125, 0.0008492469787597656, 1.322265625, 0.32958984375, 0.80908203125, 0.0384521484375, 5.35546875, 7.421875, 1.7568359375, 0.4892578125, 2.3515625, 0.1751708984375, 1.931640625, 0.2347412109375, 7.01953125, 0.1175537109375, 0.05560302734375, 8.8359375, 4.5234375, 0.0396728515625, 3.671875, 8.4140625, 0.1328125, 4.9765625, 9.1171875, 0.06866455078125, 4.671875, 7.72265625, 1.3818359375, 2.890625, 0.41650390625, 0.336181640625, 0.008636474609375, 0.3212890625, 0.33984375, 0.1412353515625, 0.0238037109375, 3.560546875, 1.4892578125, 5.61328125, 0.2073974609375, 3.349609375, 3.1484375, 1.1337890625, 0.01247406005859375, 4.9140625, 4.27734375, 5.94140625, 0.0263671875, 0.634765625, 0.94189453125, 1.349609375, 0.330810546875, 0.0128631591796875, 0.136474609375, 0.061767578125, 0.2125244140625, 0.011260986328125, 2.64453125, 3.90234375, 0.49951171875, 6.33203125, 0.169677734375, 0.54736328125, 4.125, 2.4140625, 5.265625, 0.39111328125, 0.026763916015625, 8.21875, 2.7421875, 1.86328125, 0.2276611328125, 0.01255035400390625, 6.79296875, 8.96875, 2.39453125, 0.3115234375, 0.08062744140625, 7.2578125, 5.109375, 0.72705078125, 1.8134765625, 7.28125, 1.3505859375, 8.84375, 0.240478515625, 0.368408203125, 0.08538818359375, 0.04962158203125, 0.1795654296875, 0.350341796875, 0.1744384765625, 0.1553955078125, 0.049407958984375, 0.1405029296875, 0.33740234375, 0.10064697265625, 0.011474609375, 4.79296875, 4.79296875, 4.0078125, 0.094482421875, 1.275390625, 0.424072265625, 4.9375, 1.568359375, 4.32421875, 3.25390625, 3.830078125, 5.74609375, 4.50390625, 10.796875, 6.0859375, 0.50927734375, 0.2276611328125, 0.0167388916015625, 2.30859375, 1.5771484375, 1.7646484375, 1.13671875, 0.0341796875, 3.59765625, 2.390625, 0.1435546875, 0.023590087890625, 5.875, 0.292724609375, 3.09765625, 2.796875, 0.024932861328125, 0.01258087158203125, 0.41162109375, 2.171875, 0.1534423828125, 0.00222015380859375, 0.132080078125, 0.33837890625, 0.047393798828125, 0.0242462158203125, 2.388671875, 5.9375, 8.6875, 0.5966796875, 4.1640625, 2.12109375, 2.734375, 3.921875, 4.625, 0.80126953125, 0.45654296875, 2.615234375, 0.146484375, 1.087890625, 0.75146484375, 0.00476837158203125, 0.15087890625, 3.205078125, 4.40625, 1.3857421875, 1.619140625, 0.0904541015625, 0.228271484375, 3.15234375, 6.41015625, 1.4580078125, 1.0908203125, 0.1817626953125, 0.062255859375, 0.057373046875, 2.8671875, 4.6875, 0.379638671875, 1.7041015625, 1.638671875, 0.5625, 0.144775390625, 3.173828125, 0.145263671875, 1.03125, 5.23828125, 3.255859375, 3.48046875, 4.93359375, 3.0703125, 0.7314453125, 0.19970703125, 0.331787109375, 5.59375, 7.3359375, 0.024871826171875, 0.4482421875, 4.703125, 0.5029296875, 1.802734375, 0.0129852294921875, 0.386962890625, 0.1412353515625, 0.7109375, 5.0078125, 0.0731201171875, 0.9873046875, 0.405517578125, 0.66162109375, 2.1953125, 3.359375, 0.2425537109375, 0.12744140625, 0.3193359375, 0.02703857421875, 0.1324462890625, 0.05908203125, 0.03179931640625, 6.00390625]",-1.6568956565223263
172,0,test,2.106590478264507,0.5081259500933553,0.6738789109171566,12.735296982235429,3.0718523346552846,4.0739043250900835,8.220166614483123,3.274733596013106,4.030121222235503,49.6946436239207,19.79725310317014,24.363914661696448,2.1274446866021086,0.5016266279404589,0.8520091105453114,9.455309718231593,2.229451679735372,3.786707157979161,8.393391639118565,3.310816457504437,4.8131310928317745,37.30396284052696,14.71473981113083,21.391693745919,2.12326373703105,0.6682575465782197,0.9981640370909362,11.58143856562391,3.645041163153926,5.444531111405107,8.358372549481281,4.073862560904273,5.277848587818568,45.59112299717063,22.22106851402331,28.78826502446492,0.507537688442211,-0.0024623115577889765,-0.0024623115577889765,0.44723618090452266,0.017236180904522613,0.027236180904522622,0.371859296482412,0.0018592964824120095,0.006859296482412014,0.44472361809045224,0.03192562561868306,0.059581878110002595,0.4357682619647355,0.4371859296482412,0.028664626390095815,0.07491547889698913,0.4292929292929293,0.4347826086956522,0.07418160702620313,0.12555012816172562,0.4261744966442953,21.0,7.0,6.0,29.0,6.0,7.0,34.0,7.0,8.0,1.5378128475974618e-05,-2.238336003296687e-05,-7.951005589705744e-07,-0.1810361085124237,-0.19083737256746325,-0.18613764762434126,"[3.44921875, 6.07421875, 1.751953125, 7.609375, 1.16796875, 2.658203125, 0.393798828125, 4.03125, 0.28076171875, 1.271484375, 0.0281982421875, 7.21484375, 0.1907958984375, 3.380859375, 0.06866455078125, 4.0546875, 0.005512237548828125, 2.814453125, 0.06158447265625, 4.8203125, 0.08355712890625, 1.6337890625, 0.014495849609375, 5.55859375, 0.0183868408203125, 4.578125, 0.0259552001953125, 6.49609375, 0.00873565673828125, 3.98828125, 0.003612518310546875, 5.01953125, 0.006511688232421875, 2.794921875, 0.005855560302734375, 2.541015625, 0.0018825531005859375, 1.3779296875, 0.00585174560546875, 5.53515625, 0.006381988525390625, 6.76953125, 0.005352020263671875, 5.2109375, 0.01947021484375, 1.5498046875, 0.00492095947265625, 5.8203125, 0.00797271728515625, 4.48828125, 0.0087738037109375, 4.875, 0.03564453125, 5.20703125, 0.0046844482421875, 6.39453125, 0.00438690185546875, 3.26953125, 0.00701141357421875, 4.3203125, 0.007358551025390625, 6.1875, 0.0084991455078125, 5.16796875, 0.0035037994384765625, 4.484375, 0.0024471282958984375, 6.3671875, 0.0053863525390625, 4.7578125, 0.00797271728515625, 2.275390625, 0.0010595321655273438, 1.9052734375, 0.003082275390625, 1.9423828125, 0.007564544677734375, 1.62890625, 0.0080718994140625, 0.64990234375, 0.0026760101318359375, 4.2734375, 0.01195526123046875, 2.740234375, 0.005397796630859375, 1.7275390625, 0.00267791748046875, 6.46875, 0.00539398193359375, 5.44921875, 0.0016298294067382812, 1.994140625, 0.0007395744323730469, 3.916015625, 0.0010595321655273438, 1.642578125, 0.0008716583251953125, 4.82421875, 0.0011186599731445312, 6.2421875, 0.007564544677734375, 2.419921875, 0.00174713134765625, 3.037109375, 0.001796722412109375, 3.869140625, 0.0013675689697265625, 7.6328125, 0.0034236907958984375, 1.73046875, 0.0014934539794921875, 4.14453125, 0.002658843994140625, 4.82421875, 0.003063201904296875, 2.783203125, 0.00536346435546875, 3.390625, 0.001972198486328125, 4.51171875, 0.003360748291015625, 3.33203125, 0.0136871337890625, 3.638671875, 0.003063201904296875, 5.671875, 0.0020923614501953125, 4.828125, 0.00240325927734375, 7.125, 0.0017843246459960938, 1.76953125, 0.0026760101318359375, 5.8125, 0.0032024383544921875, 2.19140625, 0.00551605224609375, 4.3828125, 0.004741668701171875, 4.38671875, 0.0015659332275390625, 2.4375, 0.002101898193359375, 4.44140625, 0.001132965087890625, 5.14453125, 0.0016813278198242188, 3.9765625, 0.0055389404296875, 3.578125, 0.00371551513671875, 4.9140625, 0.0017528533935546875, 2.01953125, 0.0009455680847167969, 5.94140625, 0.00372314453125, 4.1953125, 0.00583648681640625, 6.74609375, 0.003902435302734375, 5.6875, 0.002567291259765625, 3.73046875, 0.0014009475708007812, 2.712890625, 0.0010652542114257812, 4.79296875, 0.00624847412109375, 1.8798828125, 0.005859375, 3.640625, 0.00266265869140625, 4.7421875, 0.00066375732421875, 4.5703125, 0.0029392242431640625, 5.734375, 0.0025653839111328125, 1.9794921875, 0.0013589859008789062, 3.646484375, 0.0024814605712890625, 3.66796875, 0.0032215118408203125, 7.078125, 0.000865936279296875, 5.140625, 0.004070281982421875, 5.265625, 0.0034580230712890625, 4.4609375, 0.0024204254150390625, 5.35546875, 0.0014896392822265625, 5.6875, 0.0043792724609375, 4.6484375, 0.0032901763916015625, 2.9296875, 0.006992340087890625, 6.40625, 0.004199981689453125, 5.31640625, 0.0014696121215820312, 1.87890625, 0.0019445419311523438, 4.25390625, 0.005435943603515625, 4.83984375, 0.004924774169921875, 3.30859375, 0.005413055419921875, 2.712890625, 0.001926422119140625, 2.939453125, 0.0019207000732421875, 2.998046875, 0.0012378692626953125, 6.94140625, 0.0015811920166015625, 6.6171875, 0.0020999908447265625, 3.7734375, 0.0022754669189453125, 4.1875, 0.003330230712890625, 3.943359375, 0.001800537109375, 6.57421875, 0.0023288726806640625, 4.5703125, 0.006549835205078125, 6.4375, 0.002410888671875, 1.380859375, 0.0025634765625, 3.62890625, 0.002132415771484375, 3.05859375, 0.007709503173828125, 4.6953125, 0.0036563873291015625, 3.5, 0.0012187957763671875, 5.29296875, 0.0033168792724609375, 2.47265625, 0.0018138885498046875, 2.33984375, 0.0025348663330078125, 5.609375, 0.0018167495727539062, 6.3125, 0.0012865066528320312, 4.15234375, 0.00689697265625, 2.705078125, 0.0029582977294921875, 2.37890625, 0.00699615478515625, 1.533203125, 0.0023632049560546875, 3.46875, 0.0026760101318359375, 2.51953125, 0.0025806427001953125, 2.232421875, 0.0018873214721679688, 4.85546875, 0.001216888427734375, 3.51953125, 0.0014467239379882812, 2.654296875, 0.00112152099609375, 6.16015625, 0.0013113021850585938, 4.5703125, 0.0012521743774414062, 6.5859375, 0.0021419525146484375, 7.16015625, 0.002109527587890625, 2.517578125, 0.0011053085327148438, 6.578125, 0.002384185791015625, 0.7841796875, 0.002132415771484375, 5.7109375, 0.00640869140625, 6.22265625, 0.00643157958984375, 5.18359375, 0.002777099609375, 3.4140625, 0.002056121826171875, 5.375, 0.0037136077880859375, 7.18359375, 0.00415802001953125, 4.85546875, 0.0013532638549804688, 5.3359375, 0.002391815185546875, 4.40234375, 0.00560760498046875, 5.41796875, 0.0011777877807617188, 2.56640625, 0.0034732818603515625, 4.796875, 0.003437042236328125, 3.625, 0.0028209686279296875, 5.03125, 0.00218963623046875, 5.58203125, 0.000885009765625, 3.98828125, 0.0012140274047851562, 4.73828125, 0.005462646484375, 4.19921875, 0.0034313201904296875, 4.6796875, 0.00237274169921875, 4.5625, 0.0015001296997070312, 1.8388671875, 0.001194000244140625, 4.6796875, 0.0011091232299804688, 4.94140625, 0.0018548965454101562, 4.17578125, 0.004573822021484375, 4.703125, 0.0032215118408203125, 4.9375, 0.0007863044738769531, 3.333984375, 0.0021877288818359375, 3.05859375, 0.0016689300537109375, 2.615234375, 0.00276947021484375, 2.83984375, 0.001556396484375, 2.470703125, 0.0010824203491210938, 2.115234375, 0.0011205673217773438, 5.30859375, 0.0026912689208984375, 3.845703125, 0.0022563934326171875, 3.314453125, 0.0010404586791992188, 1.875, 0.0016956329345703125, 2.18359375, 0.0014162063598632812, 6.16796875, 0.0022869110107421875, 3.955078125, 0.0016775131225585938, 4.78515625, 0.0030307769775390625, 4.37890625, 0.000965118408203125, 6.00390625, 0.0014123916625976562, 3.91015625, 0.004550933837890625, 1.4091796875, 0.002593994140625, 5.27734375, 0.0011272430419921875, 5.4375, 0.0012979507446289062, 4.80859375, 0.002429962158203125, 4.54296875, 0.0021343231201171875, 4.4296875, 0.003795623779296875, 5.34375, 0.0015554428100585938, 3.171875, 0.001068115234375, 2.76171875, 0.0012655258178710938, 2.234375, 0.0029850006103515625, 3.3828125, 0.002254486083984375, 4.53125]",-2.1724484278329053
245,0,test,3.061221290603136,1.3516246690440898,1.3516246690440898,11.490671221249452,5.073489699745206,5.073489699745206,21.35362021922062,15.82688855569785,15.82688855569785,80.15344401127739,59.40817588298178,59.40817588298178,2.616674775454267,1.1355930181239104,1.5739535879232147,7.810969478967961,3.3898299048474936,4.698368919173776,13.690125074518372,9.292424721170205,10.853198745616604,40.8660449985623,27.73858125722449,32.39760819587046,3.2685755582956166,1.4718982570511516,2.0383041549648997,9.250685542346085,4.1657497841070334,5.768785344240282,26.273887054840603,20.244307388442426,22.851728859444748,74.36005770237907,57.29520958993139,64.67470431918325,0.457286432160804,0.0022864321608040417,-0.0027135678391959628,0.3668341708542714,-0.013165829145728614,-0.013165829145728614,0.31155778894472363,-0.008442211055276316,-0.018442211055276325,0.39264990328820115,0.137517938478817,0.137517938478817,0.35465116279069764,0.31658291457286436,0.09101900479842828,0.13127406649273077,0.24747474747474751,0.3913043478260869,0.13420918922842417,0.19441891957247182,0.3657718120805369,22.0,1.0,0.0,30.0,-1.0,0.0,37.0,1.0,1.0,0.00011418338043147318,-2.5704065847458593e-05,0.00023517677921745922,-0.07853960533140025,-0.08497491838793714,-0.09088987591031739,"[2.177734375, 4.55859375, 3.017578125, 16.1875, 14.015625, 5.984375, 5.12890625, 0.418212890625, 12.4921875, 2.912109375, 5.46484375, 1.6865234375, 9.53125, 3.22265625, 3.962890625, 6.25390625, 1.1103515625, 9.75, 3.236328125, 11.5, 2.482421875, 3.98046875, 1.0654296875, 1.3388671875, 0.484375, 11.15625, 5.875, 0.982421875, 8.6484375, 10.8828125, 1.466796875, 6.83203125, 0.5224609375, 4.85546875, 6.24609375, 3.357421875, 0.77392578125, 1.5947265625, 0.51806640625, 6.9609375, 0.30224609375, 4.125, 0.0197601318359375, 0.2021484375, 11.1796875, 4.2890625, 0.759765625, 0.291259765625, 0.11700439453125, 8.75, 0.043182373046875, 4.12890625, 0.4482421875, 0.11834716796875, 0.52392578125, 0.1981201171875, 0.09478759765625, 0.370849609375, 4.05859375, 9.3359375, 0.33447265625, 1.03125, 0.0011615753173828125, 0.020233154296875, 10.1328125, 4.7734375, 0.261474609375, 8.0703125, 6.25, 6.78125, 0.490478515625, 0.54443359375, 5.328125, 2.150390625, 13.5390625, 3.166015625, 1.75, 0.642578125, 1.2509765625, 0.12158203125, 0.489501953125, 0.0007786750793457031, 0.0122528076171875, 2.66015625, 0.31787109375, 0.0611572265625, 0.35107421875, 0.25439453125, 0.66845703125, 0.0941162109375, 0.1683349609375, 1.2529296875, 12.1484375, 0.42041015625, 0.8193359375, 0.20703125, 0.436767578125, 2.083984375, 3.130859375, 5.58984375, 0.0870361328125, 0.042724609375, 0.25341796875, 0.58935546875, 0.068603515625, 0.365966796875, 0.0009527206420898438, 0.0019311904907226562, 0.8955078125, 0.0706787109375, 0.042022705078125, 0.1309814453125, 3.189453125, 0.133056640625, 0.049713134765625, 0.03466796875, 0.9365234375, 3.78515625, 0.81494140625, 0.009307861328125, 0.0125732421875, 0.07330322265625, 0.302978515625, 0.057373046875, 0.2176513671875, 0.00036716461181640625, 0.0017490386962890625, 0.58154296875, 0.03375244140625, 0.08489990234375, 0.05316162109375, 1.572265625, 0.302001953125, 0.0196990966796875, 0.0257568359375, 0.78564453125, 1.60546875, 0.0171661376953125, 0.058349609375, 0.03448486328125, 0.150146484375, 0.10198974609375, 0.221435546875, 0.3642578125, 0.007564544677734375, 0.02642822265625, 0.025787353515625, 8.3515625, 4.34375, 9.34375, 5.66796875, 0.5673828125, 0.160400390625, 7.0546875, 4.265625, 3.845703125, 6.21484375, 9.109375, 0.390869140625, 0.1513671875, 0.0006299018859863281, 0.0093841552734375, 2.087890625, 0.7294921875, 0.017333984375, 0.20947265625, 8.4921875, 2.15625, 0.07275390625, 0.316162109375, 7.89453125, 2.21875, 0.070068359375, 0.037841796875, 0.283935546875, 6.9765625, 9.609375, 1.134765625, 0.2359619140625, 5.2109375, 4.0, 0.0227508544921875, 7.21875, 0.978515625, 3.482421875, 0.424560546875, 0.0003788471221923828, 4.30078125, 10.234375, 0.3623046875, 0.0914306640625, 0.0005445480346679688, 1.2294921875, 6.32421875, 2.31640625, 1.0439453125, 0.0858154296875, 1.5703125, 0.30810546875, 0.09271240234375, 2.720703125, 6.171875, 0.1741943359375, 0.10809326171875, 9.0703125, 2.578125, 7.265625, 4.140625, 9.6640625, 2.099609375, 0.3857421875, 2.359375, 0.0523681640625, 0.199462890625, 7.265625, 8.046875, 7.24609375, 0.5009765625, 0.0396728515625, 12.3125, 5.234375, 4.6171875, 0.0545654296875, 12.1953125, 0.10577392578125, 0.275634765625, 0.0002655982971191406, 0.0020198822021484375, 6.31640625, 12.3125, 12.546875, 4.12109375, 10.3359375, 5.73046875, 2.314453125, 0.275146484375, 7.21484375, 10.0859375, 3.06640625, 1.5146484375, 0.05059814453125, 4.83984375, 5.82421875, 9.4296875, 8.78125, 2.802734375, 4.921875, 0.223388671875, 6.32421875, 9.875, 0.0261688232421875, 7.3984375, 4.9140625, 3.814453125, 7.96484375, 6.625, 5.9609375, 8.2734375, 13.6796875, 10.1796875, 1.3310546875, 5.13671875, 0.1937255859375, 6.80859375, 4.7265625, 6.8984375, 9.203125, 0.35107421875, 3.8203125, 0.00536346435546875, 0.86083984375, 12.34375, 2.04296875, 9.09375, 3.544921875, 0.82470703125, 0.0063018798828125, 0.225341796875, 6.18359375, 6.4296875, 0.0897216796875, 3.76171875, 1.6083984375, 0.004795074462890625, 7.40625, 0.9521484375, 6.3984375, 7.4375, 8.6953125, 5.22265625, 1.3291015625, 4.1953125, 10.1171875, 1.9921875, 0.32080078125, 3.15234375, 8.234375, 1.3349609375, 4.796875, 13.6640625, 10.9609375, 11.0390625, 3.072265625, 10.75, 7.3828125, 5.3359375, 5.23828125, 3.369140625, 1.7490234375, 0.006381988525390625, 7.1953125, 10.59375, 0.93017578125, 6.1328125, 12.140625, 5.375, 5.13671875, 8.8359375, 6.6953125, 0.00945281982421875, 8.609375, 5.2890625, 7.796875, 2.35546875, 3.4609375, 5.56640625, 0.212646484375, 4.703125, 4.265625, 6.6875, 4.2109375, 2.99609375, 0.454345703125, 10.2890625, 8.078125, 3.375, 4.99609375, 0.478759765625, 0.4599609375, 2.41796875, 0.94287109375, 1.287109375, 0.1143798828125, 0.203369140625, 4.61328125, 0.003520965576171875, 0.335205078125, 0.141845703125, 0.139404296875, 0.01568603515625, 0.0794677734375, 0.0004901885986328125, 0.0025577545166015625, 0.57421875, 0.1927490234375, 0.1436767578125, 9.109375, 4.19140625, 0.10211181640625, 0.004688262939453125, 8.15625, 8.78125, 10.6484375, 1.9658203125, 5.171875, 10.5703125, 2.90234375, 1.375, 0.065185546875, 0.224609375, 1.0673828125, 0.1446533203125, 0.443115234375, 0.04083251953125, 0.05120849609375, 1.025390625, 0.00817108154296875, 0.183349609375, 0.06256103515625, 0.04205322265625, 0.01189422607421875, 0.02081298828125, 0.00029850006103515625, 0.0017156600952148438, 0.33544921875, 0.2415771484375, 11.0546875, 0.67724609375, 0.053192138671875, 0.00594329833984375, 2.37890625, 0.485595703125, 12.125, 6.1015625, 6.546875, 3.478515625, 1.7177734375, 0.1983642578125, 0.035003662109375, 0.06512451171875, 0.7509765625, 0.07171630859375, 0.1800537109375, 0.025115966796875, 0.04638671875, 0.58837890625, 0.0025959014892578125, 0.1898193359375, 0.0239105224609375, 0.0673828125, 0.01557159423828125, 0.0222320556640625, 0.00026702880859375, 0.00269317626953125, 0.603515625, 0.279052734375, 5.5703125, 1.28515625, 0.0305633544921875, 0.008636474609375, 0.372802734375, 6.43359375, 8.53125, 10.5546875, 0.477294921875, 9.6796875, 4.7109375, 10.1171875, 1.826171875, 1.7841796875, 0.5849609375, 0.355712890625, 0.033843994140625, 0.053985595703125, 0.27294921875, 0.0217132568359375, 0.125732421875, 0.022064208984375, 0.0200042724609375, 0.1634521484375, 0.0023021697998046875, 0.151611328125, 0.02520751953125, 0.057098388671875, 0.009613037109375, 0.017242431640625, 8.511543273925781e-05, 0.0007801055908203125, 0.337158203125, 0.179443359375, 3.78515625, 0.1630859375, 0.041717529296875, 0.007450103759765625, 0.061309814453125, 4.45703125, 0.126220703125, 11.7578125, 2.708984375, 3.42578125, 3.107421875, 5.30859375, 0.0310516357421875, 5.8125, 3.990234375, 10.5625, 7.65234375, 9.6171875, 0.66943359375, 7.44140625, 1.1796875, 0.73486328125, 0.11175537109375, 6.2578125, 0.521484375, 3.36328125, 0.025726318359375, 0.43701171875, 0.149658203125, 8.28125, 5.71484375, 7.57421875, 0.26318359375, 0.164794921875, 0.034271240234375, 4.23828125, 0.0165557861328125, 6.09375, 0.12176513671875, 0.8984375, 0.052276611328125, 4.23828125, 0.01006317138671875, 6.16015625, 0.164794921875, 0.73046875, 0.0025691986083984375, 14.03125, 3.087890625, 3.599609375, 0.20751953125, 9.3671875, 3.720703125, 0.1949462890625, 3.998046875, 0.1466064453125, 5.1796875, 0.0032958984375, 0.08319091796875, 3.638671875, 0.27001953125, 1.1171875, 0.0036525726318359375, 3.9765625, 0.09674072265625, 2.837890625, 0.0841064453125]",-0.8641477336735974
80,0,test,2.6897683617988606,1.1627472810434423,1.50843284114776,6.2869284601081805,2.7177466568967206,3.5257345925622348,14.728263896725366,10.123823779810156,11.46954050631289,34.4250987465629,23.66291341305024,26.808323593068685,2.7928120023641156,1.2573014447281319,1.7345975617954559,6.982030005910289,3.14325361182033,4.3364939044886395,16.326866498260188,11.683170699087785,13.44564469747537,40.81716624565047,29.207926747719462,33.614111743688426,2.9542283134715612,1.3402608659439004,1.8393748508714898,7.510749949503969,3.407442879518391,4.676376739503787,19.186910724930957,14.164211680212421,16.137789388799746,48.780281504061755,36.01070766155701,41.028278107118,0.542713567839196,-0.007286432160804046,-0.0022864321608039306,0.4321608040201005,-0.012839195979899465,-0.012839195979899465,0.3668341708542714,-0.0031658291457286047,-0.00816582914572861,0.37726098191214474,0.11919646578311249,0.15243204740579086,0.3471502590673575,0.3668341708542714,0.10868880744575005,0.15314468838348672,0.3282828282828283,0.3913043478260869,0.12419249473760607,0.17550901968370647,0.36241610738255037,23.0,4.0,4.0,36.0,6.0,6.0,43.0,8.0,6.0,0.001242748857297171,0.0005825252358905701,0.0004439372554730907,-0.06426776573687931,-0.057774905554128786,-0.06179513840214579,"[6.8359375, 7.953125, 2.068359375, 11.3125, 1.3388671875, 1.3720703125, 9.4453125, 2.126953125, 6.09765625, 1.14453125, 5.7109375, 1.33203125, 10.46875, 2.458984375, 0.6025390625, 1.34375, 4.51171875, 5.34375, 3.265625, 2.33984375, 5.078125, 5.5390625, 4.98828125, 9.7265625, 8.4765625, 3.947265625, 2.646484375, 3.888671875, 8.875, 6.94921875, 10.90625, 6.07421875, 9.625, 1.431640625, 1.392578125, 2.1015625, 0.371337890625, 6.1484375, 6.28125, 6.7109375, 0.238525390625, 3.80078125, 3.87109375, 4.86328125, 0.410400390625, 0.21826171875, 0.485107421875, 0.677734375, 0.2459716796875, 0.09515380859375, 0.09600830078125, 0.11566162109375, 6.66796875, 5.8125, 0.00841522216796875, 0.61474609375, 1.22265625, 0.53173828125, 0.1427001953125, 0.190185546875, 1.115234375, 0.1077880859375, 4.8203125, 7.0859375, 3.845703125, 6.77734375, 4.76171875, 5.09375, 3.236328125, 0.5341796875, 8.0546875, 6.08984375, 0.93408203125, 0.447998046875, 1.759765625, 0.04290771484375, 1.3232421875, 2.20703125, 0.75146484375, 0.0965576171875, 7.02734375, 10.2421875, 5.69140625, 8.40625, 2.66015625, 2.291015625, 2.521484375, 2.826171875, 5.11328125, 0.9599609375, 2.216796875, 7.68359375, 1.3896484375, 0.261962890625, 1.3876953125, 4.7734375, 1.5048828125, 0.84033203125, 7.671875, 0.04510498046875, 4.59765625, 8.390625, 4.40625, 0.2447509765625, 1.83203125, 0.279052734375, 0.062347412109375, 4.5703125, 2.28125, 0.2352294921875, 0.2734375, 0.185791015625, 0.0487060546875, 0.9453125, 0.008056640625, 3.529296875, 0.0726318359375, 0.031890869140625, 0.252197265625, 0.185302734375, 0.041412353515625, 0.2261962890625, 0.446044921875, 0.0579833984375, 0.340087890625, 0.30908203125, 0.00992584228515625, 1.681640625, 10.2265625, 5.99609375, 1.1630859375, 0.01409912109375, 0.5615234375, 0.04010009765625, 0.043121337890625, 0.98974609375, 0.546875, 0.04754638671875, 0.10009765625, 0.05621337890625, 0.031280517578125, 0.513671875, 0.008758544921875, 2.384765625, 0.12371826171875, 0.0223236083984375, 0.180908203125, 0.04132080078125, 0.05181884765625, 0.031463623046875, 0.1083984375, 0.0161590576171875, 0.10211181640625, 0.03857421875, 0.003078460693359375, 1.4794921875, 0.77294921875, 7.03515625, 0.0207061767578125, 0.028839111328125, 0.03668212890625, 0.042388916015625, 9.4296875, 0.16943359375, 4.51171875, 8.375, 5.8515625, 1.2587890625, 0.31201171875, 3.6953125, 2.037109375, 3.271484375, 5.18359375, 3.654296875, 7.11328125, 0.229248046875, 5.65234375, 8.8671875, 0.60400390625, 3.595703125, 9.59375, 6.59375, 3.994140625, 0.0193634033203125, 11.8359375, 0.030029296875, 0.0081024169921875, 0.9521484375, 0.1881103515625, 4.49609375, 0.765625, 0.70751953125, 0.2183837890625, 3.25390625, 0.092041015625, 1.6982421875, 1.8349609375, 0.200927734375, 0.419677734375, 10.28125, 0.12744140625, 5.1484375, 5.26171875, 8.4453125, 1.8134765625, 2.90625, 3.6640625, 4.34765625, 15.28125, 2.7265625, 0.03839111328125, 0.552734375, 0.004756927490234375, 0.0005326271057128906, 5.0, 9.9375, 0.02294921875, 0.057159423828125, 1.203125, 5.63671875, 0.02130126953125, 1.748046875, 3.853515625, 5.61328125, 2.525390625, 1.306640625, 4.4453125, 0.619140625, 5.8671875, 10.6015625, 4.23828125, 8.265625, 0.794921875, 1.7119140625, 0.01690673828125, 3.501953125, 6.8203125, 4.8125, 1.353515625, 1.1435546875, 6.8515625, 0.30810546875, 0.0078125, 2.3984375, 0.25048828125, 0.04498291015625, 1.9833984375, 0.06829833984375, 5.3828125, 2.8671875, 5.30078125, 0.348388671875, 0.162841796875, 6.61328125, 5.46484375, 8.484375, 3.861328125, 7.19921875, 9.703125, 2.99609375, 2.81640625, 0.1654052734375, 0.09942626953125, 8.0390625, 6.78515625, 5.13671875, 0.70556640625, 0.489501953125, 1.4033203125, 0.00482177734375, 0.01122283935546875, 7.578125, 1.9599609375, 8.03125, 0.451416015625, 0.1905517578125, 3.296875, 4.07421875, 0.53173828125, 5.80859375, 1.552734375, 0.75048828125, 0.034393310546875, 4.203125, 1.7451171875, 5.71484375, 5.21484375, 9.375, 7.8203125, 0.22802734375, 1.5283203125, 0.18212890625, 0.367431640625, 0.0350341796875, 0.07061767578125, 0.01476287841796875, 6.4609375, 0.537109375, 1.4365234375, 0.1650390625, 0.00737762451171875, 0.008056640625, 0.0022735595703125, 6.265625, 7.24609375, 4.29296875, 6.265625, 6.4140625, 4.54296875, 8.796875, 7.421875, 6.55859375, 0.54248046875, 0.388671875, 1.306640625, 0.3076171875, 1.724609375, 0.81396484375, 0.11578369140625, 0.98583984375, 0.00594329833984375, 9.6328125, 4.25, 5.20703125, 2.9921875, 5.1171875, 5.34765625, 0.0015621185302734375, 0.9912109375, 0.0097503662109375, 1.8720703125, 0.55615234375, 8.0390625, 5.75390625, 6.32421875, 0.0265350341796875, 1.1142578125, 1.025390625, 0.179443359375, 6.49609375, 2.48046875, 3.498046875, 2.791015625, 6.15625, 0.68359375, 0.323974609375, 0.1864013671875, 1.017578125, 1.0263671875, 5.9765625, 4.875, 0.564453125, 0.0015249252319335938, 0.88037109375, 0.546875, 0.0306854248046875, 0.380126953125, 0.0355224609375, 0.0208740234375, 0.005794525146484375, 0.007328033447265625, 0.047576904296875, 0.0016613006591796875, 0.0002262592315673828, 0.0207977294921875, 0.73046875, 0.0017671585083007812, 0.011566162109375, 0.0278167724609375, 0.0008411407470703125, 0.004177093505859375, 0.0004696846008300781, 0.002902984619140625, 0.01458740234375, 0.0092620849609375, 0.1317138671875, 0.0012493133544921875, 0.0007538795471191406, 0.08636474609375, 0.019989013671875, 0.04974365234375, 0.01873779296875, 0.00917816162109375, 0.013336181640625, 0.0005407333374023438, 0.0014791488647460938, 0.0025615692138671875]",-1.33931870485153
30,0,test,2.2814039609177783,1.0161698914415471,1.4046969405980638,5.466760434652035,2.434973136095783,3.3659719142632856,9.790416126678307,6.246493963640369,7.387442406786988,23.460053737512172,14.968013837402395,17.701984635131083,2.2591362406860043,0.9621468302425908,1.3465223110743907,5.510088391917084,2.346699585957539,3.2842007587180264,9.574815258086991,5.91654872476064,7.083990385841653,23.35320794655364,14.43060664575766,17.278025331321107,2.318200680578179,1.052966611101948,1.4331745969089051,5.554933706291109,2.523146407734857,3.4342108265553017,10.157381479918312,6.613459316880374,7.734333887284984,24.339385810370295,15.847345910260518,18.533215163871564,0.5025125628140703,0.002512562814070307,0.007512562814070312,0.3919597989949749,0.006959798994974897,0.006959798994974897,0.3015075376884422,0.011507537688442149,-0.008492462311557869,0.37154150197628455,0.11118647239048574,0.16786213272529904,0.28174603174603174,0.371859296482412,0.11120766740973032,0.15816981401162733,0.2525252525252525,0.3675889328063241,0.10723390322052528,0.1639095635553386,0.28174603174603174,22.0,4.0,2.0,32.0,5.0,2.0,39.0,7.0,4.0,0.00011525997317855016,0.00041812035518749743,0.000606280836463484,-0.08047583215044618,-0.09038253488447712,-0.0919807375359678,"[10.1953125, 3.404296875, 4.3203125, 1.92578125, 4.01953125, 8.765625, 5.60546875, 0.919921875, 6.12109375, 9.15625, 3.134765625, 1.5390625, 3.8515625, 0.158203125, 8.8828125, 4.8828125, 4.05859375, 2.306640625, 1.62109375, 1.55078125, 0.68115234375, 5.15625, 6.796875, 4.59375, 1.0380859375, 5.9609375, 0.99462890625, 2.046875, 7.546875, 0.431640625, 4.77734375, 0.051788330078125, 0.69189453125, 0.95703125, 1.1259765625, 6.52734375, 4.05078125, 4.234375, 7.2265625, 8.8828125, 5.6015625, 2.30078125, 0.30908203125, 0.12109375, 4.28515625, 10.953125, 1.02734375, 3.34375, 4.89453125, 1.2802734375, 3.392578125, 0.1663818359375, 1.16796875, 10.1484375, 1.0986328125, 3.888671875, 6.80859375, 0.9013671875, 1.05078125, 0.68408203125, 7.6875, 0.3544921875, 2.322265625, 2.353515625, 2.900390625, 6.8828125, 3.96875, 10.1875, 2.36328125, 8.6796875, 1.58203125, 2.611328125, 0.70654296875, 0.29931640625, 9.5, 0.11956787109375, 4.265625, 1.517578125, 3.578125, 3.455078125, 0.6611328125, 1.55859375, 0.1485595703125, 6.02734375, 3.087890625, 5.39453125, 1.9091796875, 2.83203125, 4.41015625, 2.576171875, 1.974609375, 0.10369873046875, 0.11767578125, 0.97216796875, 0.15625, 0.0885009765625, 6.01953125, 2.28125, 5.44140625, 10.0546875, 4.7578125, 0.56787109375, 5.29296875, 0.59033203125, 0.09814453125, 0.039459228515625, 1.1171875, 0.12066650390625, 0.0283050537109375, 0.48876953125, 0.130615234375, 0.1468505859375, 5.03515625, 5.98046875, 0.184814453125, 0.78271484375, 0.1683349609375, 0.1566162109375, 0.022430419921875, 0.219970703125, 0.059326171875, 0.0390625, 7.40625, 1.94140625, 4.18359375, 1.322265625, 0.2022705078125, 0.021240234375, 1.3251953125, 0.08453369140625, 2.150390625, 2.662109375, 2.5, 0.006900787353515625, 0.0396728515625, 0.77001953125, 0.0172576904296875, 0.440185546875, 0.047271728515625, 0.1309814453125, 5.32421875, 0.1046142578125, 0.06329345703125, 0.51611328125, 0.03216552734375, 0.0692138671875, 0.208251953125, 0.67822265625, 0.05908203125, 1.0244140625, 0.6650390625, 0.3427734375, 0.27001953125, 0.8837890625, 0.5546875, 0.07623291015625, 3.5546875, 0.0458984375, 0.284423828125, 0.09197998046875, 0.383056640625, 1.0439453125, 0.0016994476318359375, 0.0555419921875, 0.068359375, 0.055450439453125, 0.0673828125, 0.0218505859375, 0.0200347900390625, 0.051605224609375, 0.0914306640625, 0.072021484375, 0.28515625, 0.11871337890625, 0.03131103515625, 5.5, 0.6474609375, 0.06549072265625, 0.0217437744140625, 0.78076171875, 0.07000732421875, 0.0245819091796875, 5.86328125, 4.60546875, 0.73828125, 0.1473388671875, 0.057525634765625, 0.57861328125, 0.0338134765625, 0.01517486572265625, 3.57421875, 0.08599853515625, 0.09234619140625, 0.3583984375, 0.015472412109375, 0.08111572265625, 0.06951904296875, 0.01184844970703125, 2.423828125, 0.040252685546875, 0.082275390625, 1.3427734375, 4.4609375, 8.140625, 5.6796875, 0.3671875, 4.9375, 2.9765625, 0.08074951171875, 6.2421875, 2.841796875, 2.677734375, 8.7734375, 0.39013671875, 3.30859375, 3.525390625, 0.3994140625, 0.41064453125, 1.7470703125, 11.4921875, 2.787109375, 4.8359375, 6.82421875, 2.103515625, 5.1640625, 8.2421875, 5.1796875, 0.00226593017578125, 1.033203125, 0.3095703125, 0.0152435302734375, 0.1337890625, 0.046600341796875, 0.1251220703125, 3.23046875, 1.083984375, 6.0546875, 1.3916015625, 0.53271484375, 0.76025390625, 0.00032448768615722656, 0.01364898681640625, 0.061676025390625, 0.0029582977294921875, 0.056854248046875, 0.07733154296875, 0.1536865234375, 3.375, 0.040313720703125, 1.6162109375, 1.44140625, 0.1495361328125, 1.306640625]",-1.6064088919417188
1,0,test,3.4165638421171454,1.4533028995412625,1.611686967847867,9.097821431009084,3.8699380067784475,4.291692154383463,30.464553947429856,23.34203859710134,24.385331053752758,81.12275508287037,62.15651420713843,64.93465297742164,3.2617502368275244,1.330506813893836,1.8876750871735755,7.955488382506157,3.245138570472771,4.6040855784721355,26.09516992420365,19.19708777944001,22.143749364396456,63.64675591269183,46.822165315707345,54.00914479121087,3.618393230996403,1.5371984061105586,2.1495812487959416,8.547385585030874,3.631177337269037,5.077750981407737,37.27762314692707,29.26358457808172,32.93355190661593,88.05737751242614,69.12657774350012,77.79579190539197,0.5678391959798995,-0.007160804020100442,0.002839195979899567,0.4824120603015075,-0.0025879396984924696,0.007412060301507539,0.4371859296482412,-0.002814070351758735,-0.002814070351758735,0.410752688172043,0.11644549160920736,0.13216031280547413,0.3987068965517241,0.38190954773869346,0.09619526202440776,0.1381699817954547,0.3535353535353535,0.42140468227424754,0.11923439846790362,0.18113771898170028,0.412751677852349,24.0,1.0,1.0,34.0,0.0,-1.0,42.0,4.0,4.0,0.0004634679046440695,-0.0003254506602237024,6.977044337521789e-05,-0.03166655579219935,-0.03279379108050584,-0.0351785945171077,"[10.5390625, 5.91796875, 10.1328125, 9.34375, 6.04296875, 0.8984375, 1.47265625, 0.447998046875, 3.1953125, 5.02734375, 0.82958984375, 3.0078125, 0.966796875, 1.6162109375, 4.10546875, 7.4921875, 0.529296875, 3.05859375, 0.026947021484375, 3.580078125, 0.74462890625, 4.953125, 9.7578125, 6.609375, 0.51171875, 1.2099609375, 1.18359375, 1.5751953125, 0.0132293701171875, 0.4853515625, 0.037017822265625, 0.275390625, 9.828125, 3.9140625, 1.068359375, 0.322265625, 0.0097808837890625, 1.650390625, 0.003570556640625, 1.380859375, 0.03509521484375, 0.274658203125, 10.65625, 2.30078125, 7.3359375, 5.7734375, 9.0, 3.134765625, 5.44921875, 1.3271484375, 0.398193359375, 0.5380859375, 0.54052734375, 4.66796875, 0.196044921875, 1.009765625, 0.049346923828125, 5.453125, 8.4140625, 4.28125, 10.3359375, 8.3359375, 12.046875, 10.6953125, 11.0546875, 5.35546875, 3.931640625, 8.078125, 6.60546875, 1.357421875, 10.3515625, 0.841796875, 11.5859375, 1.697265625, 3.017578125, 0.26318359375, 2.298828125, 0.467529296875, 0.57861328125, 0.002124786376953125, 0.1695556640625, 0.0265045166015625, 0.2298583984375, 5.20703125, 1.8447265625, 0.137451171875, 4.125, 0.005153656005859375, 5.0625, 0.007171630859375, 3.34375, 0.057464599609375, 0.115966796875, 0.37255859375, 0.01003265380859375, 2.26171875, 8.1015625, 1.8984375, 5.28125, 0.60595703125, 0.6396484375, 0.022918701171875, 0.09332275390625, 0.0704345703125, 0.267822265625, 3.087890625, 0.22119140625, 3.126953125, 0.0126953125, 6.109375, 0.07147216796875, 0.60986328125, 0.7763671875, 3.35546875, 0.07403564453125, 2.30859375, 0.0034542083740234375, 3.712890625, 0.000965118408203125, 4.078125, 0.0216522216796875, 0.04010009765625, 10.0703125, 13.0078125, 8.421875, 6.9765625, 11.515625, 6.69921875, 7.9296875, 11.1875, 11.046875, 4.51171875, 8.7890625, 0.115478515625, 0.1123046875, 0.0001806020736694336, 0.151123046875, 0.034637451171875, 5.04296875, 3.099609375, 0.0184326171875, 9.15625, 10.4921875, 2.939453125, 8.5546875, 4.57421875, 8.4765625, 4.55859375, 5.15625, 6.22265625, 11.15625, 5.7578125, 0.51025390625, 0.039154052734375, 0.022308349609375, 0.50146484375, 0.50048828125, 0.02825927734375, 1.3857421875, 4.12890625, 0.213134765625, 5.67578125, 7.69921875, 9.140625, 11.2734375, 4.875, 3.65234375, 7.56640625, 1.462890625, 1.041015625, 0.016510009765625, 0.004924774169921875, 0.036895751953125, 0.0343017578125, 0.263916015625, 0.09576416015625, 0.36767578125, 0.0994873046875, 0.83203125, 0.00733184814453125, 1.0986328125, 0.01355743408203125, 0.050384521484375, 0.44189453125, 3.328125, 0.0543212890625, 0.86083984375, 0.001934051513671875, 2.52734375, 0.0006947517395019531, 2.2265625, 0.0224151611328125, 0.04656982421875, 3.845703125, 0.00827789306640625, 4.40234375, 7.640625, 0.04766845703125, 8.21875, 8.5625, 2.2109375, 9.96875, 11.265625, 5.65625, 2.404296875, 4.203125, 0.58154296875, 5.76171875, 0.0213165283203125, 0.11474609375, 2.396106719970703e-05, 6.1015625, 0.192138671875, 11.9921875, 11.71875, 6.1796875, 13.9140625, 0.66259765625, 0.0164794921875, 1.3857421875, 8.1875, 0.0831298828125, 3.150390625, 7.1015625, 6.70703125, 4.234375, 3.703125, 6.30859375, 4.703125, 12.3515625, 6.40625, 6.69921875, 0.9384765625, 9.453125, 6.1484375, 7.9609375, 8.0078125, 8.890625, 5.49609375, 4.5, 6.8203125, 5.56640625, 6.94140625, 5.328125, 6.01171875, 6.5234375, 2.146484375, 0.034454345703125, 0.7265625, 0.0758056640625, 0.38427734375, 0.0031833648681640625, 0.501953125, 0.005374908447265625, 0.05218505859375, 0.0777587890625, 2.58984375, 0.06976318359375, 1.458984375, 0.0010471343994140625, 0.6513671875, 0.00048470497131347656, 3.087890625, 0.00675201416015625, 0.019989013671875, 4.609375, 0.00775146484375, 10.078125, 8.484375, 6.98828125, 2.79296875, 6.6796875, 0.12445068359375, 0.27734375, 10.1484375, 5.73046875, 2.10546875, 6.6875, 0.482177734375, 3.744140625, 7.47265625, 11.8828125, 9.609375, 2.458984375, 0.0157318115234375, 2.169921875, 2.015625, 0.003345489501953125, 8.71875, 8.796875, 10.2265625, 2.501953125, 6.05859375, 7.32421875, 1.4013671875, 1.6513671875, 4.18359375, 0.83544921875, 5.57421875, 0.491943359375, 0.0960693359375, 0.0253448486328125, 0.0283660888671875, 0.28271484375, 0.0261993408203125, 4.0546875, 3.189453125, 0.016265869140625, 9.28125, 3.4140625, 6.37890625, 6.85546875, 7.83203125, 1.328125, 12.53125, 2.1875, 7.5390625, 4.2890625, 8.8046875, 7.55078125, 7.9296875, 9.1015625, 6.71875, 4.48828125, 3.109375, 2.7109375, 3.896484375, 4.484375, 3.373046875, 0.053466796875, 0.003520965576171875, 0.0006103515625, 0.381591796875, 0.08782958984375, 3.126953125, 0.51220703125, 0.009246826171875, 5.26953125, 7.8359375, 6.22265625, 2.875, 6.9765625, 0.050872802734375, 8.6484375, 1.53515625, 7.7890625, 1.451171875, 1.455078125, 0.01490020751953125, 0.0125579833984375, 0.00041985511779785156, 0.83935546875, 0.100830078125, 2.197265625, 0.1488037109375, 0.00539398193359375, 8.6171875, 2.484375, 0.5302734375, 8.609375, 5.7578125, 4.23828125, 3.388671875, 0.033660888671875, 0.04632568359375, 12.3828125, 9.65625, 0.51513671875, 6.41015625, 1.162109375, 4.55078125, 0.005779266357421875, 0.0285186767578125, 0.0009479522705078125, 0.001495361328125, 0.294677734375, 0.06805419921875, 2.19921875, 6.0234375, 0.003978729248046875, 0.368408203125, 7.0859375, 0.007152557373046875, 0.06524658203125, 7.8515625, 4.6875, 13.859375, 11.3125, 1.1220703125, 6.1484375, 1.916015625, 3.431640625, 0.01483154296875, 0.026275634765625, 0.0028476715087890625, 0.01213836669921875, 0.046173095703125, 0.048583984375, 0.420166015625, 0.0433349609375, 0.1339111328125, 0.002155303955078125, 3.541015625, 0.007587432861328125, 0.035003662109375, 6.046875, 1.4658203125, 0.003108978271484375, 3.900390625, 0.0012960433959960938, 5.49609375, 0.013519287109375, 0.0241241455078125, 6.56640625, 0.12432861328125, 0.1488037109375, 0.0589599609375, 0.042938232421875, 0.2470703125, 0.002002716064453125, 1.12109375, 0.00502777099609375, 0.08233642578125, 0.11663818359375, 1.810546875, 0.03033447265625, 0.81640625, 0.000728607177734375, 1.337890625, 0.0004744529724121094, 3.5, 0.0070953369140625, 0.057586669921875, 1.5625, 0.00745391845703125, 6.9375, 2.42578125, 3.337890625, 2.244140625, 4.58984375, 3.62109375, 4.53125, 0.83544921875, 4.80078125, 8.546875, 8.9609375, 9.015625, 7.86328125, 5.80859375, 0.9326171875, 1.83203125, 4.01171875, 0.7666015625, 8.4765625, 7.35546875, 1.453125, 0.0631103515625, 0.3369140625, 0.9775390625, 0.0012111663818359375, 10.5546875, 4.74609375, 6.91015625, 5.52734375, 9.7890625]",-0.48059621113602846
174,0,test,2.7113747815211933,1.2067361013513123,1.6675171454799942,6.326541156882785,2.815717569819729,3.89087333945332,15.049951694488465,10.547425210246738,12.209799512225885,35.116553953806424,24.61065882390906,28.489532195193735,3.0254312579955287,1.3404573966549367,1.866465781429284,5.762726205705769,2.553252184104641,3.55517291700816,20.602887955735127,15.21057797298179,17.416253033938613,39.243596106162144,28.972529472346263,33.17381530274021,2.7113747815211933,1.2067361013513123,1.6675171454799942,6.326541156882785,2.815717569819729,3.89087333945332,15.049951694488465,10.547425210246738,12.209799512225885,35.116553953806424,24.61065882390906,28.489532195193735,0.6733668341708543,-0.03163316582914577,-0.0066331658291456375,0.542713567839196,-0.0022864321608039306,-0.0022864321608039306,0.42211055276381915,-0.022889447236180804,-0.02788944723618081,0.40239043824701193,0.10815584580168391,0.17854937864436293,0.31599999999999995,0.42211055276381915,0.11383987607208979,0.1750320886569744,0.3787878787878788,0.40239043824701193,0.10815584580168391,0.17854937864436293,0.31599999999999995,25.0,-1.0,-1.0,36.0,-3.0,-1.0,46.0,0.0,0.0,0.0003172393507813601,0.0005198780187848785,0.0007315774582238815,-0.014054539838610047,-0.015831435680032868,-0.01583856530437089,"[10.21875, 1.8154296875, 2.443359375, 0.310791015625, 0.9462890625, 0.0009379386901855469, 0.07080078125, 0.0262908935546875, 1.4052734375, 1.69140625, 6.42578125, 9.2734375, 8.5859375, 8.0, 8.953125, 2.5546875, 3.31640625, 4.00390625, 1.8095703125, 1.595703125, 1.2744140625, 11.0078125, 8.5390625, 3.177734375, 1.990234375, 1.3056640625, 6.89453125, 2.97265625, 11.3046875, 10.6015625, 4.5390625, 2.33203125, 6.21484375, 2.548828125, 3.73046875, 3.068359375, 5.7265625, 5.75, 0.364013671875, 4.6796875, 1.5126953125, 7.78125, 0.2149658203125, 3.056640625, 3.416015625, 3.01171875, 8.8046875, 1.5634765625, 0.30322265625, 4.79296875, 5.765625, 7.5, 0.2449951171875, 1.7333984375, 2.58984375, 1.64453125, 2.91015625, 4.046875, 4.17578125, 4.66015625, 6.578125, 2.6015625, 0.7041015625, 0.6591796875, 2.83203125, 7.49609375, 3.7578125, 0.1494140625, 0.040069580078125, 1.95703125, 5.73046875, 1.8203125, 3.087890625, 1.013671875, 5.89453125, 2.890625, 6.80859375, 3.0390625, 0.73828125, 0.1646728515625, 0.43115234375, 3.890625, 0.78271484375, 8.71875, 5.9921875, 10.3828125, 3.349609375, 5.91796875, 0.10595703125, 3.822265625, 5.953125, 3.5546875, 0.6962890625, 7.18359375, 5.1640625, 3.837890625, 6.37109375, 0.58203125, 0.2012939453125, 0.034576416015625, 0.1763916015625, 0.1834716796875, 0.91943359375, 1.037109375, 3.798828125, 1.17578125, 7.95703125, 9.0, 2.25390625, 0.65283203125, 0.058837890625, 2.591796875, 4.421875, 6.57421875, 3.12890625, 0.978515625, 0.07177734375, 0.0631103515625, 8.3359375, 0.384521484375, 1.3740234375, 4.30859375, 5.03515625, 0.12139892578125, 5.1015625, 0.03704833984375, 2.708984375, 0.0004684925079345703, 0.5498046875, 3.353515625, 1.6796875, 2.58984375, 3.541015625, 0.576171875, 0.321044921875, 4.3671875, 0.39013671875, 3.515625, 5.8671875, 2.228515625, 0.80615234375, 0.422119140625, 0.1385498046875, 0.00041484832763671875, 5.1484375, 0.0286712646484375, 0.136962890625, 0.7060546875, 0.025787353515625, 0.5576171875, 3.3984375, 3.6796875, 5.1328125, 1.84375, 0.00545501708984375, 2.779296875, 1.73046875, 1.5791015625, 1.9892578125, 4.83984375, 0.0107574462890625, 0.466552734375, 3.421875, 3.138671875, 1.021484375, 0.048736572265625, 0.224365234375, 3.84765625, 1.1611328125, 4.8515625, 0.87890625, 0.541015625, 3.642578125, 0.255859375, 7.66015625, 2.18359375, 4.015625, 1.1005859375, 1.1865234375, 5.44140625, 0.12225341796875, 3.826171875, 6.18359375, 2.294921875, 6.96875, 1.0, 0.8154296875, 0.014129638671875, 1.453125, 1.1650390625, 0.78466796875, 4.16796875, 0.22216796875, 1.3173828125, 0.72119140625, 3.7109375, 1.88671875, 2.6328125, 4.109375, 0.91943359375, 2.224609375, 0.0980224609375, 0.067138671875, 5.234375, 2.34375, 4.05859375, 4.4140625, 0.2169189453125, 11.3203125, 0.55615234375, 0.006031036376953125, 1.4580078125, 0.1490478515625, 0.80224609375, 0.125244140625, 0.69970703125, 0.1370849609375, 5.1796875, 0.60302734375, 0.06195068359375, 0.469970703125, 0.0211639404296875, 0.1444091796875, 7.62109375, 1.748046875, 3.669921875, 0.0006499290466308594, 1.4384765625, 4.515625, 0.21875, 0.339111328125, 0.1182861328125, 0.03955078125, 8.2265625, 0.96826171875, 0.438232421875, 1.6650390625, 0.275390625, 0.0006084442138671875, 1.705078125, 0.671875, 0.327392578125, 0.282958984375, 1.486328125, 0.1414794921875, 0.0196075439453125, 1.3310546875, 0.142822265625, 0.01021575927734375, 0.71826171875, 0.1123046875]",-1.6214113017002423
185,0,test,3.3043370807068397,1.5128002285223858,2.050908123493901,6.425099879152189,2.9415559999046392,3.987876906793697,27.23048399089772,21.231819544495316,23.728152254017182,52.94816331563446,41.28409355874089,46.13807382725563,3.4374120654772273,1.533755021690354,2.129580251502576,5.875918060644834,2.621803455880947,3.6403081222266263,31.106352708418893,24.39596289438628,27.408205965133515,53.17325249302375,41.70250067416458,46.85163412843336,3.3629629914975885,1.5366955369171955,2.1146236544732604,6.18950243833912,2.8282739943261266,3.891945376331154,28.874619506688294,22.663957742307183,25.390068022374813,53.14347148470238,41.71280566068806,46.73018654424812,0.7537688442211055,-0.0012311557788945438,0.008768844221105465,0.6080402010050252,-0.016959798994974795,-0.016959798994974795,0.4773869346733668,-0.007613065326633195,0.002386934673366814,0.4126074498567335,0.09501088333312835,0.15747548504734932,0.3706896551724138,0.4321608040201005,0.09381493935844631,0.15837115460440765,0.3484848484848485,0.4247491638795987,0.10755383833702781,0.1677969948028467,0.37248322147651003,24.0,4.0,2.0,36.0,-1.0,0.0,44.0,1.0,1.0,0.0008416014205430643,0.00015357615219245454,0.0003735818186253824,0.00030958874559949834,-9.003042194333233e-05,0.00014563222364660788,"[1.759765625, 13.15625, 10.2109375, 0.6640625, 9.0, 6.21875, 9.265625, 2.064453125, 5.41796875, 6.38671875, 0.34326171875, 2.69140625, 1.2705078125, 4.35546875, 7.984375, 11.8671875, 6.82421875, 7.0703125, 5.39453125, 2.740234375, 4.81640625, 0.10589599609375, 2.83984375, 4.56640625, 0.83447265625, 5.28515625, 0.203369140625, 8.046875, 2.15234375, 5.16015625, 3.041015625, 1.837890625, 2.494140625, 1.123046875, 0.173828125, 0.9384765625, 5.25, 6.6875, 2.982421875, 2.984375, 2.939453125, 3.369140625, 1.3291015625, 0.0215301513671875, 5.95703125, 1.3330078125, 5.3828125, 6.3515625, 2.94140625, 6.7578125, 8.328125, 3.669921875, 1.091796875, 1.005859375, 6.05859375, 4.0625, 2.3203125, 4.21875, 0.8076171875, 3.08984375, 0.97265625, 2.048828125, 9.765625, 4.3125, 1.57421875, 2.17578125, 6.8125, 2.974609375, 1.697265625, 8.8203125, 0.98681640625, 0.0272979736328125, 6.87890625, 4.26953125, 3.416015625, 1.2587890625, 0.006561279296875, 0.047027587890625, 0.351318359375, 4.921875, 5.2109375, 5.34765625, 1.2841796875, 0.5205078125, 6.875, 0.4150390625, 2.884765625, 2.65625, 1.0595703125, 9.1015625, 9.359375, 7.0, 1.994140625, 2.63671875, 3.119140625, 0.048583984375, 7.8203125, 2.662109375, 5.203125, 4.5703125, 4.296875, 6.13671875, 4.19140625, 1.5400390625, 1.0146484375, 4.56640625, 1.7939453125, 3.623046875, 0.8271484375, 1.6982421875, 6.01953125, 2.935546875, 7.74609375, 2.650390625, 5.1484375, 0.421630859375, 3.0625, 5.48828125, 6.14453125, 4.17578125, 2.0078125, 0.53955078125, 3.361328125, 4.60546875, 1.4521484375, 2.28125, 0.71484375, 5.90625, 6.203125, 5.96484375, 0.357666015625, 2.330078125, 2.326171875, 5.734375, 1.16796875, 3.62890625, 0.186767578125, 4.8984375, 4.40234375, 4.69140625, 3.37890625, 2.798828125, 0.90380859375, 0.23095703125, 2.62109375, 7.71875, 0.33349609375, 9.6796875, 13.125, 1.208984375, 4.6640625, 5.40234375, 6.17578125, 2.330078125, 2.833984375, 0.7392578125, 7.70703125, 0.07537841796875, 4.9765625, 6.6015625, 0.9345703125, 0.08477783203125, 0.1082763671875, 0.9140625, 5.04296875, 0.315185546875, 0.0011320114135742188, 0.1256103515625, 2.80078125, 5.12109375, 0.02044677734375, 1.3974609375, 0.0017032623291015625, 0.09100341796875, 0.93994140625, 4.08984375, 0.619140625, 0.0004019737243652344, 0.0157318115234375, 3.275390625, 5.8984375, 1.765625, 0.11993408203125, 2.728515625, 3.263671875, 8.265625, 1.3056640625, 0.06927490234375, 5.96875, 0.30029296875, 4.6328125, 0.051055908203125, 1.5146484375, 3.0703125, 0.044403076171875, 10.046875, 0.7646484375, 0.169189453125, 0.69384765625, 2.669921875, 0.0004744529724121094, 0.998046875, 2.677734375, 1.9296875, 0.395263671875, 4.4609375, 0.05377197265625, 0.01457977294921875, 0.36328125, 7.7734375, 0.377197265625, 5.33984375, 0.7890625, 0.1697998046875, 1.177734375, 1.53515625, 11.5546875, 6.61328125, 6.890625, 8.6171875, 0.79052734375, 1.033203125, 9.0625, 0.492431640625, 6.171875, 0.962890625, 4.4296875, 8.3671875, 7.66015625, 6.140625, 5.41015625, 7.69921875, 2.095703125, 0.43896484375, 1.421875, 5.765625, 4.33984375, 8.2421875, 1.2373046875, 8.421875, 4.0546875, 1.8662109375, 1.0625, 1.4697265625, 0.08917236328125, 6.55078125, 0.380126953125, 3.556640625, 0.7705078125, 2.67578125, 0.09906005859375, 2.978515625, 8.1640625, 1.53125, 1.5849609375, 11.140625, 5.71484375, 1.06640625, 3.083984375, 0.04351806640625, 2.060546875, 6.4765625, 6.37109375, 6.6953125, 2.720703125, 4.859375, 1.123046875, 0.0220794677734375, 0.054595947265625, 1.150390625, 2.080078125, 0.0927734375, 8.8125, 1.6982421875, 0.9580078125, 2.85546875, 4.35546875, 1.6904296875, 4.5546875, 3.8984375, 0.4814453125, 5.66796875, 0.250732421875, 4.06640625, 0.56982421875, 2.4609375, 0.03271484375, 6.66796875, 2.2890625, 0.5439453125, 4.52734375, 3.07421875, 5.82421875, 1.603515625, 3.96484375, 0.63525390625, 0.0028171539306640625, 0.004894256591796875, 0.142333984375, 3.888671875, 4.609375, 4.6484375, 1.400390625, 0.7373046875, 0.09307861328125, 9.6015625, 5.38671875, 4.35546875, 10.3359375, 1.984375, 1.03125, 0.70166015625, 0.10992431640625, 0.0015039443969726562, 0.0083465576171875, 0.0151519775390625, 0.275634765625, 2.298828125, 4.53125, 4.390625, 3.728515625, 2.38671875, 6.15625, 1.8212890625, 3.228515625, 2.33984375, 0.05303955078125, 3.1796875, 3.546875, 0.5205078125, 1.2919921875, 0.775390625, 2.474609375, 0.429931640625, 1.5693359375, 1.46484375, 1.46875, 4.65625, 6.87109375, 1.22265625, 3.55078125, 0.3486328125, 0.00833892822265625, 10.9375, 10.796875, 0.2802734375, 3.65625, 6.6015625, 2.978515625]",-1.3874987995727013
106,0,test,1.2455163191128047,0.19572291244730478,0.19572291244730478,6.5228150934278,1.0250081414832932,1.0250081414832932,3.474728404947831,0.6176675975787589,0.6176675975787589,18.19728135035642,3.2347480850976478,3.2347480850976478,2.086148228477593,0.7651251138357866,1.083844892058664,5.794856190215536,2.1253475384327407,3.010680255718511,8.053833815867778,4.306580529478479,5.329283653606877,22.37176059963272,11.962723692995779,14.803565704463551,1.7212004581821403,0.6051108850925535,0.8403186990191356,5.935173993731518,2.0865892589398394,2.8976506862728812,5.591236482706618,2.538343765266226,3.178210005870334,19.280125802436615,8.75290953540078,10.959344847828739,0.4371859296482412,0.012185929648241167,0.01718592964824117,0.321608040201005,-0.0033919597989949812,-0.0033919597989949812,0.26633165829145733,0.011331658291457325,0.001331658291457316,0.23937677053824358,0.01845790445808715,0.01845790445808715,0.19148936170212771,0.31155778894472363,0.07095628518532515,0.11122389912836306,0.24242424242424243,0.28428093645484953,0.05723586132964087,0.09073254935807529,0.2214765100671141,18.0,0.0,-1.0,27.0,2.0,1.0,31.0,0.0,0.0,0.003111319548487681,0.00024834032271236464,0.00045734723584111724,-0.17442271160932776,-0.18931271489170243,-0.20148462625819885,"[11.21875, 0.58154296875, 2.310546875, 0.0106201171875, 0.024078369140625, 0.60009765625, 0.751953125, 2.072265625, 0.235107421875, 3.3046875, 2.375, 2.630859375, 10.8671875, 2.541015625, 1.6279296875, 5.8125, 1.3359375, 10.796875, 2.880859375, 0.06488037109375, 1.5966796875, 0.1666259765625, 6.5859375, 7.28515625, 2.65625, 9.59375, 4.33984375, 1.1298828125, 8.671875, 3.716796875, 5.34765625, 2.87890625, 1.1376953125, 2.232421875, 5.85546875, 2.873046875, 0.79248046875, 2.056640625, 0.0217742919921875, 2.61328125, 0.0157928466796875, 3.3828125, 3.357421875, 9.5, 5.6953125, 0.138671875, 0.96826171875, 0.2198486328125, 3.505859375, 1.525390625, 14.0078125, 3.09375, 1.0595703125, 2.53515625, 5.88671875, 3.6953125, 0.146728515625, 0.80078125, 1.37890625, 0.1685791015625, 9.234375, 3.52734375, 2.31640625, 0.77001953125, 0.57080078125, 0.3134765625, 10.59375, 0.404541015625, 1.86328125, 0.435546875, 13.1484375, 0.91552734375, 4.15234375, 5.02734375, 1.2822265625, 0.2529296875, 0.6513671875, 5.93359375, 0.023956298828125, 0.256103515625, 2.58203125, 0.257568359375, 0.0263671875, 0.97314453125, 8.4375, 0.189697265625, 0.427490234375, 1.2294921875, 0.2724609375, 0.0242462158203125, 0.48779296875, 7.58203125, 0.11309814453125, 0.61328125, 1.3642578125, 0.1888427734375, 0.02008056640625, 0.4853515625, 7.08984375, 0.07147216796875, 0.0980224609375, 0.49267578125, 0.06390380859375, 0.0216064453125, 0.22607421875, 6.33984375, 0.01087188720703125, 0.01444244384765625, 0.166015625, 0.05828857421875, 0.013824462890625, 0.2080078125, 4.08984375, 0.76513671875, 3.203125, 0.0248870849609375, 1.2578125, 0.124755859375, 0.00968170166015625, 0.1212158203125, 5.5625, 0.100341796875, 0.030426025390625, 0.7451171875, 0.05108642578125, 0.01245880126953125, 0.2064208984375, 1.6064453125, 7.51953125, 7.3046875, 0.0168914794921875, 0.387939453125, 0.051483154296875, 0.006580352783203125, 0.1412353515625, 1.767578125, 6.4765625, 5.40625, 0.00981903076171875, 0.128173828125, 0.0638427734375, 0.005779266357421875, 0.09161376953125, 1.1328125, 3.35546875, 1.4208984375, 0.00677490234375, 0.10723876953125, 0.056915283203125, 0.0057220458984375, 0.056732177734375, 5.86328125, 0.0262298583984375, 0.01038360595703125, 0.05999755859375, 0.055633544921875, 0.00774383544921875, 0.05963134765625, 1.3525390625, 5.51171875, 9.921875, 0.00921630859375, 0.045379638671875, 0.028167724609375, 0.00592041015625, 0.0562744140625, 0.79736328125, 5.1171875, 0.53955078125, 0.004974365234375, 0.035369873046875, 0.0625, 0.00560760498046875, 0.09246826171875, 0.56689453125, 3.568359375, 7.25390625, 0.01190185546875, 0.07196044921875, 0.024749755859375, 0.006168365478515625, 0.093994140625, 0.255126953125, 6.72265625, 0.0936279296875, 0.00653839111328125, 0.032684326171875, 0.029937744140625, 0.003753662109375, 0.048065185546875, 0.10174560546875, 4.69921875, 0.07293701171875, 0.007843017578125, 0.05755615234375, 0.0252227783203125, 0.00516510009765625, 0.04718017578125, 8.046875, 0.389404296875, 0.0082550048828125, 6.08984375, 0.0618896484375, 0.00962066650390625, 0.09173583984375, 6.9453125, 0.03387451171875, 0.00905609130859375, 0.53173828125, 0.053466796875, 0.003932952880859375, 0.057220458984375, 1.5361328125, 3.0390625, 0.0157470703125, 0.005947113037109375, 0.5517578125, 0.0731201171875, 0.004486083984375, 0.05828857421875, 0.556640625, 4.75390625, 0.01250457763671875, 0.006191253662109375, 0.267333984375, 0.0458984375, 0.005359649658203125, 0.05804443359375, 0.228759765625, 1.6650390625, 0.04229736328125, 0.0081329345703125, 0.2081298828125, 0.05078125, 0.002735137939453125, 0.08953857421875, 8.1015625, 0.028839111328125, 0.023468017578125, 0.259033203125, 0.02362060546875, 0.00897979736328125, 0.12646484375, 9.5390625, 0.0821533203125, 0.06268310546875, 0.51806640625, 0.039794921875, 0.005611419677734375, 0.05767822265625, 5.5859375, 0.014495849609375, 0.00785064697265625, 1.185546875, 0.0227813720703125, 0.003559112548828125, 0.046600341796875, 4.75, 0.17431640625, 0.01374053955078125, 0.537109375, 0.031280517578125, 0.0018825531005859375, 0.045623779296875, 6.98046875, 0.0175933837890625, 0.010528564453125, 0.28369140625, 0.035400390625, 0.00420379638671875, 0.0229949951171875, 3.83984375, 5.16796875, 0.3017578125, 0.01049041748046875, 0.496337890625, 0.031280517578125, 0.0017547607421875, 0.0211639404296875, 4.87109375, 0.0948486328125, 0.0092926025390625, 3.541015625, 0.077392578125, 0.003143310546875, 0.0179595947265625, 4.98046875, 0.33203125, 0.00724029541015625, 0.87255859375, 0.072265625, 0.002490997314453125, 0.01617431640625, 1.580078125, 4.46875, 0.26025390625, 0.005580902099609375, 0.9111328125, 0.036590576171875, 0.0025577545166015625, 0.017913818359375, 1.521484375, 2.796875, 0.1768798828125, 0.01018524169921875, 0.66455078125, 0.0587158203125, 0.0089569091796875, 0.042816162109375, 4.60546875, 6.2578125, 0.3017578125, 0.005767822265625, 0.69677734375, 0.04180908203125, 0.003795623779296875, 0.033447265625, 7.22265625, 0.01103973388671875, 0.00841522216796875, 2.412109375, 0.038726806640625, 0.0028362274169921875, 0.0175933837890625, 7.2109375, 0.038665771484375, 0.01021575927734375, 0.297119140625, 0.059722900390625, 0.004390716552734375, 0.03619384765625, 1.552734375, 4.0, 0.03558349609375, 0.007381439208984375, 0.272216796875, 0.0236053466796875, 0.0031757354736328125, 0.018341064453125, 1.15234375, 4.90625, 0.01194000244140625, 0.00927734375, 0.1854248046875, 0.035491943359375, 0.00311279296875, 0.018402099609375, 8.296875, 0.0167083740234375, 0.0027904510498046875, 0.476806640625, 0.049560546875, 0.003742218017578125, 0.0163421630859375, 4.90625, 0.11895751953125, 0.00615692138671875, 0.317138671875, 0.03759765625, 0.004116058349609375, 0.02093505859375, 0.68017578125, 3.552734375, 0.00783538818359375, 0.00801849365234375, 0.06243896484375, 0.0235748291015625, 0.00400543212890625, 0.038818359375, 7.30078125, 0.0791015625, 0.006916046142578125, 0.045440673828125, 0.0219879150390625, 0.003429412841796875, 0.0181427001953125, 6.02734375, 1.0556640625, 0.0100250244140625, 0.1439208984375, 0.024810791015625, 0.0022907257080078125, 0.01366424560546875, 1.17578125, 3.70703125, 0.1541748046875, 0.00722503662109375, 0.02777099609375, 0.0279388427734375, 0.003360748291015625, 0.033447265625, 0.7236328125, 3.9375, 0.01322174072265625, 0.005603790283203125, 0.01873779296875, 0.031494140625, 0.005138397216796875, 0.018707275390625, 3.83203125, 0.118896484375, 0.017303466796875, 0.0306396484375, 0.01541900634765625, 0.002948760986328125, 0.0165557861328125, 1.23828125, 3.310546875, 0.1182861328125, 0.0093994140625, 0.035064697265625, 0.01058197021484375, 0.005706787109375, 0.0185546875, 0.84033203125, 3.33984375, 0.07244873046875, 0.0048980712890625, 0.0160980224609375, 0.0126953125, 0.00395965576171875, 0.0180816650390625, 0.28369140625, 3.904296875, 0.0115509033203125, 0.0074920654296875, 0.04254150390625, 0.0296630859375, 0.004604339599609375, 0.038909912109375, 0.389892578125, 3.951171875, 0.068115234375, 0.0024929046630859375, 0.0066375732421875, 0.0198974609375, 0.002902984619140625, 0.01548004150390625, 0.21044921875, 3.767578125, 0.041046142578125, 0.006038665771484375, 0.0295867919921875, 0.0159454345703125, 0.0048065185546875, 0.01190948486328125, 5.26171875, 0.04486083984375, 0.0216827392578125, 4.16015625, 0.0396728515625, 0.005016326904296875, 0.0166778564453125, 5.40625, 0.352294921875, 0.0059356689453125, 0.85009765625, 0.03778076171875, 0.0025539398193359375, 0.01157379150390625, 1.2314453125, 4.07421875, 0.0113525390625, 0.0067138671875, 2.306640625, 0.0975341796875, 0.001850128173828125, 0.033172607421875, 0.366943359375, 4.2109375, 0.01641845703125, 0.007183074951171875, 0.90185546875, 0.04119873046875, 0.003452301025390625, 0.0146484375, 6.3359375, 2.107421875, 0.255126953125, 0.00750732421875, 1.134765625, 0.029296875, 0.0044097900390625, 0.015228271484375, 3.4296875, 0.0145263671875, 0.0062713623046875, 1.767578125, 0.042938232421875, 0.0037097930908203125, 0.030609130859375, 0.84814453125, 3.5078125, 0.01192474365234375, 0.0051422119140625, 1.45703125, 0.0372314453125, 0.002208709716796875, 0.01445770263671875, 0.292236328125, 2.37109375, 0.0137786865234375, 0.0015954971313476562, 0.875, 0.03314208984375, 0.0026607513427734375, 0.01763916015625, 0.26220703125, 4.6796875, 0.049163818359375, 0.0022602081298828125, 0.8662109375, 0.033447265625, 0.0018472671508789062, 0.01727294921875, 0.221923828125, 3.9921875, 0.0284576416015625, 0.005687713623046875, 0.452880859375, 0.0219573974609375, 0.0031604766845703125, 0.01409149169921875, 0.177978515625, 4.04296875, 0.0294647216796875, 0.0017681121826171875, 0.44921875, 0.04632568359375, 0.0031299591064453125, 0.042236328125, 0.188720703125, 5.41015625, 0.007358551025390625, 0.004390716552734375, 6.09375, 0.045745849609375, 0.0013093948364257812, 0.00533294677734375, 7.0703125, 0.1883544921875, 0.003414154052734375, 1.609375, 0.08746337890625, 0.0012979507446289062, 0.01183319091796875, 0.447509765625, 4.2109375, 0.0129852294921875, 0.00372314453125, 1.080078125, 0.06793212890625, 0.003276824951171875, 0.0170135498046875, 0.277099609375, 3.052734375, 0.03387451171875, 0.005519866943359375, 0.2490234375, 0.1005859375, 0.0047149658203125, 0.0149688720703125, 0.252685546875, 3.400390625, 0.0196075439453125, 0.00469207763671875, 0.1214599609375, 0.055816650390625, 0.0021114349365234375, 0.0235595703125, 8.1875, 3.09765625, 0.005077362060546875, 5.515625, 0.1016845703125, 0.0034580230712890625, 0.0183258056640625, 5.37890625, 2.82421875, 0.040435791015625, 0.007404327392578125, 7.73828125, 0.06524658203125, 0.003345489501953125, 0.0233001708984375, 2.080078125, 2.86328125, 0.035736083984375, 0.003757476806640625, 0.2841796875, 0.07720947265625, 0.0038604736328125, 0.024139404296875, 3.654296875, 4.30078125, 0.03887939453125, 0.01317596435546875, 0.74462890625, 0.072509765625, 0.0038433074951171875, 0.01430511474609375, 1.03125, 2.310546875, 0.05224609375, 0.005947113037109375, 0.276123046875, 0.039947509765625, 0.00479888916015625, 0.018524169921875, 8.421875, 5.9375, 0.0057525634765625, 0.386474609375, 0.040130615234375, 0.004978179931640625, 0.01453399658203125, 7.3125, 0.7587890625, 0.050140380859375, 1.1279296875, 0.0689697265625, 0.0060577392578125, 0.01751708984375, 1.1357421875, 5.41015625, 0.021209716796875, 0.00998687744140625, 0.4951171875, 0.021942138671875, 0.0022792816162109375, 0.01488494873046875, 0.732421875, 3.39453125, 1.2578125, 0.01010894775390625, 0.60888671875, 0.048614501953125, 0.004314422607421875, 0.006561279296875, 0.3037109375, 4.62109375, 0.2310791015625, 0.005859375, 0.1470947265625, 0.038848876953125, 0.004207611083984375, 0.00801849365234375, 0.361083984375, 4.65234375, 0.0176239013671875, 0.0037841796875, 0.2293701171875, 0.028778076171875, 0.0015287399291992188, 0.00893402099609375, 0.1998291015625, 6.7734375, 0.007320404052734375, 0.0026531219482421875, 0.10223388671875, 0.025970458984375, 0.003971099853515625, 0.007965087890625, 5.22265625, 6.81640625, 0.20703125, 0.00975799560546875, 0.43701171875, 0.058013916015625, 0.00531005859375, 0.006183624267578125, 0.990234375, 5.73828125, 0.034576416015625, 0.0034999847412109375, 0.2032470703125, 0.0218658447265625, 0.003498077392578125, 0.010284423828125, 0.1339111328125, 5.11328125, 0.04827880859375, 0.0044403076171875, 0.3125, 0.023895263671875, 0.005336761474609375, 0.01031494140625, 0.09014892578125, 4.58203125, 0.3193359375, 0.0030498504638671875, 0.2354736328125, 0.02093505859375, 0.004913330078125, 0.006244659423828125, 0.06304931640625, 7.6875, 0.066650390625, 0.003131866455078125, 0.0958251953125, 0.0194091796875, 0.0021839141845703125, 0.0060577392578125, 0.0208740234375, 4.8828125, 0.05670166015625]",-0.13235221402165576
133,0,test,4.348455324913692,1.975575279196279,2.4267177904708537,8.890653708858192,4.039171239148828,4.961556670616151,77.35887625890489,66.63063058770234,70.5260558370493,158.16443512340453,136.229952637233,144.19436168664038,4.605946823580181,2.082892793572893,2.888310583434582,8.529531154778113,3.857208876986838,5.348723302656634,100.07769392531533,87.61108193415086,94.50635035612699,185.329062824658,162.24274432250158,175.01175991875365,4.559537498448605,2.1454656497735187,2.9110435930947407,8.657349680598617,4.073668955266175,5.527297961572293,95.5392825438017,84.35989316812557,90.3401390184747,181.4037010325349,160.17701234454225,171.53190952874948,0.7386934673366834,-0.0063065326633166,-0.01630653266331661,0.6482412060301508,-0.021758793969849144,-0.0017587939698492372,0.5778894472361809,0.0028894472361808976,0.0028894472361808976,0.4684466019417476,0.13874963224477788,0.1820340897227838,0.43552311435523117,0.4522613065326633,0.1289530358559715,0.20017449518040953,0.4444444444444444,0.47157190635451507,0.14602933540292906,0.22240616664372526,0.4530201342281879,30.0,0.0,1.0,41.0,-2.0,0.0,50.0,1.0,-1.0,0.0004842363385852252,0.000729629254634269,0.0002157121588693549,-0.011201715657417566,-0.013178440694074922,-0.01234805464712263,"[2.1875, 2.294921875, 8.265625, 9.9140625, 11.0234375, 8.5625, 10.3828125, 1.142578125, 0.724609375, 11.4453125, 12.34375, 3.1015625, 7.62890625, 0.63037109375, 5.00390625, 1.919921875, 0.134765625, 11.8359375, 6.34765625, 4.07421875, 0.433837890625, 0.15576171875, 3.779296875, 11.015625, 3.953125, 8.6484375, 0.6923828125, 6.93359375, 4.421875, 11.6171875, 10.84375, 9.515625, 11.0390625, 11.6875, 5.7578125, 12.1875, 2.203125, 5.5078125, 9.921875, 4.38671875, 6.78515625, 1.8505859375, 2.818359375, 6.171875, 6.3046875, 0.6611328125, 0.1256103515625, 0.265869140625, 4.53515625, 0.1065673828125, 3.486328125, 0.025787353515625, 4.1484375, 0.173095703125, 0.14208984375, 12.5390625, 8.828125, 2.361328125, 8.5859375, 2.267578125, 10.7890625, 3.478515625, 10.2109375, 6.1953125, 1.14453125, 3.697265625, 0.00986480712890625, 6.05859375, 0.334228515625, 10.25, 6.75390625, 1.6474609375, 0.796875, 0.158203125, 0.66943359375, 6.77734375, 0.11474609375, 2.15234375, 0.017059326171875, 2.669921875, 0.05474853515625, 4.77734375, 6.73046875, 7.87109375, 3.1015625, 0.91650390625, 2.337890625, 4.46875, 9.5, 4.375, 5.6484375, 7.2890625, 5.515625, 1.533203125, 0.127197265625, 0.1629638671875, 0.44921875, 2.076171875, 0.0301971435546875, 0.56689453125, 0.0037994384765625, 0.36767578125, 0.044525146484375, 5.015625, 7.98046875, 9.6015625, 6.453125, 0.70263671875, 6.25, 7.0234375, 11.0, 5.9140625, 2.859375, 6.90234375, 2.89453125, 7.3828125, 11.7265625, 1.2646484375, 2.640625, 0.05426025390625, 4.26171875, 0.017791748046875, 9.625, 4.1640625, 8.6015625, 2.46484375, 4.50390625, 9.6640625, 2.24609375, 0.248291015625, 0.141845703125, 0.8779296875, 6.3125, 0.106201171875, 3.189453125, 0.004894256591796875, 2.421875, 0.036346435546875, 5.55078125, 2.046875, 7.3984375, 4.6328125, 8.96875, 9.21875, 10.265625, 5.546875, 1.048828125, 5.09375, 7.515625, 2.921875, 1.66015625, 0.0203857421875, 1.478515625, 0.01117706298828125, 9.4609375, 8.7109375, 3.498046875, 9.3359375, 8.390625, 5.9765625, 1.767578125, 8.9296875, 2.369140625, 0.0193023681640625, 0.487060546875, 0.008880615234375, 7.11328125, 9.2890625, 9.1953125, 1.806640625, 7.5390625, 3.91015625, 0.90478515625, 5.234375, 10.03125, 4.72265625, 4.49609375, 1.2978515625, 0.0075225830078125, 0.4453125, 0.01435089111328125, 10.0546875, 12.90625, 1.5009765625, 7.28515625, 12.8984375, 7.734375, 1.296875, 4.17578125, 5.8359375, 4.21875, 3.294921875, 0.00868988037109375, 0.301025390625, 0.0141754150390625, 8.3125, 6.20703125, 8.0625, 3.63671875, 7.53125, 7.95703125, 4.66796875, 1.37109375, 10.25, 2.19921875, 2.083984375, 0.0078887939453125, 0.7294921875, 0.0062255859375, 10.71875, 9.8984375, 1.1474609375, 5.875, 4.4453125, 2.0078125, 0.2205810546875, 0.1395263671875, 0.923828125, 6.73828125, 0.03497314453125, 2.705078125, 0.006107330322265625, 1.671875, 0.0181884765625, 9.2890625, 3.9609375, 10.5703125, 2.064453125, 2.10546875, 0.340087890625, 3.453125, 2.4609375, 10.234375, 3.525390625, 5.2734375, 6.91796875, 7.078125, 6.63671875, 6.359375, 6.48828125, 5.42578125, 1.1435546875, 0.0304107666015625, 1.61328125, 0.006786346435546875, 7.65234375, 4.79296875, 10.0234375, 6.9609375, 4.37890625, 7.56640625, 4.5625, 11.3359375, 5.7734375, 1.3603515625, 8.1484375, 6.18359375, 5.33203125, 6.40625, 3.0234375, 3.107421875, 1.078125, 0.06640625, 0.60205078125, 11.1484375, 0.352783203125, 3.310546875, 0.036651611328125, 0.646484375, 0.08209228515625, 7.62109375, 8.109375, 6.9609375, 9.890625, 4.66015625, 9.2734375, 8.5, 3.251953125, 8.2578125, 1.62890625, 1.01953125, 0.011749267578125, 1.580078125, 0.0118255615234375, 3.58984375, 6.8515625, 10.5078125, 5.703125, 8.3125, 4.375, 9.1484375, 11.96875, 2.251953125, 7.73046875, 5.11328125, 0.1068115234375, 0.130859375, 0.0043182373046875, 0.96728515625, 0.6806640625, 0.058807373046875, 0.603515625, 3.21875, 0.0217742919921875, 5.20703125, 0.0015592575073242188, 5.2265625, 0.039093017578125, 14.0546875, 0.01039886474609375, 1.8212890625, 4.57421875, 9.53125, 6.59375, 2.99609375, 5.70703125, 9.734375, 9.0859375, 4.484375, 5.82421875, 8.890625, 5.375, 3.98828125, 0.716796875, 0.06829833984375, 2.6796875, 0.0225982666015625, 7.28515625, 8.8515625, 0.183837890625, 5.69921875, 2.8203125, 0.802734375, 3.419921875, 10.6796875, 5.45703125, 4.89453125, 7.41796875, 6.3515625, 2.984375, 7.87109375, 5.8203125, 1.16015625, 0.386474609375, 0.069091796875, 0.69189453125, 4.703125, 0.028472900390625, 1.193359375, 0.002727508544921875, 1.5712890625, 0.0129852294921875, 9.71875, 0.00592803955078125, 0.079345703125, 2.826171875, 4.23046875, 8.2109375, 4.734375, 5.29296875, 8.8984375, 4.6640625, 11.671875, 2.83203125, 0.391845703125, 0.0291595458984375, 0.349853515625, 6.8125, 0.7333984375, 2.896484375, 0.01131439208984375, 1.8935546875, 0.0218048095703125, 5.58203125, 0.00811004638671875, 0.07098388671875, 2.240234375, 4.04296875, 2.26171875, 9.953125, 1.4375, 7.91015625, 3.271484375, 6.11328125, 7.1875, 4.125, 3.154296875, 2.44140625, 2.357421875, 1.4423828125, 0.8798828125, 11.109375, 2.51171875, 0.05999755859375, 6.625, 7.83203125, 0.321044921875, 5.1640625, 0.0223541259765625, 2.130859375, 0.02880859375, 7.203125, 9.0, 1.4833984375, 0.998046875, 5.34375, 3.25, 9.5703125, 2.580078125, 7.16796875, 2.4296875, 6.203125]",-1.1183267681344038
79,0,test,2.1483972367552138,0.9436424218352892,0.9840702280053648,6.525756606643962,2.8663138563246915,2.989113317566296,8.571109922395376,5.235168867582063,5.36734387139561,26.034746389275956,15.901825435280518,16.30330700936417,2.6833339120874453,1.0878184586603863,1.562791122746033,5.261439043308716,2.1329773699223256,3.064296319109868,14.633799861305723,9.702929810254812,11.567281636252408,28.693725218246517,19.02535256912708,22.680944384808644,2.2500941657701063,0.9464655543248783,1.3403351367699377,5.720578387551118,2.4062683584530804,3.4076317036523838,9.488629298376232,5.805993993141989,7.004905342553375,24.123633809431098,14.761001677479632,17.809081379372987,0.5778894472361809,0.007889447236180791,0.0028894472361808976,0.40703517587939697,-0.027964824120603082,-0.012964824120603069,0.3467336683417085,-0.008266331658291493,-0.003266331658291488,0.35051546391752575,0.0920190684489367,0.09636101621469095,0.3202479338842975,0.35678391959798994,0.0936260248611478,0.12139159906376629,0.3484848484848485,0.3277591973244147,0.06398624239953998,0.11863795149571621,0.2953020134228188,21.0,4.0,4.0,31.0,3.0,2.0,40.0,2.0,2.0,4.688764465586038e-05,0.0007809957867278722,0.00030880686996409643,-0.04476591888468828,-0.05328064057504456,-0.0519975521008984,"[8.2109375, 5.4375, 2.619140625, 6.56640625, 6.9765625, 6.02734375, 6.33203125, 1.40234375, 6.76953125, 10.2421875, 0.327880859375, 6.6484375, 4.25, 1.171875, 0.254638671875, 2.265625, 0.14697265625, 1.4208984375, 0.0203704833984375, 4.62890625, 0.74951171875, 0.1353759765625, 0.10406494140625, 0.13916015625, 1.5390625, 0.0016984939575195312, 1.7431640625, 0.1378173828125, 0.05047607421875, 0.03607177734375, 0.054656982421875, 1.2197265625, 0.003322601318359375, 0.53466796875, 0.1317138671875, 0.1285400390625, 14.0390625, 3.720703125, 6.1328125, 4.0859375, 0.497802734375, 8.2109375, 4.47265625, 0.52880859375, 0.132568359375, 4.51171875, 0.004955291748046875, 1.46484375, 0.04095458984375, 1.470703125, 0.051361083984375, 4.3828125, 0.030029296875, 1.65625, 0.72021484375, 0.050750732421875, 0.1314697265625, 5.4140625, 0.0013818740844726562, 0.001010894775390625, 0.669921875, 2.69140625, 0.0156402587890625, 7.0234375, 6.1328125, 1.3232421875, 2.529296875, 0.034332275390625, 0.0158233642578125, 5.77734375, 10.3125, 1.705078125, 3.669921875, 2.822265625, 0.325927734375, 1.201171875, 0.052703857421875, 6.50390625, 11.734375, 0.181396484375, 6.30078125, 10.3046875, 6.2109375, 5.12109375, 6.7265625, 4.203125, 2.150390625, 0.76171875, 0.003749847412109375, 2.677734375, 1.7724609375, 1.4169921875, 6.1875, 2.94140625, 0.69970703125, 0.1942138671875, 4.05859375, 8.0546875, 3.80078125, 0.54150390625, 7.8515625, 0.0211944580078125, 0.1158447265625, 0.0031719207763671875, 1.7041015625, 1.6162109375, 0.0010881423950195312, 4.01953125, 4.64453125, 1.4775390625, 0.02886962890625, 2.28125, 0.254638671875, 5.8203125, 0.6533203125, 7.98828125, 0.0004661083221435547, 1.6513671875, 0.9560546875, 0.1729736328125, 3.02734375, 9.84375, 0.7060546875, 0.008209228515625, 4.46875, 3.23828125, 0.461669921875, 1.0732421875, 5.11328125, 0.52685546875, 0.955078125, 0.7265625, 6.3515625, 0.0188140869140625, 0.8896484375, 1.3779296875, 0.35400390625, 0.06109619140625, 0.0239105224609375, 0.84814453125, 5.91015625, 0.1611328125, 2.291015625, 10.4609375, 9.21875, 0.75830078125, 1.3759765625, 1.8583984375, 2.193359375, 0.0201568603515625, 2.732421875, 0.0214996337890625, 2.255859375, 6.73828125, 4.6640625, 1.8154296875, 1.359375, 2.541015625, 4.92578125, 1.720703125, 1.267578125, 0.310791015625, 1.5263671875, 0.1309814453125, 0.791015625, 2.0, 1.712890625, 3.904296875, 8.28125, 6.6171875, 6.0625, 0.482421875, 3.9609375, 0.96826171875, 0.75048828125, 0.0029430389404296875, 7.70703125, 0.214599609375, 0.1759033203125, 3.259765625, 0.442626953125, 0.501953125, 0.253662109375, 0.7861328125, 1.7314453125, 0.8017578125, 0.052764892578125, 3.76171875, 10.5078125, 3.0234375, 1.56640625, 0.0562744140625, 8.25, 5.375, 0.7255859375, 0.059600830078125, 5.546875, 5.03515625, 4.94921875, 1.2919921875, 0.98291015625, 2.076171875, 0.70654296875, 1.3369140625, 3.935546875, 5.390625, 0.00795745849609375, 8.4296875, 5.76171875, 4.33984375, 3.029296875, 0.56982421875, 0.1314697265625, 2.673828125, 1.1103515625, 4.24609375, 2.525390625, 5.671875, 1.3193359375, 4.72265625, 1.8876953125, 3.9609375, 1.4541015625, 1.6533203125, 0.80712890625, 0.38232421875, 1.322265625, 0.0306243896484375, 0.716796875, 0.33251953125, 0.019775390625, 0.327392578125, 0.00395965576171875, 0.442626953125, 4.1796875, 0.14892578125, 0.3076171875, 1.48046875, 0.03131103515625, 0.06488037109375, 0.369384765625, 0.096923828125, 0.005290985107421875, 0.01096343994140625, 0.20556640625, 0.018707275390625, 0.031097412109375, 0.004489898681640625, 0.471923828125, 2.572265625, 0.0236968994140625, 0.1607666015625, 0.018829345703125, 0.026641845703125, 0.01299285888671875, 0.2008056640625, 0.0364990234375, 1.3251953125, 0.0599365234375, 8.5625, 0.095458984375, 0.57421875, 6.26171875, 0.44189453125, 0.342041015625, 0.359375, 0.0048065185546875, 0.135498046875, 0.004985809326171875, 0.132568359375, 1.544921875, 0.10198974609375, 0.2247314453125, 6.15625, 0.0280609130859375, 0.26171875, 1.48046875, 0.1414794921875, 0.07513427734375, 0.00855255126953125, 3.55859375, 0.01386260986328125, 0.1993408203125, 0.1904296875, 0.21923828125, 2.3125, 0.1593017578125, 0.10394287109375, 0.10284423828125, 0.5390625, 0.0150146484375, 0.0916748046875, 0.0047454833984375, 0.71484375, 3.064453125, 2.8515625, 0.298095703125, 0.67236328125, 9.1796875, 0.056884765625, 0.1832275390625, 4.46875, 1.0654296875, 0.01519775390625, 0.101318359375, 0.325927734375, 0.319580078125, 3.8046875, 3.482421875, 0.131103515625, 1.1142578125, 0.1954345703125, 0.1318359375, 0.379150390625, 0.14111328125, 0.014892578125, 2.484375, 0.04681396484375, 3.03125, 1.3662109375, 0.61328125, 5.71484375, 5.84765625, 3.326171875, 1.580078125, 0.377197265625, 0.4765625, 3.625, 0.04522705078125, 4.17578125, 2.6640625, 1.568359375, 1.736328125, 2.2421875, 1.6396484375, 0.210205078125, 0.32080078125, 0.0290985107421875, 0.0396728515625, 0.334228515625, 0.0014238357543945312, 1.416015625, 0.0701904296875, 0.02569580078125, 0.00310516357421875, 6.3984375, 2.2421875, 0.0132598876953125, 0.055389404296875, 4.4609375, 0.2435302734375, 1.0625, 6.40234375, 2.21875, 0.048614501953125, 0.70947265625, 0.07000732421875, 0.1365966796875, 0.1029052734375, 0.0008077621459960938, 0.150146484375, 0.053375244140625, 0.0053863525390625, 0.337158203125, 0.0030078887939453125, 0.3583984375, 0.6474609375, 9.0859375, 1.287109375, 4.2734375, 0.07574462890625, 1.8486328125, 0.98095703125, 0.0154266357421875, 0.01727294921875, 0.0038051605224609375, 7.32421875, 2.1875, 0.16259765625, 0.53271484375, 2.32421875, 7.52734375, 2.46875, 1.9033203125, 3.5546875, 0.496337890625, 0.15673828125, 0.07318115234375, 0.00479888916015625, 0.3212890625, 0.0203704833984375, 0.0731201171875, 4.8984375, 1.6181640625, 0.8681640625, 0.281982421875, 0.1409912109375, 0.042083740234375, 0.603515625, 0.08782958984375, 8.0078125, 5.5, 2.916015625, 3.50390625, 0.9736328125, 1.25, 1.43359375, 0.0311737060546875, 0.2437744140625, 10.546875, 1.9228515625, 3.396484375, 0.04241943359375, 0.6806640625, 0.43408203125, 0.496337890625, 0.30029296875, 0.8681640625, 1.41796875, 3.158203125, 8.8671875, 1.8740234375, 6.703125, 10.296875, 2.490234375, 0.013702392578125, 0.267822265625, 6.05078125, 2.58203125, 0.62451171875, 0.08380126953125, 0.1275634765625, 7.7578125, 0.055145263671875, 0.53076171875, 3.39453125, 3.623046875, 2.369140625, 0.09674072265625, 0.00972747802734375, 1.619140625, 7.046875, 0.39990234375, 8.1640625, 0.1259765625, 3.126953125, 1.1357421875, 2.845703125, 0.87060546875, 0.2462158203125, 3.34765625, 0.640625, 0.286376953125, 0.0036640167236328125, 4.12890625, 0.167236328125, 0.0003948211669921875, 0.04449462890625, 0.9697265625, 4.31640625, 0.80224609375, 1.65625, 4.42578125, 7.41015625, 5.32421875, 2.388671875, 7.0703125, 8.546875, 8.6484375, 2.583984375, 2.25, 2.232421875, 7.01953125, 4.28125, 2.716796875, 0.66162109375, 1.8681640625, 3.90234375, 4.86328125, 0.11114501953125, 0.337158203125, 1.169921875, 0.005252838134765625, 1.3291015625, 0.37060546875]",-1.8637711706849718
146,0,test,3.8757734298706055,1.8564545676353577,2.5226171716272656,6.186680592281718,2.96335470890151,4.026712856118641,48.21997864421446,40.686786600046936,44.35035884838646,76.97085792973199,64.94604433810309,70.79400003967793,3.9929456495160434,1.9115621818991517,2.594036375269904,5.704208070737205,2.7308031169987883,3.7057662503855773,54.21435086556594,46.19880036399517,50.163571598438374,77.4490726650942,65.99828623427882,71.66224514062625,3.973052761626483,1.9026350175360411,2.5891444581450296,6.240397007790286,2.9884319647162947,4.066719044206852,53.14652712443322,45.218392766981225,49.15605997749578,83.47622061429301,71.02365356070348,77.20847116884153,0.8140703517587939,-0.0009296482412060048,0.004070351758793889,0.6934673366834171,0.018467336683417046,0.013467336683417153,0.5778894472361809,0.007889447236180791,0.0028894472361808976,0.43067846607669613,0.09489054265990671,0.17258229335834485,0.4201183431952663,0.4522613065326633,0.1139154418710091,0.19015780068959154,0.4545454545454546,0.4548494983277592,0.12262913104896123,0.19900967630328759,0.4563758389261745,27.0,3.0,3.0,39.0,1.0,0.0,47.0,-1.0,0.0,-0.00021077522861651866,0.0001077930311026952,-3.458216641428924e-05,0.0003490780111610192,-5.1295171446419374e-05,0.00017032920177317834,"[3.603515625, 10.375, 0.00829315185546875, 10.703125, 5.89453125, 3.8515625, 4.69921875, 6.4453125, 0.8134765625, 5.01953125, 0.0166778564453125, 3.59375, 3.673828125, 0.0777587890625, 2.06640625, 0.00881195068359375, 3.2890625, 0.6572265625, 0.03228759765625, 8.2734375, 1.6689453125, 0.058258056640625, 7.890625, 4.46484375, 1.8212890625, 3.064453125, 1.2900390625, 4.421875, 0.058074951171875, 2.431640625, 2.15234375, 0.9736328125, 0.176513671875, 0.2607421875, 6.52734375, 2.103515625, 6.66015625, 5.80859375, 0.1400146484375, 5.86328125, 6.59765625, 5.3125, 3.0, 1.40625, 0.0006313323974609375, 3.2421875, 0.89501953125, 0.25732421875, 0.0301971435546875, 0.05828857421875, 0.09228515625, 0.0537109375, 0.018310546875, 6.16796875, 5.92578125, 7.421875, 9.9140625, 0.8525390625, 6.23828125, 5.25, 3.109375, 10.78125, 2.009765625, 8.0703125, 7.59375, 2.875, 7.30078125, 0.372802734375, 5.92578125, 1.0078125, 8.6640625, 6.31640625, 3.091796875, 9.9375, 6.96875, 10.46875, 8.2578125, 7.11328125, 0.0083770751953125, 1.310546875, 1.689453125, 1.1064453125, 5.30078125, 4.4609375, 5.87890625, 0.38427734375, 0.391357421875, 1.5263671875, 1.0791015625, 1.9130859375, 0.30029296875, 3.501953125, 6.41015625, 0.1217041015625, 5.00390625, 4.45703125, 3.275390625, 6.30859375, 9.9140625, 9.2109375, 3.583984375, 0.287109375, 7.08203125, 2.2734375, 2.2421875, 0.012939453125, 9.0, 3.7734375, 1.625, 3.71484375, 4.984375, 3.34765625, 13.1640625, 0.016326904296875, 5.140625, 4.34375, 4.14453125, 2.837890625, 8.921875, 0.0772705078125, 9.78125, 0.312744140625, 2.6796875, 10.5078125, 5.46484375, 3.810546875, 0.437744140625, 2.2421875, 2.275390625, 2.60546875, 2.138671875, 4.9765625, 6.6875, 1.431640625, 7.28125, 3.123046875, 5.83984375, 1.1357421875, 2.310546875, 4.6484375, 8.609375, 3.380859375, 5.83203125, 9.1875, 8.875, 4.9140625, 4.9296875, 8.890625, 2.55859375, 1.505859375, 7.9375, 1.2890625, 6.91796875, 3.6171875, 8.5625, 0.81787109375, 3.05859375, 1.056640625, 6.2109375, 1.9287109375, 2.03125, 7.25390625, 4.33984375, 1.3056640625, 7.46875, 2.126953125, 6.8046875, 1.998046875, 2.3984375, 5.3203125, 3.0390625, 8.7421875, 6.7421875, 9.390625, 0.9775390625, 4.44140625, 2.978515625, 3.857421875, 5.37890625, 0.2861328125, 6.15625, 8.6875, 4.125, 4.5625, 1.86328125, 0.95361328125, 4.42578125, 1.6328125, 1.466796875, 4.71484375, 0.7744140625, 4.9296875, 1.748046875, 3.42578125, 2.98828125, 1.31640625, 4.65625, 3.396484375, 5.4609375, 11.4140625, 5.515625, 3.845703125, 0.01184844970703125, 1.4697265625, 5.09765625, 5.7265625, 4.08984375, 0.388916015625, 7.1484375, 8.078125, 6.25, 3.287109375, 9.2578125, 2.490234375, 3.552734375, 0.494873046875, 3.00390625, 0.287841796875, 3.056640625, 5.03125, 1.9248046875, 1.9482421875, 2.822265625, 0.615234375, 3.525390625, 0.54296875, 5.1640625, 1.166015625, 7.25390625, 0.2271728515625, 7.5234375, 0.974609375, 1.505859375, 4.30078125, 6.40625, 1.3056640625, 8.765625, 7.328125, 3.90625, 4.20703125, 0.0293426513671875, 1.7041015625, 1.546875, 10.96875, 5.30078125, 3.63671875, 4.26171875, 4.85546875, 4.76171875, 3.857421875, 2.55859375, 6.43359375, 4.75390625, 0.5185546875, 12.34375, 1.0390625, 2.171875, 1.791015625, 0.334228515625, 5.0, 3.650390625, 1.7607421875, 0.64794921875, 10.609375, 8.7109375, 4.9140625, 0.92626953125, 2.19140625, 1.4677734375, 0.0494384765625, 2.662109375, 5.3984375, 2.830078125, 4.44140625, 6.17578125, 0.4306640625, 5.0859375, 2.380859375, 11.3984375, 0.2406005859375, 1.51953125, 11.1875, 1.8984375, 1.8974609375, 0.138916015625, 5.765625, 7.6015625, 7.54296875, 1.92578125, 4.54296875, 8.1953125, 1.3603515625, 0.001865386962890625, 9.546875, 0.407470703125, 5.8359375, 9.6953125, 2.01171875, 0.043670654296875, 0.85009765625, 0.032012939453125, 11.546875, 0.404296875, 3.9609375, 9.7265625, 3.857421875, 3.47265625, 5.41015625, 4.41015625, 1.37890625, 3.158203125, 0.1102294921875, 0.908203125, 0.02069091796875, 2.794921875, 6.9296875, 0.027191162109375, 5.484375, 0.346435546875, 2.939453125, 3.197265625, 8.6640625, 0.0010061264038085938, 2.41796875, 0.138427734375, 2.66796875, 1.2509765625, 3.509765625, 3.92578125, 8.1875, 1.5234375, 1.05078125, 2.580078125, 5.59375, 0.58447265625, 0.8095703125, 2.701171875, 3.443359375, 6.39453125]",-1.2629022598266602
24,0,test,4.053458127108487,1.8630886430051694,2.519208792600697,7.818965676881398,3.593826726671174,4.859457397748885,57.59628834141459,48.65777319752412,52.95844558701082,111.10103707387623,93.85898327172686,102.15481580445257,4.207647285269733,1.8735259576185586,2.629046347853096,6.8977824348684145,3.0713540288828827,4.309912045660813,67.19825535881778,56.87786765392639,62.35008718532756,110.16107435871767,93.24240599004327,102.21325768086486,4.167750616934786,1.9375192910417338,2.6276594106472704,7.7659949383878,3.6102843932454673,4.89625977139243,64.5700458638555,55.268028235700946,59.905030133503985,120.31685564693572,102.98390354478438,111.62427975187079,0.7537688442211055,-0.011231155778894553,-0.006231155778894548,0.6482412060301508,-0.006758793969849242,-0.011758793969849135,0.5728643216080402,-0.0021356783919597166,0.007864321608040292,0.45738636363636365,0.1339821083172147,0.20909701857282503,0.4330484330484331,0.44221105527638194,0.10135892495056742,0.1851158966787192,0.43434343434343436,0.4581939799331104,0.13599030714513038,0.20791589317004033,0.4429530201342282,25.0,1.0,0.0,37.0,-1.0,-1.0,46.0,-2.0,-4.0,0.0004745750088902699,0.00014748611243128453,9.92578284448411e-06,0.0002977419659311309,-0.00010165099709258385,0.00013822313020828148,"[10.1875, 13.390625, 3.044921875, 1.35546875, 1.177734375, 5.24609375, 4.22265625, 6.33984375, 5.9140625, 0.3408203125, 2.494140625, 9.890625, 0.0083160400390625, 2.484375, 6.28515625, 2.4609375, 4.58984375, 4.90625, 3.580078125, 2.390625, 4.07421875, 9.5234375, 5.640625, 5.78515625, 3.220703125, 0.783203125, 0.181396484375, 7.5, 0.58447265625, 3.349609375, 2.7734375, 14.6875, 0.334716796875, 1.537109375, 4.01953125, 4.96875, 1.1630859375, 8.921875, 1.8720703125, 1.7060546875, 1.1953125, 7.2265625, 0.53564453125, 1.5322265625, 7.15625, 0.07073974609375, 7.47265625, 3.171875, 0.99755859375, 3.02734375, 2.681640625, 5.2265625, 8.4375, 0.0190277099609375, 3.8046875, 5.5, 0.3544921875, 3.1953125, 8.390625, 5.7109375, 5.15625, 0.94140625, 0.68115234375, 0.0153961181640625, 4.16015625, 5.94140625, 6.453125, 1.2998046875, 0.032012939453125, 2.642578125, 11.4609375, 4.9140625, 10.65625, 2.947265625, 4.11328125, 12.25, 5.8046875, 4.296875, 3.35546875, 3.15625, 10.828125, 0.035064697265625, 2.46875, 7.23046875, 0.281005859375, 2.203125, 6.86328125, 4.7734375, 2.71875, 7.03515625, 11.2421875, 2.796875, 3.521484375, 1.12890625, 1.4892578125, 6.8828125, 0.0163116455078125, 3.28515625, 2.01171875, 12.5, 5.421875, 1.7255859375, 4.49609375, 0.4931640625, 5.51171875, 0.32666015625, 1.1591796875, 7.015625, 4.8359375, 7.94921875, 6.41015625, 2.6953125, 6.90234375, 0.0814208984375, 1.86328125, 3.7734375, 0.7880859375, 4.578125, 1.169921875, 3.185546875, 1.3974609375, 6.86328125, 0.412353515625, 5.5390625, 0.325927734375, 0.010528564453125, 3.625, 2.267578125, 7.72265625, 2.28515625, 9.0625, 5.69921875, 1.4228515625, 0.65478515625, 0.07257080078125, 4.44921875, 5.703125, 0.03387451171875, 10.765625, 0.26953125, 0.00545501708984375, 3.9140625, 4.875, 0.9501953125, 10.7734375, 1.91796875, 3.564453125, 11.875, 0.022369384765625, 1.4052734375, 4.875, 0.0038051605224609375, 7.953125, 0.340087890625, 1.1669921875, 2.2421875, 0.157958984375, 4.47265625, 10.09375, 9.4375, 6.1484375, 8.265625, 1.73046875, 2.1640625, 7.9140625, 7.56640625, 2.4453125, 0.397216796875, 5.58984375, 9.9453125, 11.5546875, 4.95703125, 0.324951171875, 0.453369140625, 8.3984375, 11.234375, 7.9609375, 7.34765625, 8.5625, 0.33154296875, 0.2008056640625, 7.42578125, 10.171875, 8.8671875, 0.8603515625, 0.07232666015625, 4.6171875, 4.09765625, 8.328125, 0.775390625, 0.10223388671875, 3.796875, 4.72265625, 7.3671875, 3.880859375, 7.2265625, 0.1591796875, 0.07904052734375, 9.84375, 2.94140625, 10.6796875, 7.80859375, 0.99169921875, 0.047149658203125, 4.3359375, 4.7421875, 6.52734375, 6.79296875, 9.9375, 0.061370849609375, 0.08624267578125, 7.48828125, 9.25, 3.64453125, 13.3515625, 2.462890625, 0.414794921875, 3.083984375, 3.125, 5.26171875, 1.478515625, 4.6640625, 0.162109375, 0.0080413818359375, 1.8515625, 0.1170654296875, 0.61767578125, 0.2396240234375, 0.071533203125, 0.139892578125, 0.09576416015625, 0.0036487579345703125, 0.0281524658203125, 8.09375, 0.011077880859375, 4.0703125, 0.1275634765625, 0.1324462890625, 0.2802734375, 0.04864501953125, 0.638671875, 7.80859375, 8.75, 7.49609375, 7.51171875, 0.195556640625, 0.154296875, 11.6796875, 4.62109375, 1.0576171875, 0.150634765625, 10.796875, 9.3515625, 6.7890625, 0.302001953125, 0.071044921875, 10.8671875, 5.6953125, 10.890625, 6.13671875, 0.130126953125, 0.062347412109375, 6.76171875, 5.19921875, 7.0234375, 4.98828125, 0.07568359375, 3.8203125, 10.46875, 5.01171875, 8.109375, 5.2578125, 0.2154541015625, 0.075927734375, 10.703125, 7.4609375, 6.98828125, 0.196533203125, 0.07794189453125, 7.62890625, 8.6015625, 14.3984375, 0.1683349609375, 0.1527099609375, 8.6953125, 2.173828125, 4.71875, 1.6953125, 3.072265625, 0.57080078125, 6.64453125, 0.357177734375, 0.0421142578125, 6.24609375, 7.3125, 1.76953125, 3.9296875, 5.28515625, 0.332763671875, 6.47265625, 0.0723876953125, 7.0390625, 0.375244140625, 5.8359375, 0.5732421875, 3.583984375, 0.08074951171875, 6.7890625, 8.7734375, 12.8125, 1.953125, 11.8046875, 3.98828125, 11.578125, 4.4921875, 0.420166015625, 2.255859375, 0.384033203125, 7.97265625, 0.28515625, 6.19140625, 0.173095703125, 3.62890625, 0.10308837890625, 4.375, 0.12548828125, 4.50390625, 0.2374267578125, 5.25, 0.18115234375, 0.23046875, 0.042449951171875, 7.296875, 4.75, 1.2705078125, 6.296875, 4.0625, 1.0576171875, 7.28515625, 0.85693359375, 2.294921875, 0.009674072265625, 2.765625, 3.1875, 0.51220703125, 8.59375, 2.236328125, 0.415771484375, 0.0203094482421875, 0.364990234375, 5.12890625, 0.0294342041015625]",-0.12166842547329981
56,0,test,2.9437206532375746,1.2971767504561023,1.323712788813131,8.272019489265363,3.6451391367565327,3.7197068870000267,18.986356708103365,13.797341647549342,13.93322665173623,53.352723040089344,38.77130083082301,39.153145283929184,2.9954931101008277,1.2778591600179485,1.7849132759811233,6.051501232526925,2.5815336566019162,3.6058854060224714,19.99521730288271,14.42388649240596,16.639787621669736,40.394378389662045,29.139164631123155,33.615732569029774,3.147437739930424,1.3969041151683363,1.9317814274557394,6.892199430504578,3.058914120806576,4.23017830829724,23.276348051795775,17.51867375783334,19.90384129540712,50.970105222910455,38.36205932372264,43.58505393154844,0.592964824120603,-0.0020351758793969443,0.007964824120603065,0.4623115577889447,-0.01268844221105525,0.012311557788944771,0.3517587939698492,-0.023241206030150785,-0.01824120603015078,0.3844621513944223,0.11083031059840243,0.11368991288024832,0.37325349301397204,0.3517587939698492,0.07356330524804466,0.12304426976283755,0.3535353535353535,0.37792642140468224,0.08577283208915631,0.14655823453037742,0.3791946308724832,24.0,2.0,0.0,33.0,0.0,0.0,40.0,2.0,1.0,0.00018011232410923748,-4.6018668996649757e-05,0.00036976532331947686,-0.004970126058063684,-0.004662220098315295,-0.005283187920445798,"[9.171875, 0.0016794204711914062, 0.2489013671875, 0.2227783203125, 0.0005898475646972656, 0.031951904296875, 0.024322509765625, 4.65625, 0.004177093505859375, 0.004428863525390625, 0.003246307373046875, 0.98974609375, 1.2529296875, 0.5087890625, 2.677734375, 9.3515625, 7.8125, 1.140625, 9.234375, 4.9375, 2.716796875, 6.03515625, 10.4296875, 9.453125, 2.365234375, 0.03509521484375, 0.09979248046875, 6.078125, 0.03143310546875, 5.03515625, 0.79345703125, 1.3779296875, 0.492919921875, 0.0080718994140625, 0.728515625, 10.828125, 4.65234375, 0.0477294921875, 0.708984375, 10.0859375, 0.404296875, 7.7265625, 6.91796875, 1.765625, 0.71630859375, 13.0625, 0.62060546875, 3.15234375, 0.08447265625, 0.7177734375, 9.8828125, 5.046875, 0.38623046875, 9.6328125, 4.93359375, 0.9853515625, 0.01506805419921875, 1.32421875, 4.1484375, 7.796875, 0.82421875, 4.94921875, 1.216796875, 0.7001953125, 1.5615234375, 3.513671875, 7.16015625, 1.779296875, 1.6103515625, 0.03192138671875, 1.4208984375, 9.1171875, 3.181640625, 11.0, 0.76904296875, 10.109375, 5.2734375, 2.7109375, 0.7353515625, 2.26953125, 0.033935546875, 0.3212890625, 0.904296875, 3.0625, 6.6484375, 3.8828125, 0.84375, 4.8515625, 8.4296875, 0.755859375, 2.73828125, 1.6533203125, 0.97412109375, 0.58984375, 9.921875, 8.15625, 2.576171875, 7.12890625, 10.9296875, 3.705078125, 3.7890625, 0.0105743408203125, 1.986328125, 5.109375, 0.4306640625, 2.962890625, 0.54052734375, 0.26025390625, 0.14306640625, 1.3349609375, 0.1033935546875, 0.075927734375, 1.3515625, 4.91796875, 0.5654296875, 6.75390625, 0.91748046875, 7.58203125, 2.51953125, 0.83447265625, 5.859375, 0.250732421875, 0.87548828125, 2.3984375, 4.1640625, 4.2734375, 0.343017578125, 0.0216522216796875, 3.673828125, 3.3203125, 1.4208984375, 10.40625, 2.361328125, 4.9765625, 5.5390625, 0.81591796875, 4.39453125, 2.18359375, 0.35400390625, 1.1728515625, 0.03778076171875, 1.9306640625, 0.78662109375, 2.208984375, 6.30078125, 0.230224609375, 5.78125, 0.94140625, 1.162109375, 0.08941650390625, 2.19140625, 0.05792236328125, 6.1484375, 4.4140625, 2.064453125, 0.43212890625, 0.7197265625, 0.430419921875, 0.322021484375, 0.5732421875, 7.1171875, 0.0260772705078125, 1.9443359375, 0.272216796875, 0.0863037109375, 0.9423828125, 3.580078125, 0.5537109375, 1.763671875, 4.390625, 12.921875, 3.123046875, 1.2021484375, 4.0, 1.8193359375, 0.489013671875, 0.1536865234375, 3.28515625, 0.07757568359375, 12.5859375, 1.7646484375, 0.167236328125, 4.84375, 0.95166015625, 1.4150390625, 0.122802734375, 0.38037109375, 0.72509765625, 0.331787109375, 5.9609375, 1.2734375, 0.423828125, 7.53125, 0.273681640625, 2.46875, 4.546875, 1.4365234375, 6.31640625, 1.8671875, 10.4140625, 0.8876953125, 0.0256805419921875, 0.021575927734375, 0.028961181640625, 9.484375, 3.537109375, 1.8583984375, 4.20703125, 0.9423828125, 3.693359375, 2.376953125, 9.9921875, 2.63671875, 5.0078125, 5.29296875, 2.162109375, 3.28125, 1.412109375, 0.1614990234375, 0.29345703125, 0.00823211669921875, 1.072265625, 4.91015625, 7.91796875, 6.2265625, 0.1259765625, 6.28515625, 0.452392578125, 7.046875, 0.837890625, 4.34375, 4.74609375, 1.3408203125, 6.57421875, 3.615234375, 4.2890625, 0.0887451171875, 0.7529296875, 9.7578125, 11.5859375, 2.81640625, 2.427734375, 1.296875, 2.078125, 1.3740234375, 2.802734375, 0.5107421875, 6.59765625, 8.140625, 3.091796875, 4.83203125, 10.1171875, 5.27734375, 8.0703125, 1.7333984375, 8.765625, 3.560546875, 1.736328125, 0.1912841796875, 8.28125, 2.224609375, 1.84375, 0.314697265625, 0.369873046875, 2.755859375, 0.198974609375, 0.004657745361328125, 0.73583984375, 3.232421875, 0.68701171875, 3.212890625, 0.0885009765625, 3.189453125, 1.6083984375, 0.2191162109375, 5.15234375, 0.14697265625, 2.001953125, 13.09375, 7.0625, 3.26171875, 1.4189453125, 2.173828125, 9.96875, 4.41796875, 1.515625, 4.1015625, 0.76123046875, 5.859375, 3.416015625, 5.58203125, 6.84375, 1.74609375, 0.58447265625, 4.3046875, 11.140625, 1.2978515625, 0.1895751953125, 1.4287109375, 0.296875, 3.900390625, 1.0810546875, 6.65625, 0.97265625, 0.412353515625, 0.1500244140625, 0.1593017578125, 0.33154296875, 0.19189453125, 4.01171875, 5.6796875, 0.32763671875, 6.25390625, 0.06640625, 6.32421875, 1.7138671875, 5.2265625, 0.06756591796875, 10.5703125, 5.76171875, 1.3251953125, 0.041961669921875, 0.34033203125, 0.01177978515625, 0.79296875, 1.2470703125, 0.53271484375, 5.328125, 3.25, 6.95703125, 6.39453125, 0.74658203125, 3.205078125, 7.8828125, 11.0234375, 0.82861328125, 0.7470703125, 0.1956787109375, 1.5888671875, 5.21484375, 11.6484375, 6.1875, 1.4228515625, 3.19140625, 6.08984375, 4.484375, 1.626953125, 6.81640625, 0.95166015625, 0.42529296875, 3.45703125, 3.849609375, 2.958984375, 3.3203125, 1.123046875, 0.108154296875, 1.3212890625, 0.00133514404296875, 0.12939453125, 0.0745849609375, 1.4453125, 6.1875, 3.20703125, 1.76953125, 0.57470703125, 4.0859375, 0.35791015625, 8.9296875, 2.970703125, 0.09112548828125, 8.671875, 5.93359375, 1.1103515625, 0.9296875, 0.67578125, 0.36181640625, 9.8359375, 1.126953125, 7.0546875, 5.30859375, 0.325439453125, 0.03643798828125, 0.154541015625, 6.546875, 1.6611328125, 0.039031982421875, 0.40966796875, 0.395751953125, 0.061492919921875, 0.03753662109375, 0.6708984375, 0.0478515625, 0.240966796875, 1.7041015625, 0.1409912109375, 5.78515625, 0.51611328125, 0.123291015625, 10.1875, 0.473388671875, 0.037322998046875, 0.71533203125, 1.4853515625, 1.439453125, 3.767578125, 0.352294921875, 0.212646484375, 0.198974609375, 5.40625, 0.50146484375, 2.083984375, 0.6640625, 0.15283203125, 0.01299285888671875, 0.82763671875, 9.03125, 0.158447265625, 7.203125, 0.576171875, 5.65625, 2.283203125, 6.5859375, 9.25, 1.7353515625, 7.58203125, 1.263671875, 0.6708984375, 0.1929931640625, 5.046875, 6.2265625, 10.9375, 2.6953125, 4.7421875, 4.765625, 2.017578125, 0.0197906494140625, 1.716796875, 5.6875, 6.38671875, 0.0211334228515625, 0.0347900390625, 0.05828857421875, 7.34765625, 0.113525390625, 1.2109375, 0.0653076171875, 0.065673828125, 3.861328125, 2.896484375, 0.08673095703125, 0.1358642578125, 1.6923828125, 0.97705078125, 1.15234375, 0.85205078125, 0.18408203125, 0.103515625, 1.30078125, 0.3310546875, 7.53125, 0.60791015625, 4.70703125, 1.78515625, 0.05303955078125, 1.0908203125, 0.4501953125, 0.0214996337890625, 0.5859375, 0.01303863525390625, 9.2421875, 3.478515625, 8.0078125, 1.154296875, 0.005340576171875, 0.01020050048828125, 0.179931640625, 11.8984375, 0.0887451171875, 0.95068359375, 4.828125, 5.37890625, 7.23828125, 3.896484375, 3.7578125, 1.5615234375, 6.55078125, 0.08221435546875, 4.27734375, 2.11328125, 0.387451171875, 0.07904052734375, 1.1220703125, 0.0799560546875, 0.1280517578125, 0.322265625, 2.646484375, 3.3984375, 6.078125, 2.587890625, 1.400390625, 2.49609375, 1.357421875]",-1.6096407626254625
119,0,test,3.3433246718807803,1.5460035265551713,2.069679899321347,7.038578256591117,3.2547442664319393,4.357220840676519,28.313102174703694,22.279639149120754,24.73924743404317,59.60653089411304,46.904503471833166,52.08262617693299,3.9966378427630094,1.8144494603393984,2.524790983041222,6.831859560278649,3.101623009127177,4.315882022292688,54.41489071383912,45.54920415596914,50.057615723622234,93.0169072031438,77.86188744610111,85.56857388653374,3.4513988319448003,1.6074901030841457,2.2131556577101277,6.723504218074287,3.1314742267872973,4.311342190344405,31.544486897052405,25.223289012708115,28.09493901341495,61.45029915010209,49.13627729748334,54.73040067548367,0.7638190954773869,-0.001180904522613102,-0.0061809045226131065,0.6633165829145728,-0.0016834170854271857,0.008316582914572823,0.5577889447236181,0.012788944723618134,0.0027889447236181253,0.41504178272980496,0.1215786394752848,0.17946016005140808,0.34636871508379885,0.42713567839195976,0.09129607939446605,0.17004051979429702,0.40909090909090906,0.4280936454849499,0.12759281076040896,0.20673658208116785,0.34563758389261745,21.0,2.0,2.0,33.0,3.0,4.0,41.0,3.0,4.0,0.0006098566332155574,0.0006142913344407831,0.0005702229306431576,-0.017732894101488483,-0.02709081363965371,-0.026769631264711435,"[3.603515625, 13.375, 2.755859375, 8.9453125, 0.974609375, 1.8154296875, 1.5634765625, 13.0234375, 1.3759765625, 6.61328125, 0.00556182861328125, 9.609375, 4.0703125, 0.54345703125, 8.5625, 3.66796875, 7.92578125, 5.4375, 10.09375, 0.7744140625, 8.859375, 0.1153564453125, 1.0126953125, 0.876953125, 1.341796875, 5.2109375, 0.0011072158813476562, 8.296875, 8.203125, 3.43359375, 3.8203125, 10.109375, 4.7890625, 0.12249755859375, 4.03125, 8.34375, 4.34375, 0.11212158203125, 4.91796875, 8.46875, 7.38671875, 6.70703125, 0.172607421875, 0.2025146484375, 3.11328125, 0.0247039794921875, 3.443359375, 4.56640625, 0.02276611328125, 6.2265625, 6.65625, 0.08929443359375, 3.865234375, 6.84375, 3.63671875, 1.486328125, 1.3779296875, 2.451171875, 4.48046875, 0.77880859375, 0.2105712890625, 0.01001739501953125, 3.685546875, 5.73046875, 5.9765625, 10.8515625, 3.423828125, 1.029296875, 5.16796875, 2.736328125, 0.17919921875, 1.9248046875, 2.611328125, 7.1484375, 2.625, 0.18701171875, 1.814453125, 0.493896484375, 2.9140625, 4.09375, 0.1619873046875, 3.37890625, 12.8515625, 0.828125, 0.5234375, 0.30712890625, 8.5703125, 1.4833984375, 2.416015625, 0.4326171875, 4.80859375, 4.68359375, 1.888671875, 2.26171875, 3.26171875, 8.8359375, 0.76318359375, 0.70556640625, 0.783203125, 0.140380859375, 3.02734375, 3.734375, 3.23046875, 3.375, 1.7900390625, 7.0, 0.376708984375, 0.0286102294921875, 6.98046875, 9.2421875, 4.43359375, 0.0273895263671875, 0.1016845703125, 5.53125, 10.1328125, 11.5078125, 1.67578125, 1.826171875, 6.21484375, 3.017578125, 6.32421875, 1.4892578125, 2.798828125, 0.035308837890625, 8.6171875, 15.9453125, 0.9833984375, 4.90234375, 7.30078125, 9.8203125, 7.96875, 3.494140625, 3.224609375, 3.947265625, 4.51953125, 5.58984375, 1.744140625, 13.59375, 3.08984375, 6.90234375, 3.19140625, 3.494140625, 0.34619140625, 0.97412109375, 2.5, 14.6171875, 0.7353515625, 6.46875, 0.493896484375, 2.208984375, 3.916015625, 4.70703125, 0.034576416015625, 6.28125, 2.5078125, 6.48828125, 0.853515625, 8.0546875, 3.251953125, 7.9375, 1.5830078125, 4.109375, 3.576171875, 4.21875, 3.98828125, 2.439453125, 0.03948974609375, 5.765625, 0.10302734375, 4.35546875, 3.697265625, 1.140625, 5.83984375, 3.93359375, 0.2186279296875, 5.5, 2.388671875, 5.84765625, 4.07421875, 0.263916015625, 4.4140625, 10.625, 8.3671875, 2.24609375, 8.3671875, 4.15625, 5.4609375, 1.2109375, 1.6708984375, 5.46875, 6.94921875, 1.70703125, 1.3251953125, 0.029754638671875, 6.6875, 1.8857421875, 1.0859375, 0.07110595703125, 5.87890625, 0.53857421875, 1.150390625, 3.232421875, 0.415283203125, 0.157470703125, 3.953125, 0.2471923828125, 2.419921875, 2.869140625, 0.01513671875, 3.90625, 0.63330078125, 8.4921875, 0.2291259765625, 0.10992431640625, 1.3095703125, 3.490234375, 1.548828125, 0.059295654296875, 0.054931640625, 0.295166015625, 5.10546875, 0.0100860595703125, 6.6015625, 0.53271484375, 6.08203125, 2.796875, 1.251953125, 7.9453125, 2.21484375, 0.14990234375, 8.546875, 3.46484375, 1.146484375, 1.091796875, 1.17578125, 1.5830078125, 7.26171875, 7.15625, 1.8916015625, 1.3310546875, 4.078125, 10.265625, 2.27734375, 4.7890625, 5.56640625, 2.689453125, 0.0024318695068359375, 0.15185546875, 5.42578125, 1.55078125, 0.00711822509765625, 0.01800537109375, 0.040496826171875, 0.0718994140625, 0.002315521240234375, 0.81396484375, 0.01739501953125, 0.25634765625, 0.174560546875, 0.041046142578125, 0.356201171875, 0.0699462890625, 0.049346923828125, 0.0635986328125, 0.99560546875, 0.01229095458984375, 0.0849609375, 0.08856201171875, 0.036529541015625, 6.31640625, 1.4453125, 12.015625, 7.91015625, 4.5625, 3.05859375, 0.0006685256958007812, 0.00734710693359375, 2.287109375, 0.0024089813232421875, 0.057891845703125, 0.0186309814453125, 0.00743865966796875, 0.004474639892578125, 0.428955078125, 0.0085296630859375, 0.07220458984375, 0.475830078125, 0.06201171875, 7.125, 7.890625, 7.7265625, 1.5712890625, 10.9296875, 1.6337890625, 3.94921875, 11.4453125, 0.7626953125, 0.070556640625, 2.77734375, 5.81640625, 4.140625, 1.083984375, 2.615234375, 0.36865234375, 0.00237274169921875, 0.004608154296875, 1.501953125, 0.031982421875, 0.010833740234375, 0.003253936767578125, 0.01509857177734375, 0.134521484375, 0.900390625, 0.0090789794921875, 0.0196380615234375, 0.10089111328125, 0.426513671875, 2.38671875, 1.68359375, 0.324951171875, 0.826171875, 0.0318603515625, 5.76171875, 0.492431640625, 0.0307159423828125, 3.724609375, 8.9453125, 2.25390625, 1.0302734375, 0.007083892822265625, 0.453125, 10.984375, 8.1484375, 4.88671875, 4.50390625, 6.38671875, 4.7578125, 1.20703125, 4.0390625, 1.955078125, 10.875, 3.140625, 0.0309295654296875, 1.8291015625, 2.552734375, 2.388671875, 1.6396484375, 0.0704345703125, 3.626953125, 9.953125, 7.609375, 3.138671875, 1.39453125, 3.322265625, 0.8173828125, 8.53125, 1.6044921875, 7.03515625, 9.71875]",-0.8599667442874326
84,0,test,3.576037939801159,1.6950037466910488,1.7226508915170629,9.4670899143157,4.4872993925557765,4.560491570700435,35.73168891718884,29.17140295954544,29.35029185733385,94.59494487024203,77.22745099290186,77.70103581178381,4.477747260625638,2.092862537777353,2.874931900645522,7.925216390487856,3.7041814827917756,5.088375045390304,88.03612667449401,77.1783157392385,83.06913003290558,155.8161534061841,136.5987889190062,147.02500890779748,4.091706765136591,1.967147180374094,2.647142057451623,8.183413530273182,3.934294360748188,5.294284114903246,59.841940730657086,51.472729982257874,55.60193463166243,119.68388146131417,102.94545996451575,111.20386926332486,0.7839195979899498,-0.011080402010050228,-0.02608040201005024,0.7185929648241206,-0.01640703517587938,-0.006407035175879372,0.6633165829145728,0.0033165829145729298,-0.0016834170854271857,0.45019920318725104,0.1337812927394898,0.13837124619800378,0.3912175648702595,0.4522613065326633,0.07882772257276349,0.18514945344418243,0.5353535353535354,0.46488294314381273,0.12097643229239374,0.21238016227618206,0.4395973154362416,26.0,0.0,1.0,39.0,0.0,1.0,44.0,1.0,1.0,0.0012804763377289143,0.00040909833046710636,0.0011437675678302966,-0.0026323615377830123,-0.002254221984708593,-0.002491054263601633,"[7.19140625, 3.509765625, 0.09625244140625, 0.56982421875, 0.02545166015625, 0.402587890625, 1.9375, 0.250732421875, 1.494140625, 0.71044921875, 3.916015625, 1.318359375, 0.006137847900390625, 0.80859375, 0.1263427734375, 0.445556640625, 7.20703125, 13.671875, 2.19140625, 6.0546875, 8.078125, 1.10546875, 5.63671875, 0.13037109375, 2.84765625, 2.880859375, 5.01953125, 2.30078125, 1.41796875, 8.7578125, 0.424560546875, 1.6728515625, 2.865234375, 0.059051513671875, 0.470458984375, 0.0180511474609375, 4.2265625, 1.001953125, 3.435546875, 1.703125, 3.08203125, 3.091796875, 0.378173828125, 1.478515625, 10.9453125, 5.515625, 3.5703125, 12.8828125, 7.20703125, 4.3984375, 5.73046875, 8.3984375, 14.34375, 8.703125, 6.3359375, 6.17578125, 6.28125, 4.79296875, 5.5859375, 4.5703125, 4.390625, 7.890625, 4.08203125, 4.25390625, 3.791015625, 4.734375, 3.79296875, 4.30859375, 4.83984375, 4.375, 3.931640625, 2.927734375, 9.671875, 9.171875, 5.0859375, 8.6484375, 12.9609375, 4.60546875, 5.7890625, 3.923828125, 4.83984375, 3.859375, 4.9921875, 8.484375, 10.125, 4.2265625, 4.42578125, 8.1953125, 4.5625, 4.85546875, 5.171875, 4.61328125, 3.763671875, 4.23828125, 8.796875, 4.69921875, 0.1036376953125, 0.66162109375, 8.96875, 3.07421875, 0.67138671875, 2.875, 0.044830322265625, 0.083984375, 0.2083740234375, 0.2298583984375, 0.34228515625, 10.7265625, 3.576171875, 11.390625, 3.8828125, 4.27734375, 5.546875, 3.916015625, 7.37109375, 5.37890625, 3.3828125, 9.171875, 5.24609375, 4.9765625, 5.5078125, 4.0078125, 4.29296875, 8.0546875, 9.1640625, 4.65234375, 3.796875, 4.77734375, 8.8046875, 8.84375, 4.03515625, 3.181640625, 8.96875, 4.6953125, 4.8046875, 3.513671875, 3.9921875, 4.59375, 8.890625, 4.68359375, 4.03515625, 10.609375, 4.796875, 8.875, 9.1953125, 4.94140625, 3.958984375, 0.07147216796875, 0.076416015625, 4.8984375, 1.013671875, 10.71875, 3.892578125, 2.40625, 11.421875, 2.76171875, 4.4609375, 0.102783203125, 1.7783203125, 3.39453125, 0.10015869140625, 2.296875, 12.3984375, 0.130615234375, 0.3427734375, 0.0806884765625, 10.4296875, 7.78125, 4.0078125, 2.248046875, 0.14306640625, 1.06640625, 0.073974609375, 0.09100341796875, 8.3828125, 1.5712890625, 12.25, 3.751953125, 6.40234375, 1.0673828125, 0.47998046875, 6.5625, 13.375, 6.73046875, 0.90673828125, 0.219482421875, 0.8232421875, 2.62109375, 5.203125, 1.603515625, 4.66015625, 7.16015625, 7.01953125, 1.44921875, 7.07421875, 5.17578125, 6.92578125, 3.28125, 1.7578125, 9.1015625, 7.59765625, 5.49609375, 4.11328125, 6.69921875, 3.42578125, 6.36328125, 3.84375, 2.939453125, 3.671875, 2.470703125, 1.4521484375, 0.2607421875, 0.375732421875, 7.66015625, 1.021484375, 0.0870361328125, 5.53125, 0.84033203125, 2.72265625, 0.10369873046875, 0.31396484375, 7.33984375, 4.21484375, 11.1953125, 1.8134765625, 0.0113525390625, 4.45703125, 0.304931640625, 3.05859375, 8.3359375, 0.1395263671875, 3.453125, 2.314453125, 2.880859375, 0.0024471282958984375, 0.00026226043701171875, 5.5625, 1.396484375, 3.458984375, 0.04364013671875, 3.599609375, 0.43212890625, 3.455078125, 0.27392578125, 9.9296875, 8.4609375, 5.875, 2.158203125, 2.7578125, 0.001422882080078125, 0.0007801055908203125, 4.421875, 7.83984375, 4.80859375, 7.41015625, 2.677734375, 4.5859375, 1.2431640625, 1.0, 1.07421875, 0.0068206787109375, 3.09765625, 0.058868408203125, 8.6484375, 6.9296875, 4.1328125, 4.83203125, 0.043548583984375, 0.5087890625, 0.315185546875, 6.43359375, 0.88720703125, 6.4609375, 1.1591796875, 0.409423828125, 0.92822265625, 0.182373046875, 0.277099609375, 0.09161376953125, 2.796875, 0.1279296875, 10.5078125, 2.955078125, 5.1328125, 3.41015625, 0.8525390625, 5.06640625, 3.505859375, 7.43359375, 5.42578125, 8.25, 7.87109375, 1.330078125, 0.89404296875, 0.44873046875, 4.16796875, 2.828125, 0.35205078125, 1.095703125, 1.443359375, 5.15234375, 6.84765625, 0.80859375, 0.3623046875, 0.31396484375, 0.38818359375, 1.0263671875, 2.12109375, 4.1171875, 0.4228515625, 0.72412109375, 0.12493896484375, 4.08203125, 4.92578125, 3.419921875, 1.462890625, 3.74609375, 2.58203125, 2.44140625, 6.8671875, 1.0830078125, 3.619140625, 0.0259246826171875, 1.208984375, 15.3515625, 0.0679931640625, 0.082275390625, 0.1898193359375, 8.625, 3.587890625, 2.90234375, 2.962890625, 4.04296875, 2.787109375, 0.464111328125, 5.3515625, 1.7626953125, 2.87109375, 6.41015625, 2.5078125, 3.892578125, 1.01171875, 0.95458984375, 1.083984375, 2.42578125, 1.560546875, 10.8125, 5.95703125, 1.5732421875, 2.130859375, 2.486328125, 1.3408203125, 3.837890625, 0.038970947265625, 0.0020885467529296875, 0.58056640625, 1.5458984375, 0.2099609375, 3.251953125, 0.020782470703125, 0.0008978843688964844, 3.529296875, 8.390625, 0.22509765625, 5.78515625, 0.35400390625, 1.150390625, 0.322265625, 12.2421875, 2.814453125, 13.765625, 3.884765625, 4.5, 0.406005859375, 6.5, 2.888671875, 3.65625, 2.646484375, 0.022613525390625, 6.3515625, 7.94921875, 6.7578125, 1.4052734375, 1.9375, 0.546875, 0.224853515625, 2.345703125, 3.103515625, 1.498046875, 4.3046875, 6.1015625, 0.01427459716796875, 1.51171875, 3.93359375, 0.78076171875, 0.278564453125, 0.5322265625, 0.387939453125, 5.76171875, 2.67578125, 1.06640625, 0.033538818359375, 1.3466796875, 1.65625, 0.080810546875, 0.1962890625, 3.2265625, 0.492431640625, 6.67578125, 3.111328125, 4.6171875, 1.3193359375, 3.814453125, 4.12890625, 0.363037109375, 0.06475830078125, 0.05523681640625, 0.002513885498046875, 0.056365966796875, 0.186767578125, 0.18798828125, 14.0078125, 0.59765625, 0.0245208740234375, 0.1485595703125, 0.1142578125, 0.029876708984375, 0.07220458984375, 2.423828125, 2.28125, 0.498779296875, 8.4296875, 6.9921875, 2.498046875, 2.740234375, 1.7734375, 0.962890625, 2.30859375, 10.625, 7.890625, 0.5498046875, 4.85546875, 10.3203125, 2.1953125, 0.161865234375, 4.91015625, 5.234375, 0.01198577880859375, 0.0012540817260742188, 2.720703125, 12.171875, 0.02569580078125, 0.021820068359375, 0.008544921875, 3.8828125, 4.77734375, 1.3662109375, 0.52880859375, 0.353271484375, 5.22265625, 6.62890625, 0.4228515625, 4.125, 1.8974609375, 0.08935546875, 0.9111328125, 4.12109375, 0.48388671875, 0.10015869140625, 0.00724029541015625, 0.00032520294189453125, 2.751953125, 0.134521484375, 0.04595947265625, 5.66796875, 5.828125, 3.263671875, 7.95703125, 1.841796875, 4.65625, 0.82177734375, 0.46435546875, 5.15625, 1.2763671875, 2.537109375, 0.71142578125, 0.85107421875, 6.85546875, 7.08203125, 4.19921875, 2.88671875, 0.19775390625, 2.8359375, 3.1328125, 7.4140625, 4.34375, 3.1796875, 0.7421875, 0.15966796875, 5.6328125, 6.296875, 4.703125]",-1.007493439898548
248,0,test,1.2281304236381285,0.2773478105442102,0.41071158281640807,7.957261703155374,1.7969826891510285,2.661068796997977,3.414839261834459,0.8271052002236154,1.1501923888308685,22.12531271730243,5.358952443115509,7.452288185966669,1.3244089481219574,0.31972376371012223,0.4786928203537736,8.277555925762234,1.9982735231882645,2.9918301272110854,3.7599623652961287,1.0289150041012132,1.4303168240877597,23.499764783100805,6.4307187756325845,8.9394801505485,1.237203173812815,0.2979769508590824,0.42614583720924093,8.068716350953142,1.9433279403853199,2.7792119817993974,3.4459622172537188,0.8879608876124379,1.1956761782021044,22.473666634263385,5.791049267037639,7.797888118709377,0.20603015075376885,-0.003969849246231116,-0.013969849246231125,0.18090452261306533,-0.009095477386934614,-0.0040954773869347205,0.16582914572864327,-0.004170854271356772,0.005829145728643237,0.19032258064516128,0.03573320866448493,0.04547279523743597,0.1618122977346278,0.1959798994974874,0.03056636566290094,0.032373889480792895,0.15656565656565657,0.18729096989966554,0.02869330712838003,0.051584629521467584,0.1610738255033557,16.0,1.0,1.0,19.0,-2.0,0.0,22.0,-1.0,1.0,0.0007507394379439801,0.0003131232058569471,5.314064445877498e-05,-0.3202597687652631,-0.31943883285990715,-0.31480433463578184,"[7.16015625, 8.671875, 2.294921875, 12.859375, 0.41943359375, 0.67529296875, 11.2421875, 6.85546875, 2.85546875, 0.31103515625, 2.4765625, 3.130859375, 0.32470703125, 0.9228515625, 5.80078125, 0.0543212890625, 0.72216796875, 8.4140625, 0.370361328125, 1.216796875, 0.16259765625, 0.83642578125, 0.1851806640625, 0.018646240234375, 0.063232421875, 2.23046875, 0.042816162109375, 0.1455078125, 6.59375, 1.4677734375, 0.9736328125, 0.1590576171875, 0.79345703125, 0.09490966796875, 0.00879669189453125, 0.032470703125, 1.01171875, 0.042755126953125, 0.1412353515625, 5.6484375, 0.11199951171875, 0.28857421875, 0.061187744140625, 0.452392578125, 0.042724609375, 0.003910064697265625, 0.012359619140625, 0.73876953125, 0.007709503173828125, 0.13818359375, 6.74609375, 1.38671875, 0.049163818359375, 0.339111328125, 0.0268096923828125, 0.7666015625, 0.0202178955078125, 0.00601959228515625, 0.0120391845703125, 0.5625, 0.0141754150390625, 0.0225372314453125, 4.328125, 0.96630859375, 8.546875, 1.283203125, 0.255615234375, 0.0272979736328125, 0.1607666015625, 0.0285186767578125, 0.00511932373046875, 0.00295257568359375, 0.48388671875, 0.01506805419921875, 0.0156707763671875, 8.1875, 0.258544921875, 0.448486328125, 0.069091796875, 0.379150390625, 0.07073974609375, 0.0026340484619140625, 0.00658416748046875, 0.5693359375, 0.01409149169921875, 0.0289764404296875, 9.6953125, 3.091796875, 0.291259765625, 0.421142578125, 0.0288848876953125, 0.1588134765625, 0.0238800048828125, 0.003078460693359375, 0.003082275390625, 0.953125, 0.01837158203125, 0.023193359375, 6.05078125, 1.90625, 0.2059326171875, 0.032745361328125, 0.353515625, 0.045257568359375, 0.0038909912109375, 0.007366180419921875, 0.61328125, 0.0146942138671875, 0.0208587646484375, 8.2265625, 2.865234375, 0.390380859375, 0.033294677734375, 0.0787353515625, 0.0294342041015625, 0.004543304443359375, 0.0028858184814453125, 0.4892578125, 0.00522613525390625, 0.006908416748046875, 9.2578125, 0.84619140625, 0.149658203125, 0.0301513671875, 0.195068359375, 0.0181732177734375, 0.002681732177734375, 0.0029163360595703125, 0.509765625, 0.007843017578125, 0.023040771484375, 5.8359375, 3.091796875, 9.03125, 0.030609130859375, 0.217041015625, 0.0286865234375, 0.3798828125, 0.030487060546875, 0.003131866455078125, 0.00489044189453125, 0.2724609375, 0.0022792816162109375, 0.006092071533203125, 3.365234375, 0.0966796875, 8.1640625, 0.113525390625, 0.1318359375, 0.05963134765625, 0.064208984375, 0.01128387451171875, 0.0011272430419921875, 0.0018815994262695312, 0.315185546875, 0.004795074462890625, 0.005901336669921875, 8.109375, 0.78955078125, 0.137939453125, 0.025390625, 0.0615234375, 0.035125732421875, 0.0028667449951171875, 0.00257110595703125, 0.449951171875, 0.0022945404052734375, 0.00641632080078125, 6.95703125, 0.158935546875, 0.1627197265625, 0.0252532958984375, 0.1558837890625, 0.0171661376953125, 0.0013751983642578125, 0.0025844573974609375, 0.85498046875, 0.0081787109375, 0.00615692138671875, 5.95703125, 1.3837890625, 7.1328125, 0.78173828125, 0.07080078125, 0.0252685546875, 0.0777587890625, 0.029937744140625, 0.001132965087890625, 0.00501251220703125, 0.263671875, 0.0035400390625, 0.00493621826171875, 6.328125, 3.076171875, 5.7421875, 0.196533203125, 0.87158203125, 0.05889892578125, 0.08416748046875, 0.0205078125, 0.003223419189453125, 0.00272369384765625, 0.1922607421875, 0.004123687744140625, 0.012725830078125, 6.71484375, 0.1258544921875, 3.73828125, 0.329833984375, 0.175537109375, 0.0255279541015625, 0.047149658203125, 0.01227569580078125, 0.0022525787353515625, 0.00260162353515625, 0.1864013671875, 0.0015611648559570312, 0.007686614990234375, 6.82421875, 0.36181640625, 0.343505859375, 0.02508544921875, 0.20068359375, 0.01355743408203125, 0.0015811920166015625, 0.002552032470703125, 0.57861328125, 0.003932952880859375, 0.00460052490234375, 6.4140625, 0.9462890625, 0.1561279296875, 0.128173828125, 0.0252227783203125, 0.07745361328125, 0.01560211181640625, 0.0013275146484375, 0.0020294189453125, 0.1873779296875, 0.005283355712890625, 0.0026378631591796875, 6.640625, 4.078125, 4.70703125, 0.85107421875, 4.90625, 0.1109619140625, 0.0640869140625, 0.0261688232421875, 0.07891845703125, 0.01349639892578125, 0.002716064453125, 0.0019321441650390625, 0.493896484375, 0.0033111572265625, 0.00904083251953125, 8.5859375, 3.982421875, 0.208740234375, 0.087158203125, 0.219970703125, 0.02886962890625, 0.079833984375, 0.0290069580078125, 0.003108978271484375, 0.0020656585693359375, 0.35888671875, 0.0036983489990234375, 0.0115966796875, 6.71484375, 0.76025390625, 4.37109375, 1.423828125, 3.52734375, 0.04339599609375, 0.279296875, 0.029632568359375, 0.0821533203125, 0.02813720703125, 0.0021820068359375, 0.00301361083984375, 0.72802734375, 0.0049896240234375, 0.0155792236328125, 6.546875, 5.25390625, 0.375244140625, 0.030975341796875, 0.07470703125, 0.0189666748046875, 0.0026645660400390625, 0.0012693405151367188, 0.51123046875, 0.00247955322265625, 0.0069427490234375, 10.796875, 0.147705078125, 0.1630859375, 0.02728271484375, 0.07855224609375, 0.0113067626953125, 0.00257110595703125, 0.00206756591796875, 0.75927734375, 0.003551483154296875, 0.0037212371826171875, 9.4453125, 0.419189453125, 0.473876953125, 0.154541015625]",-0.6236943367988832
112,0,test,1.6654791640276885,0.09549854388637802,0.160214657132983,21.436328595066055,1.2291586777633796,2.062117683743878,5.288206561131533,0.4816515186164887,0.7828613935750601,68.06433606101554,6.199321158967059,10.076183743111258,1.5974116780650076,0.1655759537673862,0.2585223506734484,17.749018645166753,1.8397328196376268,2.872470563038318,4.940228958819692,0.7538517820819006,1.1254248057631635,54.89143287577436,8.376130912021118,12.504720064035155,1.5974998378434708,0.10694263533075832,0.201583912672199,23.96249756765206,1.6041395299613725,3.023758690082982,4.940664507508916,0.5010959388021474,0.9019925070750876,74.10996761263374,7.516439082032207,13.529887606126316,0.5125628140703518,-0.0024371859296482556,0.002562814070351749,0.4773869346733668,-0.007613065326633195,0.002386934673366814,0.2613065326633166,0.0063065326633166,0.0063065326633166,0.49246231155778897,0.009400831005718757,0.013478929348600288,0.49118387909319894,0.49246231155778897,0.028803163688114752,0.04504995763458364,0.4696969696969697,0.49498327759197325,0.020859738359919833,0.027797515634242487,0.47986577181208057,18.0,5.0,5.0,22.0,2.0,1.0,22.0,-3.0,-2.0,8.506879470373922e-05,-0.00024545582122219084,2.4422547776124384e-05,-0.2662727480784839,-0.26912467316908373,-0.26914396084194436,"[3.869140625, 7.2734375, 1.607421875, 4.23046875, 1.0791015625, 4.4609375, 0.235107421875, 3.3828125, 0.1761474609375, 5.2265625, 0.1075439453125, 3.275390625, 0.0401611328125, 2.705078125, 0.015655517578125, 2.701171875, 0.019378662109375, 3.873046875, 0.0357666015625, 3.451171875, 0.021026611328125, 5.21875, 0.01275634765625, 2.708984375, 0.036468505859375, 3.671875, 0.01561737060546875, 2.7578125, 0.009490966796875, 3.12109375, 0.0159454345703125, 3.689453125, 0.0173187255859375, 4.8515625, 0.01134490966796875, 3.158203125, 0.007198333740234375, 2.396484375, 0.01401519775390625, 2.595703125, 0.019683837890625, 2.6875, 0.01568603515625, 4.5546875, 0.003734588623046875, 3.12890625, 0.00572967529296875, 2.365234375, 0.0101165771484375, 2.35546875, 0.0090484619140625, 2.466796875, 0.0131378173828125, 3.03515625, 0.0162200927734375, 3.47265625, 0.003330230712890625, 2.494140625, 0.00658416748046875, 2.4296875, 0.007190704345703125, 2.9296875, 0.007213592529296875, 3.029296875, 0.003429412841796875, 2.4765625, 0.00824737548828125, 3.66796875, 0.007419586181640625, 3.140625, 0.00514984130859375, 3.35546875, 0.0099945068359375, 2.103515625, 0.003875732421875, 3.029296875, 0.01280975341796875, 2.9140625, 0.002803802490234375, 3.4296875, 0.01285552978515625, 2.640625, 0.007442474365234375, 2.505859375, 0.00296783447265625, 2.1640625, 0.007411956787109375, 3.59375, 0.0094757080078125, 2.541015625, 0.006591796875, 2.771484375, 0.0088653564453125, 2.5625, 0.00823974609375, 3.26953125, 0.006420135498046875, 2.4375, 0.007251739501953125, 3.2265625, 0.00754547119140625, 2.080078125, 0.005390167236328125, 2.908203125, 0.006317138671875, 2.77734375, 0.003978729248046875, 5.6953125, 0.0044708251953125, 2.13671875, 0.005878448486328125, 3.005859375, 0.0025920867919921875, 3.296875, 0.003391265869140625, 2.8125, 0.00334930419921875, 2.794921875, 0.0024089813232421875, 2.435546875, 0.0038547515869140625, 2.916015625, 0.00441741943359375, 2.29296875, 0.00202178955078125, 2.572265625, 0.0032482147216796875, 2.4765625, 0.003604888916015625, 3.28125, 0.00713348388671875, 2.052734375, 0.007556915283203125, 2.89453125, 0.01043701171875, 2.15625, 0.006999969482421875, 1.748046875, 0.007171630859375, 3.677734375, 0.005954742431640625, 1.197265625, 0.0019779205322265625, 1.095703125, 0.0024356842041015625, 4.23046875, 0.007053375244140625, 1.4208984375, 0.01580810546875, 5.8125, 0.01445770263671875, 3.546875, 0.0160675048828125, 3.3359375, 0.00705718994140625, 2.97265625, 0.005741119384765625, 3.88671875, 0.0093231201171875, 3.44140625, 0.01039886474609375, 2.505859375, 0.0106353759765625, 4.3125, 0.004566192626953125, 3.7890625, 0.00580596923828125, 2.63671875, 0.005268096923828125, 3.521484375, 0.004241943359375, 3.51953125, 0.0039215087890625, 2.689453125, 0.00875091552734375, 3.7109375, 0.0042266845703125, 2.41015625, 0.00585174560546875, 2.697265625, 0.0033054351806640625, 3.392578125, 0.00942230224609375, 2.978515625, 0.006214141845703125, 3.322265625, 0.006317138671875, 3.1640625, 0.024169921875, 3.01171875, 0.00899505615234375, 3.291015625, 0.00885772705078125, 2.759765625, 0.004047393798828125, 4.046875, 0.003612518310546875, 2.33203125, 0.00251007080078125, 2.42578125, 0.00469970703125, 2.505859375, 0.0053253173828125, 1.8818359375, 0.0030689239501953125, 3.11328125, 0.0020046234130859375, 5.65625, 0.002414703369140625, 2.212890625, 0.002986907958984375, 4.36328125, 0.00408935546875, 3.15625, 0.0028820037841796875, 3.607421875, 0.003993988037109375, 3.185546875, 0.0038280487060546875, 3.44921875, 0.0057525634765625, 2.90234375, 0.004314422607421875, 2.220703125, 0.0043182373046875, 2.29296875, 0.00453948974609375, 2.404296875, 0.00447845458984375, 3.083984375, 0.0040740966796875, 4.5390625, 0.002880096435546875, 2.330078125, 0.0060272216796875, 3.814453125, 0.0026149749755859375, 3.447265625, 0.0031890869140625, 2.99609375, 0.0059356689453125, 3.662109375, 0.00702667236328125, 2.501953125, 0.003742218017578125, 2.46484375, 0.005275726318359375, 3.130859375, 0.001190185546875, 4.046875, 0.0016660690307617188, 2.90625, 0.003387451171875, 3.078125, 0.0020275115966796875, 3.3671875, 0.0013380050659179688, 1.6328125, 0.0027027130126953125, 3.314453125, 0.0029582977294921875, 2.763671875, 0.0026111602783203125, 2.193359375, 0.00433349609375, 3.685546875, 0.0033321380615234375, 2.392578125, 0.007053375244140625, 3.828125, 0.00771331787109375, 5.16015625, 0.00439453125, 3.240234375, 0.01255035400390625, 3.599609375, 0.00856781005859375, 2.291015625, 0.0081329345703125, 3.09765625, 0.0073394775390625, 3.455078125, 0.00363922119140625, 3.5625, 0.004154205322265625, 2.509765625, 0.0085296630859375, 2.455078125, 0.0037021636962890625, 2.02734375, 0.0051422119140625, 3.89453125, 0.00183868408203125, 3.01171875, 0.00452423095703125, 3.1015625, 0.002895355224609375, 5.30078125, 0.0012226104736328125, 2.8359375, 0.0036678314208984375, 2.05078125, 0.004268646240234375, 1.9189453125, 0.00376129150390625, 2.8125, 0.00370025634765625, 3.162109375, 0.00838470458984375, 3.3125, 0.006053924560546875, 3.486328125, 0.00188446044921875, 2.283203125, 0.00347137451171875, 4.453125, 0.0018205642700195312, 6.8203125, 0.00867462158203125, 3.591796875, 0.00804901123046875, 3.634765625, 0.015716552734375, 6.56640625, 0.01052093505859375, 4.453125, 0.0029850006103515625, 3.685546875, 0.007061004638671875, 2.87109375, 0.013641357421875, 4.3359375, 0.004261016845703125, 3.6015625, 0.0039825439453125, 2.935546875, 0.00925445556640625, 2.84375, 0.0084991455078125, 6.18359375, 0.0032825469970703125, 3.384765625, 0.00444793701171875, 7.77734375, 0.007537841796875, 4.04296875, 0.004619598388671875, 3.291015625, 0.00577545166015625, 3.583984375, 0.0042724609375, 1.9794921875, 0.005584716796875, 2.755859375, 0.0037517547607421875, 3.115234375, 0.00339508056640625, 5.16796875, 0.0019989013671875, 3.541015625, 0.00812530517578125, 3.3828125, 0.006473541259765625, 2.296875, 0.00577545166015625, 2.873046875, 0.00557708740234375, 1.8134765625, 0.0038394927978515625, 2.9765625, 0.0030460357666015625, 3.888671875, 0.0033855438232421875, 3.572265625, 0.005924224853515625, 2.9453125, 0.001979827880859375, 5.79296875, 0.00286865234375, 3.30859375, 0.0073394775390625, 5.42578125, 0.00225067138671875, 3.60546875, 0.0025177001953125, 5.0703125, 0.005741119384765625, 4.53515625, 0.0036983489990234375, 3.9921875, 0.003803253173828125, 3.02734375, 0.0027637481689453125, 4.8125, 0.0030841827392578125, 4.64453125, 0.003612518310546875, 4.18359375]",-2.750957985020163
128,0,test,2.7760723655356654,1.124383988578448,1.4796307639008242,6.55847096357801,2.6563571730165836,3.4956276797156973,16.05583549173516,10.840056894067892,12.399572440227272,37.931911349224315,25.609634412235394,29.293989890036933,3.4870242976179027,1.5438910959707375,2.1319722224878754,6.034068132399676,2.671602853027624,3.6892388893485846,32.68853149625063,25.707943163044455,28.811568651529925,56.56537189351197,44.485919038659546,49.8565405361257,3.059398054677906,1.2963767547234581,1.830695361925751,6.329789078643944,2.6821588028761205,3.787645576398106,21.314723001880385,15.484697935204863,17.897928973734167,44.099426900442175,32.03730607283765,37.03019787669138,0.7272727272727273,0.002272727272727315,0.01727272727272733,0.5909090909090908,0.005909090909090864,-0.014090909090909154,0.48989898989898994,-0.020101010101010064,-0.005101010101010051,0.3925729442970822,0.10912923568781074,0.13059835974185252,0.3271276595744681,0.4494949494949495,0.12707681347479838,0.19446139244796967,0.42639593908629436,0.40802675585284276,0.10418702296469584,0.15218693382837112,0.3489932885906041,24.0,2.0,0.0,35.0,-1.0,-1.0,43.0,2.0,3.0,0.0007377942270790723,0.0009951461258178114,0.0003825817274036573,-0.013246655166386567,-0.0176713039033638,-0.015667895247077013,"[4.18359375, 0.91162109375, 8.8203125, 5.65234375, 2.345703125, 2.962890625, 0.296630859375, 0.12396240234375, 1.3935546875, 3.560546875, 4.81640625, 1.806640625, 1.2724609375, 5.9921875, 5.48046875, 9.203125, 3.482421875, 7.24609375, 3.740234375, 6.078125, 9.1640625, 3.359375, 0.07672119140625, 5.6484375, 4.26171875, 5.30859375, 5.12890625, 7.55078125, 0.607421875, 0.2401123046875, 1.2626953125, 0.97509765625, 0.53076171875, 7.953125, 3.0546875, 2.11328125, 6.75, 4.71484375, 4.66796875, 3.03125, 1.1240234375, 5.328125, 4.8203125, 1.3466796875, 10.5390625, 5.7578125, 1.44140625, 0.033538818359375, 4.4375, 1.8232421875, 5.72265625, 1.2353515625, 3.22265625, 6.42578125, 2.861328125, 3.0, 1.4521484375, 3.68359375, 0.8310546875, 3.533203125, 1.07421875, 1.998046875, 0.57275390625, 0.19140625, 7.60546875, 1.1748046875, 0.471923828125, 0.599609375, 0.2103271484375, 0.2369384765625, 7.41015625, 1.373046875, 7.2265625, 0.5390625, 4.90234375, 2.521484375, 8.953125, 0.0015125274658203125, 0.76904296875, 4.27734375, 6.30859375, 6.5390625, 0.7451171875, 8.9453125, 9.6953125, 1.630859375, 0.0234222412109375, 3.30859375, 5.5390625, 7.3046875, 5.92578125, 5.03125, 0.53173828125, 0.53759765625, 0.7333984375, 0.2001953125, 0.1163330078125, 8.234375, 1.416015625, 8.9453125, 1.0009765625, 6.4609375, 3.21875, 3.505859375, 3.287109375, 5.35546875, 3.826171875, 3.623046875, 4.421875, 5.60546875, 1.076171875, 0.00469207763671875, 4.69921875, 3.87890625, 11.8984375, 3.861328125, 1.0458984375, 4.92578125, 7.35546875, 7.0625, 8.0546875, 1.357421875, 12.46875, 6.59375, 4.2578125, 4.42578125, 3.07421875, 0.0059661865234375, 0.262939453125, 3.8671875, 5.37109375, 6.46875, 2.205078125, 4.14453125, 3.064453125, 2.4296875, 1.9794921875, 6.70703125, 2.44921875, 0.73828125, 0.166259765625, 0.411376953125, 8.2578125, 4.15234375, 1.2705078125, 7.4140625, 3.2109375, 0.236083984375, 0.01287841796875, 4.49609375, 6.7109375, 8.671875, 1.0927734375, 0.277099609375, 2.32421875, 5.8359375, 5.0078125, 8.9140625, 1.4423828125, 2.01171875, 0.3271484375, 0.168701171875, 0.5244140625, 4.62890625, 1.18359375, 9.5078125, 0.94873046875, 0.155517578125, 1.4423828125, 8.4765625, 4.2734375, 5.58203125, 0.1734619140625, 0.08447265625, 0.372802734375, 4.078125, 0.411376953125, 9.3515625, 2.423828125, 0.060882568359375, 0.075927734375, 0.5947265625, 2.693359375, 0.470458984375, 8.375, 0.0205535888671875, 0.0699462890625, 0.58984375, 6.2265625, 0.461669921875, 0.9541015625, 7.47265625, 0.409423828125, 0.1463623046875, 2.271484375, 0.1363525390625, 0.1134033203125, 0.05926513671875, 0.032135009765625, 3.85546875, 9.421875, 1.830078125, 5.22265625, 3.068359375, 0.01776123046875, 1.0048828125, 5.390625, 1.5673828125, 7.03515625, 3.685546875, 0.10205078125, 0.019134521484375, 0.53271484375, 2.83203125, 0.2142333984375, 8.796875, 2.939453125, 0.05780029296875, 0.0537109375, 0.415283203125, 0.7197265625, 0.226806640625, 9.7578125, 1.9150390625, 0.12481689453125, 0.0221099853515625, 0.41845703125, 0.60400390625, 0.1019287109375, 7.57421875, 1.6123046875, 0.070556640625, 0.0216522216796875, 1.4501953125, 1.6201171875, 2.544921875, 0.290283203125, 8.125, 0.2288818359375, 0.0110626220703125, 0.8125, 2.62109375, 6.0859375, 0.5517578125, 0.05950927734375, 6.75390625, 1.076171875, 1.37890625, 3.12890625, 0.149169921875, 0.0108642578125, 0.865234375, 0.408203125, 6.1640625, 10.65625, 1.9736328125, 6.72265625, 3.201171875, 2.470703125, 12.3671875, 0.541015625, 4.30078125, 2.384765625, 0.07611083984375, 0.76904296875, 0.358154296875, 3.84375, 0.5078125, 5.00390625, 0.85009765625, 2.314453125, 2.109375, 1.01953125, 0.58837890625, 10.15625, 1.9609375, 0.8388671875, 0.0738525390625, 0.42333984375, 0.79638671875, 0.285888671875, 0.5146484375, 0.415771484375, 8.53125, 2.595703125, 0.556640625, 4.109375, 0.7509765625, 2.951171875, 0.3955078125, 0.059173583984375, 0.61181640625, 0.1353759765625, 0.0241851806640625, 1.4521484375, 0.042633056640625, 4.953125, 0.2132568359375, 1.1962890625, 0.055877685546875, 11.3984375, 3.314453125, 0.060882568359375, 0.0802001953125, 0.143798828125, 0.006305694580078125, 11.5625, 0.421142578125, 0.037322998046875, 0.26416015625, 0.005268096923828125, 1.6640625, 0.333251953125, 0.060455322265625, 0.06536865234375, 0.09759521484375, 0.0009126663208007812, 8.953125, 0.06292724609375, 0.1524658203125, 0.005649566650390625, 0.7021484375, 0.3203125, 0.055419921875, 0.16015625, 0.043853759765625, 0.0010232925415039062, 6.8359375, 0.43603515625, 0.65625, 0.0877685546875, 0.0232696533203125, 0.151123046875, 5.0703125, 0.19140625, 0.7216796875, 0.0018625259399414062, 0.0210723876953125, 0.1287841796875, 0.05810546875, 0.2313232421875, 7.41015625, 1.1015625, 6.55078125, 0.177001953125, 4.06640625, 0.87255859375, 7.29296875, 0.284423828125, 2.4609375, 1.35546875, 0.084228515625, 0.0159149169921875, 0.0116119384765625, 5.44140625, 0.0726318359375, 3.560546875, 0.1390380859375, 6.37890625, 1.26171875, 1.810546875, 4.0390625, 2.125, 2.544921875, 0.302734375, 0.290771484375, 2.291015625, 1.2958984375, 8.0859375, 0.62158203125, 0.050537109375, 0.0122222900390625, 0.01122283935546875, 2.10546875, 0.418701171875, 3.984375, 0.21826171875]",-1.2463365967140905
228,0,test,3.6881246223724147,1.7586022079766184,2.3812837631258184,7.34990549744217,3.5046429716105467,4.745558356515025,39.96981812289163,33.08359742663946,36.275334260432274,79.65413754490547,65.93088344308863,72.29155899043289,3.5330549077172972,1.6347248379937138,2.2448325348868856,6.729628395651995,3.113761596178503,4.275871495022639,34.22837257933523,27.553633797430088,30.60203802733765,65.19690015111472,52.48311199510493,58.2895962425479,3.6881246223724147,1.7586022079766184,2.3812837631258184,7.34990549744217,3.5046429716105467,4.745558356515025,39.96981812289163,33.08359742663946,36.275334260432274,79.65413754490547,65.93088344308863,72.29155899043289,0.7537688442211055,0.0037688442211054607,0.008768844221105465,0.6030150753768844,-0.006984924623115618,0.0030150753768843908,0.4723618090452262,0.002361809045226204,-0.022638190954773818,0.4244604316546763,0.11207263991320415,0.17565660390348015,0.4115523465703971,0.3919597989949749,0.0661452626541228,0.13653408947911516,0.3434343434343434,0.4244604316546763,0.11207263991320415,0.17565660390348015,0.4115523465703971,19.0,0.0,1.0,30.0,0.0,0.0,39.0,1.0,1.0,6.511097599084305e-05,0.00025876442467296935,8.403475727541875e-05,-0.00023875416349117273,0.00018498985658865763,3.328992298534672e-05,"[3.220703125, 10.8515625, 2.109375, 7.10546875, 5.046875, 4.6328125, 0.11273193359375, 3.06640625, 8.84375, 1.4580078125, 5.5, 2.76171875, 3.55859375, 7.25, 1.1962890625, 10.2265625, 0.56298828125, 14.0703125, 2.599609375, 5.578125, 0.9091796875, 7.6875, 0.290283203125, 5.21484375, 2.509765625, 3.365234375, 4.3984375, 0.029296875, 0.00986480712890625, 1.6826171875, 0.1546630859375, 0.2247314453125, 0.363525390625, 1.5703125, 5.984375, 6.50390625, 2.0859375, 0.1827392578125, 3.736328125, 4.34765625, 4.04296875, 2.953125, 2.30078125, 10.3984375, 7.6796875, 5.6015625, 3.140625, 2.65625, 1.677734375, 6.98046875, 1.1357421875, 5.76171875, 5.29296875, 9.4765625, 0.74951171875, 2.75390625, 5.4375, 1.1591796875, 4.64453125, 11.2578125, 5.22265625, 3.46875, 7.28125, 0.29150390625, 0.57373046875, 1.626953125, 8.5, 1.6982421875, 3.41015625, 5.2734375, 2.41796875, 0.093994140625, 0.98388671875, 1.3818359375, 3.35546875, 0.449951171875, 8.6796875, 1.107421875, 3.89453125, 4.765625, 11.578125, 7.68359375, 4.99609375, 5.78125, 1.9365234375, 0.1834716796875, 4.97265625, 1.7041015625, 2.896484375, 4.79296875, 11.5703125, 1.3232421875, 4.16796875, 3.515625, 5.7578125, 1.6533203125, 0.64453125, 1.29296875, 2.458984375, 6.51953125, 2.166015625, 3.234375, 2.162109375, 3.208984375, 0.158447265625, 4.70703125, 6.609375, 0.8310546875, 0.41748046875, 5.9609375, 0.056671142578125, 0.007419586181640625, 0.93896484375, 0.195068359375, 2.45703125, 0.5927734375, 15.875, 2.458984375, 8.1484375, 7.95703125, 9.9765625, 1.7724609375, 8.5, 4.421875, 1.853515625, 6.4921875, 3.171875, 0.330810546875, 0.6484375, 0.0482177734375, 8.2421875, 0.3642578125, 6.22265625, 11.4453125, 0.6884765625, 3.6015625, 7.37109375, 4.19140625, 2.701171875, 1.2314453125, 3.12109375, 4.28125, 2.8203125, 2.880859375, 1.921875, 0.25537109375, 0.16162109375, 7.58984375, 8.9375, 0.364013671875, 2.189453125, 4.05859375, 5.51171875, 3.20703125, 0.8642578125, 1.58984375, 0.20068359375, 3.21875, 1.3408203125, 2.568359375, 1.2880859375, 4.2421875, 1.875, 1.421875, 0.23779296875, 0.607421875, 7.7734375, 1.73828125, 3.30859375, 4.92578125, 3.59375, 0.87451171875, 3.744140625, 4.32421875, 2.35546875, 1.5732421875, 0.775390625, 1.185546875, 0.8935546875, 1.8740234375, 0.1619873046875, 0.458251953125, 0.14306640625, 8.5625, 2.51953125, 0.138427734375, 0.1865234375, 4.20703125, 3.240234375, 1.3251953125, 1.20703125, 5.0078125, 2.341796875, 5.046875, 1.0439453125, 7.23046875, 0.11016845703125, 1.318359375, 5.83984375, 7.0390625, 0.97021484375, 4.04296875, 6.515625, 0.10772705078125, 5.3359375, 4.7421875, 0.5537109375, 5.6953125, 0.62548828125, 5.6875, 4.1953125, 4.23828125, 5.50390625, 3.91796875, 3.162109375, 5.171875, 12.984375, 2.27734375, 6.6796875, 0.055511474609375, 0.001392364501953125, 8.359375, 1.177734375, 8.5546875, 1.7607421875, 0.970703125, 0.8466796875, 3.5546875, 1.2978515625, 1.455078125, 10.140625, 15.1875, 6.48046875, 4.1015625, 1.9296875, 1.083984375, 0.85009765625, 3.892578125, 2.74609375, 0.223876953125, 1.6865234375, 1.3935546875, 6.3359375, 7.98046875, 0.339111328125, 0.1021728515625, 5.015625, 6.88671875, 1.873046875, 0.045806884765625, 11.78125, 2.2421875, 6.546875, 4.3046875, 10.7421875, 6.2421875, 7.44140625, 6.07421875, 5.01953125, 1.40625, 0.63134765625, 2.701171875, 5.3359375, 7.453125, 1.5546875, 0.1746826171875, 6.24609375, 1.001953125, 0.032806396484375, 4.6953125, 4.0, 0.61376953125, 8.53125, 5.36328125, 2.92578125, 4.01953125, 2.609375, 6.6171875]",-1.0960140571319799
154,0,test,3.3263976717405126,1.2021346481266524,1.6648116942738211,9.950762265890422,3.596129289267763,4.980205923041345,27.837879682622997,19.471150548983065,22.570221071751533,83.27570845229101,58.24703155678694,67.51775534284647,3.509522375748984,1.2341623131426314,1.8048374242804033,9.615129796572559,3.381266611349675,4.944760066521653,33.432295894681275,23.70087359158323,27.932643157952068,91.59533121830486,64.93390025091296,76.52778947384128,3.4003627866406902,1.2190438786561812,1.7459445781980703,10.00106701953144,3.585423172518179,5.135131112347264,29.97497259468272,21.116991174464367,24.744936348744048,88.16168410200798,62.108797571954014,72.77922455512953,0.6231155778894473,0.003115577889447274,0.003115577889447274,0.5276381909547738,0.0026381909547738003,0.0026381909547738003,0.4522613065326633,-0.007738693467336688,-0.007738693467336688,0.41833810888252154,0.0993109271943956,0.14463331904869947,0.3477011494252874,0.4371859296482412,0.1113713933073891,0.15838793298713938,0.33333333333333337,0.41137123745819393,0.09751481007922902,0.14329559785863888,0.34563758389261745,25.0,0.0,0.0,33.0,1.0,2.0,39.0,0.0,3.0,0.0010694004675485418,0.0002321892620892638,0.0005405642410494703,-0.023465301100197955,-0.02458590245005876,-0.026257905117379465,"[7.18359375, 9.453125, 10.140625, 7.99609375, 3.888671875, 4.49609375, 10.3359375, 5.609375, 5.12890625, 1.2724609375, 2.779296875, 4.01953125, 5.10546875, 8.6015625, 8.3203125, 5.234375, 5.21875, 2.451171875, 12.8671875, 12.90625, 13.953125, 8.0, 7.1796875, 3.59765625, 0.88818359375, 0.01506805419921875, 0.24267578125, 6.54296875, 8.296875, 7.43359375, 10.2578125, 8.7421875, 1.1103515625, 4.109375, 1.5048828125, 0.192626953125, 0.0390625, 0.0460205078125, 4.58984375, 6.94140625, 7.23046875, 9.6484375, 5.1875, 2.681640625, 2.064453125, 0.465576171875, 1.7578125, 1.68359375, 0.0099945068359375, 0.086669921875, 0.07269287109375, 2.49609375, 1.1015625, 5.9609375, 5.75390625, 9.390625, 10.0703125, 4.4140625, 8.5, 4.19921875, 1.7529296875, 2.79296875, 7.98046875, 2.142578125, 0.042236328125, 0.0928955078125, 0.07373046875, 1.0380859375, 8.734375, 6.484375, 3.7265625, 0.10479736328125, 0.00878143310546875, 0.98779296875, 0.2337646484375, 0.0239410400390625, 0.0379638671875, 0.0279998779296875, 2.326171875, 3.984375, 6.01953125, 0.55810546875, 8.3671875, 1.5400390625, 2.474609375, 0.026763916015625, 0.023162841796875, 0.01471710205078125, 0.83642578125, 2.02734375, 9.7578125, 8.5859375, 3.8125, 2.484375, 2.26171875, 1.8056640625, 0.01708984375, 0.035003662109375, 0.0116729736328125, 0.85205078125, 1.5, 4.93359375, 10.3671875, 3.306640625, 0.024078369140625, 0.0152740478515625, 0.010498046875, 0.453857421875, 5.80859375, 10.390625, 4.74609375, 7.53125, 7.0546875, 2.072265625, 3.86328125, 0.01361083984375, 0.026275634765625, 0.0239105224609375, 1.4375, 9.6640625, 7.50390625, 3.560546875, 1.2666015625, 0.020294189453125, 0.03924560546875, 0.0167236328125, 0.8330078125, 8.0625, 7.25390625, 3.732421875, 7.5703125, 1.4970703125, 3.107421875, 0.01080322265625, 0.0187530517578125, 0.01386260986328125, 0.36669921875, 4.3671875, 5.21875, 3.59375, 0.1385498046875, 0.00795745849609375, 0.00832366943359375, 0.01088714599609375, 1.380859375, 7.28125, 8.265625, 3.650390625, 0.06011962890625, 0.0036220550537109375, 0.30224609375, 0.06854248046875, 0.004398345947265625, 0.007129669189453125, 0.0116729736328125, 1.359375, 3.771484375, 7.2734375, 5.453125, 4.8203125, 0.6796875, 0.01849365234375, 0.019622802734375, 0.01885986328125, 1.404296875, 0.755859375, 7.27734375, 5.66015625, 8.6484375, 0.759765625, 0.01885986328125, 0.00809478759765625, 0.00963592529296875, 0.79931640625, 6.51171875, 5.6328125, 4.74609375, 4.9453125, 0.128173828125, 0.0145111083984375, 0.006984710693359375, 0.004390716552734375, 0.361572265625, 2.341796875, 6.05078125, 0.91455078125, 7.078125, 0.55859375, 0.0347900390625, 0.0038738250732421875, 0.00428009033203125, 0.401611328125, 9.7890625, 4.30859375, 11.65625, 8.703125, 4.9609375, 10.046875, 1.2392578125, 0.01214599609375, 0.01094818115234375, 0.005016326904296875, 0.08892822265625, 9.421875, 4.05859375, 2.66015625, 2.615234375, 0.2230224609375, 0.295166015625, 0.342529296875, 0.0152740478515625, 0.00760650634765625, 0.00554656982421875, 0.0361328125, 5.859375, 8.28125, 6.875, 8.7578125, 4.34375, 0.80908203125, 0.027435302734375, 0.00763702392578125, 0.0033416748046875, 0.0850830078125, 7.25390625, 6.1640625, 5.0625, 2.2734375, 2.220703125, 5.55859375, 12.8515625, 0.59326171875, 0.018402099609375, 0.00666046142578125, 0.006256103515625, 0.07763671875, 4.58203125, 7.0703125, 9.6796875, 12.1015625, 7.5, 3.234375, 0.67041015625, 0.0303802490234375, 0.006092071533203125, 0.00579833984375, 0.39453125, 6.5625, 7.31640625, 5.734375, 10.5859375, 7.05859375, 6.1015625, 2.25, 3.326171875, 0.56884765625, 0.01511383056640625, 0.007602691650390625, 0.006977081298828125, 0.1016845703125, 9.9140625, 7.2734375, 11.0234375, 6.515625, 1.5009765625, 3.298828125, 0.480224609375, 0.0084991455078125, 0.005847930908203125, 0.0053863525390625, 0.0258331298828125, 2.275390625, 6.5, 7.96484375, 4.91015625, 3.845703125, 3.384765625, 0.4443359375, 0.00887298583984375, 0.005588531494140625, 0.005950927734375, 0.04931640625, 6.78515625, 8.9609375, 11.2734375, 1.171875, 2.705078125, 0.6669921875, 0.01605224609375, 0.00685882568359375, 0.00334930419921875, 0.0888671875, 7.359375, 6.53515625, 1.2236328125, 0.2822265625, 1.0029296875, 0.222900390625, 0.315185546875, 0.291748046875, 0.01251220703125, 0.0028076171875, 0.00453948974609375, 0.01517486572265625, 4.9296875, 8.6640625, 9.40625, 0.063232421875, 2.787109375, 0.227783203125, 0.007091522216796875, 0.00263214111328125, 0.004009246826171875, 0.039093017578125, 7.7109375, 7.625, 5.32421875, 5.30078125, 1.42578125, 0.1973876953125, 2.283203125, 0.177978515625, 0.0175018310546875, 0.00847625732421875, 0.0059051513671875, 0.0457763671875, 2.439453125, 5.72265625, 7.06640625, 1.359375, 2.390625, 0.348876953125, 0.01216888427734375, 0.007381439208984375, 0.0019063949584960938, 7.0234375, 8.53125, 4.6953125, 9.2578125, 1.443359375, 6.0546875, 9.6171875, 5.0703125, 7.515625, 9.875, 1.83203125, 5.02734375, 3.51953125, 0.332275390625]",-0.4347410058565333
50,0,test,4.104675418291336,1.912837240176323,2.6101585342588587,7.647401225745168,3.5637979534237445,4.8629739358513255,60.623064216073274,51.67141148333003,56.165881519595594,112.94654225970795,96.2687606802518,104.64238640257989,4.1240515876655,1.9212016244629515,2.606578193517586,7.364377835116963,3.4307171865409845,4.654603916995688,61.80916087278481,52.758389730241525,57.24847330691916,110.37350155854429,94.21141023257414,102.2294166194985,4.1141387467400286,1.9088161659479939,2.613137433361449,7.572034503202507,3.5131585876343445,4.809455398824753,61.19948330415217,52.12630537539251,56.7133044111047,112.63708583586289,95.93798535348316,104.38031486706387,0.7839195979899498,-0.006080402010050223,0.00891959798994979,0.6633165829145728,-0.0016834170854271857,0.008316582914572823,0.5527638190954773,0.007763819095477409,0.007763819095477409,0.4551282051282052,0.12019230769230771,0.19337606837606847,0.43086816720257237,0.44221105527638194,0.10050251256281406,0.1758793969849246,0.43434343434343436,0.4548494983277592,0.117056856187291,0.19397993311036787,0.44630872483221473,28.0,1.0,1.0,38.0,0.0,0.0,44.0,0.0,0.0,0.00019746974786662635,-1.2935909154689076e-05,1.075208204305193e-05,0.00045569902817899077,5.329000489684432e-05,-8.586501395235757e-05,"[7.87109375, 9.765625, 8.859375, 5.70703125, 1.431640625, 10.8125, 2.49609375, 11.6171875, 0.15478515625, 0.0335693359375, 10.75, 10.6875, 4.65625, 4.109375, 0.69482421875, 3.072265625, 1.16796875, 0.9072265625, 14.859375, 5.53125, 3.748046875, 10.1484375, 6.7890625, 2.12109375, 9.15625, 3.205078125, 8.953125, 8.21875, 1.62109375, 0.2073974609375, 5.53515625, 7.3125, 1.04296875, 2.84375, 0.1844482421875, 5.8828125, 1.6123046875, 0.494873046875, 1.5263671875, 0.98876953125, 0.018280029296875, 5.52734375, 0.1187744140625, 0.12042236328125, 0.044097900390625, 0.0322265625, 1.2578125, 0.13525390625, 0.19873046875, 0.05438232421875, 0.003696441650390625, 0.052764892578125, 3.5078125, 6.65625, 4.98046875, 4.0859375, 10.015625, 9.265625, 8.9375, 6.6484375, 3.013671875, 7.78515625, 2.205078125, 4.6640625, 0.343017578125, 4.578125, 0.79736328125, 1.8564453125, 4.5546875, 1.609375, 2.455078125, 2.98046875, 0.1290283203125, 4.79296875, 5.6171875, 7.7578125, 3.283203125, 2.767578125, 4.8046875, 0.74755859375, 10.25, 3.41015625, 8.0234375, 3.27734375, 0.04156494140625, 5.33203125, 0.2376708984375, 6.1171875, 0.312255859375, 2.833984375, 0.08648681640625, 0.05438232421875, 0.018707275390625, 0.0011453628540039062, 0.022705078125, 0.303466796875, 3.126953125, 5.07421875, 3.193359375, 7.79296875, 9.1015625, 6.52734375, 2.25, 2.7265625, 1.5185546875, 11.6875, 5.74609375, 9.6875, 2.896484375, 5.37109375, 1.296875, 3.2421875, 2.95703125, 4.53515625, 9.4453125, 8.046875, 2.9296875, 0.65673828125, 5.24609375, 7.55078125, 4.109375, 0.99365234375, 14.171875, 4.65625, 5.5703125, 7.8515625, 0.06732177734375, 0.6103515625, 2.015625, 1.6015625, 12.8359375, 1.865234375, 5.45703125, 4.2109375, 7.16796875, 9.125, 1.572265625, 2.41015625, 4.1328125, 0.1158447265625, 2.41796875, 0.26806640625, 0.3779296875, 6.3671875, 1.6240234375, 10.0703125, 4.37109375, 0.646484375, 1.71484375, 6.765625, 8.1875, 10.7890625, 4.74609375, 4.421875, 5.984375, 4.11328125, 5.54296875, 6.484375, 2.169921875, 3.048828125, 3.30859375, 8.4140625, 2.984375, 2.48828125, 5.1328125, 0.0066680908203125, 6.28515625, 0.876953125, 9.1484375, 2.763671875, 1.5185546875, 4.03515625, 7.75390625, 4.38671875, 7.98046875, 1.6474609375, 1.224609375, 0.6640625, 6.1875, 2.138671875, 1.052734375, 4.0703125, 7.171875, 0.53564453125, 1.7841796875, 3.302734375, 10.75, 1.392578125, 2.94921875, 1.513671875, 5.35546875, 4.421875, 5.09765625, 6.15625, 1.2216796875, 3.3125, 4.15234375, 0.85009765625, 0.724609375, 9.125, 9.0703125, 1.2265625, 0.47412109375, 6.01953125, 3.091796875, 9.40625, 6.09375, 1.171875, 0.322021484375, 1.59765625, 1.93359375, 10.2265625, 0.53173828125, 4.875, 1.6474609375, 7.15625, 2.353515625, 4.375, 10.6171875, 11.921875, 0.485107421875, 3.5703125, 1.3701171875, 5.84765625, 1.65625, 9.3203125, 3.220703125, 4.5078125, 4.19140625, 4.12109375, 3.494140625, 0.42529296875, 0.61865234375, 5.3828125, 0.77294921875, 3.64453125, 5.96875, 7.859375, 2.830078125, 0.7451171875, 1.5341796875, 4.64453125, 7.81640625, 3.63671875, 0.007396697998046875, 3.59375, 0.228515625, 1.2568359375, 3.650390625, 9.078125, 0.7783203125, 2.81640625, 11.203125, 3.001953125, 8.9296875, 4.80859375, 6.8203125, 4.05859375, 1.71875, 5.5, 3.548828125, 6.109375, 4.4921875, 10.8671875, 5.31640625, 4.67578125, 2.939453125, 2.166015625, 5.8515625, 3.990234375, 1.462890625, 2.1171875, 5.58203125, 0.1712646484375, 10.671875, 1.6572265625, 4.4921875, 0.537109375, 3.7890625, 1.0302734375, 2.599609375, 1.177734375, 3.3046875, 0.011383056640625, 5.91796875, 5.109375, 7.50390625, 4.4453125, 9.734375, 0.67724609375, 5.21875, 6.44140625, 4.22265625, 4.51171875, 3.78125, 5.7265625, 5.0, 1.330078125, 2.728515625, 7.328125, 0.9326171875, 0.39501953125, 6.40234375, 9.765625, 2.517578125, 6.0234375, 1.1044921875, 1.2861328125, 1.203125, 0.00997161865234375, 8.109375, 2.79296875]",-0.3739126859567108
27,0,test,2.990050722812784,1.2622637267814638,1.7257355716009168,8.29383117161165,3.501279146905727,4.786861764083495,19.88669117489624,14.25850625390509,16.346024090856577,55.16189337798599,39.55038044237959,45.340757299637886,2.9626016904361285,1.2250283515068543,1.703104843377353,7.900271174496343,3.2667422706849445,4.541612915672941,19.348244472722392,13.664709810174156,15.824596365369336,51.59531859392638,36.439226160464415,42.1989236409849,2.978336482212461,1.2312287585046673,1.7330893015934536,8.26133809947028,3.4151940563284224,4.807259610372318,19.655092837440172,13.91711001613367,16.181299489825996,54.519483703851904,38.60341230665649,44.88384263249354,0.542713567839196,-0.007286432160804046,-0.01228643216080394,0.457286432160804,0.0022864321608040417,0.007286432160804046,0.37688442211055273,-0.003115577889447274,-0.018115577889447287,0.40086206896551724,0.1169911012235818,0.1616070546388697,0.2943722943722944,0.37688442211055273,0.10119519905290864,0.14650044882173807,0.25757575757575757,0.3836206896551724,0.10405079718205412,0.15296166386720678,0.2943722943722944,22.0,8.0,8.0,33.0,16.0,12.0,41.0,13.0,12.0,0.001209431593659037,9.871848725354128e-05,-4.2305413406792756e-05,-0.027614427598108726,-0.026222608081821086,-0.027953614831861096,"[8.828125, 8.4609375, 0.330078125, 12.8125, 2.912109375, 6.8046875, 4.8046875, 12.2265625, 6.01953125, 13.8671875, 0.52294921875, 1.1875, 7.11328125, 7.7890625, 7.484375, 4.04296875, 5.140625, 3.08984375, 9.453125, 0.1827392578125, 10.546875, 1.056640625, 4.56640625, 1.5927734375, 4.97265625, 7.50390625, 3.564453125, 6.5625, 3.705078125, 7.2109375, 6.5234375, 7.17578125, 4.1796875, 0.4013671875, 0.07147216796875, 12.6328125, 6.51953125, 10.1796875, 2.083984375, 4.7421875, 1.541015625, 7.12109375, 0.4697265625, 5.55859375, 5.8046875, 1.388671875, 1.51171875, 1.5693359375, 3.205078125, 2.560546875, 5.5078125, 0.93994140625, 4.265625, 0.031890869140625, 0.1572265625, 0.74462890625, 1.7080078125, 6.09375, 6.515625, 12.53125, 6.83984375, 3.412109375, 7.5390625, 1.2001953125, 4.25390625, 5.4453125, 7.73046875, 4.7890625, 4.3203125, 8.5234375, 2.173828125, 1.2939453125, 9.515625, 3.111328125, 7.09765625, 0.352783203125, 1.267578125, 0.1107177734375, 0.99951171875, 0.225830078125, 3.6484375, 9.6953125, 0.3125, 6.6796875, 2.078125, 0.0304412841796875, 4.01171875, 9.3984375, 3.056640625, 1.1298828125, 7.3828125, 2.4140625, 0.31103515625, 1.3310546875, 0.0260467529296875, 3.123046875, 0.6357421875, 3.90234375, 0.1260986328125, 0.92919921875, 1.2763671875, 0.0015153884887695312, 0.51123046875, 0.55126953125, 0.10028076171875, 0.019744873046875, 8.3125, 0.0604248046875, 0.041595458984375, 0.0499267578125, 0.00876617431640625, 0.349853515625, 0.246337890625, 10.546875, 0.06634521484375, 0.240234375, 0.42333984375, 0.990234375, 0.0030155181884765625, 0.12298583984375, 0.09869384765625, 0.0136260986328125, 0.024505615234375, 1.880859375, 2.173828125, 0.15673828125, 0.0270843505859375, 0.0137176513671875, 0.342529296875, 0.1412353515625, 5.0, 1.6171875, 6.6796875, 0.14599609375, 0.5576171875, 0.583984375, 1.6943359375, 0.0010442733764648438, 0.0394287109375, 0.0706787109375, 0.00887298583984375, 0.00406646728515625, 3.724609375, 4.38671875, 0.302490234375, 0.0017185211181640625, 0.06488037109375, 0.0096435546875, 0.017913818359375, 0.1624755859375, 0.059326171875, 1.818359375, 0.033111572265625, 7.13671875, 2.564453125, 0.1533203125, 0.39013671875, 1.1015625, 0.00124359130859375, 0.02838134765625, 0.0293426513671875, 0.005084991455078125, 0.0035953521728515625, 1.98828125, 0.06256103515625, 0.1361083984375, 3.0703125, 0.10699462890625, 0.0079498291015625, 0.01324462890625, 2.15234375, 0.2998046875, 0.6318359375, 4.12890625, 10.953125, 0.174560546875, 0.272705078125, 7.8671875, 0.2476806640625, 11.1015625, 0.042938232421875, 0.4345703125, 10.046875, 3.8515625, 3.8046875, 0.00519561767578125, 0.045166015625, 7.828125, 0.004486083984375, 2.0859375, 0.92236328125, 0.008209228515625, 0.032440185546875, 5.08984375, 1.423828125, 5.1484375, 0.01177978515625, 2.8515625, 0.681640625, 0.00424957275390625, 0.03350830078125, 2.24609375, 0.045684814453125, 1.013671875, 0.7138671875, 3.396484375, 0.01456451416015625, 1.359375, 0.1055908203125, 0.33935546875, 5.25, 0.2254638671875, 1.412109375, 1.9814453125, 0.0009965896606445312, 0.4326171875, 11.71875, 9.046875, 6.05859375, 5.05859375, 4.515625, 0.0143890380859375, 0.724609375, 5.08203125, 3.271484375, 3.50390625, 4.45703125, 3.98046875, 9.625, 2.248046875, 9.1484375, 3.41796875]",-0.7784767849691985
149,0,test,3.646897583511403,1.691128585492607,2.3235719039710303,7.5935401738867565,3.521254041025702,4.838122320597214,38.35548657845737,31.286133325834165,34.599595056952836,79.86347890308933,65.1437296647506,72.04299244735385,3.5849844295175832,1.6156384075689816,2.2505736594070087,6.7009054757338005,3.0198848739607134,4.206679737209362,36.052796355057176,28.886807798678234,32.25503882029494,67.38840440197602,53.99403326855743,60.28979218746717,3.6058722658699573,1.6427782588762225,2.270839223457644,7.564766991335574,3.446387955684383,4.763998370890162,36.813781261412394,29.692454813092457,33.01365975188583,77.231708940026,62.2918632442499,69.25942605290733,0.728643216080402,-0.011356783919598046,-0.001356783919598037,0.5829145728643217,-0.002085427135678275,-0.012085427135678284,0.4824120603015075,-0.007587939698492474,-0.007587939698492474,0.4092409240924092,0.08963631124232685,0.15677111070053218,0.3807947019867549,0.40703517587939697,0.09625823352350726,0.15494836452714322,0.3484848484848485,0.4013377926421404,0.07913411985416041,0.1521720529313506,0.36241610738255037,22.0,-1.0,1.0,33.0,1.0,0.0,40.0,-2.0,0.0,0.00020339276990036714,0.0001285420946570567,9.975098131226068e-05,0.0004912393671849813,8.815173034548707e-05,-5.432400123339676e-05,"[9.390625, 4.01953125, 2.244140625, 6.14453125, 9.671875, 5.484375, 9.0703125, 7.296875, 1.32421875, 6.0625, 8.8125, 0.97021484375, 0.368896484375, 2.005859375, 3.73828125, 4.8046875, 4.28515625, 7.859375, 0.763671875, 0.1685791015625, 3.32421875, 0.0865478515625, 3.373046875, 7.98046875, 7.8828125, 3.732421875, 4.953125, 11.171875, 1.18359375, 1.1484375, 1.3056640625, 3.3671875, 3.259765625, 4.84765625, 1.9482421875, 0.79541015625, 0.97021484375, 3.220703125, 3.921875, 5.03515625, 3.466796875, 6.87890625, 5.48046875, 3.251953125, 0.5615234375, 5.64453125, 2.25390625, 0.305419921875, 0.8193359375, 2.474609375, 0.440673828125, 8.3046875, 0.50927734375, 11.671875, 2.568359375, 2.2578125, 8.265625, 1.7119140625, 3.037109375, 1.0751953125, 7.54296875, 4.82421875, 3.052734375, 1.5673828125, 6.296875, 4.62890625, 8.5234375, 1.1787109375, 1.7841796875, 0.11236572265625, 0.006008148193359375, 8.59375, 0.397705078125, 1.6494140625, 0.2027587890625, 1.4521484375, 0.034149169921875, 1.400390625, 1.1435546875, 0.32080078125, 0.409912109375, 4.75390625, 2.150390625, 6.46484375, 1.39453125, 3.24609375, 0.2509765625, 9.015625, 2.923828125, 1.9501953125, 4.9140625, 3.259765625, 2.767578125, 12.671875, 4.9140625, 14.953125, 1.919921875, 7.3125, 2.3125, 1.4228515625, 7.0, 3.15625, 0.01506805419921875, 0.0811767578125, 3.189453125, 1.4375, 5.41796875, 0.5947265625, 0.5693359375, 2.24609375, 0.56298828125, 0.007068634033203125, 5.32421875, 0.0401611328125, 2.98046875, 10.2421875, 3.841796875, 5.00390625, 8.546875, 1.1767578125, 6.76953125, 0.77099609375, 1.673828125, 0.156494140625, 3.197265625, 3.34375, 7.26953125, 5.69140625, 1.4375, 8.515625, 7.2734375, 6.95703125, 1.125, 5.3046875, 8.0, 3.6484375, 0.70751953125, 0.52685546875, 0.340576171875, 4.51171875, 11.1640625, 3.013671875, 1.48828125, 0.83056640625, 4.3671875, 11.2890625, 2.2578125, 6.51953125, 7.42578125, 2.95703125, 1.6728515625, 6.6171875, 0.80615234375, 2.787109375, 3.28125, 4.20703125, 1.9638671875, 9.0078125, 2.173828125, 3.9609375, 0.49072265625, 0.533203125, 0.044921875, 11.2421875, 0.06378173828125, 4.921875, 6.86328125, 2.822265625, 0.60888671875, 0.373291015625, 7.1796875, 0.057342529296875, 3.279296875, 8.515625, 1.1337890625, 6.91796875, 4.859375, 0.71240234375, 5.5390625, 1.763671875, 6.09375, 0.0205535888671875, 1.7939453125, 0.3291015625, 0.01244354248046875, 9.9765625, 0.1282958984375, 2.798828125, 0.97705078125, 1.4580078125, 0.08843994140625, 0.0211334228515625, 4.08984375, 7.25, 0.007625579833984375, 0.2149658203125, 0.5888671875, 1.0390625, 1.5068359375, 7.7734375, 0.048583984375, 0.72998046875, 8.328125, 1.1171875, 2.6640625, 5.203125, 9.65625, 8.109375, 3.208984375, 7.828125, 0.7734375, 5.12109375, 3.140625, 0.034820556640625, 0.8115234375, 3.490234375, 4.01171875, 1.431640625, 5.0703125, 0.47021484375, 0.2449951171875, 13.7421875, 3.0625, 0.96533203125, 2.98828125, 0.9384765625, 1.4345703125, 1.7919921875, 2.1171875, 8.3828125, 0.69140625, 0.27880859375, 1.416015625, 0.6240234375, 7.73828125, 4.06640625, 6.0703125, 2.42578125, 5.5234375, 2.6953125, 0.7509765625, 0.04010009765625, 9.953125, 2.607421875, 0.54638671875, 8.9609375, 3.71875, 3.50390625, 4.6953125, 2.021484375, 2.443359375, 1.6025390625, 0.83984375, 1.154296875, 7.98046875, 3.177734375, 0.77197265625, 4.60546875, 10.140625, 2.62109375, 8.0546875, 3.6875, 3.166015625, 3.611328125, 3.8984375, 0.68896484375, 6.1484375, 0.43310546875, 5.99609375, 0.044677734375, 5.10546875, 0.489501953125, 0.775390625, 0.0234375, 7.15234375, 2.365234375, 5.85546875, 5.63671875, 0.548828125, 6.046875, 5.703125, 1.365234375, 8.265625, 9.53125, 3.666015625, 3.3359375, 0.6796875, 4.1953125, 6.21875, 0.89794921875, 4.2265625, 10.9140625, 9.1875, 1.9375, 3.90234375, 7.1171875, 0.1337890625, 1.4345703125, 0.00737762451171875, 11.453125, 1.607421875, 1.3017578125, 4.3828125]",-0.8715407557219956
57,0,test,3.928309769593468,1.8029523438723514,2.479167053095746,7.06550159947714,3.2428101184926317,4.459057407998598,50.821005824221146,42.44511511227563,46.56154444068603,91.40722575328664,76.34225565332908,83.74611118151168,3.9332120885801074,1.7714201181977236,2.4604994080573865,6.666461167084928,3.0024069799961417,4.170337979758283,51.07075828893223,42.38406827808757,46.70970904571583,86.56060726937667,71.83740386116538,79.16899838256921,3.9165687080501588,1.791211282329042,2.4712434504999363,7.044383995729105,3.2216925147445967,4.444805928329747,50.227802500046906,41.85191178810139,45.98457043838775,90.34028366327881,75.27531356332125,82.70835933015574,0.7939698492462312,0.003969849246231116,-0.001030150753768888,0.6432160804020101,0.00821608040201005,-0.0067839195979899625,0.48743718592964824,-0.012562814070351758,0.0024371859296482556,0.41860465116279066,0.09496124031007747,0.1589147286821705,0.39688715953307396,0.40703517587939697,0.085427135678392,0.14070351758793964,0.36363636363636365,0.41860465116279066,0.09496124031007747,0.15633074935400515,0.40077821011673154,18.0,0.0,1.0,32.0,1.0,1.0,39.0,2.0,3.0,-0.00017682460804526083,1.3771044511328272e-05,0.00024880490290722846,-0.00010015572628230274,-0.00015629801580718805,0.00010338106235963096,"[3.22265625, 1.802734375, 11.078125, 1.134765625, 1.9873046875, 9.015625, 7.1328125, 11.1796875, 2.841796875, 2.357421875, 4.01171875, 12.6328125, 3.794921875, 3.330078125, 6.60546875, 7.3671875, 0.4736328125, 0.28076171875, 9.3046875, 8.296875, 4.421875, 7.3203125, 2.1328125, 4.0390625, 2.443359375, 7.46875, 8.4296875, 0.168701171875, 1.7431640625, 3.8046875, 2.78515625, 9.5546875, 0.8095703125, 8.6875, 3.794921875, 5.4921875, 0.9033203125, 9.671875, 0.043670654296875, 2.482421875, 7.57421875, 2.44140625, 2.021484375, 4.21484375, 0.3486328125, 2.3203125, 6.953125, 9.0, 9.5234375, 0.67578125, 6.80859375, 2.833984375, 7.16015625, 3.00390625, 5.2734375, 4.28515625, 0.63330078125, 6.359375, 0.5478515625, 8.6171875, 2.88671875, 0.18603515625, 2.470703125, 6.01953125, 1.47265625, 11.6171875, 4.71484375, 7.078125, 0.1923828125, 6.8046875, 3.427734375, 3.9765625, 1.77734375, 0.383544921875, 1.2626953125, 0.1767578125, 1.376953125, 4.73828125, 3.421875, 4.8515625, 2.560546875, 2.36328125, 17.015625, 4.94140625, 0.71142578125, 5.58984375, 0.1075439453125, 3.576171875, 1.021484375, 0.5712890625, 1.990234375, 0.88525390625, 2.185546875, 0.1981201171875, 12.1328125, 0.470458984375, 8.671875, 0.09521484375, 1.0224609375, 2.5, 2.69921875, 2.890625, 5.0625, 8.015625, 0.468505859375, 6.984375, 1.8203125, 3.609375, 1.681640625, 8.78125, 0.2393798828125, 3.17578125, 4.1875, 1.00390625, 1.1611328125, 0.011566162109375, 10.203125, 2.150390625, 0.2861328125, 5.21875, 4.609375, 2.95703125, 5.12109375, 0.314453125, 2.447265625, 0.0046234130859375, 2.310546875, 10.1796875, 7.9609375, 1.5078125, 1.7880859375, 1.8798828125, 3.916015625, 6.11328125, 3.3359375, 8.5078125, 0.837890625, 7.44921875, 1.404296875, 8.0859375, 4.62890625, 0.434814453125, 9.546875, 0.0165863037109375, 7.0078125, 2.00390625, 1.517578125, 0.004825592041015625, 3.990234375, 0.038421630859375, 0.0340576171875, 2.712890625, 3.015625, 1.701171875, 4.0625, 0.14892578125, 3.9609375, 2.49609375, 5.16796875, 4.73046875, 0.9052734375, 2.568359375, 5.0, 7.83203125, 1.087890625, 2.076171875, 5.92578125, 8.2578125, 1.0009765625, 1.9072265625, 0.91943359375, 7.76171875, 3.755859375, 2.412109375, 0.51025390625, 10.0546875, 11.140625, 1.1708984375, 5.8046875, 2.69140625, 2.765625, 1.7587890625, 5.7578125, 0.38232421875, 6.5625, 2.677734375, 2.80078125, 0.435302734375, 10.0078125, 2.236328125, 3.673828125, 1.7578125, 1.0439453125, 0.00702667236328125, 1.2041015625, 7.67578125, 13.1796875, 4.109375, 0.03448486328125, 0.0255126953125, 4.7421875, 3.15234375, 2.01953125, 5.96875, 6.203125, 6.140625, 0.0169219970703125, 3.4140625, 6.75390625, 4.0625, 6.5546875, 0.6337890625, 1.2109375, 2.94921875, 5.49609375, 6.8671875, 4.8203125, 7.3984375, 2.02734375, 1.1767578125, 8.6328125, 0.456787109375, 5.3046875, 1.2041015625, 0.0013360977172851562, 4.76953125, 6.9453125, 5.84765625, 1.880859375, 5.1484375, 1.859375, 1.009765625, 0.00958251953125, 1.248046875, 6.7890625, 8.765625, 0.01480865478515625, 3.927734375, 13.5390625, 1.8056640625, 0.0024433135986328125, 7.7109375, 3.2265625, 2.7421875, 1.1240234375, 7.38671875, 8.5546875, 6.41796875, 6.62109375, 0.0160064697265625, 5.65234375, 1.134765625, 11.3828125, 2.66015625, 1.138671875, 5.26171875, 0.61767578125, 0.509765625]",-0.5264317083728405
255,0,test,3.2910688850036354,1.500225653406226,1.6663594949944982,8.938465196548336,4.074577366351821,4.525792947943637,26.87157092996915,20.877065838047834,21.794627517673007,72.98255063228308,56.701616684402104,59.19369248882788,3.7025110062642312,1.6581553180257287,2.2896311611274394,7.713564596383815,3.4544902458869347,4.770064919015498,40.54899541469292,32.82481526054766,36.44122729213494,84.47707378061025,68.38503179280764,75.91922352528113,3.419891650860126,1.5439462971133138,2.1417463793668485,8.207739962064302,3.705471113071953,5.140191310480437,30.566103030655125,24.039116514811408,26.976127912883705,73.3586472735723,57.69387963554738,64.7427069909209,0.7135678391959799,-0.0164321608040201,-0.011432160804020097,0.6281407035175879,-0.01185929648241213,-0.01185929648241213,0.507537688442211,-0.027462311557788888,-0.01746231155778899,0.4061135371179039,0.11385617615825283,0.127521161751335,0.3172866520787746,0.44723618090452266,0.10387778491454769,0.19014102230685992,0.303030303030303,0.4247491638795987,0.1142316346642398,0.19004393584845303,0.3120805369127517,25.0,-1.0,0.0,35.0,-1.0,-1.0,46.0,0.0,2.0,0.0014049168256708396,0.0005414242252550252,4.744368063002109e-05,-0.05457203895929208,-0.05717801237885478,-0.051066682885213766,"[9.203125, 5.08203125, 10.0, 5.8046875, 8.0390625, 7.078125, 3.912109375, 4.94921875, 5.75, 5.7578125, 3.947265625, 12.2421875, 4.08203125, 7.32421875, 2.205078125, 9.7265625, 4.99609375, 9.5, 5.03515625, 4.99609375, 2.078125, 7.97265625, 0.09393310546875, 0.24462890625, 7.2578125, 4.76953125, 8.671875, 8.21875, 7.49609375, 11.46875, 6.9765625, 3.02734375, 7.71484375, 7.08203125, 10.578125, 4.6953125, 9.859375, 1.0966796875, 3.439453125, 2.263671875, 4.69921875, 1.994140625, 3.19140625, 2.76171875, 0.0239715576171875, 0.1883544921875, 6.29296875, 3.345703125, 2.408203125, 0.010589599609375, 0.21630859375, 5.1875, 4.75, 0.092529296875, 3.39453125, 4.79296875, 3.51171875, 1.33203125, 4.22265625, 8.4375, 3.0703125, 0.63671875, 6.78515625, 4.40234375, 2.328125, 12.25, 0.89404296875, 7.62109375, 3.177734375, 2.404296875, 4.46875, 7.203125, 6.0546875, 6.73046875, 3.4296875, 6.625, 3.302734375, 0.837890625, 0.2037353515625, 10.21875, 6.3515625, 8.4296875, 1.1337890625, 1.6484375, 4.91796875, 3.341796875, 0.52783203125, 6.58203125, 6.7421875, 7.73828125, 3.98828125, 10.9140625, 1.15234375, 5.6875, 0.5224609375, 0.463134765625, 2.82421875, 1.1845703125, 6.37890625, 2.142578125, 1.9638671875, 1.0419921875, 6.515625, 8.4921875, 6.046875, 10.4453125, 4.3359375, 3.05078125, 2.302734375, 1.9599609375, 0.08050537109375, 0.11566162109375, 0.06524658203125, 1.611328125, 0.476806640625, 1.037109375, 0.04156494140625, 0.306396484375, 4.21875, 0.1708984375, 0.2069091796875, 0.0207061767578125, 0.0908203125, 0.036285400390625, 0.6923828125, 0.11920166015625, 0.230712890625, 0.011474609375, 0.228271484375, 4.40625, 0.25341796875, 0.1856689453125, 0.0235137939453125, 0.0584716796875, 0.0088043212890625, 0.166259765625, 0.042388916015625, 0.09722900390625, 0.007480621337890625, 0.1243896484375, 2.25390625, 0.09100341796875, 3.107421875, 1.939453125, 0.147705078125, 5.1015625, 3.76953125, 6.59375, 0.2076416015625, 0.01910400390625, 8.234375, 5.51171875, 4.06640625, 1.8603515625, 2.1640625, 2.228515625, 2.392578125, 6.765625, 1.9541015625, 1.7744140625, 0.689453125, 0.376220703125, 0.173583984375, 4.52734375, 3.259765625, 8.0234375, 0.07830810546875, 9.2734375, 8.21875, 2.818359375, 8.8203125, 4.25, 4.0, 1.0126953125, 3.07421875, 0.68359375, 7.4765625, 4.73046875, 0.59326171875, 1.1142578125, 6.28515625, 10.3671875, 0.681640625, 10.4609375, 1.158203125, 6.86328125, 4.76171875, 1.3955078125, 3.72265625, 2.953125, 1.4345703125, 0.64453125, 0.107421875, 2.822265625, 5.23046875, 3.072265625, 2.21484375, 0.13623046875, 2.67578125, 3.119140625, 1.1005859375, 0.8662109375, 2.3203125, 1.8203125, 0.32080078125, 3.462890625, 2.765625, 0.515625, 0.359619140625, 1.4951171875, 0.2152099609375, 0.241455078125, 0.07159423828125, 0.420654296875, 0.279541015625, 0.5849609375, 0.1981201171875, 0.06646728515625, 1.130859375, 0.0170745849609375, 1.3115234375, 0.101806640625, 0.138916015625, 0.63525390625, 0.58154296875, 0.052825927734375, 0.060455322265625, 0.03314208984375, 0.4990234375, 0.07049560546875, 0.28759765625, 0.4794921875, 0.059783935546875, 4.52734375, 0.25048828125, 0.4228515625, 16.0, 4.51953125, 6.765625, 10.953125, 8.078125, 1.59765625, 9.4140625, 3.5546875, 0.7333984375, 6.38671875, 9.5625, 5.03515625, 7.20703125, 1.1875, 6.4765625, 1.087890625, 1.5556640625, 14.1953125, 2.857421875, 0.12261962890625, 1.4541015625, 0.05584716796875, 0.035797119140625, 0.3076171875, 1.017578125, 0.275390625, 0.21484375, 0.0306396484375, 0.20654296875, 0.5634765625, 0.52685546875, 3.50390625, 8.890625, 0.356689453125, 4.20703125, 1.5380859375, 4.4609375, 2.14453125, 1.0693359375, 1.5888671875, 0.65380859375, 7.50390625, 5.2890625, 10.0234375, 3.271484375, 0.1971435546875, 6.09375, 2.609375, 3.130859375, 6.0078125, 1.09765625, 5.69140625, 3.681640625, 5.31640625, 8.453125, 0.429443359375, 5.0, 3.998046875, 0.5537109375, 1.53515625, 5.109375, 6.58203125, 8.9921875, 2.064453125, 6.58984375, 0.1917724609375, 2.26953125, 6.6171875, 2.83203125, 0.685546875, 9.25, 5.58203125, 2.48828125, 0.99267578125, 7.0546875, 3.99609375, 4.4375, 0.76171875, 1.6044921875, 7.0859375, 5.875, 8.2109375, 0.08599853515625, 4.77734375, 10.9140625, 4.32421875, 7.125, 8.1484375, 6.33984375, 6.71875, 0.576171875, 11.25, 0.99609375, 6.46484375, 0.421142578125, 5.921875, 6.95703125, 8.1484375, 3.302734375, 0.931640625, 2.21875, 2.099609375, 2.291015625, 1.9375, 11.0625, 0.332275390625, 1.7265625, 0.009002685546875, 0.0673828125, 0.004314422607421875, 1.4267578125, 0.251220703125, 12.0625, 2.0625, 7.484375, 0.0888671875, 0.221923828125, 0.08294677734375, 7.328125, 4.40234375, 4.93359375, 0.286376953125, 0.98095703125, 1.908203125, 3.4140625, 3.17578125, 14.328125, 0.1787109375, 3.294921875, 2.94140625, 8.7578125, 3.34765625, 6.92578125, 9.171875, 7.08203125, 2.05078125, 0.08447265625, 6.35546875, 0.311279296875, 0.33544921875, 2.7109375, 0.126953125, 0.67626953125, 0.0209503173828125, 0.2958984375, 2.501953125, 1.79296875, 0.269287109375, 0.0183868408203125, 2.736328125, 0.328125, 4.1171875, 1.400390625, 0.88623046875, 4.8671875, 3.330078125, 0.65673828125, 0.0025691986083984375, 2.765625, 0.373046875, 0.136962890625, 0.0394287109375, 0.92333984375, 1.8173828125, 1.79296875, 1.5234375, 2.81640625, 0.03973388671875, 1.5439453125, 0.275390625, 0.00650787353515625, 0.9560546875, 2.16796875, 5.10546875, 12.1953125, 0.11175537109375, 4.0625, 6.2890625, 2.66796875, 1.8681640625, 8.4765625, 10.6953125, 1.373046875, 1.455078125, 5.171875, 1.865234375, 6.96875, 2.763671875, 1.158203125, 4.3359375, 4.68359375, 1.158203125, 4.15625, 3.556640625, 0.1396484375, 2.75, 2.158203125, 0.07244873046875, 0.5859375, 4.5703125, 1.654296875, 0.0108489990234375, 0.03656005859375, 0.11981201171875, 0.058349609375, 0.9736328125, 0.00452423095703125, 0.03271484375, 0.83837890625, 0.01116943359375, 0.006198883056640625, 4.2265625, 0.54638671875, 0.004302978515625, 5.57421875, 0.316650390625, 1.0380859375, 12.03125, 0.75537109375, 0.7294921875, 0.5263671875, 0.17724609375]",-0.6294416454681664
136,0,test,2.9928709763746997,1.2963849586615548,1.8192804576884636,5.765677910368907,2.4974474938921127,3.5047902934880693,19.942855848600473,14.48811005425189,16.709273791735598,38.41932523774503,27.91091789863232,32.18992451054946,2.9773794907789966,1.2890099795912349,1.8037889720927605,5.735834019000714,2.4832398136242912,3.474946402119877,19.636292079487802,14.225640577100275,16.402710022622927,37.82873915313092,27.40527817059024,31.59933842593535,2.9763192396897535,1.2798332219766086,1.8035225122465255,5.7337914764611435,2.4655610599843496,3.47443307506316,19.615483712418037,14.160737918069454,16.38446742619559,37.78865244598181,27.280245106869103,31.564194600465036,0.6538461538461539,0.17384615384615387,0.17884615384615388,0.5307692307692308,0.17076923076923078,0.15076923076923077,0.4307692307692308,0.13076923076923075,0.13576923076923075,0.4307692307692308,0.12042440318302394,0.17821821036106755,0.3410852713178295,0.4307692307692308,0.13191865605658715,0.17821821036106755,0.3565891472868217,0.4461538461538461,0.13580901856763927,0.19615384615384612,0.3178294573643411,16.0,-3.0,-3.0,25.0,-3.0,-3.0,28.0,-5.0,-5.0,-2.5418411501609686e-05,0.00021606499135578332,1.5689071780380592e-06,-0.009315945494426714,-0.010567264265565868,-0.009751767157264446,"[9.1953125, 3.345703125, 5.3671875, 6.51171875, 3.142578125, 1.6376953125, 5.38671875, 0.87451171875, 5.12890625, 8.4296875, 4.140625, 2.857421875, 1.537109375, 5.31640625, 8.015625, 2.478515625, 1.236328125, 5.6328125, 2.439453125, 2.515625, 0.2344970703125, 3.900390625, 1.404296875, 2.18359375, 5.265625, 3.955078125, 3.01953125, 4.484375, 1.154296875, 5.5234375, 3.033203125, 1.67578125, 4.5, 7.0703125, 5.33203125, 1.2412109375, 1.3828125, 5.3046875, 1.5625, 1.986328125, 4.0546875, 2.173828125, 2.404296875, 0.5146484375, 0.131591796875, 5.5703125, 0.32568359375, 0.1959228515625, 5.6875, 0.37109375, 5.296875, 0.08380126953125, 3.623046875, 9.5078125, 2.2890625, 0.5185546875, 0.0762939453125, 3.296875, 6.16796875, 3.384765625, 0.8505859375, 0.12396240234375, 3.015625, 1.271484375, 2.01171875, 3.390625, 7.42578125, 7.015625, 0.458984375, 0.049530029296875, 1.0712890625, 4.3046875, 7.3671875, 3.1796875, 6.6640625, 5.94921875, 12.6484375, 5.640625, 11.875, 0.1746826171875, 1.7080078125, 0.53466796875, 0.3349609375, 0.1085205078125, 0.156494140625, 1.517578125, 5.94140625, 0.358642578125, 8.8125, 9.0859375, 4.140625, 1.09375, 2.326171875, 0.79638671875, 0.11798095703125, 0.1546630859375, 0.0266571044921875, 0.12841796875, 1.35546875, 8.6640625, 4.92578125, 2.158203125, 1.4423828125, 0.269775390625, 0.1021728515625, 0.2880859375, 0.05084228515625, 0.144287109375, 0.017974853515625, 0.0736083984375, 1.0146484375, 7.4453125, 2.94921875, 0.5234375, 0.269287109375, 0.1143798828125, 0.07952880859375, 0.2059326171875, 0.03363037109375, 0.1497802734375, 0.020904541015625, 0.059356689453125, 6.86328125, 6.2421875, 2.205078125, 1.380859375, 4.92578125, 4.12890625, 0.491943359375, 3.56640625]",-1.1253002386826734
153,0,test,2.846935526392926,1.3646482460352038,1.8195565135159846,6.328538208351154,3.0335174386387656,4.044746644694769,17.234884981303107,12.831879902069362,14.441151091423857,38.31194177372474,28.524369973389852,32.10166707584029,2.9385746735424254,1.3242431625133995,1.838548033589742,5.877149347084851,2.648486325026799,3.677096067179484,18.888904261209046,13.864376302189715,15.884658205355862,37.77780852241809,27.72875260437943,31.769316410711724,2.9768748674105643,1.368572858882022,1.8921389556773804,6.424909785778197,2.953754371687818,4.083753141749742,19.626385647353928,14.632061942408525,16.667727278756466,42.35910571371351,31.579989803759403,35.973512112424025,0.5276381909547738,0.01263819095477381,0.0026381909547738003,0.4371859296482412,0.007185929648241163,0.0021859296482411583,0.3517587939698492,-0.033241206030150794,-0.01824120603015078,0.37356321839080464,0.12248717821863819,0.18099234840057976,0.35158501440922185,0.3517587939698492,0.09862596188964867,0.16478049680791262,0.33838383838383834,0.3846153846153846,0.12752022601772184,0.1944040386754513,0.3657718120805369,22.0,-2.0,1.0,35.0,-1.0,1.0,40.0,-3.0,0.0,-0.00035033176940543206,0.0005016480241564342,2.5762050949543234e-05,-0.025092764808497314,-0.02880022761449208,-0.025783857300166524,"[10.15625, 1.2841796875, 5.55859375, 4.54296875, 1.7294921875, 2.599609375, 0.88232421875, 0.7275390625, 11.640625, 6.83984375, 1.048828125, 0.044281005859375, 0.00347900390625, 0.329345703125, 0.00856781005859375, 0.318359375, 0.08428955078125, 1.5869140625, 1.7060546875, 0.032684326171875, 4.91796875, 0.51220703125, 0.72021484375, 5.6171875, 5.765625, 0.904296875, 1.1962890625, 6.44140625, 3.611328125, 0.79248046875, 10.9765625, 3.759765625, 9.859375, 5.74609375, 10.4140625, 3.984375, 2.515625, 3.263671875, 0.88623046875, 2.61328125, 2.486328125, 0.06793212890625, 7.1875, 0.299072265625, 5.375, 9.0390625, 7.5078125, 2.5859375, 0.89501953125, 1.529296875, 7.8984375, 0.004573822021484375, 6.625, 5.29296875, 3.443359375, 3.0078125, 3.365234375, 0.49755859375, 0.191162109375, 1.5419921875, 0.70166015625, 0.00908660888671875, 11.53125, 1.6982421875, 4.67578125, 0.2763671875, 1.21484375, 0.0118408203125, 5.484375, 1.564453125, 10.3203125, 0.447265625, 5.61328125, 0.27978515625, 0.96484375, 0.1907958984375, 0.7080078125, 0.012115478515625, 10.5078125, 0.1630859375, 2.56640625, 0.7744140625, 5.0703125, 0.0621337890625, 0.08544921875, 0.0074462890625, 3.126953125, 0.364501953125, 0.1405029296875, 0.01265716552734375, 0.71337890625, 0.03240966796875, 0.0263214111328125, 0.0291595458984375, 0.3251953125, 0.06573486328125, 3.048828125, 0.6357421875, 5.22265625, 0.06719970703125, 0.043426513671875, 0.0013856887817382812, 0.88916015625, 3.068359375, 0.138427734375, 0.0682373046875, 11.296875, 0.06854248046875, 0.360107421875, 0.349609375, 3.0390625, 0.1600341796875, 0.043792724609375, 0.0004687309265136719, 0.7353515625, 0.70654296875, 9.0625, 0.436279296875, 0.139892578125, 0.023956298828125, 7.1328125, 0.37109375, 10.96875, 1.2548828125, 0.0293426513671875, 6.3046875, 8.0, 0.356689453125, 2.720703125, 8.2734375, 0.0087890625, 0.005832672119140625, 0.0755615234375, 0.0546875, 0.69482421875, 0.22265625, 7.1953125, 0.1737060546875, 12.046875, 10.0625, 11.3671875, 0.728515625, 9.3125, 0.1470947265625, 0.259521484375, 0.0030307769775390625, 0.26123046875, 0.0022525787353515625, 0.38720703125, 3.072265625, 0.31787109375, 6.03515625, 7.6640625, 2.216796875, 3.615234375, 8.359375, 13.140625, 1.0126953125, 4.95703125, 1.994140625, 1.40234375, 0.175537109375, 0.0217132568359375, 7.12890625, 0.04736328125, 8.5546875, 0.346435546875, 0.74072265625, 6.05078125, 0.070556640625, 0.58544921875, 0.115966796875, 0.1363525390625, 5.7265625, 0.148681640625, 1.482421875, 0.41357421875, 0.013336181640625, 0.330078125, 7.5546875, 2.064453125, 2.19140625, 7.66015625, 3.533203125, 0.037811279296875, 0.89306640625, 2.400390625, 9.6484375, 8.2578125, 8.03125, 3.4765625, 6.85546875, 3.14453125, 3.447265625, 5.80078125, 0.180419921875, 4.8515625, 4.2421875, 2.705078125, 9.8125, 4.015625, 7.84375, 1.9892578125, 2.814453125, 3.078125, 6.26953125, 7.23046875, 1.02734375, 1.111328125, 0.1671142578125, 4.40234375, 8.3671875, 2.201171875, 7.08203125, 9.34375, 1.1630859375, 8.0859375, 4.5859375, 1.4697265625, 3.970703125, 5.0546875, 3.283203125, 5.93359375, 7.1484375, 0.039093017578125, 3.900390625, 14.4296875, 4.11328125, 0.755859375, 8.640625, 3.876953125, 0.329833984375, 0.3779296875, 3.22265625, 0.166748046875, 1.322265625, 1.705078125, 1.3701171875, 0.058990478515625, 5.04296875, 2.193359375, 0.0237274169921875, 0.0164031982421875, 0.0010852813720703125, 9.7421875, 2.265625, 2.3515625, 0.37841796875, 0.32470703125, 3.298828125, 1.509765625, 5.19921875, 0.35693359375, 4.30859375, 6.12109375, 1.3076171875, 0.0394287109375, 1.546875, 0.36328125, 0.347412109375, 6.6953125, 0.056182861328125, 3.46484375, 0.141845703125, 5.99609375, 6.07421875, 0.50146484375, 0.017608642578125, 0.296875, 0.475830078125, 8.9140625, 0.0143585205078125, 0.032135009765625, 0.21875, 0.0872802734375, 0.83935546875, 1.3564453125, 0.720703125, 2.638671875, 4.67578125, 0.0007281303405761719, 0.00885772705078125, 0.00893402099609375, 0.1859130859375, 10.875, 1.4892578125, 9.6953125, 3.81640625, 1.3505859375, 5.21875, 2.185546875, 3.26171875, 0.041351318359375, 8.296875, 2.177734375, 8.6171875, 0.09521484375, 5.44140625, 0.03814697265625, 2.15625, 0.0121917724609375, 0.11279296875, 0.1640625, 4.5, 2.31640625, 5.25, 0.8564453125, 0.400634765625, 0.0029811859130859375, 2.486328125, 4.1328125, 5.2734375, 5.8671875, 8.0859375, 0.317626953125, 3.427734375, 0.048736572265625, 0.042877197265625, 0.00569915771484375, 0.06536865234375, 0.0219573974609375, 2.421875, 4.73046875, 1.3251953125, 4.2265625, 1.2138671875, 1.0244140625, 0.256591796875, 1.80078125, 0.45703125, 1.8427734375, 9.0234375, 8.6875, 1.234375, 2.5078125, 0.0054779052734375, 0.005367279052734375, 0.0002028942108154297, 0.007755279541015625, 0.00264739990234375, 0.07861328125, 0.0960693359375, 0.078857421875, 0.1356201171875, 0.06292724609375, 0.0902099609375, 0.71240234375, 3.51171875]",-2.0306317648668397
191,0,test,3.9696930357334366,1.8250629133609522,2.5106906234797997,7.091923513276589,3.2605056542066446,4.48539111385717,52.96826897806066,44.42938666646957,48.66660288028434,94.62870525293982,79.37384808953551,86.94370626927201,3.8629625778102397,1.7903299504306145,2.454984504624846,6.492374080353344,3.0089578998833857,4.12602437752075,47.6061796699715,39.660465959295536,43.51849762108532,80.0103859999521,66.6562453097404,73.14033213627785,4.005302826696415,1.849078139067581,2.5254177749712414,7.110005017804286,3.282387229114049,4.4829901330850435,54.88844356861621,46.24998044632739,50.49600282020376,97.43510692653764,82.10055700531488,89.63787482876407,0.7135678391959799,-0.006432160804020093,-0.006432160804020093,0.5879396984924623,0.007939698492462233,-0.002060301507537776,0.48743718592964824,-0.002562814070351749,-0.002562814070351749,0.42586750788643535,0.1061824685163566,0.18137642708895374,0.42721518987341767,0.4120603015075377,0.11130842180828959,0.17833743005511704,0.4040404040404041,0.43143812709030105,0.11424280154773014,0.19117116379775378,0.4261744966442953,28.0,3.0,6.0,38.0,2.0,4.0,46.0,4.0,5.0,0.00018403581334627215,0.000198250299114556,2.651355024049028e-05,-0.002784184734941242,-0.004209530753078283,-0.004291588284563552,"[3.591796875, 10.4453125, 0.006450653076171875, 6.703125, 3.1171875, 12.1640625, 1.1640625, 6.83203125, 0.038848876953125, 7.6484375, 4.1796875, 0.364013671875, 5.12109375, 0.0175323486328125, 4.265625, 2.85546875, 0.043182373046875, 2.1640625, 0.0013265609741210938, 2.859375, 1.560546875, 0.06304931640625, 3.505859375, 0.004749298095703125, 7.98828125, 9.5234375, 1.7734375, 0.2193603515625, 10.28125, 2.93359375, 0.90966796875, 0.09283447265625, 5.8046875, 1.3720703125, 3.53125, 7.44140625, 6.02734375, 8.59375, 8.5703125, 3.357421875, 1.2978515625, 0.06744384765625, 4.94140625, 0.0125579833984375, 10.5390625, 2.314453125, 10.1875, 3.337890625, 10.2421875, 6.2578125, 1.9951171875, 11.5859375, 3.41796875, 1.1533203125, 11.1796875, 9.4375, 8.03125, 11.9765625, 8.4296875, 3.3046875, 10.7109375, 8.984375, 1.578125, 0.493896484375, 2.02734375, 3.521484375, 0.263427734375, 0.256103515625, 5.21484375, 1.921875, 6.71484375, 8.8046875, 1.7099609375, 9.1171875, 0.279296875, 11.84375, 1.3701171875, 13.3359375, 0.1864013671875, 1.9658203125, 7.890625, 2.578125, 3.24609375, 6.984375, 8.6875, 1.6630859375, 9.09375, 5.54296875, 0.10186767578125, 2.88671875, 2.482421875, 0.6064453125, 7.6484375, 4.09375, 6.703125, 5.5859375, 1.6865234375, 5.3125, 0.56787109375, 3.365234375, 0.509765625, 2.375, 0.60205078125, 0.568359375, 2.353515625, 0.982421875, 0.1026611328125, 0.15380859375, 6.2734375, 0.0126190185546875, 0.580078125, 6.81640625, 5.18359375, 1.0751953125, 1.607421875, 7.3828125, 5.0703125, 5.56640625, 0.1856689453125, 7.265625, 1.40234375, 6.3671875, 0.41015625, 5.0703125, 6.4609375, 9.1640625, 1.62890625, 1.48828125, 0.0002562999725341797, 7.25, 2.869140625, 0.10491943359375, 4.9140625, 4.3359375, 1.6025390625, 3.205078125, 0.2149658203125, 0.369873046875, 0.08746337890625, 6.15234375, 0.12445068359375, 1.71875, 8.2734375, 1.12890625, 0.787109375, 2.224609375, 7.640625, 1.134765625, 1.4091796875, 5.96875, 0.062469482421875, 1.84765625, 0.873046875, 0.74560546875, 0.8974609375, 0.049530029296875, 0.430419921875, 7.59765625, 6.7265625, 4.9296875, 3.1015625, 5.61328125, 4.77734375, 5.13671875, 0.04193115234375, 9.8828125, 4.16015625, 4.43359375, 2.498046875, 2.998046875, 3.4609375, 0.14990234375, 7.41015625, 10.8515625, 0.069091796875, 0.036865234375, 0.95751953125, 3.796875, 10.5625, 0.71875, 1.353515625, 9.1953125, 2.083984375, 0.94970703125, 5.0625, 0.146728515625, 1.2099609375, 0.08343505859375, 0.175537109375, 6.77734375, 0.64697265625, 2.53515625, 8.4921875, 2.51171875, 0.0047149658203125, 8.40625, 6.1171875, 5.4296875, 1.6279296875, 4.06640625, 0.1356201171875, 8.5546875, 6.85546875, 2.744140625, 6.59375, 1.2373046875, 6.0, 5.203125, 7.96484375, 9.3125, 1.142578125, 1.7294921875, 0.1376953125, 0.6533203125, 0.03436279296875, 0.12127685546875, 4.2109375, 0.06585693359375, 0.60205078125, 11.1484375, 5.23828125, 3.537109375, 0.002094268798828125, 3.9140625, 6.953125, 4.78125, 0.54931640625, 3.412109375, 8.84375, 3.283203125, 9.6171875, 3.365234375, 3.3125, 5.13671875, 0.1805419921875, 0.84033203125, 0.04541015625, 0.0853271484375, 7.5703125, 8.0, 9.0234375, 2.322265625, 4.0390625, 1.576171875, 4.484375, 5.80078125, 7.84375, 2.314453125, 16.46875, 0.04888916015625, 1.9326171875, 7.59375, 1.345703125, 1.712890625, 7.3984375, 1.197265625, 2.66796875, 2.1640625, 9.1015625, 0.125732421875, 11.5, 10.296875, 3.833984375, 3.767578125, 0.458251953125, 1.6240234375, 0.372314453125, 0.92626953125, 0.023834228515625, 0.0548095703125, 9.84375, 13.65625, 2.734375, 0.01123046875, 2.0, 5.953125, 5.0859375, 11.2109375, 7.96484375, 9.5546875, 0.0163421630859375, 0.94580078125, 5.3359375, 1.76953125, 2.677734375, 10.609375, 2.380859375, 2.291015625, 7.52734375, 4.21484375, 4.625, 2.291015625, 2.513671875, 9.578125, 5.0625, 3.685546875, 5.44140625, 2.173828125, 3.71484375, 3.05078125, 9.609375, 7.81640625, 7.078125, 5.5390625, 0.6064453125, 4.640625, 0.04248046875, 0.56689453125, 0.61083984375, 0.047821044921875, 0.85693359375, 0.01284027099609375, 0.08575439453125, 7.91796875, 6.78515625, 4.22265625, 5.15234375]",-1.1377064279201279
202,0,test,2.4984932314025032,1.0911473852559928,1.2206869291995084,6.870856386356884,3.0006553094539803,3.3568890552986486,12.164151583693435,8.079053061151251,8.575393151018725,33.45141685515694,22.217395918165934,23.58233116530149,2.716425533869758,1.1493676921672464,1.6363986772228458,5.77962879546757,2.4454631748239284,3.4816993132400973,15.12615755983033,10.333630502425912,12.181398923483856,32.183313957085815,21.986447877501945,25.917870049965657,2.485985527469163,1.0991032410312,1.5194617601559113,6.214963818672907,2.7477581025780005,3.798654400389778,12.012953518548512,8.010601125828364,9.38416324768675,30.032383796371278,20.026502814570907,23.460408119216872,0.542713567839196,0.0027135678391959628,0.0027135678391959628,0.44221105527638194,-0.017788944723618028,-0.017788944723618028,0.3316582914572864,-0.0033417085427135396,-0.0033417085427135396,0.3466666666666667,0.09361450240473546,0.10619745845552298,0.3162583518930958,0.3467336683417085,0.07856324227654554,0.1347136349527268,0.30808080808080807,0.34448160535117056,0.08571699767170482,0.14314678888843424,0.2986577181208053,24.0,1.0,2.0,32.0,0.0,1.0,39.0,0.0,1.0,1.776176929358626e-05,0.0007217654910819184,-0.00037974551888445593,-0.05130854956390962,-0.05528088973564671,-0.0490398449498235,"[7.87109375, 3.484375, 1.416015625, 4.2734375, 4.69140625, 0.09979248046875, 0.4462890625, 7.2265625, 9.65625, 11.3203125, 0.7412109375, 2.580078125, 2.544921875, 5.2890625, 0.11224365234375, 0.310791015625, 0.1903076171875, 2.146484375, 0.321044921875, 0.07208251953125, 2.21484375, 10.6328125, 7.44140625, 0.5732421875, 3.07421875, 0.281494140625, 0.00992584228515625, 0.818359375, 0.61572265625, 0.0010404586791992188, 6.15234375, 3.6875, 2.6640625, 2.666015625, 1.94921875, 0.144775390625, 0.09454345703125, 2.125, 1.5498046875, 0.01325225830078125, 0.361083984375, 9.09375, 5.44140625, 8.40625, 0.78955078125, 4.8046875, 6.62890625, 2.431640625, 5.4609375, 0.06536865234375, 8.3984375, 2.380859375, 5.234375, 7.1875, 2.60546875, 0.447265625, 0.002460479736328125, 0.1671142578125, 0.400390625, 0.0005812644958496094, 2.146484375, 2.189453125, 9.4609375, 5.44921875, 0.2685546875, 9.7734375, 1.123046875, 4.2734375, 2.62890625, 2.037109375, 0.0204315185546875, 0.35009765625, 6.6953125, 12.9921875, 5.2265625, 6.9609375, 10.1953125, 2.763671875, 1.9052734375, 6.2734375, 6.91796875, 1.880859375, 3.79296875, 8.5, 1.2978515625, 6.9453125, 9.2265625, 2.50390625, 3.119140625, 8.9140625, 10.03125, 9.90625, 12.3125, 0.1951904296875, 0.041259765625, 0.9892578125, 0.388916015625, 0.00014269351959228516, 0.26611328125, 4.3046875, 1.6767578125, 0.53173828125, 0.3369140625, 0.0811767578125, 10.2109375, 0.1533203125, 6.421875, 4.6796875, 2.5078125, 1.611328125, 2.0859375, 0.465576171875, 0.3525390625, 0.0039215087890625, 0.1378173828125, 0.002643585205078125, 0.5849609375, 6.23828125, 0.235107421875, 0.252685546875, 0.019805908203125, 0.19091796875, 0.90869140625, 0.1910400390625, 0.05169677734375, 0.0017881393432617188, 0.137939453125, 0.0193939208984375, 0.0902099609375, 0.043670654296875, 0.030517578125, 0.11859130859375, 0.004306793212890625, 0.0853271484375, 0.0255126953125, 0.0003540515899658203, 11.0546875, 1.6259765625, 4.390625, 1.515625, 2.646484375, 2.021484375, 0.5810546875, 0.1434326171875, 0.038330078125, 8.59375, 0.0038280487060546875, 0.0289154052734375, 0.1314697265625, 1.2802734375, 0.71044921875, 0.9482421875, 1.4140625, 5.4140625, 0.052520751953125, 0.1361083984375, 0.02337646484375, 0.0037937164306640625, 0.00405120849609375, 2.1875, 0.0433349609375, 0.94140625, 3.3515625, 0.35400390625, 0.09375, 0.132568359375, 0.0020809173583984375, 5.32421875, 0.0098419189453125, 0.307373046875, 4.84765625, 0.75537109375, 0.13427734375, 1.27734375, 6.4765625, 4.66796875, 4.5859375, 5.09375, 2.193359375, 3.7109375, 6.37890625, 8.078125, 5.546875, 3.8984375, 1.162109375, 0.9033203125, 0.1854248046875, 0.00496673583984375, 0.177001953125, 0.048095703125, 6.008148193359375e-05, 4.66796875, 5.0625, 1.48828125, 0.6142578125, 6.1171875, 2.091796875, 0.93603515625, 0.278076171875, 1.6279296875, 0.83837890625, 0.84423828125, 2.078125, 2.39453125, 0.2164306640625, 0.023162841796875, 0.01506805419921875, 2.900390625, 9.75, 2.1171875, 0.7578125, 0.058319091796875, 0.625, 0.37158203125, 0.051239013671875, 0.003513336181640625, 0.41748046875, 0.00030541419982910156, 0.2724609375, 4.80859375, 2.501953125, 5.80859375, 2.396484375, 1.6025390625, 1.5908203125, 0.8974609375, 0.6572265625, 0.276123046875, 0.275634765625, 0.57177734375, 0.154296875, 0.0008726119995117188, 0.11822509765625, 0.052459716796875, 7.450580596923828e-05, 0.7861328125, 2.98828125, 3.18359375, 2.60546875, 1.771484375, 0.7470703125, 1.583984375, 4.625, 1.0107421875, 0.1417236328125, 0.0693359375, 0.1849365234375, 0.382568359375, 4.03125, 0.05810546875, 0.0102386474609375, 5.0625, 1.1328125, 0.04986572265625, 1.9423828125, 2.283203125, 0.0166168212890625, 0.771484375, 0.1837158203125, 0.1683349609375, 0.26953125, 1.3251953125, 11.0625, 1.630859375, 0.123291015625, 1.439453125, 0.083251953125, 0.040496826171875, 0.1014404296875, 0.054107666015625, 7.234375, 0.00299835205078125, 0.0006194114685058594, 0.266845703125, 9.1328125, 6.93359375, 1.8017578125, 6.48828125, 2.91796875, 7.18359375, 6.78515625, 5.68359375, 3.576171875, 0.004253387451171875, 0.55029296875, 0.2025146484375, 0.274169921875, 0.343505859375, 0.0016994476318359375, 0.41650390625, 0.0008182525634765625, 0.183349609375, 9.3203125, 5.55859375, 6.15234375, 10.0703125, 0.08514404296875, 5.15625, 0.6689453125, 11.234375, 0.08099365234375, 9.71875, 6.47265625, 1.28515625, 7.01953125, 3.298828125, 1.607421875, 0.0687255859375, 0.0003886222839355469, 0.047576904296875, 0.0892333984375, 2.7298927307128906e-05, 1.1494140625, 5.23828125, 1.46484375, 0.088134765625, 0.0305633544921875, 0.009765625, 3.14453125, 0.0143280029296875, 0.0166473388671875, 4.22265625, 5.0625, 6.8671875, 1.35546875, 0.183349609375, 2.2734375, 0.00101470947265625, 0.0042877197265625, 1.6494140625, 3.34765625, 1.708984375, 0.151611328125, 1.330078125, 0.0024318695068359375, 2.177734375, 0.7802734375, 2.447265625, 0.60888671875, 1.0517578125, 0.27392578125, 0.0162506103515625, 0.07623291015625, 5.76171875, 5.7109375, 0.3828125, 0.06292724609375, 0.1156005859375, 5.8515625, 7.87109375, 0.9453125, 0.369140625, 0.189697265625, 0.1776123046875, 0.7041015625, 0.0214080810546875, 0.300537109375, 7.0, 7.1875, 11.234375, 12.109375, 0.1357421875, 6.11328125, 7.8828125, 1.7373046875, 6.734375, 6.15234375, 5.11328125, 5.53125, 4.84375, 1.3603515625, 0.302734375, 0.0018463134765625, 0.169921875, 0.09423828125, 4.38690185546875e-05, 1.7958984375, 6.8984375, 3.21484375, 0.07745361328125, 0.00879669189453125, 0.0029354095458984375, 1.3603515625, 2.73046875, 0.039093017578125, 1.3525390625, 6.81640625, 3.458984375, 4.03125, 2.19140625, 0.1414794921875, 0.01505279541015625, 4.0234375, 0.1767578125, 8.4609375, 7.79296875, 0.28662109375, 7.953125, 7.0703125, 0.4423828125, 0.45361328125, 0.50830078125, 5.6484375, 9.53125, 0.748046875, 4.765625, 3.625, 4.29296875, 1.0947265625, 1.0244140625, 0.019439697265625, 0.15087890625, 0.0022125244140625, 2.134765625, 1.240234375, 0.0013294219970703125, 0.004703521728515625, 0.323486328125, 0.0033931732177734375, 6.5, 6.26953125, 0.69091796875, 6.9921875, 2.62109375, 1.9765625, 0.095947265625, 0.5703125, 0.5859375, 0.128662109375, 0.0006580352783203125, 0.1494140625, 0.0015668869018554688, 0.1719970703125, 4.01953125, 0.765625, 7.66015625, 0.3974609375, 4.35546875, 3.263671875, 2.25390625, 5.40234375, 8.6328125, 0.8037109375, 1.41015625, 4.27734375, 8.6484375, 0.302001953125, 0.09930419921875, 0.0011348724365234375, 0.06072998046875]",-1.6663927663697136
264,0,test,1.9545554414887252,0.8309992101317063,0.8309992101317063,7.5243036544528366,3.199034553288975,3.199034553288975,7.060779396302017,3.9850064591218937,3.9850064591218937,27.18134624741829,15.340776744890295,15.340776744890295,2.9971743324893203,1.2980089165462032,1.827956793536294,7.31018129875444,3.165875406210252,4.458431203747058,20.028861984045957,14.559481155684555,16.809389443183036,48.850882887916974,35.510929648011114,40.9985108370318,2.5200483440156765,1.1006534576613032,1.550169207283068,7.065556104716849,3.0859442738167377,4.346268805466545,12.429197526373427,8.294579756877553,9.791571878339152,34.848217363663814,23.255831094049217,27.453005266371456,0.6281407035175879,-0.016859296482412134,-0.006859296482412125,0.48743718592964824,-0.012562814070351758,0.0024371859296482556,0.37688442211055273,-0.013115577889447283,-0.003115577889447274,0.33268101761252444,0.08830174097518328,0.08830174097518328,0.24705882352941178,0.37688442211055273,0.08866387073210658,0.15317824514895007,0.33333333333333337,0.3511705685618729,0.08739761363699816,0.14093697568089403,0.2986577181208053,23.0,0.0,1.0,34.0,1.0,1.0,42.0,1.0,5.0,0.0018262502250794728,0.0009608304319390742,0.0014752563577579599,-0.1050263594460219,-0.10145873808588668,-0.12119001977401744,"[8.8671875, 8.078125, 7.96875, 3.8359375, 1.587890625, 1.048828125, 3.515625, 4.58984375, 1.2265625, 0.9033203125, 2.353515625, 0.11962890625, 2.4453125, 5.8359375, 0.99169921875, 0.7685546875, 9.9140625, 2.177734375, 7.203125, 0.56884765625, 6.125, 0.630859375, 9.734375, 0.6064453125, 2.43359375, 1.333984375, 2.2109375, 0.139892578125, 0.080322265625, 8.2265625, 0.4501953125, 0.74072265625, 7.3984375, 7.1640625, 1.603515625, 9.21875, 3.138671875, 6.56640625, 2.2890625, 2.87109375, 5.08984375, 1.19921875, 0.822265625, 11.4453125, 4.609375, 0.99560546875, 2.55078125, 1.0048828125, 1.1494140625, 0.51708984375, 0.7607421875, 0.82275390625, 0.07305908203125, 4.1953125, 0.053802490234375, 1.46484375, 0.08587646484375, 1.548828125, 0.2327880859375, 0.74072265625, 2.236328125, 0.0416259765625, 4.546875, 9.84375, 5.578125, 5.99609375, 3.458984375, 6.90625, 3.001953125, 1.2177734375, 6.87109375, 3.470703125, 5.4609375, 3.9921875, 6.4921875, 3.919921875, 6.46484375, 1.1240234375, 9.265625, 0.00030493736267089844, 0.325927734375, 0.2626953125, 0.226318359375, 10.0078125, 7.16796875, 5.12890625, 8.6953125, 0.020599365234375, 1.01171875, 7.671875, 1.6728515625, 1.1162109375, 3.818359375, 12.1328125, 4.21875, 2.173828125, 8.671875, 0.84423828125, 1.935546875, 2.255859375, 1.69140625, 0.283203125, 11.21875, 4.94921875, 2.939453125, 5.4296875, 0.296630859375, 1.3642578125, 3.546875, 6.421875, 7.84765625, 2.419921875, 6.03125, 6.09765625, 0.352783203125, 4.27734375, 0.462158203125, 0.67822265625, 1.6904296875, 1.818359375, 0.6513671875, 0.11309814453125, 0.1517333984375, 2.193359375, 14.15625, 1.3759765625, 3.056640625, 0.054931640625, 2.21484375, 5.4140625, 0.7451171875, 5.65234375, 0.1949462890625, 2.587890625, 0.77099609375, 2.626953125, 7.24609375, 1.5400390625, 3.6953125, 4.4921875, 2.00390625, 0.3583984375, 0.80712890625, 0.0283355712890625, 9.0546875, 1.83203125, 4.2734375, 7.109375, 5.0546875, 0.83203125, 2.966796875, 0.95361328125, 5.74609375, 6.09375, 0.83837890625, 0.8662109375, 0.8271484375, 0.1915283203125, 0.01235198974609375, 1.201171875, 3.30078125, 11.4765625, 0.67578125, 1.3291015625, 0.01611328125, 0.5068359375, 6.24609375, 5.44921875, 0.833984375, 1.7060546875, 1.388671875, 2.763671875, 0.01467132568359375, 7.78515625, 4.41015625, 0.30419921875, 5.1484375, 0.0198211669921875, 0.09075927734375, 1.060546875, 2.205078125, 0.0953369140625, 0.8359375, 0.58203125, 0.087158203125, 1.26953125, 0.15478515625, 0.0826416015625, 0.274658203125, 0.0045318603515625, 0.044921875, 0.1180419921875, 0.0697021484375, 0.138671875, 0.09393310546875, 0.7421875, 0.06414794921875, 5.5703125, 1.4580078125, 0.397216796875, 0.658203125, 1.0947265625, 0.71826171875, 1.5185546875, 0.1575927734375, 9.2578125, 1.525390625, 3.673828125, 0.448486328125, 3.73828125, 0.4091796875, 0.03302001953125, 0.379638671875, 2.853515625, 6.40234375, 0.38623046875, 0.8701171875, 1.3203125, 0.005950927734375, 5.31640625, 0.74755859375, 1.162109375, 1.2265625, 4.1953125, 0.07135009765625, 0.05609130859375, 2.32421875, 6.359375, 0.164794921875, 3.556640625, 0.039154052734375, 0.052978515625, 0.95751953125, 0.251220703125, 0.35107421875, 0.1458740234375, 0.435546875, 3.150390625, 0.7822265625, 0.60595703125, 0.079345703125, 0.480712890625, 0.166015625, 0.269775390625, 1.4716796875, 0.0057525634765625, 0.036834716796875, 0.0142364501953125, 3.525390625, 3.62890625, 3.0625, 5.24609375, 1.4169921875, 3.28515625, 6.2265625, 0.6103515625, 4.09375, 0.8330078125, 1.056640625, 5.60546875, 1.36328125, 3.03515625, 1.9091796875, 2.13671875, 7.50390625, 1.5595703125, 1.25390625, 0.0543212890625, 2.95703125, 2.603515625, 3.822265625, 2.0390625, 0.94873046875, 0.1416015625, 0.03179931640625, 1.056640625, 0.1141357421875, 0.0831298828125, 0.0657958984375, 0.16259765625, 0.337158203125, 0.417236328125, 0.070556640625, 0.060028076171875, 0.195068359375, 0.06494140625, 0.43212890625, 1.3876953125, 0.01003265380859375, 0.01331329345703125, 0.00267791748046875, 1.6416015625, 0.004833221435546875, 0.1343994140625, 0.014129638671875, 0.0181884765625, 0.14013671875, 2.150390625, 0.2447509765625, 2.21484375, 0.93994140625, 3.0546875, 0.693359375, 3.015625, 0.06793212890625, 0.1641845703125, 0.346435546875, 2.6484375, 0.056915283203125, 0.006977081298828125, 0.170654296875, 0.473876953125, 0.1512451171875, 0.0799560546875, 0.045623779296875, 0.375, 0.0006008148193359375, 2.435546875, 1.3330078125, 0.2388916015625, 0.035308837890625, 0.09197998046875, 0.0213775634765625, 0.0013246536254882812, 2.662109375, 7.1953125, 1.7216796875, 8.4921875, 4.58984375, 2.033203125, 0.2406005859375, 0.958984375, 0.09979248046875, 8.2421875, 0.73193359375, 3.732421875, 1.0341796875, 0.428466796875, 1.0576171875, 0.37939453125, 0.06494140625, 4.3125, 0.53369140625, 0.64111328125, 0.139892578125, 0.779296875, 0.17626953125, 0.427978515625, 0.07177734375, 2.974609375, 4.203125, 2.14453125, 0.26123046875, 0.01013946533203125, 0.00040650367736816406, 1.490234375, 0.033416748046875, 0.7099609375, 0.059661865234375, 0.02215576171875, 0.1463623046875, 2.154296875, 0.064697265625, 0.015106201171875, 0.203857421875, 0.134765625, 0.182373046875, 0.80859375, 0.0010595321655273438, 0.0083770751953125, 0.00159454345703125, 2.896484375, 2.314453125, 1.4658203125, 0.14208984375, 0.1839599609375, 0.021575927734375, 0.0091400146484375, 0.2191162109375, 0.005100250244140625, 0.72412109375, 0.01065826416015625, 0.00592041015625, 0.0214080810546875, 1.3505859375, 0.036590576171875, 0.004405975341796875, 0.1099853515625, 0.324951171875, 0.1920166015625, 0.7890625, 0.0030155181884765625, 0.015289306640625, 0.0027103424072265625, 0.66845703125, 0.0009751319885253906, 0.329833984375, 0.01171875, 0.005008697509765625, 0.0207672119140625, 0.0640869140625, 0.0092620849609375, 0.347900390625, 0.194580078125, 0.70361328125, 0.117919921875, 2.064453125, 5.78125, 0.08349609375, 0.80712890625, 0.1326904296875, 0.73779296875, 1.6328125, 6.42578125, 1.2919921875, 0.038482666015625, 0.2459716796875, 0.0188751220703125, 0.32421875, 0.4013671875, 0.36669921875, 0.08660888671875, 1.607421875, 2.232421875, 0.1641845703125, 8.1796875, 6.48046875, 5.22265625, 3.068359375, 0.052093505859375, 6.3359375, 1.103515625, 2.97265625, 0.67138671875, 6.1796875, 0.88232421875, 2.146484375, 0.14501953125, 0.615234375, 6.5078125, 2.68359375, 6.19921875, 5.82421875, 0.9990234375, 0.0085296630859375, 8.5390625, 0.35009765625, 0.199951171875, 0.2568359375, 3.126953125, 1.970703125, 0.06536865234375, 3.509765625, 4.1953125, 0.90185546875, 0.55712890625, 0.2305908203125, 2.4921875, 0.218994140625, 0.020965576171875, 0.09228515625, 1.19140625, 0.10430908203125, 0.0298614501953125, 3.0546875, 0.39990234375, 0.0235595703125, 0.1329345703125, 0.04730224609375, 3.109375, 0.083251953125, 0.00904083251953125, 0.383544921875, 0.1614990234375, 0.0179595947265625, 0.135009765625, 0.037994384765625, 0.1553955078125, 0.051513671875, 0.004444122314453125, 0.133544921875, 0.0638427734375, 0.01232147216796875, 0.1361083984375, 0.036773681640625, 0.8779296875, 0.0244598388671875, 0.004741668701171875, 0.02655029296875, 0.039031982421875, 0.012725830078125, 0.138916015625, 0.01358795166015625, 3.767578125, 0.0537109375, 0.004657745361328125, 6.03515625, 0.1937255859375, 0.01013946533203125, 0.1414794921875, 0.02288818359375, 3.46875, 0.0264739990234375, 0.0059967041015625, 1.095703125, 0.171875, 0.0223541259765625, 0.05645751953125, 0.02490234375, 4.2265625, 0.08868408203125]",-1.211714337716597
256,0,test,4.641815662384033,2.2146182092190587,3.0058080068390285,7.304752016067504,3.4851097081920974,4.730192600236155,103.73251993730518,92.40542709011281,98.59789060846143,163.2422287434434,145.41696157865118,155.16194364173666,4.732045341376684,2.21069459939273,3.031563632439308,7.115857656205539,3.3243527810416986,4.5587423044200115,113.52752759331528,101.0821317593044,108.05094271700781,170.71808660648915,152.0032056530893,162.48262062707943,4.654611899548729,2.219481633260112,3.0309223329428714,7.324889252447736,3.492763201814597,4.769714618683782,105.06843497803973,93.65112907147402,99.99666651223829,165.34453714965198,147.37730311774067,157.36317519557497,0.8040201005025126,-0.005979899497487451,-0.005979899497487451,0.6934673366834171,-0.026532663316582883,-0.016532663316582874,0.5778894472361809,-0.002110552763819218,-0.012110552763819227,0.44630872483221473,0.10125009836655308,0.17733551054650043,0.42760942760942766,0.42713567839195976,0.08878981373030559,0.15501547805806992,0.41414141414141414,0.4395973154362416,0.09621373084662688,0.1739723154362416,0.42760942760942766,28.0,2.0,2.0,39.0,-2.0,-2.0,50.0,2.0,3.0,0.0009086777115865284,0.0003257775517702433,-1.149490812424173e-05,0.0005109839999661858,0.00010751935559483172,-3.6801216390713876e-05,"[2.646484375, 6.6796875, 3.796875, 6.68359375, 10.6640625, 3.67578125, 10.4296875, 8.359375, 7.7265625, 0.81591796875, 6.125, 9.640625, 1.953125, 6.33203125, 7.36328125, 5.9140625, 3.16796875, 1.826171875, 2.587890625, 0.18017578125, 3.19921875, 2.994140625, 7.0234375, 3.94921875, 6.3125, 6.015625, 2.46875, 2.185546875, 2.826171875, 6.24609375, 6.09765625, 1.875, 7.015625, 9.5234375, 1.09375, 0.294921875, 0.638671875, 10.78125, 5.8203125, 9.546875, 4.609375, 9.03125, 4.5390625, 11.453125, 0.2052001953125, 10.046875, 2.673828125, 0.6201171875, 9.40625, 1.6640625, 0.52880859375, 7.25390625, 0.38037109375, 8.296875, 8.9921875, 2.51171875, 3.666015625, 6.0, 0.0416259765625, 0.06793212890625, 0.0007753372192382812, 0.134521484375, 1.5478515625, 1.41015625, 0.2171630859375, 12.8984375, 2.328125, 3.537109375, 1.5146484375, 15.3203125, 5.39453125, 7.4453125, 5.296875, 12.1875, 0.69970703125, 7.203125, 1.5869140625, 0.23486328125, 0.22314453125, 7.66015625, 4.60546875, 1.1630859375, 10.5703125, 8.6328125, 5.375, 11.625, 1.47265625, 5.171875, 2.921875, 9.5390625, 11.59375, 6.23828125, 1.9326171875, 7.76953125, 7.375, 2.0, 12.515625, 6.91796875, 6.140625, 3.916015625, 13.1484375, 4.0703125, 7.0234375, 1.5400390625, 12.15625, 1.3876953125, 3.599609375, 2.85546875, 12.3671875, 2.09765625, 10.515625, 0.07379150390625, 3.103515625, 10.234375, 4.4453125, 9.1328125, 4.203125, 0.338134765625, 0.2257080078125, 3.685546875, 0.6083984375, 0.1771240234375, 9.5390625, 4.2890625, 8.0625, 2.548828125, 10.328125, 3.935546875, 11.03125, 10.515625, 4.78125, 0.97607421875, 9.515625, 2.603515625, 7.1171875, 1.890625, 4.7578125, 0.424072265625, 7.30859375, 2.576171875, 3.6796875, 2.806640625, 2.37890625, 1.947265625, 4.03125, 4.83203125, 0.7236328125, 0.09930419921875, 2.248046875, 0.1119384765625, 0.0860595703125, 9.4375, 9.9765625, 10.9453125, 1.9248046875, 2.482421875, 1.041015625, 2.890625, 0.1806640625, 3.40234375, 1.7236328125, 5.9921875, 0.59130859375, 12.6015625, 1.47265625, 2.830078125, 3.392578125, 0.9208984375, 4.75, 5.44140625, 5.625, 1.7333984375, 4.5390625, 2.51171875, 0.3369140625, 0.10736083984375, 7.5859375, 1.03515625, 7.05078125, 0.358642578125, 2.919921875, 0.9521484375, 3.92578125, 5.83984375, 9.3125, 8.3671875, 5.234375, 1.974609375, 1.20703125, 1.3671875, 0.05340576171875, 8.9453125, 10.484375, 6.1640625, 5.50390625, 2.22265625, 10.4921875, 6.1953125, 0.036834716796875, 6.1953125, 4.03515625, 1.7763671875, 6.33984375, 6.34375, 3.447265625, 6.71484375, 4.33203125, 0.5634765625, 1.3076171875, 0.09588623046875, 10.3828125, 3.94140625, 1.1220703125, 4.19140625, 3.794921875, 9.484375, 6.0625, 7.3046875, 11.7578125, 10.2578125, 1.5927734375, 0.0740966796875, 12.140625, 1.76953125, 1.8505859375, 6.421875, 7.89453125, 2.947265625, 3.501953125, 0.260498046875, 4.99609375, 6.02734375, 4.921875, 6.44140625, 6.74609375, 2.478515625, 0.0711669921875, 11.8125, 0.00913238525390625, 2.38671875, 3.4375, 11.8984375, 10.453125, 4.62109375, 1.01171875, 4.8359375, 8.34375, 2.31640625, 6.046875, 1.5400390625, 2.82421875, 4.49609375, 4.984375, 5.90234375, 6.48828125, 7.109375, 0.2347412109375, 0.049652099609375, 7.7578125, 7.1171875, 4.77734375, 7.4296875, 0.34765625, 5.85546875, 8.7265625, 3.830078125, 5.4375, 5.1875, 4.5078125, 1.0556640625, 1.3779296875, 2.642578125, 1.94140625, 1.162109375, 5.44921875, 0.02752685546875, 4.296875, 3.033203125, 0.07208251953125, 0.27197265625, 1.921875, 3.978515625, 0.54638671875, 0.086669921875, 6.95703125, 3.748046875, 1.203125, 6.51171875, 4.9453125, 5.03125, 2.193359375, 13.453125, 2.171875, 8.0546875, 4.6640625, 0.7529296875, 5.66796875, 3.6796875]",-0.9042248725891113
25,0,test,3.3886168596772808,1.5895983306374126,2.175457572184481,5.935921947296754,2.7845377653924337,3.810801540240402,29.624948459121157,23.58123563519852,26.26085243108521,51.89473730080534,41.307819664416726,46.00176908617685,3.373292170577313,1.558052118765215,2.1323161354799076,5.918056439609321,2.7334247697635354,3.740905500841943,29.17441628424632,23.03186575338323,25.715428372937723,51.18318646359004,40.40678202347935,45.114786619189,3.390770064041077,1.6016910950543553,2.17297164005468,5.939693767354715,2.8057209527159053,3.8064468729233707,29.68880575164931,23.70486721709939,26.309066966573948,52.00659766150982,41.524388090643065,46.0862276517916,0.7437185929648241,-0.006281407035175879,-0.0012814070351758744,0.5829145728643217,0.007914572864321734,0.0029145728643216184,0.44221105527638194,-0.0027889447236180143,0.007211055276381884,0.42292490118577075,0.11326020690569183,0.17325341629746593,0.4206349206349206,0.4170854271356784,0.09628342212314711,0.15498192129260668,0.3939393939393939,0.41501976284584985,0.11127222832908457,0.16797639885110605,0.39682539682539686,20.0,0.0,0.0,32.0,0.0,1.0,42.0,0.0,1.0,0.00022398521594344694,-7.125482778787943e-05,7.820190766968116e-05,-6.550611697964115e-05,-0.000128814918206821,0.00012090384720320202,"[7.18359375, 3.443359375, 0.06298828125, 3.787109375, 0.243896484375, 1.66015625, 1.087890625, 0.630859375, 2.640625, 2.564453125, 4.234375, 4.08984375, 5.91015625, 2.849609375, 1.6240234375, 6.9453125, 13.90625, 6.34765625, 2.15625, 4.2734375, 1.4833984375, 0.04046630859375, 4.26171875, 10.0234375, 2.611328125, 2.853515625, 8.859375, 4.22265625, 1.3251953125, 0.58642578125, 2.185546875, 9.1015625, 9.125, 0.15087890625, 0.01349639892578125, 7.66796875, 1.4140625, 6.23046875, 0.389892578125, 4.65625, 2.22265625, 8.6875, 0.488037109375, 0.56201171875, 6.84375, 0.25439453125, 0.1265869140625, 0.98779296875, 11.3203125, 1.7490234375, 0.36865234375, 0.30859375, 0.1710205078125, 5.37890625, 0.02337646484375, 0.1483154296875, 2.42578125, 0.350830078125, 2.091796875, 2.591796875, 2.14453125, 0.98681640625, 9.7578125, 11.421875, 2.0234375, 6.65625, 1.400390625, 1.7744140625, 3.68359375, 3.501953125, 2.904296875, 4.40234375, 10.375, 1.6171875, 4.46875, 0.64208984375, 0.8193359375, 3.58984375, 1.21875, 5.6484375, 1.513671875, 3.23046875, 0.3779296875, 5.875, 0.0022754669189453125, 0.03369140625, 4.9375, 3.62109375, 3.576171875, 3.966796875, 3.828125, 1.4013671875, 0.73583984375, 1.9794921875, 7.02734375, 4.25, 6.57421875, 0.62109375, 3.314453125, 2.109375, 0.548828125, 0.244873046875, 0.81298828125, 0.1883544921875, 2.470703125, 8.125, 4.93359375, 1.091796875, 8.5546875, 2.830078125, 5.84375, 8.890625, 2.76171875, 1.404296875, 4.61328125, 2.875, 5.28125, 1.9453125, 3.267578125, 0.1357421875, 4.328125, 3.748046875, 3.708984375, 4.95703125, 0.3046875, 1.1044921875, 2.525390625, 4.6953125, 0.8291015625, 2.3046875, 0.00638580322265625, 6.91015625, 6.68359375, 6.734375, 1.2666015625, 1.595703125, 8.234375, 8.3046875, 0.56640625, 0.8037109375, 9.828125, 0.9794921875, 2.74609375, 6.51171875, 2.927734375, 4.75390625, 2.974609375, 5.359375, 6.22265625, 8.1484375, 4.8203125, 8.421875, 3.55078125, 1.734375, 3.5703125, 0.002773284912109375, 0.0012655258178710938, 1.6796875, 9.0234375, 0.73974609375, 2.513671875, 8.890625, 4.8203125, 0.374755859375, 3.49609375, 0.057403564453125, 0.734375, 0.38330078125, 2.23828125, 0.35888671875, 9.859375, 0.95849609375, 5.77734375, 5.43359375, 0.7666015625, 2.876953125, 5.86328125, 1.6396484375, 1.3623046875, 3.79296875, 6.05078125, 0.0143280029296875, 1.474609375, 0.796875, 0.86767578125, 4.03515625, 1.2490234375, 8.28125, 1.275390625, 1.421875, 7.953125, 1.6171875, 1.3115234375, 3.0625, 2.236328125, 3.2421875, 0.454833984375, 7.25390625, 0.5908203125, 3.564453125, 6.9296875, 3.63671875, 0.75390625, 1.75, 0.32470703125, 0.76318359375, 0.047210693359375, 0.0771484375, 3.4609375, 3.009765625, 7.5, 5.94140625, 4.6484375, 5.64453125, 3.59765625, 4.90625, 1.50390625, 0.55419921875, 3.599609375, 0.9716796875, 1.6669921875, 7.11328125, 1.6357421875, 7.73828125, 0.44677734375, 8.5390625, 9.4765625, 8.140625, 5.2578125, 11.125, 3.001953125, 3.185546875, 1.541015625, 0.45458984375, 4.14453125, 0.2344970703125, 0.11907958984375, 0.35400390625, 0.08843994140625, 0.1856689453125, 0.72021484375, 5.73046875, 2.22265625, 0.681640625, 4.07421875, 4.90234375, 16.203125, 1.0078125, 3.197265625, 3.423828125, 2.955078125, 0.7470703125, 0.045166015625]",-1.4900676610441548
162,0,test,2.8426750534671847,1.2762309145851625,1.714305906572918,6.468907974236221,2.904243427421363,3.901144851496063,17.161612419180234,12.372025646825318,14.071000365579343,39.05366928723707,28.15428913219864,32.02054570372222,2.4776412566103527,1.024669539440345,1.4449744975890586,6.043027455147202,2.4991939986349876,3.524328042900143,11.913131231866352,7.637329103433139,9.104585660688727,29.05641763869842,18.62763195959302,22.206306489484703,2.6509033329909464,1.1538247413162308,1.6127636396596787,6.07077099158232,2.642346735838696,3.6933518465488824,14.16683023210061,9.698214899362746,11.342871536468977,32.443122668932695,22.209652441288732,25.976041686570174,0.4773869346733668,-0.007613065326633195,0.007386934673366818,0.3919597989949749,0.001959798994974893,0.006959798994974897,0.31155778894472363,-0.008442211055276316,-0.01344221105527632,0.3954802259887006,0.10916146717346786,0.16576370594959988,0.4249291784702549,0.3417085427135679,0.07604438231256538,0.1280190602427832,0.3787878787878788,0.3712374581939799,0.09577835969648407,0.1543297829993192,0.412751677852349,19.0,-1.0,-1.0,29.0,1.0,1.0,35.0,0.0,1.0,-0.0012709795380529826,-0.00017008185743308253,-0.0005069807867606978,-0.09889669665401701,-0.09849690060529159,-0.08888074409719593,"[6.2109375, 0.00934600830078125, 8.109375, 8.390625, 7.3828125, 6.421875, 0.57470703125, 8.8046875, 4.2421875, 11.671875, 9.84375, 0.223388671875, 6.9140625, 3.375, 0.220703125, 0.919921875, 0.0843505859375, 2.7265625, 0.139892578125, 2.873046875, 0.0026416778564453125, 0.97265625, 0.082763671875, 0.01071929931640625, 0.69677734375, 0.1871337890625, 0.490966796875, 0.00223541259765625, 1.4267578125, 0.04266357421875, 0.1072998046875, 0.10784912109375, 0.0030689239501953125, 0.0948486328125, 0.006908416748046875, 0.0233612060546875, 0.047698974609375, 0.005123138427734375, 9.3359375, 0.224853515625, 10.28125, 7.52734375, 0.480712890625, 0.01076507568359375, 0.323486328125, 0.05426025390625, 0.00021898746490478516, 0.025970458984375, 0.004421234130859375, 0.021087646484375, 0.007633209228515625, 0.0009503364562988281, 0.03814697265625, 0.006687164306640625, 0.016448974609375, 0.1385498046875, 0.00116729736328125, 4.1328125, 0.005146026611328125, 12.7890625, 0.286376953125, 2.45703125, 0.0958251953125, 0.00945281982421875, 0.1297607421875, 0.08447265625, 0.00023937225341796875, 0.0272979736328125, 0.001956939697265625, 0.0088043212890625, 0.0045623779296875, 0.0006704330444335938, 0.0232086181640625, 0.004276275634765625, 0.01320648193359375, 0.114990234375, 0.0007777214050292969, 0.27734375, 0.00446319580078125, 6.828125, 3.16015625, 0.02423095703125, 0.003387451171875, 1.31640625, 0.5498046875, 0.32666015625, 0.0012187957763671875, 0.625, 0.01971435546875, 1.947265625, 0.00482940673828125, 0.004425048828125, 0.12939453125, 0.0285491943359375, 0.00033473968505859375, 0.0279998779296875, 0.0018558502197265625, 1.6591796875, 1.1563301086425781e-05, 0.0009546279907226562, 0.0040130615234375, 0.31494140625, 0.057403564453125, 0.0002899169921875, 0.021240234375, 0.0012464523315429688, 2.953125, 0.001087188720703125, 0.0012502670288085938, 0.127685546875, 0.023529052734375, 0.0003657341003417969, 0.00786590576171875, 0.0011949539184570312, 0.7578125, 0.00122833251953125, 0.008453369140625, 1.314453125, 1.6123046875, 0.0220947265625, 0.0294036865234375, 8.4140625, 0.923828125, 0.25341796875, 1.36328125, 3.341796875, 4.8359375, 2.193359375, 2.19140625, 5.53515625, 0.07470703125, 13.53125, 10.40625, 1.5, 11.359375, 8.625, 1.517578125, 8.359375, 1.955078125, 2.1875, 0.055633544921875, 3.85546875, 6.546875, 3.767578125, 5.93359375, 1.611328125, 4.1796875, 3.212890625, 3.623046875, 1.619140625, 2.55078125, 0.10235595703125, 4.484375, 2.78515625, 1.78515625, 8.359375, 2.396484375, 6.3046875, 0.48974609375, 1.12890625, 5.1171875, 5.88671875, 1.7900390625, 3.576171875, 0.00838470458984375, 6.0, 0.8935546875, 7.921875, 7.25390625, 6.21875, 1.73828125, 12.46875, 8.5546875, 3.8828125, 4.56640625, 6.7109375, 3.822265625, 9.140625, 4.0234375, 10.6875, 3.564453125, 1.3916015625, 4.1328125, 0.00980377197265625, 0.252197265625, 6.265625, 2.095703125, 5.5859375, 2.607421875, 0.54541015625, 5.33984375, 5.9765625, 0.96826171875, 5.83984375, 3.171875, 5.7890625, 6.828125, 0.71630859375, 5.1015625, 5.16015625, 0.84814453125, 3.400390625, 4.74609375, 4.296875, 1.693359375, 0.00843048095703125, 6.57421875, 5.1796875, 7.91015625, 1.2490234375, 0.74658203125, 0.43994140625, 0.55908203125, 3.1328125, 0.031280517578125, 0.2115478515625, 2.08984375, 2.962890625, 8.25, 2.595703125, 2.939453125, 2.978515625, 1.013671875, 4.1328125, 6.171875, 5.50390625, 2.5234375, 4.72265625, 3.38671875, 1.44140625, 0.0055694580078125, 1.7177734375, 8.421875, 0.8984375, 1.283203125, 5.16796875, 6.65625, 3.7890625, 0.97119140625, 0.32421875, 0.69677734375, 0.69384765625, 0.05023193359375, 0.47705078125, 0.221923828125, 10.0234375, 5.48828125, 0.75390625, 0.323974609375, 0.007526397705078125, 0.451904296875, 4.05859375, 0.268310546875, 2.18359375, 5.6171875, 0.80517578125, 1.0947265625, 1.326171875, 0.31787109375, 4.34765625, 5.96484375, 0.1729736328125, 1.8349609375, 5.5390625, 1.685546875, 9.5078125, 4.76171875, 1.93359375, 3.09375, 0.92822265625, 3.46875, 5.19921875, 4.4140625, 2.740234375, 6.796875, 2.0078125, 0.0253143310546875, 0.0703125, 8.421875, 0.088623046875, 1.125, 1.509765625, 5.7421875, 1.22265625, 9.8828125, 3.640625, 0.56689453125, 9.5078125, 3.625, 2.34375, 3.34765625, 3.9765625, 2.314453125, 1.66796875, 8.7890625, 7.74609375, 0.87109375, 0.01422119140625, 0.017578125, 6.9375, 3.66796875, 4.13671875, 0.3896484375, 11.09375, 3.970703125, 4.1484375, 7.19140625, 0.04998779296875, 3.376953125, 5.51953125, 0.50830078125, 9.3828125, 1.9931640625, 6.76953125, 2.142578125, 5.4296875, 1.275390625, 4.8125, 0.71240234375, 0.00836944580078125, 0.01422882080078125, 4.17578125, 3.560546875, 10.5390625, 6.69140625, 2.59765625, 1.2119140625, 4.64453125, 4.98828125, 7.66015625, 2.58203125, 0.7353515625, 1.0283203125, 2.37109375, 1.2392578125, 8.0546875, 1.630859375, 0.5400390625, 0.00508880615234375, 0.0011882781982421875, 8.9375, 5.50390625, 3.099609375, 1.7373046875, 5.41796875, 8.3125, 1.54296875, 1.0341796875, 3.91015625, 4.94140625, 2.53515625, 2.541015625, 1.6875, 9.2578125]",-1.470439589629739
137,0,test,2.243049673787077,0.0,0.0,117.50309176536676,0.0,0.0,9.422021609468722,0.0,0.0,493.57652785435624,0.0,0.0,3.42690710326535,1.3454937469814978,1.8705720220231883,9.261911089906352,3.6364695864364815,5.055600059522131,30.78129201314095,22.76550193387042,26.03987954089476,83.19268111659716,61.5283836050552,70.37805281322909,3.1403813697023932,1.1941118748400836,1.6885776386592322,12.078389883470743,4.592737980154168,6.494529379458585,23.112679653909954,16.11016378125391,18.841868687672385,88.89492174580751,61.962168389438105,72.46872572181685,0.7085427135678393,-0.021457286432160716,-0.01645728643216071,0.5829145728643217,-0.0070854271356783904,-0.0070854271356783904,0.42211055276381915,-0.0028894472361808976,-0.012889447236180906,0.3978494623655914,0.0,0.0,0.31115459882583174,0.371859296482412,0.031007166156597488,0.07970570716688608,0.33333333333333337,0.36454849498327757,0.037336474949888565,0.05754070855391158,0.31543624161073824,9.0,0.0,0.0,9.0,0.0,0.0,12.0,0.0,-1.0,0.004048415824338254,0.002699446357123052,0.0017133971323119272,-0.02741876457506187,-0.040636592176898745,-0.04784273028475461,"[0.017059326171875, 12.796875, 5.88671875, 9.25, 0.84423828125, 10.0078125, 7.6953125, 8.25, 1.1142578125, 0.1669921875, 0.4658203125, 0.11004638671875, 6.3046875, 1.1328125, 6.43359375, 9.671875, 1.388671875, 8.328125, 3.60546875, 0.58935546875, 3.314453125, 0.04217529296875, 6.35546875, 1.6201171875, 0.489990234375, 10.6484375, 0.134521484375, 7.05078125, 0.08966064453125, 3.83984375, 0.071533203125, 7.64453125, 0.16064453125, 4.3671875, 0.1099853515625, 6.296875, 0.1622314453125, 7.72265625, 0.258544921875, 0.279541015625, 0.021575927734375, 1.3671875, 0.061798095703125, 7.8359375, 3.390625, 0.1832275390625, 5.4765625, 4.34375, 6.04296875, 7.625, 9.078125, 2.107421875, 1.5400390625, 0.9775390625, 1.033203125, 40.90625, 1.765625, 0.489990234375, 1.669921875, 4.77734375, 3.9140625, 0.787109375, 4.20703125, 2.90625, 4.96875, 1.240234375, 5.98828125, 9.7265625, 4.91015625, 0.482666015625, 3.984375, 1.365234375, 4.16796875, 2.861328125, 3.646484375, 3.955078125, 0.642578125, 2.443359375, 8.0234375, 2.890625, 4.5546875, 0.8779296875, 1.712890625, 3.01953125, 0.346435546875, 4.98828125, 2.19140625, 3.076171875, 2.04296875, 4.80078125, 0.19873046875, 4.01953125, 5.74609375, 0.93896484375, 4.6015625, 5.26953125, 3.78515625, 0.52099609375, 3.25390625, 1.169921875, 6.1953125, 0.251220703125, 2.2421875, 0.086181640625, 4.79296875, 1.5322265625, 3.486328125, 0.994140625, 1.3505859375, 6.0859375, 0.335205078125, 4.33984375, 0.7890625, 4.2265625, 1.7822265625, 2.494140625, 0.59765625, 3.53515625, 0.76171875, 4.30078125, 0.7890625, 1.9404296875, 3.07421875, 1.9306640625, 1.2685546875, 0.129150390625, 8.1953125, 9.9453125, 6.09765625, 0.59619140625, 2.021484375, 2.287109375, 1.0478515625, 2.26171875, 3.58203125, 1.4609375, 1.9619140625, 4.05859375, 3.609375, 2.6796875, 5.79296875, 39.28125, 3.560546875, 4.46875, 1.126953125, 4.98046875, 0.427734375, 1.5693359375, 0.79638671875, 3.119140625, 0.25244140625, 4.85546875, 3.982421875, 3.064453125, 2.4140625, 5.78125, 2.25390625, 1.794921875, 0.239501953125, 2.88671875, 5.11328125, 3.068359375, 0.06878662109375, 4.24609375, 10.390625, 2.669921875, 0.5830078125, 2.93359375, 0.31494140625, 4.75390625, 2.59375, 0.955078125, 2.216796875, 2.505859375, 0.72021484375, 2.693359375, 0.08355712890625, 2.572265625, 0.7587890625, 4.37109375, 1.25, 2.193359375, 2.923828125, 0.32958984375, 2.599609375, 2.1640625, 1.974609375, 2.81640625, 2.158203125, 5.34375, 2.5859375, 4.453125, 0.36865234375, 4.2265625, 0.744140625, 2.48046875, 0.68310546875, 6.3046875, 0.8505859375, 2.806640625, 1.47265625, 1.771484375, 0.04669189453125, 0.077392578125, 1.2646484375, 3.5234375, 0.327880859375, 1.830078125, 0.318603515625, 1.1552734375, 2.060546875, 3.29296875, 1.630859375, 4.796875, 1.82421875, 3.5546875, 4.9140625, 26.265625, 4.21875, 1.0732421875, 0.431884765625, 2.6015625, 0.46435546875, 1.07421875, 0.93359375, 1.5634765625, 0.1123046875, 1.533203125, 1.65234375, 1.7060546875, 4.44921875, 3.59375, 2.67578125, 1.3662109375, 1.720703125, 3.9921875, 3.4609375, 2.861328125, 2.83984375, 1.576171875, 2.60546875, 0.214599609375, 0.77587890625, 4.69921875, 1.0244140625, 2.4375, 0.51171875, 3.28125, 0.3076171875, 4.37109375, 1.7314453125, 3.908203125, 4.6171875, 1.83984375, 4.46875, 2.126953125, 5.23828125, 0.52294921875, 6.99609375, 3.3203125, 4.78515625, 0.031890869140625, 1.4697265625, 4.5390625, 2.859375, 0.12322998046875, 0.771484375, 0.07000732421875, 0.22802734375, 0.599609375, 2.466796875, 2.875, 0.238525390625, 3.6171875, 1.83984375, 2.083984375, 0.61474609375, 3.046875, 3.408203125, 2.134765625, 3.970703125, 0.47265625, 3.359375, 0.12481689453125, 4.23046875, 1.6494140625, 1.0341796875, 2.638671875, 0.09735107421875, 2.44140625, 3.54296875, 3.705078125, 1.1455078125, 4.28515625, 0.6005859375, 1.572265625, 0.365478515625, 1.40234375, 0.85302734375, 2.8046875, 0.250244140625, 0.320556640625, 2.560546875, 3.744140625, 0.51220703125, 3.244140625, 0.432861328125, 5.0, 0.435546875, 3.28515625, 8.09375, 1.82421875, 0.32421875, 4.73046875, 0.55419921875, 3.4140625, 0.3046875, 4.03125, 2.81640625, 3.515625, 3.720703125, 1.892578125, 1.0068359375, 4.89453125, 1.07421875, 2.17578125, 0.313720703125, 6.97265625, 0.236572265625, 6.890625, 0.379150390625, 3.095703125, 3.486328125, 1.0615234375, 3.1796875, 5.140625, 1.01953125, 2.36328125, 0.2293701171875, 3.22265625, 2.306640625, 3.94140625, 3.21484375, 0.95751953125, 2.412109375, 2.498046875, 3.16015625, 0.2366943359375, 5.50390625, 0.0966796875, 0.2276611328125, 0.1744384765625, 1.0029296875, 5.3828125, 0.35546875, 2.322265625, 0.2890625, 3.064453125, 1.736328125, 3.056640625, 1.08984375, 2.15234375, 4.71484375, 1.234375, 0.4150390625, 4.8125, 6.96875, 2.568359375, 0.44677734375, 0.279541015625, 1.71875, 0.2841796875, 0.48095703125, 0.7626953125, 1.5380859375, 0.09185791015625, 1.0908203125, 3.3359375, 0.495849609375, 0.1939697265625, 0.255859375, 4.0546875, 0.57275390625, 3.06640625, 0.61669921875, 1.7470703125, 0.28125, 2.6953125, 0.4052734375, 0.4658203125, 0.227294921875, 2.240234375, 0.09893798828125, 2.61328125, 2.125, 0.6494140625, 4.04296875, 2.04296875, 2.94140625, 0.634765625, 0.65869140625, 2.236328125, 4.5625, 0.75048828125, 2.234375, 4.19921875, 0.056488037109375, 2.650390625, 11.046875, 0.916015625, 0.7392578125, 0.0416259765625, 0.1119384765625, 0.64697265625, 2.203125, 0.09429931640625, 0.112060546875, 0.104248046875, 0.282470703125, 0.55126953125, 0.6064453125, 0.249755859375, 0.26611328125, 0.0258941650390625, 0.06329345703125, 1.255859375, 4.12109375, 1.931640625, 0.277099609375, 0.27392578125, 1.6025390625, 0.5322265625, 0.259765625, 1.033203125, 1.0029296875, 0.1380615234375, 0.71826171875, 1.8623046875, 4.01953125, 0.56982421875, 4.484375, 2.759765625, 0.13330078125, 4.61328125, 0.372314453125, 3.087890625, 0.1419677734375, 4.87109375, 1.0859375, 2.2109375, 2.16015625, 8.8359375, 0.39404296875, 2.6796875, 1.060546875, 1.9404296875, 0.51953125, 4.4140625, 0.3408203125, 6.70703125, 1.8935546875, 0.23291015625, 1.3994140625, 0.91845703125, 1.0517578125, 1.6787109375, 0.302490234375, 0.380615234375, 0.1802978515625, 4.02734375, 0.88525390625, 3.5390625, 2.150390625, 0.84619140625, 3.626953125, 2.537109375, 2.34375, 8.0390625, 2.54296875, 2.853515625, 0.1644287109375, 4.27734375, 3.478515625, 3.072265625, 1.0400390625, 2.703125, 0.3251953125, 4.140625, 0.53173828125, 0.8466796875, 0.97509765625, 2.2421875, 0.06365966796875, 0.82080078125, 0.378173828125, 0.247802734375, 1.0888671875, 0.51513671875, 1.26171875, 0.056640625, 0.1519775390625, 1.287109375, 5.53125, 0.417724609375, 3.283203125, 1.1025390625, 0.61328125, 0.338623046875, 0.17529296875, 1.1591796875, 0.56005859375, 4.34765625, 2.162109375, 0.98388671875, 1.83984375, 0.360595703125, 0.16943359375, 2.431640625, 6.4375, 0.066162109375, 1.9228515625, 0.119384765625, 2.203125, 0.0390625, 0.62109375, 13.0625, 3.978515625, 2.337890625, 0.0576171875, 3.623046875, 2.712890625, 0.70947265625, 1.8125, 2.541015625, 1.6474609375, 2.61328125, 4.09765625, 1.2109375, 2.5, 1.5439453125, 2.939453125, 0.6416015625, 0.23388671875, 0.265380859375, 0.01025390625, 0.07525634765625, 0.87841796875, 0.55224609375, 1.375, 0.024932861328125, 0.266845703125, 1.236328125, 0.289306640625, 0.0931396484375, 2.408203125, 1.09375, 0.13525390625, 1.1748046875, 1.2705078125, 0.92041015625, 2.912109375, 0.67431640625, 2.4453125, 0.355712890625, 3.8203125, 9.203125, 0.4130859375, 0.0328369140625, 1.2509765625, 0.7158203125, 2.3515625, 1.314453125, 3.259765625, 0.2252197265625, 6.33203125, 1.255859375, 7.35546875, 6.06640625, 2.611328125, 4.8984375, 3.4453125, 2.798828125, 0.994140625, 2.505859375, 0.06683349609375, 0.07452392578125, 1.357421875, 3.158203125, 0.74365234375, 4.34765625, 2.17578125, 2.724609375, 0.107177734375, 2.0078125, 0.29638671875, 0.024139404296875, 0.047576904296875, 0.17236328125, 0.59619140625, 4.83984375, 0.5224609375, 3.9375, 1.0810546875, 1.90625, 1.1806640625, 5.26953125, 3.033203125, 2.115234375, 2.078125, 0.63427734375, 1.81640625, 1.5048828125, 0.759765625, 4.44140625, 0.9072265625, 4.84765625, 0.108642578125, 4.2890625, 1.46484375, 7.453125, 3.21875, 1.451171875, 0.68896484375, 0.179931640625, 3.1953125, 4.19921875, 0.53076171875, 4.99609375, 0.40625, 1.3623046875, 0.1737060546875, 0.61083984375, 0.06103515625, 0.485595703125, 0.55224609375, 0.1334228515625, 0.300048828125, 6.1640625, 3.322265625, 0.431396484375, 3.904296875, 0.83984375, 4.1484375, 0.7197265625, 2.42578125, 2.6796875, 0.1358642578125, 3.05078125, 0.2119140625, 3.06640625, 0.426025390625, 2.412109375, 1.125, 1.875, 5.0, 5.14453125, 2.654296875, 0.056732177734375, 0.14697265625, 3.13671875, 0.2200927734375, 2.916015625, 0.104248046875, 0.08331298828125, 0.11236572265625, 1.880859375, 2.9765625, 0.49658203125, 0.1798095703125, 1.2685546875, 0.9033203125, 0.12432861328125, 1.515625, 1.2646484375, 0.5869140625, 0.007232666015625, 0.343994140625, 0.430419921875, 1.8701171875, 0.07470703125, 0.833984375, 0.0802001953125, 0.06243896484375, 0.2139892578125, 2.046875, 3.943359375, 0.2281494140625, 0.56640625, 4.92578125, 0.214111328125, 2.328125, 4.37109375, 4.04296875, 1.88671875, 0.05224609375, 1.6630859375, 0.77001953125, 0.430419921875, 0.138427734375, 1.0126953125, 2.81640625, 2.392578125, 0.2127685546875, 0.1942138671875, 0.60498046875, 1.0947265625, 0.7041015625, 0.9716796875, 0.748046875, 3.845703125, 0.1571044921875, 1.21875, 1.931640625, 3.140625, 1.3291015625, 5.4921875, 3.509765625, 1.025390625, 0.6162109375, 0.0592041015625, 0.09759521484375, 1.3916015625, 3.611328125, 0.1961669921875, 2.662109375, 3.58203125, 0.49755859375, 0.393310546875, 1.5458984375, 4.5, 1.91796875, 2.392578125, 4.0546875, 0.431884765625, 2.06640625, 0.20849609375, 0.07427978515625, 0.00774383544921875, 1.7734375, 5.17578125, 0.349365234375, 0.8916015625, 0.10528564453125, 0.75341796875, 0.06561279296875, 0.376220703125, 0.344970703125, 0.127685546875, 0.50439453125, 2.451171875, 0.66845703125, 0.2164306640625, 1.3935546875, 0.421142578125, 2.501953125, 0.224853515625, 4.703125, 5.26953125, 3.41796875, 1.3388671875, 4.62109375, 0.479736328125, 3.861328125, 0.226806640625, 4.62109375, 2.08984375, 2.103515625, 4.43359375, 2.6796875, 1.419921875, 1.291015625, 5.8046875, 1.2724609375, 2.58203125, 2.279296875, 0.084228515625, 4.8828125, 2.333984375, 0.050567626953125, 2.2109375, 0.322021484375, 3.6484375, 0.8935546875, 1.123046875, 0.1646728515625, 0.9521484375, 4.09375, 2.525390625, 0.10235595703125, 2.2734375, 0.52685546875, 7.30078125, 0.357421875, 4.61328125, 3.939453125, 1.755859375, 4.00390625, 0.084716796875, 3.390625, 0.79541015625, 0.13525390625, 4.8125, 0.194580078125, 8.0234375, 2.298828125, 0.46826171875, 0.0845947265625, 0.44140625, 0.28564453125, 1.3837890625, 1.8076171875, 2.24609375, 2.7578125, 1.0498046875, 1.654296875, 0.64599609375, 3.63671875, 1.306640625, 3.5859375, 0.340576171875, 5.625, 0.5556640625, 3.072265625, 1.7021484375, 4.47265625, 3.201171875, 2.90625, 0.490478515625, 1.1640625, 0.49169921875, 3.90234375, 0.6796875, 3.82421875, 2.478515625, 0.60791015625, 1.1611328125, 1.3818359375, 2.7890625, 0.343505859375, 3.482421875, 6.05078125, 0.759765625, 0.20458984375, 0.1689453125, 0.30224609375, 2.6484375, 0.2509765625, 3.52734375, 2.35546875, 0.7861328125, 1.572265625, 3.40234375, 2.181640625, 3.45703125, 3.986328125, 0.68505859375, 4.08984375, 1.3369140625, 4.6875, 4.0703125, 0.44921875, 0.875, 0.06243896484375, 0.08673095703125, 2.2109375, 6.03125, 4.44140625, 0.10223388671875, 2.68359375, 0.12237548828125, 2.71484375, 1.42578125, 0.439208984375, 0.031982421875, 0.5478515625, 2.583984375, 2.70703125, 0.03936767578125, 0.51220703125, 1.5380859375, 0.63916015625, 0.09320068359375, 1.6923828125, 5.234375, 0.6630859375, 3.828125, 0.1177978515625, 3.666015625, 0.31494140625, 0.359130859375, 1.251953125, 3.34375, 0.411376953125, 3.091796875, 0.26416015625, 0.3671875, 1.43359375, 4.35546875, 0.99072265625, 1.8916015625, 8.7734375, 0.798828125, 8.03125, 0.599609375, 0.295654296875, 4.87109375, 0.061065673828125, 1.9658203125, 1.1083984375, 0.0241241455078125, 1.1396484375, 3.306640625, 1.85546875, 1.7431640625, 0.2103271484375, 1.4794921875, 0.2626953125, 1.4306640625, 2.869140625, 0.325439453125, 3.53125, 1.2265625, 4.28515625, 6.6328125, 1.3525390625, 3.046875, 1.3291015625, 3.38671875, 5.5234375, 0.82373046875, 3.087890625, 5.6484375, 1.7529296875, 0.277587890625, 6.12109375, 2.9140625, 0.166748046875, 4.30078125, 0.91259765625, 0.13232421875, 2.376953125, 5.1796875, 3.744140625, 1.38671875, 3.2578125, 6.34765625, 0.7255859375, 2.708984375, 0.0633544921875, 2.50390625, 0.086181640625, 4.671875, 1.7861328125, 0.5576171875, 6.03125, 4.65234375, 1.267578125, 0.43115234375, 2.451171875, 2.54296875, 0.053741455078125, 0.77294921875, 0.6572265625, 0.01546478271484375, 0.055633544921875, 0.56787109375, 0.424072265625, 3.802734375, 0.31982421875, 0.466796875, 1.9384765625, 3.3984375, 10.6015625, 0.74609375, 0.1171875, 6.0859375, 4.328125, 5.5546875, 0.1593017578125, 0.263916015625, 0.34765625, 0.26416015625, 0.39794921875, 0.9599609375, 0.174560546875, 0.251953125, 0.57666015625, 0.07305908203125, 0.339111328125, 1.7841796875, 3.6796875, 0.7373046875, 0.3662109375, 0.2259521484375, 2.36328125, 0.263916015625, 0.320556640625, 2.642578125, 1.302734375, 0.1802978515625, 1.203125, 2.380859375, 1.9296875, 0.1734619140625, 0.2203369140625, 1.40625, 1.072265625, 0.1436767578125, 2.525390625, 3.662109375, 0.042694091796875, 0.028167724609375, 2.4921875, 6.1484375, 0.796875, 0.2135009765625, 1.41015625, 0.10308837890625, 2.67578125, 0.5322265625, 0.09796142578125, 0.60546875, 0.407470703125]",-2.2173447086897298
206,0,test,2.5096731641647283,1.0470312301353273,1.0470312301353273,10.114743358603299,4.219853139636319,4.219853139636319,12.300909025561078,7.983558395564819,7.983558395564819,49.57639092120071,32.17615959424609,32.17615959424609,3.7774300119984687,1.6382888390062118,2.3111608418949023,8.488606768535885,3.6815479528229478,5.193619869426746,43.703579609096295,35.21143839316976,39.37054049343041,98.21029125639616,79.12682784981968,88.473124704338,3.564180852577439,1.5849622380581003,2.184760041712489,9.546912997975284,4.245434566227055,5.852035826015595,35.31051703530293,28.073431213850053,31.337916961062056,94.58174205884713,75.19669075138407,83.9408490028448,0.6783919597989949,-0.0016080402010050232,-0.006608040201005139,0.5376884422110553,-0.012311557788944771,-0.017311557788944665,0.4824120603015075,-0.0025879396984924696,-0.007587939698492474,0.3408662900188324,0.08964439363564569,0.08964439363564569,0.2584905660377359,0.44221105527638194,0.14396544124129418,0.21516598015117328,0.36363636363636365,0.41137123745819393,0.112539851815456,0.16443019185196484,0.3489932885906041,23.0,0.0,0.0,35.0,-2.0,-1.0,43.0,-2.0,0.0,0.0035655206652764407,0.001011976742860619,0.0017962590801116575,-0.08471448532122494,-0.07700243725218225,-0.09055839422755785,"[12.6171875, 8.515625, 8.125, 4.39453125, 9.1328125, 0.98779296875, 10.0390625, 10.984375, 2.234375, 0.99462890625, 6.87890625, 12.390625, 4.44140625, 1.041015625, 0.74755859375, 11.1484375, 11.0625, 3.478515625, 2.125, 4.390625, 7.32421875, 15.0390625, 8.171875, 6.69921875, 1.6494140625, 5.1640625, 8.421875, 5.96875, 9.1953125, 6.4765625, 7.8125, 1.6220703125, 0.31005859375, 0.8515625, 0.344482421875, 8.5078125, 5.171875, 9.359375, 0.09698486328125, 2.484375, 1.353515625, 0.0699462890625, 0.1953125, 0.51513671875, 0.08258056640625, 8.25, 0.105712890625, 3.03125, 9.0, 7.234375, 5.94921875, 2.212890625, 0.27783203125, 0.51025390625, 4.43359375, 5.25, 1.7548828125, 0.30712890625, 0.69384765625, 0.249267578125, 7.28515625, 5.5703125, 5.04296875, 5.4453125, 0.483154296875, 0.300048828125, 0.08587646484375, 1.1982421875, 10.1953125, 3.03515625, 0.62255859375, 0.0276641845703125, 0.185302734375, 0.049072265625, 8.09375, 8.5859375, 4.1171875, 0.38232421875, 9.328125, 7.62890625, 2.51953125, 3.525390625, 4.04296875, 2.880859375, 6.79296875, 3.0625, 0.2308349609375, 1.0947265625, 1.32421875, 2.19921875, 6.390625, 7.1640625, 0.69921875, 5.06640625, 0.1055908203125, 0.74658203125, 9.3359375, 0.1866455078125, 1.2705078125, 1.4716796875, 0.052459716796875, 0.18212890625, 0.26806640625, 0.032562255859375, 0.1290283203125, 0.2095947265625, 0.0303955078125, 0.11962890625, 7.18359375, 6.48046875, 0.25927734375, 1.4208984375, 7.078125, 1.1474609375, 0.07733154296875, 1.2333984375, 1.9013671875, 0.0345458984375, 0.30029296875, 0.326416015625, 0.06292724609375, 0.1663818359375, 0.166259765625, 0.061065673828125, 0.1661376953125, 0.222412109375, 0.060333251953125, 5.15625, 1.34375, 0.445068359375, 5.0546875, 0.833984375, 8.1875, 4.8515625, 6.6171875, 4.94921875, 0.52490234375, 7.296875, 3.6015625, 0.78173828125, 4.40234375, 7.2421875, 4.27734375, 7.11328125, 3.515625, 1.033203125, 5.234375, 1.294921875, 3.8125, 2.599609375, 8.6875, 5.46875, 6.95703125, 2.0234375, 1.857421875, 1.0693359375, 0.5419921875, 1.2392578125, 5.1640625, 6.92578125, 2.787109375, 5.64453125, 1.71875, 2.59765625, 0.9208984375, 5.6796875, 4.62109375, 2.751953125, 3.384765625, 9.890625, 1.642578125, 0.6591796875, 0.3740234375, 9.328125, 5.92578125, 0.7001953125, 0.2037353515625, 0.216064453125, 1.3994140625, 13.2421875, 7.90625, 5.28515625, 10.3984375, 4.10546875, 5.09375, 4.98046875, 10.453125, 4.61328125, 4.48046875, 0.9736328125, 10.2421875, 7.27734375, 4.109375, 1.5078125, 6.0859375, 1.0556640625, 0.01776123046875, 1.166015625, 2.23046875, 0.662109375, 1.5732421875, 0.921875, 1.0517578125, 0.2418212890625, 0.1859130859375, 5.7578125, 1.8876953125, 6.6328125, 7.27734375, 2.1328125, 9.5625, 2.771484375, 6.7890625, 2.361328125, 0.83837890625, 0.340576171875, 0.77734375, 0.58349609375, 10.609375, 0.10687255859375, 4.0078125, 1.2548828125, 0.1251220703125, 0.1480712890625, 0.291259765625, 0.36962890625, 2.74609375, 0.09844970703125, 0.7578125, 0.6376953125, 0.06964111328125, 0.328369140625, 0.230224609375, 0.32958984375, 2.27734375, 0.055908203125, 0.56298828125, 0.1304931640625, 0.11798095703125, 3.158203125, 7.55859375, 2.2578125, 0.281982421875, 2.287109375, 0.630859375, 0.34521484375, 3.36328125, 2.29296875, 0.345947265625, 4.0703125, 2.5625, 2.671875, 9.1328125, 1.48828125, 3.384765625, 3.94921875, 4.73046875, 1.419921875, 11.2578125, 2.490234375, 0.12176513671875, 0.1297607421875, 7.51953125, 2.541015625, 1.95703125, 10.5234375, 1.5517578125, 6.08203125, 12.3359375, 6.625, 5.15625, 3.556640625, 4.39453125, 7.8828125, 3.1328125, 6.2109375, 2.81640625, 2.224609375, 9.8359375, 1.1279296875, 0.1053466796875, 0.1019287109375, 12.78125, 0.73388671875, 9.9921875, 1.7451171875, 9.0, 2.046875, 4.59375, 5.9609375, 6.2109375, 0.01004791259765625, 0.70166015625, 0.01140594482421875, 1.62890625, 1.09375, 0.71337890625, 6.1171875, 3.349609375, 7.65234375, 1.8828125, 1.923828125, 9.09375, 0.599609375, 0.1043701171875, 4.328125, 1.7646484375, 8.3359375, 0.3212890625, 6.21875, 1.896484375, 3.59765625, 0.0179443359375, 1.2041015625, 0.2073974609375, 3.494140625, 0.0008578300476074219, 0.1429443359375, 0.0026569366455078125, 0.2374267578125, 0.199462890625, 0.06048583984375, 7.3359375, 3.4140625, 9.1015625, 5.34375, 2.8515625, 7.234375, 9.546875, 9.6171875, 0.7998046875, 0.9541015625, 0.11529541015625, 4.0234375, 0.14892578125, 8.3125, 0.032958984375, 1.599609375, 0.1219482421875, 1.7763671875, 0.05096435546875, 0.092041015625, 0.94580078125, 0.1341552734375, 2.9765625, 0.07269287109375, 2.171875, 0.00257110595703125, 0.08453369140625, 0.0037097930908203125, 5.578125, 0.85693359375, 0.16455078125, 0.39013671875, 0.0003731250762939453, 0.03350830078125, 0.0006012916564941406, 0.430419921875, 0.2279052734375, 0.16357421875, 0.0237274169921875, 0.6318359375, 0.0040435791015625, 0.0830078125, 0.0132293701171875, 0.1719970703125, 0.2130126953125, 6.12890625, 0.0736083984375, 0.08758544921875, 0.017120361328125, 6.328125, 7.07421875, 7.44140625, 2.5546875, 4.6875, 0.01192474365234375, 0.39111328125, 0.138916015625, 2.111328125, 4.17578125, 5.3515625, 0.2135009765625, 1.53125, 0.97802734375, 0.444580078125, 0.1109619140625, 0.04608154296875, 1.4697265625, 0.052001953125, 1.7119140625, 0.2042236328125, 0.5087890625, 0.051910400390625, 1.033203125, 0.0310516357421875, 0.10272216796875, 0.41064453125, 0.1260986328125, 1.3916015625, 0.0338134765625, 0.432861328125, 0.0006322860717773438, 0.08526611328125, 0.0018520355224609375, 1.2763671875, 0.2403564453125, 0.07275390625, 0.2269287109375, 0.0001748800277709961, 0.057891845703125, 0.00054931640625, 0.257568359375, 0.08831787109375, 0.171630859375, 0.0765380859375, 0.09881591796875, 0.0029125213623046875, 5.08203125, 0.443115234375, 0.1976318359375, 0.040985107421875, 1.361328125, 0.0163421630859375, 0.066162109375, 0.0166778564453125, 0.4873046875, 0.005584716796875, 1.1201171875, 0.01242828369140625, 0.437255859375, 0.03955078125, 0.2034912109375, 0.0147247314453125, 0.08636474609375, 0.354248046875, 0.045867919921875, 0.52099609375, 0.013458251953125, 0.113525390625, 0.0004987716674804688, 0.0694580078125, 0.001735687255859375, 0.3349609375, 0.1015625, 0.022430419921875, 0.061859130859375, 0.0008473396301269531, 0.034759521484375, 0.00030231475830078125, 0.1038818359375, 0.0533447265625, 0.026885986328125, 0.027557373046875, 0.025146484375, 0.002628326416015625, 4.6171875, 0.57958984375, 0.03277587890625, 0.027923583984375, 0.36181640625, 0.0382080078125, 0.0269927978515625, 0.0164031982421875, 0.30712890625, 0.0023822784423828125, 0.97021484375, 0.00672149658203125, 0.20751953125, 0.043792724609375, 0.1353759765625, 0.00629425048828125, 0.07568359375, 0.1588134765625, 0.031768798828125, 0.459228515625, 0.0195770263671875, 0.183837890625, 0.0002092123031616211, 0.0372314453125, 0.0008940696716308594, 0.2298583984375, 0.094482421875, 0.033935546875, 0.0574951171875, 0.0006136894226074219, 0.046478271484375, 0.00013339519500732422, 0.040985107421875, 0.0750732421875, 0.031524658203125, 0.0277099609375, 0.0159759521484375, 0.003078460693359375, 1.0751953125, 0.0083465576171875, 0.0303955078125, 0.01233673095703125, 0.06488037109375, 0.00685882568359375, 0.01187896728515625, 0.01274871826171875, 3.134765625, 0.84765625, 7.2265625, 0.9951171875, 3.806640625, 0.03167724609375, 0.08111572265625, 0.019256591796875, 0.389404296875, 0.0021209716796875, 5.85546875, 0.70849609375, 0.87744140625, 0.63525390625, 0.039276123046875, 2.685546875, 0.006298065185546875, 0.12152099609375, 0.357666015625, 0.0181121826171875, 0.236572265625, 0.01433563232421875, 10.0859375, 9.2578125, 0.58056640625, 0.1077880859375, 0.5, 0.06243896484375, 0.2122802734375]",-1.4002193948867854
151,0,test,3.1416294450261986,1.4377842637234992,1.94984396624329,6.655994586919912,3.0461531011091085,4.13102535221036,23.14154402776257,17.646507796651232,19.848588564006477,49.02869497407325,37.38666906070176,42.05209441526796,3.186074597152633,1.351941469574414,1.9304842576177654,6.186552615830355,2.6251290671347842,3.748513121587894,24.193272463849812,17.933567037080326,20.68336266247045,46.97722808514526,34.82246026617539,40.16186924751543,3.1416294450261986,1.4377842637234992,1.94984396624329,6.655994586919912,3.0461531011091085,4.13102535221036,23.14154402776257,17.646507796651232,19.848588564006477,49.02869497407325,37.38666906070176,42.05209441526796,0.6381909547738693,-0.016809045226130692,-0.021809045226130586,0.5477386934673367,0.012738693467336804,0.017738693467336697,0.4321608040201005,-0.002839195979899567,-0.00783919597989946,0.4056224899598394,0.12105335168328635,0.18265853802392484,0.3467741935483871,0.4120603015075377,0.10629589047996879,0.17332908280970794,0.3535353535353535,0.4056224899598394,0.12105335168328635,0.18265853802392484,0.3467741935483871,24.0,0.0,4.0,37.0,5.0,7.0,45.0,5.0,5.0,0.00011162354778123763,-0.00024386665314841233,2.0289914119259832e-05,-0.004713315471099655,-0.005351321608557669,-0.005449345239612491,"[6.13671875, 9.671875, 7.47265625, 8.3203125, 4.2421875, 0.60546875, 0.97607421875, 4.6796875, 0.54833984375, 4.1328125, 3.24609375, 11.203125, 0.90576171875, 11.4375, 2.1171875, 0.228271484375, 0.394775390625, 4.16015625, 8.4921875, 6.80078125, 3.8515625, 4.5390625, 3.765625, 3.4765625, 2.400390625, 2.7109375, 0.0390625, 0.1700439453125, 5.7265625, 0.6123046875, 10.140625, 1.486328125, 8.4609375, 8.7890625, 2.513671875, 3.36328125, 1.330078125, 0.13037109375, 0.1568603515625, 5.91015625, 2.8359375, 6.8203125, 1.615234375, 7.640625, 4.30859375, 1.2646484375, 5.45703125, 0.411376953125, 4.5546875, 0.186767578125, 5.1328125, 8.9140625, 3.228515625, 1.3974609375, 0.494873046875, 0.4267578125, 0.004444122314453125, 0.0231781005859375, 6.125, 2.134765625, 2.1484375, 0.80859375, 3.68359375, 0.03997802734375, 4.8515625, 0.5107421875, 0.326171875, 0.31640625, 0.2021484375, 7.22265625, 0.1209716796875, 0.2152099609375, 5.87890625, 3.505859375, 7.4921875, 4.39453125, 7.60546875, 2.046875, 0.9560546875, 1.19140625, 6.33984375, 3.052734375, 5.48828125, 1.10546875, 1.416015625, 8.1953125, 6.5625, 1.396484375, 0.356689453125, 0.1329345703125, 2.384765625, 3.94921875, 2.03125, 0.1043701171875, 3.697265625, 0.1947021484375, 1.3583984375, 6.390625, 2.712890625, 0.1258544921875, 2.123046875, 2.48828125, 6.8671875, 3.162109375, 2.994140625, 0.0054168701171875, 0.0030059814453125, 0.8642578125, 2.265625, 0.0280914306640625, 1.03125, 7.80859375, 1.798828125, 0.681640625, 0.802734375, 2.279296875, 0.021697998046875, 1.3173828125, 0.014129638671875, 0.025146484375, 2.064453125, 7.546875, 7.640625, 0.07940673828125, 0.9970703125, 0.054412841796875, 1.7607421875, 0.08740234375, 0.320068359375, 0.316650390625, 0.1517333984375, 9.5078125, 0.2388916015625, 3.671875, 0.260009765625, 8.7890625, 4.8125, 2.98046875, 0.50732421875, 5.625, 1.77734375, 0.00507354736328125, 0.005786895751953125, 0.9619140625, 9.734375, 0.12237548828125, 1.2109375, 0.00444793701171875, 0.4853515625, 0.1824951171875, 2.12890625, 1.33984375, 1.5498046875, 0.72314453125, 0.1922607421875, 1.7958984375, 0.0037555694580078125, 0.002643585205078125, 6.95703125, 0.0897216796875, 0.72802734375, 8.4296875, 5.64453125, 0.439697265625, 2.0234375, 0.974609375, 4.4375, 5.1875, 2.314453125, 0.0038852691650390625, 0.128662109375, 8.7109375, 4.0078125, 8.875, 5.37890625, 9.21875, 7.8828125, 4.0859375, 4.66796875, 6.8984375, 3.822265625, 5.35546875, 6.3203125, 3.2734375, 3.900390625, 0.006023406982421875, 0.0030689239501953125, 7.57421875, 2.193359375, 0.5927734375, 11.421875, 7.74609375, 1.8203125, 12.453125, 6.046875, 2.12109375, 1.1435546875, 6.21484375, 3.771484375, 3.5234375, 0.006099700927734375, 0.31494140625, 8.2890625, 1.396484375, 0.73486328125, 0.78955078125, 6.17578125, 2.53125, 1.5029296875, 1.4189453125, 0.38623046875, 0.296875, 9.1484375, 4.140625, 9.1171875, 3.427734375, 5.265625, 3.1015625, 0.63330078125, 0.002902984619140625, 0.055694580078125, 0.39599609375, 0.21826171875, 0.0236358642578125, 5.59375, 0.73876953125, 0.87353515625, 8.0, 12.75, 6.79296875, 4.68359375, 9.90625, 9.7109375, 4.546875, 0.0162506103515625, 1.3154296875, 0.0033130645751953125, 0.01088714599609375, 7.1796875, 0.36083984375, 1.9951171875, 0.03753662109375, 2.662109375, 0.252197265625, 1.3173828125, 0.7138671875, 0.853515625, 0.73974609375, 0.391357421875]",-1.389009249736985
113,0,test,3.4033412585182794,1.5384772830281386,2.109353071711241,6.806682517036559,3.076954566056277,4.218706143422482,30.064385298098273,23.609327517898315,26.41708158159859,60.128770596196546,47.21865503579663,52.83416316319718,3.645447064883745,1.6340901455520869,2.263563685469739,6.339907938928253,2.8418959053079775,3.9366324964691115,38.29989156125415,30.826440220397128,34.31749663171104,66.6085070630507,53.61120038329935,59.682602837758324,3.469691541282628,1.557984283694985,2.1660116781569787,6.75913936613499,3.0350343188863347,4.219503269136972,32.12683111509474,25.36220320715887,28.444007063775988,62.584735938496245,49.4068893645952,55.410403370992185,0.8040201005025126,0.004020100502512558,0.009020100502512562,0.592964824120603,0.007964824120603065,-0.022035175879396962,0.4824120603015075,0.007412060301507539,-0.007587939698492474,0.4285714285714286,0.11161421779488345,0.16352391009201994,0.3853503184713376,0.4522613065326633,0.13647183284845277,0.18348000436237943,0.4040404040404041,0.4347826086956522,0.10757058866226321,0.16893166320065778,0.3959731543624161,24.0,-1.0,-1.0,34.0,-2.0,-2.0,48.0,1.0,-1.0,0.0008122546101959284,0.0003522203182258044,0.00011709583516205059,0.00044385224850973515,4.166942974936916e-05,-9.637868485956602e-05,"[8.1953125, 2.53515625, 10.6015625, 2.30859375, 0.1964111328125, 9.390625, 0.1585693359375, 7.13671875, 1.5751953125, 8.15625, 1.548828125, 7.92578125, 6.0390625, 4.12890625, 0.841796875, 5.3828125, 3.96875, 6.8359375, 5.73828125, 5.6171875, 4.4296875, 4.82421875, 6.1171875, 0.953125, 1.1845703125, 2.36328125, 8.0625, 0.032745361328125, 0.6611328125, 0.00848388671875, 1.7431640625, 9.53125, 1.623046875, 3.197265625, 12.09375, 0.054901123046875, 8.375, 1.19921875, 3.62109375, 9.78125, 0.0219573974609375, 5.203125, 2.693359375, 8.046875, 2.005859375, 3.58203125, 6.79296875, 1.0625, 2.73828125, 1.302734375, 12.015625, 0.66796875, 4.24609375, 0.033538818359375, 7.15625, 0.264404296875, 2.92578125, 1.861328125, 3.70703125, 3.95703125, 1.9140625, 6.91796875, 2.076171875, 0.0843505859375, 1.0439453125, 1.6005859375, 6.28515625, 5.73828125, 8.0703125, 4.9765625, 1.0634765625, 2.599609375, 0.77587890625, 1.1748046875, 11.8984375, 9.7890625, 1.517578125, 0.93994140625, 2.82421875, 0.494384765625, 5.57421875, 5.0703125, 3.90234375, 1.984375, 7.8046875, 1.017578125, 4.453125, 5.25390625, 1.728515625, 0.0021877288818359375, 1.220703125, 2.470703125, 5.08984375, 10.5625, 2.96875, 3.720703125, 3.744140625, 2.599609375, 1.9111328125, 1.5654296875, 0.265625, 0.0093841552734375, 0.2900390625, 0.60400390625, 0.119873046875, 6.72265625, 1.798828125, 1.353515625, 1.92578125, 6.25, 0.1484375, 1.107421875, 2.6640625, 0.53857421875, 5.796875, 1.5498046875, 7.22265625, 4.1875, 5.359375, 7.21875, 2.189453125, 1.6328125, 0.58251953125, 9.2265625, 0.87890625, 8.53125, 3.341796875, 0.57470703125, 2.75, 1.28125, 1.39453125, 9.1484375, 4.96484375, 2.322265625, 3.810546875, 0.9345703125, 1.1689453125, 1.521484375, 8.703125, 0.53466796875, 1.685546875, 4.64453125, 1.546875, 0.262939453125, 2.193359375, 1.34375, 2.541015625, 1.3408203125, 3.875, 0.8671875, 4.03515625, 11.1875, 3.404296875, 0.329833984375, 4.2734375, 8.5234375, 5.78515625, 0.0007805824279785156, 0.0265350341796875, 1.3017578125, 5.296875, 5.01171875, 8.203125, 0.0158233642578125, 1.96484375, 1.4521484375, 0.020721435546875, 5.48046875, 4.78125, 5.72265625, 3.802734375, 4.26953125, 2.623046875, 5.66015625, 0.179443359375, 1.9091796875, 0.0193328857421875, 0.6103515625, 5.74609375, 3.72265625, 1.779296875, 5.16796875, 4.046875, 8.96875, 10.1015625, 3.84765625, 1.6640625, 2.888671875, 3.869140625, 2.845703125, 4.08203125, 7.17578125, 0.031463623046875, 7.25, 6.2578125, 1.1142578125, 1.5322265625, 6.82421875, 4.6875, 3.638671875, 0.76318359375, 3.19921875, 4.39453125, 7.515625, 4.72265625, 4.109375, 0.015167236328125, 1.994140625, 2.021484375, 6.25390625, 2.38671875, 6.87109375, 12.890625, 1.1953125, 1.138671875, 0.0023097991943359375, 4.4140625, 4.18359375, 0.9423828125, 8.25, 0.2032470703125, 0.0101318359375, 4.33984375, 2.056640625, 0.04693603515625, 0.84765625, 4.01171875, 1.572265625, 1.8935546875, 5.0, 10.9375, 0.422607421875, 2.697265625, 5.3984375, 6.8046875, 0.00719451904296875, 0.2213134765625, 8.1015625, 1.685546875, 2.04296875, 1.02734375, 1.6416015625, 0.352783203125, 0.0034027099609375, 0.0108184814453125, 1.662109375, 7.4140625, 0.11767578125, 1.8212890625, 1.7802734375, 4.07421875, 1.19921875, 3.55859375, 1.279296875, 3.29296875, 9.609375, 1.7744140625, 2.076171875, 6.65625, 3.162109375, 6.64453125, 0.5888671875, 3.5234375, 1.4208984375, 1.2646484375, 6.36328125, 1.310546875, 3.359375, 1.158203125, 5.32421875, 0.2354736328125, 2.1640625, 0.277587890625, 0.0034637451171875, 2.767578125, 2.154296875, 9.9296875, 1.21875, 0.1435546875, 3.728515625, 2.529296875, 6.1640625, 9.0078125, 0.5712890625, 5.0625, 0.0247039794921875, 6.37109375, 0.358154296875, 2.12890625, 4.703125, 3.248046875, 7.15234375, 4.83203125, 0.78076171875, 3.189453125, 0.537109375, 0.7705078125, 6.06640625, 5.171875, 0.888671875, 3.818359375, 6.375, 0.019012451171875, 4.01171875, 1.3701171875, 0.034393310546875, 0.41650390625, 0.50341796875, 0.363525390625, 0.56494140625, 0.10931396484375, 4.37109375, 1.5556640625, 0.57958984375, 9.828125]",-1.1719479909018866
72,0,test,2.516629296602035,1.1150863543666107,1.4166317932850383,6.259717174459492,2.773600868772646,3.5236474351963296,12.38677407593858,8.325312340260437,9.382615552433036,30.81014058129027,20.70789715014147,23.337771595608757,2.5082951952712707,1.0897861284156936,1.530752330674987,5.199486915197738,2.2590358286950316,3.1731220187950253,12.283970428672655,8.1530135625279,9.6260530797443,25.463647034436026,16.90051769732346,19.954005863219958,2.7689761310118097,1.2177027898408763,1.7036446677231323,5.933520280739592,2.609363121087592,3.6506671451209978,15.942302821262937,11.224829508507803,13.040502156201553,34.16207747413486,24.053206089659575,27.94393319186047,0.5151515151515151,-0.024848484848484897,-0.019848484848484782,0.43434343434343436,-0.010656565656565586,-0.005656565656565582,0.3232323232323232,-0.01176767676767676,-0.01176767676767676,0.37244897959183676,0.11385025347718702,0.1466425279789335,0.38874680306905374,0.3737373737373737,0.10673485484568601,0.15897227306623274,0.4314720812182741,0.36454849498327757,0.10077554005840283,0.15765194325913967,0.4261744966442953,23.0,1.0,0.0,32.0,1.0,1.0,37.0,-3.0,-1.0,-0.00024236398459025882,0.00047286086630624654,-2.5170104760186865e-05,-0.04462614530116049,-0.044894674701057014,-0.044802903757465984,"[9.1875, 0.1630859375, 0.00289154052734375, 1.171875, 0.0003466606140136719, 0.0533447265625, 0.0011777877807617188, 2.275390625, 1.3251953125, 0.051239013671875, 0.0105743408203125, 1.1923828125, 1.8701171875, 0.0307769775390625, 1.7333984375, 0.52294921875, 0.50390625, 1.423828125, 0.4326171875, 0.7080078125, 0.0008625984191894531, 5.9765625, 0.18017578125, 3.150390625, 1.318359375, 0.020599365234375, 0.6455078125, 0.84716796875, 2.173828125, 2.59375, 5.99609375, 7.1640625, 4.90625, 0.3515625, 7.28125, 5.57421875, 2.193359375, 8.5390625, 4.828125, 0.5634765625, 0.68701171875, 0.7841796875, 0.055511474609375, 0.03265380859375, 0.005340576171875, 0.0144500732421875, 0.01245880126953125, 0.0006103515625, 0.0035419464111328125, 0.003017425537109375, 0.00911712646484375, 0.0008516311645507812, 0.01293182373046875, 0.0282440185546875, 0.00010311603546142578, 0.0025272369384765625, 0.0008764266967773438, 0.0136260986328125, 0.025848388671875, 0.133544921875, 2.205078125, 4.3671875, 10.0, 3.68359375, 0.63232421875, 5.23046875, 3.6640625, 7.078125, 2.08984375, 7.87109375, 2.228515625, 0.00815582275390625, 0.209228515625, 0.1864013671875, 11.90625, 1.0234375, 7.32421875, 0.91357421875, 0.79638671875, 2.705078125, 0.01959228515625, 7.5, 2.048828125, 0.116455078125, 10.4765625, 5.6171875, 3.849609375, 3.05078125, 8.2890625, 3.755859375, 0.09124755859375, 6.1171875, 3.41015625, 2.587890625, 4.03125, 5.17578125, 0.07293701171875, 0.231689453125, 5.66015625, 2.365234375, 3.203125, 1.798828125, 8.03125, 0.5341796875, 2.66796875, 3.896484375, 0.7958984375, 0.09539794921875, 4.44921875, 2.8125, 0.6162109375, 0.0968017578125, 7.69921875, 2.458984375, 0.287841796875, 0.138671875, 5.36328125, 1.767578125, 0.18798828125, 0.1549072265625, 3.251953125, 1.69140625, 1.859375, 0.1998291015625, 7.1015625, 2.8046875, 0.98095703125, 0.410888671875, 5.0703125, 2.720703125, 0.472900390625, 0.81005859375, 0.258544921875, 5.75, 0.332275390625, 1.416015625, 0.09552001953125, 5.84765625, 2.52734375, 4.2578125, 0.712890625, 0.2120361328125, 0.7998046875, 3.287109375, 4.33984375, 8.6875, 8.4609375, 7.2421875, 9.46875, 1.2197265625, 2.896484375, 12.015625, 2.15234375, 0.003009796142578125, 0.1434326171875, 0.0985107421875, 5.15625, 0.6611328125, 0.17578125, 9.3125, 8.0, 0.81494140625, 0.08984375, 6.28125, 0.23193359375, 6.12890625, 2.64453125, 2.6796875, 0.77294921875, 8.375, 2.326171875, 3.33984375, 1.525390625, 1.080078125, 5.07421875, 0.37060546875, 0.1436767578125, 0.0292510986328125, 0.1552734375, 0.0036411285400390625, 0.0125274658203125, 0.57080078125, 0.0064239501953125, 0.01546478271484375, 0.0020503997802734375, 1.90625, 0.0117034912109375, 6.93359375, 6.30859375, 1.1923828125, 1.4091796875, 8.0859375, 3.4765625, 5.203125, 0.07366943359375, 3.107421875, 0.1551513671875, 0.036407470703125, 2.142578125, 0.384521484375, 10.8203125, 4.171875, 7.51171875, 1.1181640625, 9.46875, 1.697265625, 4.88671875, 6.8828125, 5.66796875, 7.12109375, 0.51220703125, 0.005619049072265625, 0.407470703125, 0.033843994140625, 4.82421875, 0.052642822265625, 7.99609375, 0.0018320083618164062, 0.181884765625, 2.2578125, 4.07421875, 4.9453125, 3.28515625, 0.403564453125, 0.73291015625, 0.029327392578125, 1.4248046875, 0.001216888427734375, 6.36328125, 1.916015625, 0.1905517578125, 0.004894256591796875, 0.0523681640625, 0.381103515625, 2.6171875, 2.666015625, 1.0146484375, 0.048553466796875, 2.150390625, 4.38671875, 0.2734375, 0.0728759765625, 7.484375, 5.91796875, 1.2421875, 1.0693359375, 10.1015625, 0.7373046875, 6.03515625, 3.61328125, 3.8125, 0.7216796875, 0.153076171875, 6.9453125, 4.12890625, 7.3515625, 1.1435546875, 0.7021484375, 1.6376953125, 9.6015625, 0.6162109375, 10.078125, 2.236328125, 3.724609375, 4.12890625, 8.125, 0.66015625, 4.6015625, 7.828125, 4.5234375, 7.6484375, 3.9765625, 0.5625, 0.69970703125, 0.21923828125, 8.4921875, 1.4580078125, 0.3291015625, 6.328125, 0.72119140625, 0.1611328125, 14.2265625, 5.5625, 6.80078125, 2.359375, 0.049224853515625, 0.322021484375, 0.4091796875, 8.4609375, 0.260986328125, 6.62890625, 0.45068359375, 0.490966796875, 11.921875, 0.07666015625, 0.96435546875, 1.4638671875, 7.625, 0.8642578125, 4.50390625, 3.67578125, 3.82421875, 5.52734375, 3.912109375, 1.59375, 0.416015625, 0.044921875, 0.69677734375, 0.417236328125, 6.9140625, 5.0234375, 0.89404296875, 5.33984375, 9.125, 6.17578125, 7.99609375, 1.966796875, 2.783203125, 0.92919921875, 0.0731201171875, 6.41015625, 5.06640625, 3.8515625, 0.470947265625, 0.258056640625, 0.11395263671875, 1.3173828125, 0.0011501312255859375, 0.78857421875, 0.171630859375, 0.02166748046875, 0.03643798828125, 0.061767578125, 0.01534271240234375, 0.00994873046875, 1.087890625, 0.0867919921875, 0.63134765625, 1.298828125, 2.64453125, 0.033660888671875, 0.0029163360595703125, 1.3173828125, 6.33984375, 0.41455078125, 0.37060546875, 0.0977783203125, 0.0948486328125, 0.029266357421875, 2.537109375, 2.47265625, 5.85546875, 2.197265625, 0.158447265625, 0.163818359375, 3.361328125, 4.37109375, 0.03887939453125, 0.8115234375, 0.265380859375, 0.1904296875, 0.078125, 2.732421875, 10.3671875, 0.0948486328125, 3.927734375, 0.08624267578125, 1.55859375, 0.36279296875, 0.035491943359375, 0.369384765625, 0.1436767578125, 3.072265625, 0.01324462890625, 0.0771484375, 2.869140625, 0.34521484375, 0.24365234375, 0.58349609375, 0.198974609375, 0.0036163330078125, 0.150146484375, 0.0081024169921875, 0.0767822265625, 0.0032176971435546875, 0.08941650390625, 0.1121826171875, 0.00036406517028808594, 0.008941650390625, 0.01039886474609375, 0.0303955078125, 0.007648468017578125]",-1.722710531889176
164,0,test,3.1077035790447587,1.3887715515295844,1.5316897570345729,9.446595647559896,4.22149763014622,4.655931115754099,22.369615318558246,16.791047793396714,17.533973704828,67.99770484250487,51.040337332245656,53.298635301430814,2.8812337125366057,1.24844998708968,1.747122881874558,7.203084281341514,3.1211249677242003,4.367807204686395,17.83626443441847,12.718162136299778,14.727856022115889,44.590661086046175,31.79540534074944,36.819640055289725,3.0401660463084346,1.348420133817055,1.878603740639467,8.216664990022796,3.6443787400460943,5.077307407133694,20.90871476176799,15.47976385290901,17.713793939789777,56.51003989667024,41.83719960245678,47.87511875618859,0.4974874371859297,-0.012512562814070316,0.0024874371859296973,0.42713567839195976,0.0021356783919597166,0.007135678391959721,0.371859296482412,0.0018592964824120095,-0.008140703517588,0.39956331877729256,0.12911620863552598,0.1444313539679084,0.39606126914660833,0.371859296482412,0.11872646440221146,0.16818650850244543,0.35858585858585856,0.4046822742474916,0.12755372666819276,0.19333633431423236,0.3993288590604027,21.0,1.0,1.0,29.0,0.0,0.0,36.0,-1.0,-1.0,0.0008933348726021113,-0.0003507452103857095,-0.0001450996565408874,-0.008784613675222097,-0.009508121630203092,-0.008375418756116026,"[7.2109375, 3.498046875, 0.09210205078125, 0.56689453125, 0.05523681640625, 0.76904296875, 2.056640625, 0.2470703125, 9.390625, 0.1346435546875, 10.8671875, 3.15625, 2.353515625, 1.271484375, 3.23046875, 0.859375, 3.3359375, 6.29296875, 1.529296875, 0.8271484375, 0.53515625, 12.859375, 0.440673828125, 4.1796875, 8.0078125, 0.9912109375, 0.159912109375, 0.090576171875, 0.08575439453125, 1.732421875, 6.734375, 6.6328125, 8.046875, 1.732421875, 15.671875, 5.953125, 0.141357421875, 0.81201171875, 6.62890625, 3.2265625, 7.3203125, 2.552734375, 0.069091796875, 0.063232421875, 1.984375, 0.360107421875, 4.21484375, 6.921875, 2.734375, 0.53857421875, 0.0098419189453125, 0.08331298828125, 9.4609375, 9.59375, 1.5302734375, 9.5078125, 7.29296875, 6.01953125, 1.029296875, 0.01126861572265625, 0.09136962890625, 8.0390625, 2.59765625, 0.15234375, 1.1416015625, 0.1558837890625, 0.17333984375, 0.272705078125, 0.007556915283203125, 0.0299072265625, 7.76171875, 10.5859375, 0.2073974609375, 5.06640625, 1.275390625, 6.3515625, 0.072021484375, 0.25244140625, 0.2393798828125, 0.005214691162109375, 0.026947021484375, 3.71484375, 0.11669921875, 1.6396484375, 0.92822265625, 1.4345703125, 0.01348876953125, 0.08929443359375, 0.380126953125, 0.002716064453125, 0.0299072265625, 0.66748046875, 0.0218048095703125, 0.313232421875, 6.16015625, 7.0078125, 0.09625244140625, 1.7880859375, 0.78076171875, 0.041900634765625, 0.14599609375, 0.11138916015625, 0.2060546875, 0.0006413459777832031, 13.1015625, 1.6787109375, 0.053497314453125, 0.00839996337890625, 0.015838623046875, 0.22900390625, 8.4375, 0.80322265625, 3.701171875, 6.26953125, 0.03594970703125, 3.208984375, 0.007099151611328125, 0.0604248046875, 0.06512451171875, 0.0003902912139892578, 0.36328125, 0.001224517822265625, 0.0015850067138671875, 2.6171875, 1.0029296875, 3.974609375, 0.055023193359375, 1.5234375, 0.10113525390625, 0.1295166015625, 0.18798828125, 0.2279052734375, 0.25390625, 3.99609375, 0.04931640625, 5.30078125, 5.6875, 0.9423828125, 4.54296875, 8.28125, 0.5830078125, 1.189453125, 3.345703125, 2.859375, 0.40673828125, 5.0234375, 7.68359375, 0.98193359375, 2.97265625, 0.2012939453125, 0.7158203125, 0.006534576416015625, 0.068603515625, 0.521484375, 0.005809783935546875, 0.030120849609375, 12.125, 3.5859375, 1.953125, 4.30078125, 5.78125, 10.046875, 3.68359375, 9.109375, 11.6796875, 2.306640625, 0.00431060791015625, 0.036865234375, 0.8759765625, 0.01654052734375, 0.09075927734375, 0.14208984375, 0.07037353515625, 8.546875, 9.609375, 4.98828125, 3.654296875, 1.85546875, 0.292724609375, 0.87890625, 0.01197052001953125, 0.065185546875, 11.0546875, 2.619140625, 8.1328125, 8.6171875, 0.049346923828125, 9.4609375, 0.322509765625, 5.8671875, 0.74951171875, 6.72265625, 0.79248046875, 7.52734375, 2.77734375, 4.44921875, 0.70703125, 4.84765625, 10.046875, 4.73046875, 11.625, 3.8828125, 0.007167816162109375, 0.1998291015625, 5.04296875, 6.359375, 6.421875, 0.0166168212890625, 0.054718017578125, 0.7197265625, 4.73828125, 10.671875, 1.3095703125, 9.921875, 4.41796875, 0.019439697265625, 0.08917236328125, 7.46484375, 2.412109375, 7.44921875, 3.671875, 3.2890625, 0.10009765625, 0.11053466796875, 5.4453125, 6.94140625, 5.7265625, 7.578125, 8.5625, 2.87890625, 4.67578125, 3.21875, 4.640625, 2.52734375, 5.8359375, 4.46484375, 3.728515625, 2.03515625, 1.859375, 3.265625, 2.091796875, 6.08203125, 0.2078857421875, 5.37109375, 0.146728515625, 3.173828125, 7.39453125, 8.5859375, 0.88818359375, 1.4375, 3.0234375, 2.43359375, 8.8671875, 9.265625, 2.09765625, 4.0859375, 1.958984375, 5.3671875, 3.865234375, 0.76025390625, 0.132080078125, 0.00428009033203125, 0.21923828125, 0.1590576171875, 3.333984375, 1.1240234375, 4.88671875, 0.75341796875, 4.70703125, 5.671875, 3.814453125, 4.59375, 5.98046875, 9.1328125, 4.953125, 7.3203125, 5.41015625, 3.1328125, 1.4208984375, 1.3720703125, 3.078125, 0.391845703125, 0.1737060546875, 0.2423095703125, 0.210205078125, 0.1444091796875, 6.8828125, 0.09539794921875, 3.14453125, 0.298095703125, 0.03546142578125, 0.06378173828125, 0.06854248046875, 13.2109375, 0.921875, 0.02069091796875, 0.0034656524658203125, 0.0304412841796875, 1.3291015625, 13.3046875, 4.0, 8.7421875, 10.984375, 3.859375, 6.5625, 16.125, 2.953125, 4.2578125, 0.319580078125, 0.4267578125, 6.23828125, 0.05963134765625, 0.91552734375, 0.013946533203125, 18.046875, 6.51171875, 3.390625, 0.005466461181640625, 0.07623291015625, 4.2421875, 2.728515625, 9.6484375, 2.123046875, 1.921875, 6.41796875, 1.638671875, 0.008087158203125, 0.015899658203125, 0.86572265625, 0.06695556640625, 0.90185546875, 0.2044677734375, 0.1986083984375, 3.71875, 0.88232421875, 2.78515625, 4.16015625, 0.1107177734375, 1.98828125, 0.0877685546875, 0.377197265625, 6.14453125, 0.328857421875, 7.02734375, 3.14453125, 0.451416015625, 7.8046875, 0.19287109375, 0.79443359375, 0.05096435546875, 0.00440216064453125, 0.043701171875, 0.060821533203125, 14.8515625, 7.1953125, 6.9140625, 8.6328125, 1.3623046875, 3.931640625, 8.8359375, 3.517578125, 3.228515625, 1.748046875, 4.28125, 7.89453125, 0.01184844970703125, 6.0234375, 11.4375, 2.30859375, 2.296875, 4.4296875, 8.03125, 0.92626953125, 0.33349609375, 1.662109375, 0.137451171875, 0.355224609375, 2.041015625, 0.0682373046875, 6.6640625, 0.1488037109375, 0.42041015625, 0.392578125, 0.098876953125, 2.9453125, 0.143798828125, 0.20166015625, 0.2470703125, 1.5146484375, 0.207275390625, 0.030548095703125, 3.0625, 0.043853759765625, 5.828125, 2.359375, 0.0771484375, 9.078125, 0.280517578125, 9.1015625, 1.3408203125, 5.26171875, 1.5498046875, 0.8134765625, 3.203125, 0.006175994873046875, 0.09735107421875, 4.2109375, 7.171875, 0.13720703125, 6.58203125, 0.33447265625, 8.4140625, 8.3046875, 1.0322265625, 9.59375, 2.537109375, 4.06640625, 0.306396484375, 1.55859375, 0.0179290771484375, 4.21484375, 0.77978515625, 6.7109375, 0.8740234375, 0.0648193359375, 2.70703125, 0.00231170654296875, 0.1771240234375, 6.52734375, 0.1524658203125, 0.57763671875, 0.00203704833984375, 0.74658203125, 0.00994873046875, 7.44140625, 0.0379638671875, 0.169677734375, 0.0265655517578125, 0.428466796875, 3.587890625, 9.8203125, 9.7890625, 0.5595703125, 5.578125, 0.0312042236328125, 4.17578125, 0.021759033203125, 0.11944580078125, 0.0021381378173828125, 1.50390625, 0.0183868408203125, 8.8828125, 7.01171875, 7.78125, 12.75, 5.09375, 2.921875, 0.69482421875]",-1.6148706549640304
61,0,test,1.7271952222761953,0.6424640577724412,0.8227026198393055,7.5095444446791095,2.7933219903149613,3.576967912344806,5.624855294155973,2.6662109709552517,3.1541773051839828,24.455892583286836,11.59222161284892,13.713814370365142,2.11732852878283,0.8496653161357146,1.1806974544490023,7.0577617626094336,2.832217720452382,3.9356581814966742,8.308910795885627,4.756369474180273,5.757539253502198,27.696369319618757,15.854564913934245,19.191797511673997,1.788006371877664,0.7086609093603953,0.9904749154925703,7.248674480585124,2.8729496325421424,4.0154388465915005,5.9775236203012305,3.0347708417353116,3.7574697613359,24.23320386608607,12.303125034062074,15.232985518929324,0.3417085427135679,-0.013291457286432107,0.0017085427135679065,0.29145728643216084,0.0014572864321608092,-0.0085427135678392,0.2562814070351759,-0.00371859296482413,-0.008718592964824134,0.24561403508771928,0.06413718903014731,0.08432371250707416,0.18592964824120606,0.2864321608040201,0.08593090767118805,0.1261650489509316,0.18686868686868685,0.254180602006689,0.07888844841737352,0.1051260970011273,0.1778523489932886,19.0,-1.0,-1.0,25.0,1.0,1.0,30.0,0.0,1.0,0.0017435922401851463,0.001329140294119139,0.0005213757056637304,-0.20493307321995236,-0.21914277578021402,-0.21144044922646188,"[12.734375, 3.294921875, 10.5859375, 3.78125, 9.3515625, 4.03515625, 0.8125, 2.296875, 8.5625, 0.54296875, 0.20654296875, 8.46875, 4.87890625, 4.71484375, 6.3359375, 8.375, 4.46875, 0.55859375, 1.02734375, 5.34765625, 3.443359375, 5.8203125, 4.51171875, 9.6328125, 10.515625, 9.515625, 6.34375, 9.7265625, 4.20703125, 6.50390625, 0.2308349609375, 9.0859375, 2.638671875, 8.03125, 7.81640625, 5.35546875, 5.9765625, 8.4765625, 11.8203125, 1.4921875, 0.154296875, 0.0170440673828125, 0.208984375, 0.004253387451171875, 0.384765625, 3.697265625, 0.7529296875, 0.278076171875, 4.234375, 2.966796875, 8.296875, 1.166015625, 4.34375, 2.75, 4.765625, 3.09765625, 2.37890625, 0.004657745361328125, 0.143798828125, 1.505859375, 0.109130859375, 0.1619873046875, 0.328125, 15.25, 1.361328125, 0.10504150390625, 0.182373046875, 0.05419921875, 0.1373291015625, 0.0740966796875, 0.34521484375, 0.08868408203125, 0.53515625, 0.03924560546875, 0.1351318359375, 0.004360198974609375, 4.37890625, 5.671875, 5.3671875, 1.3564453125, 0.4208984375, 0.375732421875, 1.384765625, 0.12841796875, 0.006458282470703125, 0.0017833709716796875, 0.0011844635009765625, 0.0085601806640625, 0.007129669189453125, 0.057037353515625, 0.173828125, 0.0260772705078125, 0.1953125, 0.058074951171875, 0.2144775390625, 0.153076171875, 0.0171966552734375, 0.0109405517578125, 0.284912109375, 0.1473388671875, 0.1904296875, 0.2066650390625, 0.0140533447265625, 0.007686614990234375, 1.083984375, 0.0298919677734375, 0.0560302734375, 0.047210693359375, 12.3046875, 1.2001953125, 0.025238037109375, 0.05609130859375, 0.06427001953125, 0.0777587890625, 0.020355224609375, 0.1820068359375, 0.07171630859375, 0.1488037109375, 0.03857421875, 0.04833984375, 0.004955291748046875, 1.80859375, 12.453125, 3.521484375, 4.53515625, 0.50830078125, 0.76708984375, 1.599609375, 1.28515625, 0.18505859375, 0.10577392578125, 0.55419921875, 0.19677734375, 0.00257110595703125, 0.0007014274597167969, 0.0007905960083007812, 0.00296783447265625, 0.00299072265625, 0.021697998046875, 0.385009765625, 0.006893157958984375, 0.0260467529296875, 0.0228424072265625, 0.0279388427734375, 0.009002685546875, 0.014739990234375, 0.00652313232421875, 0.12890625, 0.054656982421875, 0.07843017578125, 0.04510498046875, 0.00438690185546875, 0.0011816024780273438, 0.283203125, 14.0234375, 0.7177734375, 6.546875, 0.79345703125, 0.07171630859375, 0.07769775390625, 0.0814208984375, 0.0484619140625, 0.048828125, 0.052093505859375, 0.0187225341796875, 0.168701171875, 0.0274810791015625, 0.0239105224609375, 5.01171875, 5.00390625, 8.4296875, 2.01953125, 1.0390625, 0.249267578125, 0.11297607421875, 0.39453125, 0.1324462890625, 0.00435638427734375, 0.0009417533874511719, 0.0013723373413085938, 0.00788116455078125, 0.003559112548828125, 0.02532958984375, 0.1856689453125, 0.0152740478515625, 0.05523681640625, 0.04083251953125, 0.1375732421875, 0.052825927734375, 0.0252532958984375, 0.004131317138671875, 0.060699462890625, 0.05657958984375, 0.044158935546875, 0.03533935546875, 0.003559112548828125, 0.001239776611328125, 13.2109375, 0.070068359375, 7.67578125, 0.44970703125, 8.8203125, 0.09063720703125, 5.6875, 4.23828125, 0.88623046875, 0.01430511474609375, 1.77734375, 0.388671875, 0.06268310546875, 0.12890625, 0.12408447265625, 0.0965576171875, 0.066650390625, 0.05133056640625, 0.048065185546875, 0.304931640625, 0.026641845703125, 0.03460693359375, 2.14453125, 0.2403564453125, 0.387451171875, 7.0625, 1.3515625, 0.00632476806640625, 9.0859375, 6.171875, 0.409912109375, 7.9140625, 0.3984375, 0.15966796875, 0.035858154296875, 0.2232666015625, 0.09661865234375, 0.00384521484375, 0.00109100341796875, 0.0016117095947265625, 0.0086212158203125, 0.004413604736328125, 0.024444580078125, 0.0770263671875, 0.0073699951171875, 0.024932861328125, 0.0169219970703125, 0.062164306640625, 0.0270538330078125, 0.01299285888671875, 0.04681396484375, 0.11199951171875, 0.057464599609375, 0.042144775390625, 0.047943115234375, 0.0012340545654296875, 0.002513885498046875, 0.62451171875, 0.1195068359375, 6.40625, 14.1484375, 5.90625, 7.2421875, 0.471923828125, 0.268798828125, 0.07830810546875, 0.1683349609375, 0.07794189453125, 0.11383056640625, 0.0190582275390625, 0.03228759765625, 0.0184326171875, 0.448974609375, 0.01580810546875, 0.047576904296875, 0.73095703125, 0.0814208984375, 0.231201171875, 0.51318359375, 0.11236572265625, 0.024505615234375, 2.359375, 0.0087127685546875, 4.359375, 1.5986328125, 0.89306640625, 0.197509765625, 0.395751953125, 0.1300048828125, 0.022705078125, 0.25341796875, 0.13037109375, 0.0030803680419921875, 0.0007238388061523438, 0.0008864402770996094, 0.0031909942626953125, 0.0021419525146484375, 0.01113128662109375, 0.046661376953125, 0.004573822021484375, 0.02435302734375, 0.01363372802734375, 0.06121826171875, 0.038299560546875, 0.0230865478515625, 0.035675048828125, 0.11480712890625, 0.0648193359375, 0.0288238525390625, 0.03515625, 0.0011377334594726562, 0.0017108917236328125, 9.703125, 9.0703125, 8.8515625, 4.5234375, 1.2490234375, 6.8828125, 5.83203125, 2.404296875, 3.51171875, 0.2152099609375, 8.5234375, 4.2734375, 1.2998046875, 0.6416015625, 0.07830810546875, 0.21630859375, 0.09283447265625, 0.6923828125, 0.08514404296875, 0.017669677734375, 0.015167236328125, 0.1905517578125, 0.014862060546875, 0.028717041015625, 0.34912109375, 4.13671875, 1.826171875, 0.6435546875, 4.4609375, 0.28466796875, 0.06695556640625, 0.03460693359375, 0.28857421875, 0.083984375, 0.00399017333984375, 0.000701904296875, 0.001323699951171875, 0.0196990966796875, 0.0020427703857421875, 7.0078125, 0.10028076171875, 0.0192718505859375, 0.062408447265625, 0.03106689453125, 0.137451171875, 0.0201416015625, 0.0283050537109375, 0.1226806640625, 0.0745849609375, 0.05523681640625, 0.02862548828125, 0.014556884765625, 0.0013685226440429688, 0.001087188720703125, 6.671875, 10.4296875, 6.4375, 7.22265625, 1.2431640625, 0.025360107421875, 0.11968994140625, 0.1104736328125, 0.264892578125, 0.0611572265625, 0.0102996826171875, 0.017242431640625, 9.140625, 5.9453125, 7.30078125, 3.20703125, 0.7421875, 0.11199951171875, 0.06982421875, 0.2626953125, 0.283935546875, 0.0281982421875, 0.12744140625, 0.1070556640625, 0.06243896484375, 0.0286102294921875, 0.031707763671875, 0.0012311935424804688, 0.0016937255859375, 5.63671875, 2.4921875, 0.59619140625, 0.13134765625, 0.11419677734375, 0.02459716796875, 0.058319091796875]",-0.7723937440934336
217,0,test,1.954794689162337,0.830125407831201,0.8970041712388008,7.919424638144852,3.3630721650597373,3.6340168988648855,7.062468873440146,3.9832705413076606,4.182468228966111,28.612053384706233,16.137352449400268,16.944358466067833,2.931418673476981,1.269552109276047,1.7814449512244777,6.044162213354601,2.617633215002159,3.6730823736587173,18.754217744197494,13.485080890821381,15.596107823613163,38.66849019422164,27.804290496538933,32.15692334765601,2.4393198438312695,1.0629939491554814,1.4755286198321442,6.839214515414774,2.980356866791069,4.136996130370498,11.465239936543501,7.504915720410771,8.843623143577519,32.14553253236495,21.041819776852627,24.795205075450987,0.6331658291457287,0.00816582914572872,0.01816582914572873,0.4974874371859297,-0.012512562814070316,-0.01751256281407032,0.3869346733668342,-0.008065326633165837,-0.013065326633165841,0.33615221987315014,0.076384532439148,0.08688535770306216,0.27542372881355937,0.39698492462311563,0.08370171660306547,0.16326205317069498,0.4242424242424242,0.34782608695652173,0.07570588662263189,0.1264690235527397,0.33221476510067116,26.0,0.0,0.0,35.0,2.0,-1.0,41.0,1.0,-1.0,0.001057376463127354,0.0008315555571594462,0.0011142239741306476,-0.09370602923634852,-0.09549285567746857,-0.10696270710031719,"[6.2109375, 4.1953125, 4.265625, 5.6953125, 1.49609375, 5.578125, 2.056640625, 2.125, 0.248046875, 2.037109375, 0.98681640625, 0.384521484375, 1.505859375, 0.7880859375, 0.11358642578125, 0.037017822265625, 0.00299835205078125, 0.0225830078125, 0.0110626220703125, 0.000457763671875, 7.510185241699219e-05, 0.003185272216796875, 0.0031681060791015625, 0.0728759765625, 0.5458984375, 0.341064453125, 0.4365234375, 4.46875, 4.6875, 0.0300750732421875, 5.890625, 0.994140625, 0.8330078125, 4.23828125, 0.27734375, 0.57080078125, 0.1612548828125, 5.328125, 0.98046875, 3.05078125, 3.01171875, 3.041015625, 0.0266571044921875, 0.024871826171875, 0.020751953125, 2.1328125, 5.10546875, 7.04296875, 1.5859375, 0.82470703125, 0.68310546875, 1.6845703125, 7.359375, 0.274169921875, 4.92578125, 11.9765625, 2.2421875, 0.07342529296875, 0.57373046875, 0.67724609375, 8.21875, 0.1776123046875, 5.84765625, 0.3466796875, 0.21337890625, 6.25390625, 2.181640625, 0.15185546875, 0.93115234375, 2.224609375, 0.06256103515625, 0.044525146484375, 2.240234375, 2.46875, 0.12396240234375, 0.05615234375, 0.128662109375, 2.7734375, 1.125, 0.45361328125, 4.484375, 1.1376953125, 8.921875, 3.67578125, 5.98046875, 8.875, 0.056976318359375, 6.8203125, 7.60546875, 2.845703125, 2.87890625, 8.953125, 1.7001953125, 6.2578125, 5.44921875, 4.953125, 1.2216796875, 0.040985107421875, 1.7939453125, 3.892578125, 5.74609375, 3.81640625, 8.7734375, 5.2421875, 2.986328125, 7.81640625, 2.234375, 2.59765625, 3.396484375, 0.2197265625, 6.2421875, 6.8046875, 0.4609375, 0.006992340087890625, 6.44921875, 10.515625, 3.701171875, 9.46875, 0.70068359375, 1.5791015625, 8.28125, 0.2073974609375, 0.1580810546875, 0.135498046875, 0.01021575927734375, 3.087890625, 0.28125, 3.64453125, 8.3828125, 0.57373046875, 2.654296875, 1.470703125, 6.9140625, 1.521484375, 4.76953125, 1.58984375, 8.203125, 0.483642578125, 7.90625, 1.0966796875, 0.039306640625, 0.442138671875, 2.900390625, 6.1953125, 7.890625, 8.640625, 0.31103515625, 8.40625, 4.78515625, 1.5068359375, 7.8125, 9.84375, 1.8427734375, 2.357421875, 2.12109375, 2.140625, 9.0703125, 2.953125, 0.8134765625, 0.09326171875, 6.22265625, 1.9140625, 7.078125, 7.234375, 3.716796875, 2.490234375, 3.486328125, 3.61328125, 2.576171875, 7.02734375, 1.71484375, 6.62890625, 2.31640625, 2.4140625, 0.646484375, 9.125, 4.4453125, 0.984375, 7.34765625, 3.681640625, 0.038421630859375, 1.5283203125, 4.90625, 1.314453125, 0.85205078125, 0.16162109375, 0.42919921875, 0.139404296875, 0.44775390625, 2.03515625, 1.173828125, 0.387451171875, 1.916015625, 3.072265625, 0.07000732421875, 0.01464080810546875, 0.06829833984375, 0.10760498046875, 5.234375, 5.4140625, 0.429443359375, 1.6748046875, 5.03125, 0.25830078125, 0.0275726318359375, 0.0657958984375, 0.06402587890625, 1.6611328125, 0.0494384765625, 2.70703125, 0.06304931640625, 0.2193603515625, 0.028533935546875, 0.14404296875, 0.213623046875, 0.06488037109375, 1.3916015625, 1.7705078125, 0.0330810546875, 0.064208984375, 0.002410888671875, 1.35546875, 0.0264129638671875, 0.014495849609375, 0.06048583984375, 0.0341796875, 0.36376953125, 9.3203125, 5.41015625, 0.58740234375, 7.76953125, 0.94384765625, 6.21484375, 6.41796875, 6.9453125, 1.890625, 1.021484375, 0.0029296875, 0.3193359375, 0.455078125, 0.5615234375, 3.4453125, 0.047943115234375, 0.09326171875, 1.00390625, 0.4365234375, 3.662109375, 2.322265625, 4.87890625, 0.426025390625, 4.01171875, 0.216796875, 1.6689453125, 2.109375, 0.0023021697998046875, 0.06298828125, 0.3408203125, 0.7451171875, 0.6279296875, 0.2420654296875, 0.0024509429931640625, 0.1104736328125, 0.00827789306640625, 0.070068359375, 0.036468505859375, 0.051025390625, 5.078125, 0.9013671875, 1.4091796875, 12.53125, 3.15234375, 0.259765625, 4.328125, 0.03680419921875, 0.0038051605224609375, 0.423583984375, 0.299560546875, 0.7197265625, 1.4814453125, 0.521484375, 2.341796875, 0.182861328125, 0.08868408203125, 0.05657958984375, 0.58935546875, 0.5537109375, 0.329833984375, 0.06402587890625, 2.265625, 0.004833221435546875, 0.373779296875, 0.054718017578125, 0.1259765625, 0.35400390625, 0.440673828125, 0.00832366943359375, 0.217529296875, 0.048675537109375, 0.047088623046875, 1.7861328125, 0.004787445068359375, 0.062255859375, 0.018585205078125, 0.0931396484375, 0.236083984375, 0.35205078125, 0.0312347412109375, 2.302734375, 3.90625, 0.72900390625, 1.443359375, 2.388671875, 1.2861328125, 3.619140625, 0.005901336669921875, 0.07684326171875, 4.4375, 0.01245880126953125, 0.065673828125, 1.6318359375, 0.2042236328125, 0.477294921875, 0.01268768310546875, 2.240234375, 2.208984375, 0.183349609375, 3.099609375, 0.00043582916259765625, 0.0236358642578125, 0.1890869140625, 1.80078125, 0.0273895263671875, 2.40234375, 0.1488037109375, 1.005859375, 0.07318115234375, 7.01953125, 4.8359375, 0.1212158203125, 8.2421875, 0.544921875, 1.53125, 0.4765625, 0.962890625, 0.55712890625, 3.34765625, 0.09600830078125, 0.0174102783203125, 0.0260162353515625, 2.40234375, 0.22607421875, 0.07269287109375, 0.0296478271484375, 1.7578125, 0.305908203125, 0.2978515625, 0.0238037109375, 1.3583984375, 0.388671875, 0.04638671875, 0.445556640625, 0.0044708251953125, 0.006008148193359375, 0.0161285400390625, 0.1605224609375, 1.0107421875, 0.196044921875, 0.1495361328125, 0.07275390625, 0.161376953125, 0.032958984375, 4.09765625, 1.1416015625, 4.2734375, 0.007076263427734375, 1.9443359375, 0.11767578125, 0.11376953125, 0.1575927734375, 0.8564453125, 0.1771240234375, 0.79150390625, 0.28076171875, 4.03515625, 3.708984375, 0.0704345703125, 0.0328369140625, 0.0892333984375, 1.3203125, 0.061309814453125, 8.46875, 1.3740234375, 2.25390625, 0.05303955078125, 1.4091796875, 0.36572265625, 0.476806640625, 0.030426025390625, 0.67333984375, 1.2294921875, 1.1650390625, 6.515625, 0.0022487640380859375, 0.03900146484375, 3.08984375, 0.69677734375, 0.02734375, 3.578125, 0.353515625, 4.4765625, 5.46484375, 2.359375, 0.002864837646484375, 0.426025390625, 1.16015625, 0.57568359375, 0.1488037109375, 4.5703125, 3.20703125, 0.3701171875, 12.2265625, 0.3828125, 0.1412353515625, 2.396484375, 2.06640625, 0.285888671875, 0.1544189453125, 2.14453125, 0.11602783203125, 4.6328125, 0.039794921875, 0.0019931793212890625, 0.0068359375, 1.349609375, 0.52685546875, 0.04522705078125, 2.39453125, 0.01555633544921875, 3.27734375, 1.458984375, 1.4208984375, 0.007175445556640625, 0.001972198486328125, 0.00501251220703125, 0.357177734375, 0.032928466796875, 0.028045654296875, 0.1265869140625, 0.388671875, 0.55908203125, 2.0, 0.57177734375, 0.206787109375, 0.007472991943359375, 0.50927734375, 0.414794921875, 0.00815582275390625, 0.03179931640625, 0.70361328125, 0.62890625, 1.001953125, 1.4208984375, 1.3447265625, 1.9501953125, 0.007717132568359375, 0.0673828125, 0.1285400390625, 0.002819061279296875, 8.654594421386719e-05, 0.1357421875, 0.0153961181640625, 0.07257080078125, 0.0219573974609375]",-1.3150682010811934
101,0,test,3.6744209147788385,1.7137505653707414,2.250942608448528,6.491476949442615,3.027625998821643,3.9766652749257325,39.42581933609352,32.321731645778016,35.274283667869874,69.65228082709855,57.10172590754116,62.317901146570115,3.7248072168934883,1.695967016548169,2.3704466312747927,5.643647298323467,2.569646994769953,3.591585804961807,41.46323856234776,33.85797789928867,37.588955670083706,62.82308873082994,51.299966514073745,56.95296313649046,3.648476216705348,1.7722092171899992,2.3775016291598363,6.218993551202297,3.0208111656647714,4.052559595158812,38.41608364042238,31.886997409320387,34.85175902387262,65.48196075071996,54.35283649315974,59.40640742705559,0.7738693467336684,-0.0011306532663316604,0.003869346733668344,0.6180904522613065,-0.02190954773869347,-0.016909547738693465,0.4974874371859297,-0.007512562814070312,-0.002512562814070307,0.41891891891891897,0.10312944523470846,0.15792185147023863,0.3875338753387534,0.4120603015075377,0.08624576516668558,0.15496514290987495,0.3737373737373737,0.3946488294314381,0.08413130021607917,0.1521571720343302,0.3657718120805369,25.0,1.0,2.0,36.0,2.0,2.0,46.0,2.0,1.0,0.0008256306914727633,-3.364949751132065e-05,8.536207472622193e-05,-0.004441789376333105,-0.007156118995905736,-0.005485453535708729,"[12.1875, 8.7421875, 0.338623046875, 9.375, 7.33984375, 3.669921875, 2.41796875, 1.0947265625, 0.01007843017578125, 0.7001953125, 1.4775390625, 1.0986328125, 4.1328125, 7.19140625, 5.609375, 4.140625, 11.21875, 1.0869140625, 1.1083984375, 0.23046875, 0.390625, 4.421875, 2.09375, 11.3359375, 1.515625, 2.064453125, 2.560546875, 0.145751953125, 6.19140625, 1.541015625, 3.572265625, 2.439453125, 0.121826171875, 8.015625, 0.01346588134765625, 8.25, 4.76953125, 4.01953125, 6.6015625, 9.1328125, 1.2685546875, 2.634765625, 5.38671875, 1.3603515625, 3.857421875, 0.492919921875, 0.39111328125, 12.8203125, 6.7578125, 3.904296875, 3.861328125, 6.6796875, 0.27197265625, 2.41796875, 0.0014448165893554688, 11.34375, 7.9296875, 8.2109375, 9.515625, 1.3134765625, 8.1640625, 0.323974609375, 1.0849609375, 3.05859375, 1.1259765625, 8.859375, 9.7578125, 0.20068359375, 3.0859375, 6.18359375, 0.5927734375, 3.84765625, 7.87890625, 3.736328125, 2.40234375, 1.166015625, 5.46484375, 6.0, 6.74609375, 11.0078125, 3.123046875, 3.4921875, 5.03125, 5.96484375, 1.748046875, 3.171875, 3.81640625, 2.216796875, 0.62939453125, 0.061126708984375, 3.798828125, 7.3203125, 0.76171875, 0.0094146728515625, 1.9453125, 0.1329345703125, 5.89453125, 5.24609375, 2.6328125, 4.19140625, 3.560546875, 10.5859375, 0.95849609375, 0.8935546875, 8.6328125, 1.53515625, 8.9296875, 0.2369384765625, 1.0009765625, 6.8828125, 0.45068359375, 1.0283203125, 5.25, 4.77734375, 2.5625, 7.8203125, 1.09375, 6.19921875, 0.953125, 1.51171875, 3.125, 3.41796875, 1.919921875, 2.794921875, 1.833984375, 5.30859375, 5.81640625, 1.478515625, 1.830078125, 0.48193359375, 3.15234375, 2.759765625, 3.7265625, 5.1796875, 4.90625, 4.0078125, 2.91015625, 1.849609375, 3.490234375, 2.0078125, 2.564453125, 3.703125, 1.228515625, 4.49609375, 8.96875, 3.095703125, 7.0390625, 0.53125, 10.8359375, 4.859375, 1.7509765625, 0.404052734375, 8.7421875, 2.681640625, 9.2578125, 3.0625, 0.484130859375, 6.38671875, 0.6845703125, 9.765625, 4.61328125, 8.3046875, 5.55859375, 5.0859375, 0.25927734375, 1.78515625, 0.318115234375, 2.341796875, 0.0784912109375, 0.525390625, 0.2371826171875, 0.57763671875, 5.40234375, 0.78466796875, 5.87890625, 3.208984375, 0.2724609375, 3.99609375, 0.49365234375, 0.71044921875, 6.21875, 2.2109375, 1.533203125, 5.71875, 1.158203125, 4.265625, 2.7890625, 4.859375, 3.416015625, 4.36328125, 7.1640625, 8.28125, 3.908203125, 2.70703125, 1.2822265625, 0.94580078125, 0.0003876686096191406, 1.796875, 0.002994537353515625, 4.171875, 0.00028705596923828125, 0.0005879402160644531, 0.0016183853149414062, 0.25439453125, 0.00029921531677246094, 3.345703125, 6.70703125, 0.258544921875, 1.4697265625, 0.59716796875, 1.9599609375, 0.88720703125, 0.74755859375, 1.44921875, 9.4921875, 2.765625, 6.06640625, 0.1505126953125, 0.291259765625, 0.80419921875, 5.66015625, 5.61328125, 6.5859375, 0.57275390625, 1.033203125, 9.3359375, 3.38671875, 5.7109375, 2.896484375, 4.0, 5.98046875, 1.6044921875, 0.51611328125, 10.9609375, 0.053680419921875, 2.791015625, 0.99365234375, 3.310546875, 7.1953125, 1.232421875, 3.662109375, 13.515625, 3.52734375, 8.6015625, 7.82421875, 9.4453125, 1.2255859375, 12.5234375, 10.1796875, 1.8125, 5.375, 4.19140625, 3.509765625, 1.5048828125, 1.611328125, 5.640625, 1.9033203125, 1.4892578125, 3.84765625, 6.140625, 2.048828125, 2.26171875, 3.26953125, 5.83984375, 2.46484375, 1.4326171875, 3.1171875, 4.85546875, 0.91162109375, 1.783203125, 8.2578125, 4.5, 2.8203125, 6.51171875, 12.0703125, 3.458984375, 2.4453125, 1.01171875, 0.04608154296875, 0.032562255859375, 0.5166015625, 0.08905029296875, 0.045440673828125, 0.044342041015625, 0.11236572265625, 0.010040283203125, 0.34423828125, 0.0084228515625, 0.966796875, 1.126953125, 13.453125, 1.578125, 7.61328125, 1.8896484375, 5.5234375, 3.46875, 0.62353515625, 0.73583984375, 4.2578125, 3.443359375, 0.058013916015625, 5.39453125, 10.2890625, 11.0078125, 1.8798828125, 0.20263671875, 9.0703125, 0.29541015625, 1.515625, 0.56396484375, 0.01222991943359375, 4.87109375, 1.796875, 4.1796875, 0.39013671875, 0.0003478527069091797, 4.61328125, 2.87109375, 9.15625, 10.1171875, 1.90234375, 6.20703125, 1.6650390625, 3.505859375, 5.21484375, 6.1484375, 0.5107421875, 8.4765625, 7.66796875, 1.6171875, 0.77880859375, 3.208984375, 2.33203125, 9.5546875, 5.3984375, 3.50390625, 6.98828125, 4.73828125, 5.9296875, 5.23046875, 1.2978515625, 4.515625, 4.5546875, 1.6171875, 6.86328125, 7.6796875, 0.0682373046875, 8.375, 4.29296875, 0.01288604736328125, 2.9921875, 7.77734375, 0.58740234375, 2.23828125, 0.8671875, 0.6123046875, 0.13232421875, 0.2122802734375, 0.3212890625, 0.533203125, 4.16015625, 8.9375, 7.18359375, 5.19921875, 1.18359375, 5.0703125, 1.712890625, 7.0390625, 0.59326171875, 5.5390625]",-1.3242143772743842
192,0,test,3.0530897604127976,1.3553786128105483,1.7006201189706245,6.676536948595019,2.9639598236186715,3.7189385019247725,21.18068667180437,15.719254010041482,17.313722909999182,46.318204919660104,34.375071956024776,37.86187757241579,3.4910187239598747,1.551840427118813,2.1743559673712394,6.432525241370509,2.8594096758948497,4.006452199137747,32.81936455508973,25.866329263489934,29.08841506372143,60.472718022804216,47.66110669846756,53.59809812667189,3.3747319361836614,1.5245239373076789,2.1087427226316215,6.84067284361553,3.0902512242723224,4.2744784918208545,29.216450858103318,22.855308362605665,25.66985151253679,59.2225355231824,46.32832776203851,52.03348279568269,0.7070707070707071,-0.0029292929292928926,-0.012929292929292902,0.5707070707070707,0.010707070707070665,0.02570707070707079,0.45959595959595956,-0.005404040404040411,-0.010404040404040416,0.3879093198992444,0.1086640368803764,0.14353004326190322,0.3762626262626263,0.43939393939393945,0.13712693687504773,0.20113890583689242,0.47208121827411165,0.43143812709030105,0.13761508869297212,0.20118228726827658,0.44630872483221473,22.0,4.0,4.0,33.0,4.0,4.0,42.0,5.0,6.0,-0.0004925781030802646,0.0007997801655199932,-0.000152480574033232,-0.026897960014157896,-0.037164152452358046,-0.0312753834242292,"[3.48828125, 2.818359375, 0.34375, 6.94140625, 3.650390625, 0.8515625, 2.552734375, 0.50537109375, 0.232421875, 0.2060546875, 0.5126953125, 0.00518035888671875, 1.125, 0.004180908203125, 0.04913330078125, 0.193603515625, 0.2259521484375, 4.890625, 0.2093505859375, 0.013885498046875, 0.14208984375, 3.16796875, 0.70849609375, 0.01204681396484375, 0.13623046875, 11.3203125, 3.404296875, 1.59765625, 0.0108184814453125, 0.324462890625, 1.5869140625, 0.004749298095703125, 0.3916015625, 5.57421875, 10.09375, 0.54638671875, 0.0119476318359375, 0.328857421875, 0.2095947265625, 0.0025787353515625, 0.074462890625, 6.7265625, 0.91162109375, 0.0144805908203125, 2.140625, 0.044342041015625, 9.2421875, 7.7890625, 3.5546875, 5.58203125, 1.53515625, 0.01093292236328125, 0.05828857421875, 3.087890625, 3.41796875, 4.0234375, 3.62109375, 6.328125, 1.4892578125, 8.6640625, 10.1640625, 9.9921875, 4.05078125, 4.05859375, 1.2314453125, 6.42578125, 4.375, 1.7578125, 5.8984375, 4.94921875, 0.33740234375, 1.5537109375, 5.86328125, 6.52734375, 6.2421875, 0.83740234375, 3.892578125, 10.65625, 2.107421875, 4.5703125, 2.544921875, 2.353515625, 1.873046875, 3.306640625, 2.615234375, 1.1455078125, 1.568359375, 8.265625, 3.91015625, 7.2421875, 5.83203125, 1.5341796875, 6.7890625, 0.0236358642578125, 1.400390625, 6.52734375, 6.359375, 0.544921875, 4.9375, 0.49072265625, 0.2291259765625, 1.2734375, 1.4091796875, 2.345703125, 0.9150390625, 4.765625, 2.6953125, 6.6328125, 0.732421875, 1.640625, 1.0234375, 0.061431884765625, 1.779296875, 8.3125, 0.4521484375, 8.4609375, 0.0024509429931640625, 6.125, 10.3203125, 7.1953125, 5.08984375, 2.857421875, 9.34375, 6.53515625, 0.08111572265625, 3.052734375, 5.1328125, 10.171875, 0.61279296875, 7.65625, 5.2109375, 8.2734375, 1.4814453125, 1.287109375, 6.90625, 4.75390625, 3.654296875, 7.9765625, 3.5703125, 6.78125, 0.9873046875, 2.21875, 7.78125, 9.4453125, 4.78125, 2.287109375, 4.5859375, 9.671875, 4.4375, 9.0703125, 0.97509765625, 2.552734375, 0.01088714599609375, 0.73486328125, 3.94921875, 2.71484375, 1.4755859375, 6.2421875, 2.87109375, 1.6015625, 1.7568359375, 3.728515625, 2.525390625, 0.140380859375, 5.78125, 4.11328125, 0.5126953125, 4.85546875, 5.03125, 1.5302734375, 0.6220703125, 0.023681640625, 0.50439453125, 5.65234375, 2.07421875, 2.314453125, 8.5546875, 4.890625, 1.921875, 10.3359375, 1.0654296875, 1.744140625, 2.0859375, 13.0546875, 0.1822509765625, 1.6865234375, 3.841796875, 0.94677734375, 0.67529296875, 4.80078125, 7.21875, 1.8447265625, 10.515625, 4.69140625, 13.578125, 1.2138671875, 0.5556640625, 3.115234375, 0.00323486328125, 0.53076171875, 5.27734375, 7.56640625, 10.359375, 6.171875, 1.2548828125, 7.87890625, 4.18359375, 4.34765625, 2.2578125, 11.6875, 2.9921875, 2.599609375, 7.7421875, 8.828125, 6.19140625, 5.54296875, 5.421875, 5.91015625, 9.09375, 3.083984375, 6.375, 3.84375, 0.65234375, 0.548828125, 0.07122802734375, 6.1171875, 2.28515625, 11.0, 3.037109375, 1.4990234375, 0.521484375, 6.80078125, 0.56201171875, 3.65625, 0.54345703125, 0.2259521484375, 0.08697509765625, 0.00855255126953125, 0.09503173828125, 0.003360748291015625, 4.640625, 6.7109375, 11.0546875, 3.470703125, 0.533203125, 0.0007147789001464844, 3.005859375, 3.515625, 2.71484375, 1.958984375, 7.453125, 1.2412109375, 0.83837890625, 0.0004286766052246094, 0.46044921875, 0.367919921875, 4.9296875, 0.07830810546875, 6.02734375, 0.43505859375, 0.51318359375, 0.00018227100372314453, 4.19921875, 8.53125, 0.0109405517578125, 1.2744140625, 1.8818359375, 2.263671875, 4.8671875, 0.336181640625, 8.140625, 2.244140625, 7.609375, 0.1514892578125, 1.5361328125, 0.0007033348083496094, 0.448974609375, 0.278076171875, 0.0010499954223632812, 0.007640838623046875, 0.027801513671875, 0.06646728515625, 0.11041259765625, 1.251953125, 0.8984375, 5.36328125, 7.32421875, 3.564453125, 0.6767578125, 1.4140625, 3.85546875, 11.1484375, 4.2734375, 1.8125, 3.1171875, 0.7724609375, 0.8955078125, 2.568359375, 5.24609375, 1.4697265625, 2.90625, 0.042449951171875, 0.003383636474609375, 1.6396484375, 0.042816162109375, 0.02557373046875, 0.97705078125, 0.2069091796875, 0.779296875, 0.00040912628173828125, 0.90966796875, 0.10247802734375, 0.005924224853515625, 0.08184814453125, 0.1597900390625, 0.7431640625, 0.0002732276916503906, 7.140625, 1.6484375, 2.9453125, 0.8720703125, 2.208984375, 0.923828125, 7.665157318115234e-05, 1.701171875, 0.8388671875, 4.1796875, 8.5625, 0.8310546875, 2.431640625, 1.7529296875, 2.44140625, 0.0006551742553710938, 9.6796875, 5.2109375, 1.56640625, 1.7353515625, 9.609375, 1.5966796875, 9.90625, 1.484375, 7.8671875, 13.125, 7.42578125, 1.8349609375, 2.37109375, 6.109375, 4.61328125, 2.3125, 1.9130859375, 0.97900390625, 0.08184814453125, 0.79052734375, 0.001514434814453125, 5.05859375, 0.01015472412109375, 0.09478759765625, 0.03741455078125, 0.2054443359375, 0.0037689208984375, 0.5185546875, 0.0033206939697265625, 0.0677490234375, 0.2318115234375, 0.01447296142578125, 0.0225067138671875, 0.33447265625, 0.09515380859375, 0.464599609375, 0.152587890625, 0.21533203125, 0.035797119140625, 0.0311431884765625, 2.435546875, 0.00428009033203125, 0.001430511474609375, 0.3203125, 0.009552001953125, 3.4453125, 0.90576171875, 0.849609375, 4.74609375, 7.12109375, 0.329345703125, 4.21875, 0.06689453125, 6.4140625, 2.662109375, 1.052734375, 0.429931640625, 0.5068359375, 0.0762939453125, 0.0013332366943359375, 6.296875, 8.4921875, 3.83984375, 0.1324462890625]",-1.4008115304807571
141,0,test,4.101742694561298,1.9491605406315715,2.625113119752414,7.684874243833236,3.6518754956660473,4.9183153852832575,60.44553396788784,51.83847950036112,56.06736945834652,113.24852915822663,97.1226684891823,105.045761169086,4.217368475755855,1.948702640382471,2.653349122314371,6.802207218961056,3.1430687748104367,4.279595358571566,67.85468788281698,58.18819237210321,63.076700761717696,109.44304497228545,93.85192318081164,101.73661413180274,4.049861461422515,1.8900009740481951,2.583004211359528,7.7385887797882456,3.611466829391455,4.935676836992728,57.389505834183346,48.719577824519654,53.053917795638384,109.66147611627392,93.09473469653437,101.37691298529629,0.778894472361809,-0.006105527638191055,-0.006105527638191055,0.6783919597989949,-0.016608040201005148,-0.006608040201005139,0.5829145728643217,0.012914572864321627,-0.002085427135678275,0.4276923076923077,0.08514238449722322,0.162595071254232,0.3950617283950617,0.46733668341708545,0.12147202176295013,0.2018942794104076,0.41414141414141414,0.43143812709030105,0.09921775981150305,0.17226126390898844,0.3959731543624161,20.0,0.0,1.0,34.0,1.0,-1.0,45.0,2.0,2.0,0.0010181370631167333,0.0002585510479069107,0.00012939038244214044,0.00040436298294821427,2.9341792515680254e-06,-0.0001314242545484845,"[2.13671875, 12.8359375, 6.20703125, 4.90234375, 7.9296875, 11.734375, 4.078125, 7.03125, 1.287109375, 6.9921875, 0.068115234375, 0.876953125, 7.65625, 3.40625, 1.76953125, 10.8203125, 4.23828125, 6.8828125, 6.453125, 2.462890625, 12.8359375, 0.272216796875, 1.3818359375, 5.7734375, 9.0, 1.6962890625, 0.00270843505859375, 4.00390625, 2.212890625, 3.869140625, 7.640625, 2.419921875, 6.59375, 2.8515625, 8.796875, 5.5390625, 6.3359375, 7.57421875, 8.59375, 3.2421875, 5.27734375, 0.176513671875, 4.47265625, 1.302734375, 9.65625, 0.09295654296875, 3.2578125, 0.1370849609375, 0.122802734375, 1.58203125, 5.5859375, 0.70068359375, 3.28515625, 0.022491455078125, 2.041015625, 9.0859375, 1.5048828125, 13.484375, 4.45703125, 10.59375, 4.69921875, 6.10546875, 6.01171875, 6.8203125, 10.5625, 0.313232421875, 2.349609375, 3.693359375, 4.16015625, 2.96875, 10.25, 7.25, 16.578125, 4.02734375, 5.1171875, 1.6884765625, 10.03125, 7.0703125, 0.50830078125, 0.058837890625, 0.450439453125, 3.953125, 0.0325927734375, 5.24609375, 0.00815582275390625, 2.4921875, 0.9453125, 0.0253753662109375, 2.3046875, 0.14501953125, 1.9443359375, 0.0382080078125, 0.020111083984375, 0.07855224609375, 3.8125, 6.1328125, 5.36328125, 11.5390625, 3.220703125, 4.98828125, 5.796875, 10.453125, 0.05059814453125, 2.732421875, 5.26953125, 1.6416015625, 7.2265625, 6.9453125, 2.416015625, 7.9765625, 1.171875, 4.41015625, 0.348388671875, 0.03057861328125, 0.02276611328125, 0.11370849609375, 2.490234375, 4.40625, 3.138671875, 8.2734375, 6.34765625, 9.3515625, 2.921875, 5.75390625, 2.73046875, 1.01953125, 0.0148468017578125, 0.0240936279296875, 0.06103515625, 5.69140625, 0.01251220703125, 2.8828125, 0.0167999267578125, 2.080078125, 0.37109375, 0.022613525390625, 7.88671875, 4.0546875, 4.6171875, 3.251953125, 3.814453125, 14.296875, 4.4921875, 10.90625, 3.314453125, 8.546875, 7.9140625, 5.0546875, 4.62890625, 1.4521484375, 5.08984375, 4.59375, 8.921875, 4.51953125, 2.654296875, 2.55078125, 4.9296875, 9.1875, 4.625, 8.03125, 7.70703125, 8.7734375, 4.36328125, 1.8349609375, 6.81640625, 1.8447265625, 1.4697265625, 7.01953125, 0.026123046875, 1.4580078125, 5.35546875, 2.35546875, 3.703125, 2.326171875, 7.86328125, 4.22265625, 3.66796875, 7.41796875, 2.88671875, 10.171875, 1.37890625, 3.484375, 0.451171875, 0.6142578125, 6.9375, 0.87890625, 0.1072998046875, 1.1640625, 5.0703125, 0.76708984375, 0.8701171875, 2.845703125, 5.00390625, 4.73828125, 6.2421875, 2.6796875, 0.11737060546875, 3.724609375, 1.9716796875, 1.619140625, 6.91796875, 8.2734375, 9.4296875, 8.671875, 5.34375, 8.2734375, 2.74609375, 3.083984375, 0.515625, 0.06951904296875, 7.8046875, 3.8671875, 2.333984375, 3.984375, 2.08984375, 1.0458984375, 1.5400390625, 9.15625, 3.376953125, 5.46484375, 3.896484375, 3.5546875, 5.96875, 1.923828125, 0.78759765625, 9.3046875, 8.1953125, 6.24609375, 1.5693359375, 1.904296875, 0.283203125, 0.2861328125, 8.53125, 0.10406494140625, 1.763671875, 2.94140625, 2.412109375, 0.65185546875, 2.87890625, 9.15625, 6.3046875, 2.9765625, 1.935546875, 1.259765625, 0.41552734375, 5.765625, 2.482421875, 0.447998046875, 2.1640625, 0.349365234375, 3.822265625, 0.355224609375, 1.580078125, 0.4912109375, 1.576171875, 0.7314453125, 5.171875, 2.2421875, 7.53515625, 1.4326171875, 4.8671875, 2.931640625, 9.328125, 2.328125, 6.50390625, 8.890625, 0.04278564453125, 1.6123046875, 9.7734375, 0.10784912109375, 2.783203125, 3.63671875, 7.54296875, 5.328125, 2.69921875, 1.2119140625, 1.1337890625, 2.609375, 1.1474609375, 10.7109375, 4.3046875, 4.9140625, 4.01171875, 3.669921875, 5.640625, 5.05078125, 2.30859375, 1.8076171875, 6.10546875, 8.234375, 11.359375, 4.75390625, 1.41796875, 0.84130859375, 10.3359375, 0.1666259765625, 5.421875, 0.2398681640625, 0.272705078125, 2.55078125, 7.875, 3.376953125, 9.2890625, 5.03125, 0.337646484375, 4.00390625, 2.404296875, 3.400390625, 10.421875, 6.30859375, 8.0703125, 5.421875, 3.251953125, 0.685546875, 3.443359375, 2.923828125, 6.08984375, 2.939453125, 2.78125, 0.07403564453125, 0.07049560546875, 5.76953125, 2.755859375, 5.4375, 1.1630859375]",-0.5755835078312801
155,0,test,2.9479162915172226,1.346106557856436,1.7255657252489058,6.291083929383123,2.8726966765427853,3.68249221812895,19.066183939089584,14.104179729370776,15.671025031521012,40.688727735934194,30.09942266267953,33.44319308402808,3.4249429744691704,1.607133549268137,2.191841333670758,5.854603375160975,2.7472368363557895,3.7467373225141154,30.720892926324474,24.562539596635553,27.289035491482622,52.51434688260594,41.987247173735994,46.64792391706431,3.249336841114389,1.5058723616520566,2.0812255187931177,6.0925065770894795,2.8235106780976067,3.902297847737096,25.773242493894724,20.056126510907337,22.557329417969346,48.32482967605261,37.60523720795126,42.29499265869253,0.6984924623115578,0.0034924623115577536,-0.006507537688442255,0.5829145728643217,-0.012085427135678284,-0.01708542713567829,0.49246231155778897,-0.007537688442211032,-0.007537688442211032,0.40944881889763785,0.10931775729868631,0.15822692251445114,0.34736842105263155,0.4623115577889447,0.14652208410473422,0.22691923725472107,0.4292929292929293,0.42140468227424754,0.10587880581347964,0.1855871071908215,0.38590604026845643,18.0,-2.0,-1.0,31.0,-4.0,-4.0,38.0,-1.0,-2.0,0.00043837392516500953,0.0009525495734820092,0.00012688107257480396,-0.009069741828668931,-0.009969502773233607,-0.00956668886924028,"[7.18359375, 3.443359375, 0.06298828125, 2.787109375, 0.88525390625, 8.5390625, 9.3984375, 2.03515625, 2.283203125, 4.63671875, 3.578125, 3.853515625, 3.990234375, 9.8984375, 5.83984375, 2.607421875, 6.9296875, 0.7216796875, 5.47265625, 2.044921875, 0.040618896484375, 6.0390625, 2.009765625, 5.60546875, 1.1806640625, 1.0068359375, 2.068359375, 6.3203125, 5.01171875, 3.271484375, 7.66796875, 4.9765625, 0.0214996337890625, 0.986328125, 2.12109375, 6.91015625, 2.6640625, 4.078125, 2.498046875, 0.018310546875, 1.552734375, 1.6044921875, 3.40625, 4.07421875, 2.40234375, 0.0275115966796875, 5.8828125, 3.685546875, 0.002941131591796875, 0.63037109375, 0.64599609375, 2.59375, 0.9033203125, 8.7421875, 6.453125, 1.8720703125, 0.51318359375, 1.2841796875, 0.409423828125, 9.28125, 3.224609375, 13.7421875, 0.630859375, 3.455078125, 4.6328125, 0.724609375, 0.26806640625, 5.328125, 6.30078125, 1.4052734375, 0.576171875, 0.46875, 0.77392578125, 0.330810546875, 4.71875, 6.99609375, 7.33203125, 0.1971435546875, 11.140625, 1.26171875, 5.65625, 7.03515625, 9.28125, 2.4453125, 10.2265625, 0.8515625, 5.9453125, 4.47265625, 3.1171875, 4.984375, 0.83203125, 0.00214385986328125, 3.916015625, 1.8623046875, 3.701171875, 2.3046875, 0.25732421875, 0.1328125, 0.076171875, 5.8203125, 4.25, 4.75, 1.11328125, 3.32421875, 3.806640625, 4.48828125, 3.25390625, 0.227783203125, 0.197021484375, 1.529296875, 2.408203125, 0.193603515625, 1.71875, 0.1981201171875, 0.1571044921875, 12.1015625, 4.390625, 4.921875, 0.76220703125, 7.092952728271484e-05, 0.426513671875, 0.09228515625, 0.04632568359375, 1.1123046875, 0.2216796875, 2.93359375, 0.25341796875, 7.95703125, 5.38671875, 0.81689453125, 0.04681396484375, 3.666015625, 4.0625, 2.02734375, 11.8359375, 6.25, 5.89453125, 1.9765625, 9.3046875, 5.58203125, 5.82421875, 6.109375, 3.15234375, 0.607421875, 0.00028252601623535156, 4.95703125, 5.51171875, 8.5390625, 4.5625, 1.068359375, 6.359375, 4.00390625, 4.734375, 9.4453125, 0.53173828125, 2.71875, 3.046875, 6.71484375, 4.8359375, 1.337890625, 4.79296875, 2.212890625, 0.00569915771484375, 0.35888671875, 4.1015625, 3.408203125, 4.7265625, 1.046875, 6.55078125, 0.1334228515625, 1.7900390625, 6.83984375, 0.050811767578125, 4.26171875, 1.59765625, 5.91796875, 4.36328125, 0.0237579345703125, 0.60009765625, 3.4375, 0.2890625, 0.039794921875, 6.7421875, 5.515625, 7.13671875, 5.6171875, 1.84765625, 14.078125, 2.611328125, 7.26953125, 3.142578125, 0.416259765625, 0.81787109375, 0.094482421875, 0.7421875, 0.1031494140625, 8.265625, 0.05316162109375, 0.2410888671875, 2.138671875, 2.533203125, 1.8427734375, 4.54296875, 2.255859375, 0.853515625, 1.865234375, 2.056640625, 6.69140625, 1.7978515625, 1.0966796875, 2.73046875, 10.3671875, 6.66015625, 8.5703125, 7.71484375, 2.587890625, 2.5546875, 0.77099609375, 0.002109527587890625, 6.5078125, 5.4609375, 6.546875, 0.1171875, 4.01171875, 9.15625, 2.794921875, 0.50439453125, 0.8154296875, 2.203125, 7.32421875, 1.4853515625, 0.036712646484375, 0.01378631591796875, 2.166015625, 9.1640625, 3.615234375, 0.38623046875, 4.55859375, 3.09765625, 7.9609375, 1.06640625, 1.1396484375, 0.38427734375, 0.05999755859375, 1.4609375, 3.18359375, 2.34765625, 10.0703125, 3.056640625, 4.3671875, 0.1993408203125, 3.65625, 0.1746826171875, 0.083740234375, 0.07220458984375, 1.333984375, 10.5703125, 0.1944580078125, 1.6435546875, 0.29736328125, 4.5859375, 6.43359375, 0.42919921875, 3.0390625, 8.2265625, 2.056640625, 0.0894775390625, 0.73681640625, 7.5703125, 3.177734375, 8.078125, 2.609375, 3.98828125, 0.1868896484375, 0.51513671875, 1.2265625, 1.7509765625, 5.7734375, 3.095703125, 0.1900634765625, 5.703125, 1.8525390625, 0.01084136962890625, 2.623046875, 0.1861572265625, 0.2030029296875, 0.198974609375, 0.370361328125, 4.6640625, 0.54833984375, 2.92578125, 0.132568359375, 1.8271484375, 7.57421875, 0.029632568359375, 6.09375, 1.1962890625, 0.10296630859375, 0.037506103515625, 0.52685546875, 0.1046142578125, 0.01174163818359375, 10.296875, 7.8125, 1.9541015625, 0.06964111328125, 0.364013671875, 5.62890625, 2.46875, 6.66015625, 2.28125, 0.04736328125, 0.026031494140625, 0.082275390625, 3.060546875, 4.671875, 1.2470703125, 2.978515625, 4.203125, 5.21875, 4.01953125, 0.12744140625, 0.06951904296875, 0.1495361328125, 2.943359375, 10.765625, 6.6796875, 1.689453125, 4.03125, 0.04278564453125, 0.42236328125, 0.2041015625, 0.332275390625, 0.004520416259765625, 11.375, 2.78515625, 0.31787109375, 0.8125, 0.1527099609375, 7.21875, 3.71484375, 3.53515625, 0.59716796875, 0.03125, 0.0443115234375, 0.1138916015625, 0.5234375, 1.8427734375, 0.7548828125, 2.349609375, 0.9912109375, 0.01171875, 0.05413818359375, 0.0328369140625, 0.1318359375, 0.0016632080078125, 1.880859375, 0.0142974853515625, 0.021759033203125, 0.07232666015625, 0.26220703125, 1.81640625, 4.203125, 0.09368896484375, 2.111328125, 0.16455078125, 0.00531005859375, 0.0196380615234375, 0.100341796875, 0.0875244140625, 0.65576171875, 0.31884765625, 3.388671875, 0.0012445449829101562, 3.70703125, 0.0174560546875, 0.050628662109375, 0.0004963874816894531, 0.5263671875, 0.0029926300048828125, 0.00467681884765625]",-1.255235888200795
209,0,test,3.5220538590241364,1.4008113988118698,1.6650208497374033,8.28831152694267,3.29647465046489,3.9182284126972595,33.85388822298482,25.51239319536254,27.449182372657084,79.66703043778493,60.03731659560859,64.59508677913324,3.81186693517407,1.579800939938579,2.2249002267471885,7.330513336873211,3.0380787306511134,4.278654282206132,45.234810542481824,35.91571112283395,40.34591357790038,86.9900202740035,69.06867523621912,77.58829534211611,3.6179249382338,1.6108998790766975,2.1991624905297353,7.808471089713238,3.476762328942513,4.746393864452666,37.26017039261853,29.819022979427288,33.12816668849921,80.4176339409033,64.35760355272078,71.4996403348904,0.6683417085427136,-0.011658291457286363,0.0033417085427135396,0.6281407035175879,-0.0018592964824121205,-0.006859296482412125,0.5979899497487438,0.002989949748743781,0.007989949748743674,0.5462962962962963,0.18213444658531364,0.2237156511350059,0.5034802784222738,0.5477386934673367,0.19435523482072015,0.2789573912970529,0.5,0.5317725752508361,0.182857717154008,0.26925867091268263,0.47986577181208057,22.0,0.0,2.0,34.0,-1.0,0.0,40.0,1.0,-1.0,0.00047003073785490714,0.0006121955031627966,5.9437484565944567e-05,-0.03659015490558204,-0.04146966652493411,-0.039255666834987935,"[7.453125, 11.671875, 5.69140625, 6.8046875, 7.91796875, 4.4765625, 2.78515625, 8.4921875, 2.2109375, 2.90234375, 0.9765625, 5.2265625, 0.0853271484375, 0.86572265625, 0.26123046875, 0.849609375, 0.04278564453125, 0.1920166015625, 0.12237548828125, 1.80859375, 0.01534271240234375, 10.109375, 2.5078125, 4.9375, 2.712890625, 8.6796875, 3.173828125, 14.21875, 1.5556640625, 7.0, 13.2578125, 1.541015625, 6.98828125, 7.65625, 1.103515625, 5.46875, 7.02734375, 5.84765625, 0.038421630859375, 6.09375, 4.4140625, 4.0859375, 0.5439453125, 4.71875, 4.51171875, 6.4921875, 2.55078125, 6.98828125, 0.438232421875, 7.47265625, 6.3671875, 0.1441650390625, 6.859375, 5.27734375, 0.019561767578125, 4.91015625, 4.57421875, 6.93359375, 0.021209716796875, 5.34765625, 6.59765625, 0.99267578125, 0.004039764404296875, 0.7119140625, 10.1953125, 0.3203125, 9.140625, 0.0748291015625, 8.125, 7.73046875, 0.039520263671875, 4.96484375, 3.701171875, 5.19921875, 0.005146026611328125, 5.0546875, 4.375, 5.1171875, 0.00763702392578125, 3.228515625, 5.515625, 0.7578125, 0.0024013519287109375, 6.13671875, 4.50390625, 0.029083251953125, 8.7578125, 0.09130859375, 8.0859375, 5.30078125, 0.1788330078125, 7.7109375, 6.12890625, 0.0225067138671875, 4.74609375, 4.0390625, 4.6875, 0.0282440185546875, 3.87109375, 7.4453125, 0.50439453125, 0.0026950836181640625, 0.64111328125, 5.53515625, 3.591796875, 0.0211639404296875, 7.89453125, 0.154052734375, 8.40625, 6.109375, 0.054718017578125, 7.62890625, 2.87890625, 0.0007405281066894531, 6.296875, 5.2265625, 2.771484375, 0.0047607421875, 5.63671875, 4.94921875, 1.01171875, 0.00217437744140625, 4.3515625, 9.9765625, 0.00921630859375, 3.00390625, 3.931640625, 0.04461669921875, 6.953125, 7.609375, 0.01519012451171875, 5.78515625, 6.26953125, 0.053863525390625, 5.0234375, 5.1640625, 4.765625, 0.005054473876953125, 5.3359375, 4.109375, 0.62939453125, 0.0028896331787109375, 0.55859375, 4.6171875, 4.3828125, 0.00698089599609375, 8.53125, 0.058563232421875, 4.34375, 2.955078125, 6.4296875, 0.0231781005859375, 7.73828125, 3.59375, 0.0014019012451171875, 5.25390625, 4.57421875, 3.587890625, 0.004352569580078125, 4.83984375, 5.26171875, 0.46435546875, 0.0028476715087890625, 1.0361328125, 3.580078125, 5.08984375, 0.0038814544677734375, 6.421875, 0.0352783203125, 8.6484375, 6.12890625, 0.01036834716796875, 6.9609375, 5.24609375, 0.001102447509765625, 4.71875, 3.779296875, 4.04296875, 0.00656890869140625, 8.9296875, 5.55078125, 0.338134765625, 0.0011911392211914062, 0.166015625, 4.93359375, 4.42578125, 0.004428863525390625, 8.421875, 0.04241943359375, 7.79296875, 5.4921875, 0.026123046875, 8.671875, 3.033203125, 0.019866943359375, 5.078125, 6.7265625, 4.69921875, 0.00604248046875, 4.734375, 4.58984375, 1.4609375, 0.0017871856689453125, 0.411376953125, 4.68359375, 4.18359375, 0.0068817138671875, 6.0546875, 0.036376953125, 5.8125, 7.07421875, 0.03399658203125, 8.375, 3.353515625, 0.002361297607421875, 4.1484375, 5.203125, 4.21875, 0.003841400146484375, 4.84765625, 6.14453125, 0.8046875, 0.0006947517395019531, 0.148193359375, 4.97265625, 4.92578125, 0.630859375, 9.0703125, 0.01364898681640625, 6.58203125, 7.73046875, 0.00753021240234375, 3.099609375, 3.16015625, 2.919921875, 0.0020904541015625, 5.37109375, 3.8984375, 4.76171875, 0.0005426406860351562, 6.265625, 4.32421875, 0.46337890625, 0.001949310302734375, 0.1566162109375, 7.62109375, 2.107421875, 0.0036487579345703125, 7.125, 0.0438232421875, 7.9453125, 5.9609375, 0.0164642333984375, 3.533203125, 3.955078125, 2.62890625, 0.00013840198516845703, 4.640625, 4.6484375, 3.728515625, 0.0006875991821289062, 5.125, 5.5859375, 0.44970703125, 0.0007762908935546875, 0.1524658203125, 5.71875, 0.284912109375, 3.314453125, 3.552734375, 0.0091094970703125, 7.03515625, 7.53515625, 0.039581298828125, 5.92578125, 2.392578125, 0.0018663406372070312, 5.52734375, 2.78515625, 3.5546875, 0.0009751319885253906, 5.11328125, 6.3515625, 0.2227783203125, 0.00024509429931640625, 0.053558349609375, 5.3203125, 4.98046875, 0.004669189453125, 7.44140625, 0.01119232177734375, 8.734375, 5.33984375, 0.0052490234375, 9.390625, 2.765625, 0.01538848876953125, 5.4140625, 4.83984375, 4.09765625, 0.00182342529296875, 6.41796875, 2.376953125, 0.266357421875, 0.0015316009521484375, 5.08203125, 6.64453125, 4.765625, 0.00522613525390625, 7.90625, 0.0114593505859375, 7.2734375, 7.38671875, 0.01403045654296875, 7.734375, 3.955078125, 0.0234832763671875, 4.4609375, 4.2421875, 2.791015625, 0.0013866424560546875, 3.23046875, 7.94140625, 0.255126953125, 0.0006971359252929688, 4.1640625, 3.83203125, 4.79296875, 0.01523590087890625, 7.81640625, 0.0220489501953125, 6.81640625, 7.53515625, 0.0161590576171875, 8.140625, 3.26171875, 0.0164947509765625, 3.34765625, 6.2578125, 5.484375, 0.007595062255859375, 3.97265625, 5.734375, 0.25390625, 0.0006718635559082031, 2.41796875, 4.4453125, 4.578125, 0.00890350341796875, 6.28125, 0.015716552734375, 3.421875, 4.2578125, 7.63671875, 0.00260162353515625, 2.62890625, 5.78515625, 1.7109375, 0.00044536590576171875, 5.12109375, 3.61328125, 6.3671875, 0.0030879974365234375, 4.75390625, 5.0546875, 0.07366943359375, 0.0005230903625488281, 1.666015625, 4.14453125, 4.296875, 0.0044403076171875, 5.28125, 2.712890625, 0.01180267333984375, 7.25, 6.51171875, 0.006023406982421875, 7.6484375, 4.0390625, 0.004566192626953125, 4.6796875, 4.86328125, 4.7734375, 0.005741119384765625, 5.1171875, 4.421875, 2.583984375, 0.0010929107666015625, 0.92578125, 3.84375, 4.94921875, 0.0207061767578125, 6.92578125, 0.03192138671875, 6.546875, 6.6640625, 0.074462890625, 6.80078125, 4.1640625, 0.0189208984375, 4.24609375, 4.8984375, 4.01171875, 0.00030803680419921875, 5.40234375, 5.015625, 0.1265869140625, 0.0004978179931640625, 2.083984375, 6.32421875, 4.13671875, 0.007328033447265625, 5.93359375, 0.07550048828125, 3.615234375, 3.84765625, 6.08203125, 0.006595611572265625, 7.53125, 3.552734375, 0.004489898681640625, 4.9296875, 4.7734375, 2.431640625, 0.001247406005859375, 3.185546875, 6.8515625, 0.1312255859375, 0.00193023681640625, 1.435546875, 5.03515625, 7.921875]",-0.6075790908049652
105,0,test,2.791249858679148,1.2008815797741828,1.6957851880377557,6.710277438036739,2.886967838245005,4.076736108616018,16.301381497663563,11.39582628946442,13.310809506075103,39.18917976205988,27.396026837298308,31.999723863089642,3.0636224267470777,1.3427821811870795,1.8729840887599836,6.382546722389746,2.7974628774730825,3.9020501849166327,21.40495477449713,15.81573196304829,18.115774628467815,44.59365578020236,32.94944158968394,37.74119714264128,2.766863752518022,1.1798719906579274,1.6723105387163637,6.651652253528174,2.8364599371372394,4.0203021031767125,15.908662187027096,11.019642737257735,12.920814730898226,38.24506667184291,26.491666378457985,31.062160666199773,0.5979899497487438,-0.012010050251256232,0.007989949748743674,0.48743718592964824,0.00743718592964826,-0.002562814070351749,0.3919597989949749,0.001959798994974893,0.001959798994974893,0.3628691983122363,0.09971130357539415,0.15669809031784643,0.26694915254237284,0.3869346733668342,0.09620785632422768,0.16489794548703451,0.297979797979798,0.3755274261603375,0.10815900510770593,0.16655126907758855,0.27542372881355937,19.0,0.0,-1.0,32.0,0.0,0.0,39.0,0.0,-1.0,0.0011295880175137126,0.0001752540463539764,0.00037753530255361294,-0.03193232761016507,-0.03022898029692822,-0.032263260251164994,"[7.69140625, 9.1640625, 8.0078125, 12.609375, 3.283203125, 2.6953125, 7.3125, 1.8583984375, 4.65625, 1.298828125, 10.5859375, 0.66943359375, 3.5625, 5.59765625, 2.83984375, 7.70703125, 4.46484375, 6.35546875, 8.8984375, 3.576171875, 4.61328125, 2.24609375, 0.1956787109375, 6.28515625, 0.04901123046875, 2.216796875, 2.814453125, 2.26953125, 5.74609375, 10.3359375, 2.71484375, 0.096435546875, 5.8515625, 2.54296875, 0.88671875, 10.28125, 3.388671875, 3.01171875, 1.107421875, 6.13671875, 1.0390625, 9.8828125, 1.201171875, 11.921875, 6.37109375, 2.755859375, 0.767578125, 0.017120361328125, 8.265625, 6.9921875, 2.8828125, 4.7265625, 0.7099609375, 0.496337890625, 1.9111328125, 6.36328125, 5.69921875, 0.546875, 11.171875, 1.7822265625, 6.3515625, 1.3232421875, 0.0576171875, 1.3603515625, 15.2890625, 7.59375, 1.5927734375, 6.0625, 0.294189453125, 5.96484375, 0.93017578125, 0.0211334228515625, 0.71875, 2.587890625, 8.3984375, 3.982421875, 3.322265625, 1.2392578125, 7.39453125, 0.41552734375, 7.28125, 8.140625, 1.9111328125, 4.08984375, 6.8828125, 3.791015625, 0.96826171875, 7.39453125, 6.0546875, 0.05987548828125, 2.865234375, 0.50634765625, 1.1337890625, 0.359619140625, 0.394287109375, 8.59375, 1.6875, 6.1796875, 1.5693359375, 0.9296875, 0.054443359375, 3.39453125, 0.01485443115234375, 0.061279296875, 0.064697265625, 0.66748046875, 0.05206298828125, 0.2298583984375, 0.0439453125, 0.03179931640625, 0.31787109375, 0.091064453125, 8.484375, 1.8095703125, 0.51708984375, 0.205078125, 0.67333984375, 0.06988525390625, 8.5546875, 3.1015625, 2.400390625, 0.0297698974609375, 0.1708984375, 0.84619140625, 0.020904541015625, 3.076171875, 0.17333984375, 10.3515625, 4.453125, 2.486328125, 5.828125, 2.134765625, 0.78125, 0.66357421875, 4.9140625, 2.255859375, 1.421875, 0.201171875, 6.16015625, 0.8974609375, 4.5703125, 2.369140625, 7.20703125, 5.89453125, 1.046875, 0.453369140625, 0.497314453125, 8.515625, 2.609375, 0.830078125, 0.61669921875, 3.4296875, 3.935546875, 0.073486328125, 0.251220703125, 0.126220703125, 2.287109375, 5.83984375, 1.958984375, 6.0546875, 0.495849609375, 0.5087890625, 0.340576171875, 0.0340576171875, 0.04315185546875, 2.140625, 0.54638671875, 4.40234375, 0.064208984375, 0.055084228515625, 0.041900634765625, 0.370361328125, 5.09375, 0.2069091796875, 8.203125, 4.41015625, 1.478515625, 0.0243682861328125, 0.34765625, 0.552734375, 3.97265625, 0.1573486328125, 0.293212890625, 4.3515625, 9.046875, 3.291015625, 0.67333984375, 0.5205078125, 0.90380859375, 0.1778564453125, 0.3525390625, 0.07611083984375, 0.572265625, 0.0008678436279296875, 0.43408203125, 0.0055389404296875, 0.040313720703125, 0.00798797607421875, 0.052703857421875, 0.00662994384765625, 0.2235107421875, 0.5068359375, 0.063720703125, 0.01763916015625, 0.1524658203125, 0.125, 0.53662109375, 0.0158538818359375, 0.349609375, 0.076904296875, 0.08868408203125, 5.28125, 0.98193359375, 0.0283966064453125, 0.005367279052734375, 0.0076141357421875, 0.132080078125, 0.004322052001953125, 0.006389617919921875, 1.7236328125, 0.01202392578125, 10.0234375, 4.671875, 8.1484375, 1.15625, 0.0291595458984375, 0.031585693359375, 10.7578125, 0.11199951171875, 0.02447509765625, 2.24609375, 0.625, 0.72119140625, 2.416015625, 2.318359375, 0.152587890625, 0.357666015625]",-1.555368316827444
94,0,test,1.8448662212034024,0.7867923988547676,0.8838881120869739,9.406790402619547,4.011776627127607,4.50685806602589,6.327253281451097,3.4464366044628423,3.713001034188893,32.262038709816586,17.573039389788562,18.932225053446665,2.983688661201515,1.3372687049297054,1.8496168101860262,7.6504837466705515,3.428894115204373,4.742607205605195,19.760572433395577,14.572200493289804,16.65228518339282,50.66813444460404,37.364616649461034,42.698167136904665,2.536937101230175,1.1557133874158583,1.5649119243905267,8.456457004100583,3.8523779580528608,5.2163730813017555,12.640893837747283,8.661125090847161,9.99760166116096,42.13631279249095,28.870416969490535,33.32533887053654,0.5879396984924623,0.022939698492462357,0.0029396984924623393,0.4623115577889447,-0.007688442211055246,-0.007688442211055246,0.3869346733668342,-0.008065326633165837,-0.013065326633165841,0.28725701943844495,0.08121602698968555,0.08979856391547325,0.21212121212121215,0.3869346733668342,0.10372665331670883,0.1732451908960495,0.3484848484848485,0.35785953177257523,0.11411996582933648,0.16542349172808135,0.2953020134228188,21.0,0.0,1.0,32.0,0.0,-1.0,38.0,0.0,-1.0,0.0017062171052517026,0.0012574053181373163,0.0009672422603750425,-0.08986006645581046,-0.09098199578150812,-0.09828911813198893,"[7.2109375, 14.359375, 2.78515625, 6.4921875, 7.46875, 0.053863525390625, 4.38671875, 9.2265625, 3.365234375, 7.546875, 6.0234375, 1.072265625, 0.939453125, 1.1953125, 10.1640625, 6.08984375, 14.953125, 1.759765625, 10.890625, 0.221435546875, 0.5830078125, 8.7265625, 2.0859375, 7.47265625, 4.40625, 1.8095703125, 7.47265625, 1.4921875, 0.150390625, 0.026885986328125, 7.13671875, 0.296142578125, 0.418701171875, 1.9208984375, 0.392333984375, 0.52734375, 3.61328125, 1.1201171875, 1.865234375, 0.0802001953125, 1.0166015625, 0.0036106109619140625, 0.0885009765625, 0.208251953125, 5.6015625, 0.22705078125, 4.4609375, 0.90380859375, 0.47021484375, 9.9375, 3.0, 7.15234375, 0.048858642578125, 7.8671875, 0.05938720703125, 5.8671875, 0.38134765625, 4.21875, 0.01262664794921875, 6.3359375, 0.106201171875, 6.2578125, 0.64599609375, 9.921875, 3.302734375, 1.140625, 4.69921875, 3.990234375, 2.3125, 0.195068359375, 0.004398345947265625, 0.4560546875, 0.005802154541015625, 0.05633544921875, 0.2451171875, 0.036224365234375, 0.00360107421875, 0.50341796875, 0.1060791015625, 0.11395263671875, 0.127197265625, 0.61572265625, 2.65234375, 8.9921875, 1.3935546875, 1.44921875, 0.1910400390625, 6.828125, 0.9560546875, 0.19189453125, 0.01270294189453125, 0.611328125, 0.0172119140625, 1.6015625, 2.728515625, 0.0946044921875, 0.2420654296875, 12.7109375, 0.0731201171875, 0.160888671875, 0.8095703125, 1.4609375, 5.04296875, 1.40625, 3.521484375, 0.033111572265625, 8.53125, 0.479248046875, 5.1484375, 0.412353515625, 0.17822265625, 3.359375, 5.81640625, 4.796875, 4.26171875, 0.71044921875, 2.5390625, 0.200927734375, 2.66796875, 6.75390625, 11.328125, 10.28125, 0.70068359375, 1.8515625, 3.044921875, 8.5, 6.43359375, 10.578125, 1.140625, 0.87548828125, 2.40234375, 0.308349609375, 0.7900390625, 7.21875, 0.00726318359375, 0.0872802734375, 0.005832672119140625, 0.051666259765625, 0.0732421875, 0.01134490966796875, 0.02056884765625, 0.003246307373046875, 0.0032100677490234375, 3.154296875, 9.7890625, 5.1640625, 3.890625, 0.024444580078125, 0.08636474609375, 10.7265625, 1.5068359375, 2.76953125, 0.281982421875, 0.02362060546875, 8.1171875, 4.7421875, 1.408203125, 3.0078125, 2.78515625, 0.2100830078125, 3.27734375, 2.693359375, 0.060638427734375, 5.42578125, 6.23046875, 5.4609375, 2.744140625, 0.02392578125, 3.716796875, 1.1318359375, 0.262451171875, 0.194580078125, 5.2421875, 3.986328125, 6.72265625, 2.537109375, 0.01922607421875, 0.151123046875, 7.08984375, 4.77734375, 7.81640625, 1.162109375, 4.328125, 2.669921875, 4.71484375, 0.953125, 0.0131072998046875, 0.3671875, 1.1240234375, 0.1258544921875, 3.119140625, 0.94775390625, 3.57421875, 1.6142578125, 5.66796875, 0.346435546875, 7.6484375, 1.689453125, 3.82421875, 0.43017578125, 0.362060546875, 0.7822265625, 0.0411376953125, 0.16064453125, 1.7529296875, 3.923828125, 0.7734375, 2.5, 3.244140625, 3.181640625, 8.25, 0.0712890625, 0.288818359375, 4.4609375, 1.0166015625, 1.4130859375, 0.09661865234375, 0.01458740234375, 0.491943359375, 5.578125, 4.5234375, 8.9453125, 9.671875, 3.740234375, 0.72802734375, 0.036376953125, 2.390625, 1.6318359375, 0.376708984375, 1.8515625, 1.56640625, 0.005809783935546875, 0.55712890625, 0.368896484375, 0.50830078125, 0.90869140625, 0.005023956298828125, 0.08966064453125, 0.0297393798828125, 0.15673828125, 0.024139404296875, 0.258544921875, 0.0156402587890625, 0.1934814453125, 0.04620361328125, 0.0100250244140625, 0.135009765625, 0.172119140625, 0.029022216796875, 0.302490234375, 0.05633544921875, 0.13671875, 0.888671875, 0.031951904296875, 0.087158203125, 0.00672149658203125, 0.0264434814453125, 0.11907958984375, 0.01898193359375, 0.327392578125, 0.1324462890625, 0.32763671875, 0.07623291015625, 0.157958984375, 0.0301666259765625, 0.0955810546875, 0.040435791015625, 0.03350830078125, 0.0955810546875, 0.03521728515625, 0.0216217041015625, 0.0310516357421875, 9.0234375, 0.10260009765625, 10.4375, 4.5234375, 5.82421875, 11.609375, 1.443359375, 1.466796875, 0.25341796875, 2.38671875, 0.1866455078125, 0.52783203125, 0.135009765625, 0.2030029296875, 1.2861328125, 4.046875, 0.2210693359375, 8.71875, 4.875, 5.7890625, 1.5888671875, 0.314453125, 0.90869140625, 1.4228515625, 0.0565185546875, 0.258056640625, 0.039398193359375, 0.01479339599609375, 5.390625, 0.65380859375, 0.322509765625, 0.047821044921875, 0.09637451171875, 0.0016574859619140625, 7.1875, 4.51171875, 0.069580078125, 2.009765625, 10.4609375, 0.0089874267578125, 5.171875, 0.00478363037109375, 0.2388916015625, 1.0830078125, 0.0440673828125, 1.1357421875, 0.64111328125, 0.343994140625, 1.2685546875, 0.1715087890625, 0.0025615692138671875, 0.157470703125, 0.08660888671875, 0.385986328125, 0.1190185546875, 0.0018253326416015625, 0.043609619140625, 0.016143798828125, 0.0212249755859375, 0.0084228515625, 0.1697998046875, 0.01056671142578125, 0.03033447265625, 0.00315093994140625, 0.00574493408203125, 0.131103515625, 0.00876617431640625, 0.0206451416015625, 0.023529052734375, 0.034149169921875, 0.08306884765625, 0.8125, 0.0223388671875, 0.034759521484375, 0.002841949462890625, 0.0139312744140625, 0.033416748046875, 0.0377197265625, 0.319580078125, 0.042266845703125, 0.1351318359375, 0.060272216796875, 0.0234222412109375, 0.016998291015625, 0.0239410400390625, 0.0126953125, 0.00417327880859375, 0.0183868408203125, 0.0150146484375, 0.0206298828125, 0.0100250244140625, 2.154296875, 0.225830078125, 4.12109375, 8.8515625, 1.083984375, 0.11810302734375, 0.244384765625, 0.0457763671875, 0.376953125, 0.292724609375, 0.06475830078125, 0.210693359375, 0.0219268798828125, 0.086669921875, 0.95849609375, 0.1712646484375, 0.0894775390625, 1.3203125, 0.00724029541015625, 0.1571044921875, 8.0, 0.017425537109375, 0.17626953125, 0.86328125, 0.2266845703125, 0.05621337890625, 0.0292816162109375, 0.00423431396484375, 0.2379150390625, 5.21484375, 0.1314697265625, 0.28564453125, 3.865234375, 0.0017213821411132812, 4.3828125, 0.00885009765625, 0.064697265625, 0.1290283203125, 0.0029144287109375, 0.2425537109375, 0.07635498046875, 0.039947509765625, 0.91162109375, 0.07049560546875, 0.0019702911376953125, 0.08837890625, 0.020233154296875, 0.10382080078125, 0.1845703125, 0.002048492431640625, 0.007457733154296875, 0.00923919677734375, 0.02813720703125, 0.019805908203125, 0.2861328125, 0.005096435546875, 0.06048583984375, 0.00469970703125, 0.003353118896484375, 0.12841796875, 0.00603485107421875, 0.0163726806640625, 0.01264190673828125, 0.02093505859375, 0.0299224853515625, 0.342529296875, 0.0059967041015625, 0.0129547119140625, 0.0008716583251953125, 0.01381683349609375, 0.01464080810546875, 0.02996826171875, 0.130126953125, 0.031982421875, 0.015289306640625, 0.021209716796875, 0.0152740478515625, 0.00795745849609375, 0.00604248046875, 0.006618499755859375, 0.003570556640625, 0.014251708984375, 0.0242767333984375, 0.007709503173828125, 0.0248565673828125, 3.37109375, 0.323974609375, 0.1826171875, 2.640625, 0.166748046875, 0.053253173828125, 0.062286376953125, 0.016357421875, 0.0273284912109375, 0.041168212890625, 0.020416259765625, 0.07122802734375, 0.01172637939453125, 0.0887451171875, 0.8330078125]",-1.2006843635896884
150,0,test,4.053618810497797,1.8929870615353948,2.5919320460531736,7.127992627448374,3.328679495845947,4.557723204576648,57.60554385182043,48.92892648041916,53.292315054994546,101.29514171696515,86.03794375489437,93.71064388883873,4.24941304520746,1.9806435939561546,2.726762035560262,6.691989047570803,3.1191237700096925,4.294113441827185,70.06427571278118,60.3967785477559,65.47991342386935,110.33744206737194,95.11303708308016,103.11797389585723,4.059746898934993,1.90422853788955,2.6002141447603986,7.122362980587707,3.3407518208588596,4.561779201334033,57.959639575847,49.32727587535563,53.655691519153315,101.68357820324036,86.53908048308007,94.13279213886548,0.7939698492462312,0.00896984924623112,0.013969849246231125,0.6884422110552764,0.01344221105527632,0.008442211055276427,0.5728643216080402,0.0178643216080403,0.012864321608040186,0.4487179487179487,0.1159179487179487,0.19178831119129625,0.4115755627009646,0.457286432160804,0.1264593644916311,0.19017457907232316,0.4040404040404041,0.4448160535117057,0.10925678806930172,0.18786388443495372,0.4093959731543624,23.0,-1.0,-1.0,37.0,0.0,2.0,48.0,-1.0,-1.0,0.0010009407034844797,0.00015165530025760933,0.0001447540069261337,0.00045569902817899077,5.329000489684432e-05,-8.586501395235757e-05,"[3.591796875, 5.43359375, 11.7265625, 4.0546875, 6.91796875, 4.8203125, 6.2890625, 0.00244140625, 9.46875, 10.3203125, 1.1552734375, 3.099609375, 8.4765625, 3.642578125, 0.82470703125, 1.814453125, 0.2044677734375, 5.44921875, 6.9609375, 11.0078125, 1.775390625, 5.3671875, 0.0073089599609375, 9.0078125, 10.46875, 5.328125, 7.3984375, 14.65625, 7.3203125, 8.5703125, 7.4375, 6.4296875, 3.361328125, 2.029296875, 0.057342529296875, 6.51171875, 11.390625, 1.76171875, 5.24609375, 4.20703125, 5.046875, 4.453125, 0.0011920928955078125, 1.89453125, 0.00026679039001464844, 1.0609626770019531e-05, 0.00036454200744628906, 8.375, 4.6484375, 0.505859375, 5.36328125, 0.849609375, 1.7412109375, 1.427734375, 0.35107421875, 8.4609375, 0.250732421875, 6.8203125, 0.0889892578125, 9.46875, 1.6279296875, 7.50390625, 0.439453125, 2.37890625, 0.0750732421875, 2.197265625, 0.0013189315795898438, 3.21484375, 2.041015625, 8.109375, 0.333984375, 6.17578125, 7.890625, 5.7578125, 3.24609375, 2.984375, 0.0465087890625, 0.1453857421875, 2.98046875, 7.7578125, 8.6953125, 0.295654296875, 9.125, 4.09375, 0.0780029296875, 0.16259765625, 9.1328125, 2.671875, 2.1328125, 0.91259765625, 3.75, 6.69140625, 8.046875, 3.37109375, 3.736328125, 0.1431884765625, 2.06640625, 7.3515625, 1.71875, 7.60546875, 3.337890625, 3.365234375, 3.001953125, 10.34375, 0.556640625, 2.42578125, 0.07708740234375, 1.83984375, 0.409423828125, 0.56298828125, 1.2431640625, 7.48046875, 0.17626953125, 7.20703125, 6.578125, 2.40234375, 4.15625, 7.359375, 9.7578125, 7.765625, 7.29296875, 11.1484375, 5.8046875, 5.80078125, 9.515625, 1.8564453125, 4.8671875, 0.191162109375, 4.21875, 5.875, 6.12890625, 1.8466796875, 12.4765625, 8.4609375, 0.89208984375, 5.3125, 7.0078125, 8.4375, 0.53369140625, 5.40625, 0.71484375, 11.2109375, 1.724609375, 2.01953125, 4.41796875, 1.986328125, 4.2421875, 2.376953125, 3.869140625, 11.21875, 6.74609375, 4.27734375, 1.537109375, 3.89453125, 2.572265625, 10.1328125, 6.16796875, 2.556640625, 0.84326171875, 1.3642578125, 2.203125, 7.83203125, 2.130859375, 6.796875, 1.0908203125, 4.109375, 5.3828125, 0.79150390625, 7.55078125, 0.1534423828125, 3.029296875, 2.1640625, 1.6142578125, 0.95263671875, 2.740234375, 3.990234375, 8.703125, 0.04180908203125, 0.00400543212890625, 6.17578125, 4.93359375, 4.40234375, 2.15234375, 0.82470703125, 3.517578125, 2.626953125, 7.83203125, 2.068359375, 0.54736328125, 2.390625, 2.392578125, 5.3671875, 2.849609375, 0.9990234375, 4.37109375, 4.703125, 5.40625, 7.8359375, 3.349609375, 9.1015625, 3.275390625, 4.453125, 6.19921875, 4.33984375, 3.052734375, 2.197265625, 0.1534423828125, 6.03515625, 0.0245361328125, 1.1064453125, 6.2421875, 1.2607421875, 0.1466064453125, 5.90625, 6.84765625, 4.55859375, 8.265625, 0.0791015625, 2.974609375, 7.3125, 5.94140625, 9.9921875, 3.30859375, 0.0066986083984375, 0.51953125, 11.7578125, 2.6875, 1.0341796875, 3.021484375, 1.1787109375, 5.421875, 1.7998046875, 3.666015625, 2.5625, 0.0014438629150390625, 1.146484375, 0.849609375, 5.35546875, 6.01171875, 0.8525390625, 2.8671875, 3.091796875, 4.37890625, 4.9296875, 5.484375, 4.92578125, 0.042205810546875, 1.05859375, 6.3984375, 3.0078125, 6.796875, 0.09259033203125, 2.427734375, 4.70703125, 8.515625, 2.123046875, 3.0, 2.107421875, 8.7890625, 2.05078125, 2.181640625, 0.470947265625, 8.59375, 1.3916015625, 2.240234375, 1.26171875, 3.529296875, 4.515625, 0.62939453125, 1.7763671875, 4.65234375, 7.13671875, 2.984375, 11.625, 0.00545501708984375, 0.0052032470703125, 5.3359375, 0.58349609375, 0.416748046875, 0.05596923828125, 0.57373046875, 8.0625, 0.447265625, 0.037506103515625, 2.951171875, 4.0078125, 12.28125, 10.6015625, 0.5048828125, 1.2265625, 4.82421875, 9.15625, 0.019439697265625, 6.5546875, 6.21484375, 11.171875, 1.591796875, 2.244140625, 1.5048828125, 5.578125, 3.78125, 7.04296875, 0.81787109375, 1.1455078125, 7.796875, 6.140625, 1.712890625, 0.9169921875, 4.703125, 6.39453125, 1.283203125, 3.55078125]",-0.8994728109011287
66,0,test,3.488892461739334,1.6093126868376502,2.1819222528560487,7.761521635898374,3.580137643906946,4.853986461063819,32.74965611560736,26.19890462208341,29.054694342094493,72.85611903979319,58.28307042738846,64.63616784799282,3.515222789055139,1.612619738832766,2.2076978570073793,6.892593704029684,3.161999487907384,4.32881932746545,33.623418019067195,26.920097186728842,29.926405996058847,65.92827062562195,52.78450428770361,58.679227443252636,3.45555558730926,1.5466521956972659,2.1620910132539013,7.566910045202759,3.3868296256144506,4.7345058684392,31.675882512701488,24.93019514901214,28.030488071033066,69.36324637817845,54.59166820951564,61.38063081248117,0.7688442211055276,-0.0011557788944723812,0.008844221105527628,0.6180904522613065,0.008090452261306558,0.0030904522613065533,0.5125628140703518,0.002562814070351749,0.002562814070351749,0.434640522875817,0.11490153429506655,0.175944870701904,0.3868852459016393,0.4321608040201005,0.10634626767924837,0.17172674725883175,0.3939393939393939,0.42140468227424754,0.09920100948626753,0.15777843088381371,0.3791946308724832,21.0,0.0,0.0,34.0,1.0,-1.0,42.0,2.0,0.0,0.0005606204753800913,0.0003139074640211955,-0.00010496337526519409,0.00047939258751661384,7.653115519623555e-05,-6.483767214060521e-05,"[12.1953125, 2.697265625, 0.828125, 5.74609375, 3.755859375, 1.6962890625, 0.39892578125, 2.49609375, 2.412109375, 0.2919921875, 3.421875, 3.462890625, 3.70703125, 10.7578125, 13.0234375, 6.13671875, 0.029144287109375, 4.1328125, 1.1103515625, 0.268798828125, 7.5859375, 8.4921875, 3.462890625, 4.765625, 5.9375, 1.8828125, 9.5546875, 0.308349609375, 8.5078125, 3.716796875, 2.859375, 2.796875, 2.271484375, 3.158203125, 3.69140625, 3.125, 2.896484375, 5.47265625, 1.60546875, 4.9375, 3.55859375, 5.74609375, 0.71240234375, 9.6640625, 0.10845947265625, 10.671875, 3.15234375, 1.9208984375, 7.8125, 5.390625, 0.457275390625, 4.828125, 2.64453125, 7.30078125, 4.03515625, 8.078125, 3.48828125, 4.8671875, 1.064453125, 1.5791015625, 2.291015625, 3.224609375, 5.6484375, 3.44921875, 0.68603515625, 3.962890625, 13.90625, 2.341796875, 4.26953125, 8.8671875, 0.0300445556640625, 3.83984375, 5.45703125, 1.8388671875, 0.92138671875, 1.9287109375, 4.921875, 4.375, 2.2578125, 5.21875, 5.18359375, 7.24609375, 2.46875, 0.087158203125, 0.60302734375, 2.150390625, 1.7119140625, 5.7265625, 3.955078125, 0.859375, 0.529296875, 0.008636474609375, 3.685546875, 1.3681640625, 0.70166015625, 10.109375, 8.0078125, 0.75732421875, 1.04296875, 3.853515625, 1.015625, 2.197265625, 4.17578125, 6.54296875, 6.2890625, 3.611328125, 3.453125, 4.55859375, 0.62890625, 0.86767578125, 1.251953125, 0.8359375, 0.364990234375, 0.0303802490234375, 1.40234375, 0.0650634765625, 0.1942138671875, 2.96484375, 7.734375, 3.974609375, 10.6875, 9.765625, 4.86328125, 6.0234375, 0.0672607421875, 0.87451171875, 1.083984375, 3.65625, 0.8779296875, 3.00390625, 6.59375, 1.6875, 1.63671875, 2.087890625, 3.640625, 2.296875, 0.93505859375, 1.8564453125, 1.716796875, 3.2421875, 1.07421875, 0.430908203125, 0.08056640625, 0.270751953125, 0.421630859375, 5.12109375, 0.84521484375, 2.73828125, 1.21875, 0.287353515625, 3.806640625, 6.99609375, 4.5703125, 1.7373046875, 3.880859375, 0.98779296875, 0.89599609375, 0.479248046875, 0.56201171875, 4.765625, 3.587890625, 4.8203125, 11.1875, 6.65234375, 6.7734375, 3.392578125, 0.297607421875, 10.3203125, 0.01320648193359375, 1.326171875, 5.265625, 5.6640625, 0.70654296875, 1.701171875, 9.59375, 1.8271484375, 1.7900390625, 4.3046875, 2.28515625, 6.6015625, 5.33203125, 2.71484375, 4.953125, 0.5283203125, 3.517578125, 2.373046875, 4.55859375, 0.83203125, 5.265625, 6.7578125, 5.30859375, 3.5234375, 1.8017578125, 6.26953125, 0.583984375, 1.4697265625, 0.12066650390625, 0.87744140625, 5.296875, 3.150390625, 0.285888671875, 2.162109375, 8.203125, 1.009765625, 1.8291015625, 1.7744140625, 7.16015625, 8.4453125, 8.8984375, 0.814453125, 1.9111328125, 7.66015625, 3.56640625, 8.0, 2.6640625, 3.91796875, 0.0083160400390625, 0.4580078125, 4.0625, 0.37548828125, 0.07861328125, 0.236083984375, 0.0914306640625, 13.2890625, 11.6953125, 7.18359375, 4.41796875, 2.205078125, 0.004756927490234375, 1.22265625, 2.220703125, 12.5078125, 4.35546875, 6.80078125, 0.9248046875, 14.7890625, 2.6171875, 1.001953125, 0.004138946533203125, 0.2266845703125, 0.1248779296875, 4.9453125, 0.201904296875, 2.716796875, 0.06365966796875, 5.00390625, 0.386474609375, 0.022430419921875, 0.0063629150390625, 0.09698486328125, 0.061981201171875, 6.03515625, 0.53759765625, 0.03643798828125, 0.007160186767578125, 1.0244140625, 8.0390625, 0.0300140380859375, 0.1661376953125, 3.978515625, 8.78125, 6.87109375, 0.5205078125, 0.036468505859375, 4.8125, 6.6015625, 0.8564453125, 0.37451171875, 3.83984375, 0.990234375, 11.359375, 0.042877197265625, 6.41015625, 1.6328125, 8.0, 5.16796875, 0.64501953125, 3.072265625, 5.75, 7.515625, 1.1162109375, 5.3984375, 1.8486328125, 3.55859375, 1.9716796875, 4.515625, 5.62890625, 6.1796875, 2.5, 1.4873046875, 6.07421875, 1.9306640625, 6.859375, 1.607421875, 5.8125, 7.40625, 3.3828125, 1.224609375, 1.0859375, 5.6015625, 1.04296875, 0.11199951171875, 0.00980377197265625, 4.984375, 1.458984375, 3.51171875]",-0.6223102550880584
91,0,test,3.3966615288345903,1.6257405806532028,2.1989955154469065,6.856614887399018,3.2817744640514963,4.438966102610214,29.864232558512484,23.987969954969977,26.55185570809867,60.28494150010284,48.4229207165543,53.59846649150353,3.7322839708184476,1.780593429943039,2.422203791629444,6.220473284697413,2.9676557165717323,4.037006319382407,41.77441082363255,34.73383090998251,38.06793994150654,69.6240180393876,57.88971818330419,63.44656656917757,3.505778245702635,1.6607880736508087,2.274629327409691,6.698939322998665,3.173480395511099,4.346425466387944,33.307355074400164,26.979317475929264,29.882192566012723,63.64462753070095,51.55283594126611,57.09973101785871,0.7688442211055276,-0.01115577889447239,-0.006155778894472386,0.6432160804020101,-0.001783919597989958,-0.001783919597989958,0.5376884422110553,-0.007311557788944656,0.01268844221105525,0.44753086419753085,0.14244611843481902,0.21344462189773616,0.4024767801857585,0.4824120603015075,0.14907872696817415,0.22698635078564777,0.4444444444444444,0.46153846153846156,0.14768203415949666,0.22460853940275527,0.4261744966442953,25.0,0.0,-1.0,38.0,1.0,0.0,49.0,2.0,2.0,0.0005620453354709673,0.00039185525399448694,0.0005061971094266321,-0.0019294526107778154,-0.0034895210743215443,-0.0043161201833461504,"[1.685546875, 8.875, 7.4375, 3.962890625, 6.2578125, 6.203125, 10.2578125, 7.79296875, 4.125, 1.0888671875, 10.2109375, 0.157470703125, 5.39453125, 0.8544921875, 2.697265625, 7.0859375, 0.488037109375, 3.87890625, 4.23046875, 6.234375, 5.10546875, 0.91015625, 2.720703125, 0.07904052734375, 1.998046875, 0.1536865234375, 1.3095703125, 1.3857421875, 4.765625, 0.0364990234375, 7.03515625, 8.21875, 0.34375, 5.8671875, 0.0113983154296875, 6.58203125, 10.46875, 11.5, 2.640625, 7.02734375, 0.2177734375, 2.81640625, 5.2421875, 4.18359375, 0.19873046875, 5.9765625, 1.353515625, 1.19921875, 6.45703125, 0.11590576171875, 10.3203125, 0.2413330078125, 9.265625, 0.6064453125, 7.01953125, 1.9912109375, 5.31640625, 0.97412109375, 7.15234375, 0.19384765625, 9.46875, 4.3515625, 5.015625, 0.2958984375, 8.875, 0.0256500244140625, 4.94921875, 1.02734375, 2.939453125, 0.211181640625, 4.61328125, 0.039093017578125, 3.294921875, 2.783203125, 0.0645751953125, 4.140625, 0.1527099609375, 0.06451416015625, 0.156005859375, 0.650390625, 0.234130859375, 0.016082763671875, 4.84375, 9.59375, 0.89990234375, 5.82421875, 5.19921875, 1.017578125, 6.33984375, 0.0814208984375, 1.384765625, 2.7890625, 1.2041015625, 8.015625, 8.2890625, 2.2578125, 8.703125, 5.1484375, 2.42578125, 4.69921875, 2.138671875, 5.43359375, 6.3671875, 3.34765625, 3.7890625, 1.2109375, 11.4609375, 5.1953125, 2.7421875, 5.34375, 6.6640625, 2.314453125, 8.1875, 3.033203125, 8.046875, 4.421875, 0.939453125, 4.30078125, 3.56640625, 0.9013671875, 5.27734375, 3.90234375, 3.560546875, 7.34765625, 1.72265625, 0.86767578125, 2.169921875, 0.05816650390625, 1.919921875, 5.171875, 1.3974609375, 3.416015625, 4.35546875, 4.3828125, 2.0546875, 1.6083984375, 4.5625, 5.671875, 0.341796875, 3.357421875, 4.51953125, 6.06640625, 0.958984375, 0.1944580078125, 4.1015625, 3.994140625, 2.29296875, 5.08203125, 1.62890625, 4.2421875, 1.5400390625, 6.7265625, 1.2314453125, 2.7734375, 0.927734375, 0.1680908203125, 2.42578125, 1.2451171875, 4.03515625, 8.328125, 0.11297607421875, 3.84765625, 3.26171875, 1.8369140625, 1.0849609375, 0.260986328125, 6.58984375, 5.46484375, 6.66796875, 0.14208984375, 2.732421875, 0.1737060546875, 6.6171875, 4.0703125, 3.94921875, 4.62890625, 6.578125, 0.7841796875, 3.99609375, 6.140625, 4.453125, 3.0625, 1.962890625, 1.7109375, 2.29296875, 2.615234375, 7.14453125, 1.0439453125, 1.79296875, 3.5, 0.4755859375, 5.16015625, 5.36328125, 1.5576171875, 4.875, 3.0859375, 3.7109375, 6.29296875, 12.1875, 8.1328125, 2.828125, 0.052337646484375, 0.55126953125, 5.84765625, 3.421875, 13.65625, 2.193359375, 0.65234375, 5.69921875, 3.228515625, 0.35888671875, 2.2265625, 2.310546875, 7.78125, 11.8203125, 5.953125, 6.80859375, 4.1796875, 6.6640625, 5.94921875, 1.427734375, 3.279296875, 0.004116058349609375, 8.5546875, 5.0234375, 2.625, 6.4140625, 7.296875, 5.859375, 0.098388671875, 7.66796875, 8.3671875, 0.9599609375, 2.806640625, 0.360595703125, 0.76220703125, 0.95458984375, 0.00677490234375, 0.16552734375, 6.10546875, 4.1875, 5.0234375, 0.494384765625, 3.6796875, 0.054443359375, 0.34228515625, 1.08203125, 8.765625, 2.658203125, 7.12890625, 0.429443359375, 8.9296875, 7.1640625, 6.875, 3.923828125, 5.328125, 7.3203125, 2.396484375, 2.84375, 4.5078125, 0.350830078125, 0.00923919677734375, 0.1943359375, 4.76953125, 1.25, 3.1015625, 6.70703125, 1.4892578125, 0.0245513916015625, 0.45556640625, 0.172119140625, 0.2032470703125, 2.169921875, 0.1910400390625, 0.189697265625, 0.56396484375, 0.14794921875, 0.0027294158935546875, 0.0804443359375, 3.421875, 0.1304931640625, 0.67236328125, 1.7138671875, 2.017578125, 0.1375732421875, 8.1328125, 1.5048828125, 0.356689453125, 0.0202484130859375, 0.188232421875, 5.09375, 7.15625, 6.046875, 0.027191162109375, 0.98583984375, 1.916015625, 0.0787353515625, 0.139404296875, 0.1644287109375, 0.08203125, 0.006137847900390625, 1.1142578125, 2.544921875, 0.08819580078125, 5.12109375, 10.8125, 0.0687255859375, 0.1427001953125, 0.00949859619140625, 6.16015625, 0.001316070556640625, 0.13525390625, 0.2724609375, 0.06634521484375, 0.0341796875, 0.022216796875, 0.051483154296875, 0.00815582275390625, 4.19140625, 3.544921875, 2.849609375, 7.3515625, 3.072265625, 2.328125]",-0.9776608855636031
116,0,test,1.7442930669070564,0.7574923259354721,0.9695994827445876,7.605929070815653,3.3030188630907213,4.227904721270004,5.721855076616524,3.0392168023862633,3.551927951348909,24.94994946199066,13.25239884761452,15.4880579273935,2.328933610388981,0.9833254978816841,1.390937550882098,6.560376367292904,2.7699309799484064,3.9181339461467553,10.266987084862919,6.426465785196152,7.712130580233379,28.921090379895546,18.102720521679302,21.72431149361515,2.017192879648113,0.8704757484107584,1.2336568159648018,7.204260284457546,3.108841958609851,4.405917199874292,7.517193621266141,4.369351644752213,5.327993876536292,26.847120075950503,15.604827302686475,19.028549559058185,0.5025125628140703,0.007512562814070312,-0.0024874371859296973,0.40703517587939697,0.012035175879396953,0.0020351758793969443,0.2864321608040201,-0.00856783919597992,-0.003567839195979916,0.31016042780748665,0.09520715677944924,0.12052210913690986,0.2305630026809652,0.3316582914572864,0.08353799070540668,0.12631605439551685,0.29292929292929293,0.33444816053511706,0.1007252890826964,0.15424793806570658,0.2684563758389261,18.0,1.0,3.0,29.0,5.0,5.0,33.0,4.0,5.0,0.001447422489775511,0.0007836573283121239,0.0005761777788841159,-0.10229864655993293,-0.11464612009535635,-0.11081284878740849,"[9.296875, 2.173828125, 10.125, 0.3310546875, 0.415771484375, 1.8291015625, 1.2177734375, 4.53515625, 2.3828125, 0.1409912109375, 0.53759765625, 0.028533935546875, 0.150390625, 0.036102294921875, 0.272705078125, 1.2890625, 2.9609375, 3.783203125, 7.93359375, 7.0234375, 1.337890625, 12.34375, 1.314453125, 0.10723876953125, 3.076171875, 0.3603515625, 1.404296875, 2.52734375, 2.17578125, 1.1630859375, 0.35400390625, 0.2462158203125, 0.01216888427734375, 9.7890625, 4.05859375, 11.453125, 0.73779296875, 5.6796875, 0.7939453125, 8.4765625, 1.5966796875, 8.6796875, 4.13671875, 3.73828125, 4.421875, 1.0625, 2.306640625, 0.1312255859375, 2.27734375, 6.46484375, 4.1015625, 4.5859375, 3.37890625, 5.1640625, 13.1953125, 0.2081298828125, 4.43359375, 2.37890625, 4.90234375, 3.572265625, 4.71484375, 0.767578125, 0.861328125, 0.0033054351806640625, 1.017578125, 0.8515625, 2.1796875, 8.1640625, 0.01422882080078125, 5.59765625, 0.70703125, 5.7734375, 2.8515625, 1.1103515625, 0.87353515625, 0.13671875, 0.40234375, 0.09613037109375, 0.7119140625, 2.8046875, 0.01390838623046875, 0.91259765625, 0.06097412109375, 0.1348876953125, 0.0694580078125, 0.916015625, 0.2344970703125, 0.0206451416015625, 6.10546875, 7.32421875, 0.896484375, 1.564453125, 0.81884765625, 1.87109375, 5.7578125, 6.14453125, 2.49609375, 0.477783203125, 0.003040313720703125, 0.0675048828125, 0.0328369140625, 0.4267578125, 0.35400390625, 2.05078125, 7.671875, 0.314453125, 9.3359375, 0.2274169921875, 2.076171875, 5.3828125, 12.8203125, 2.234375, 2.544921875, 0.427490234375, 0.327880859375, 0.464111328125, 3.685546875, 3.14453125, 1.8310546875, 3.318359375, 2.240234375, 0.0036449432373046875, 0.007244110107421875, 0.031707763671875, 0.1627197265625, 0.200927734375, 4.96484375, 2.6875, 2.181640625, 0.061370849609375, 0.1234130859375, 0.13134765625, 0.09527587890625, 7.0546875, 0.52392578125, 1.4541015625, 0.5283203125, 0.325439453125, 8.6171875, 4.71484375, 0.95556640625, 5.37890625, 6.71484375, 0.12109375, 0.057830810546875, 2.01171875, 0.46630859375, 0.134521484375, 0.05682373046875, 8.0859375, 0.0198211669921875, 0.00830841064453125, 0.09002685546875, 0.55517578125, 4.77734375, 1.375, 0.1424560546875, 10.8984375, 2.64453125, 3.767578125, 0.43798828125, 5.73046875, 3.375, 1.4775390625, 2.5234375, 0.5693359375, 0.329833984375, 0.0218963623046875, 0.0687255859375, 2.41015625, 0.00916290283203125, 0.0038394927978515625, 0.026580810546875, 0.1033935546875, 0.125244140625, 0.1649169921875, 0.09210205078125, 4.88671875, 0.06781005859375, 0.061126708984375, 0.0814208984375, 0.1357421875, 0.16357421875, 0.0823974609375, 0.5517578125, 0.1590576171875, 0.1334228515625, 0.055450439453125, 9.078125, 0.219970703125, 3.392578125, 0.04400634765625, 0.365478515625, 1.5859375, 0.6650390625, 0.014251708984375, 3.154296875, 1.9208984375, 1.0498046875, 0.004299163818359375, 0.0019350051879882812, 0.019744873046875, 0.037109375, 1.962890625, 0.5546875, 0.45703125, 2.2734375, 0.0006361007690429688, 0.00440216064453125, 0.003025054931640625, 0.01053619384765625, 7.05859375, 0.15478515625, 0.339111328125, 2.046875, 0.00704193115234375, 0.150634765625, 0.02154541015625, 0.10302734375, 0.180908203125, 0.383544921875, 0.001255035400390625, 0.560546875, 0.11627197265625, 0.234375, 0.0005626678466796875, 0.005126953125, 0.0008749961853027344, 0.0104827880859375, 0.326904296875, 0.05126953125, 0.07708740234375, 0.70751953125, 0.00028228759765625, 0.001495361328125, 0.0005068778991699219, 0.00494384765625, 0.8662109375, 0.1363525390625, 2.15625, 0.05792236328125, 0.39111328125, 0.06439208984375, 1.5263671875, 0.267333984375, 1.255859375, 4.70703125, 8.875, 0.755859375, 6.36328125, 1.5966796875, 1.146484375, 0.00371551513671875, 0.33203125, 0.06781005859375, 1.4921875, 0.33154296875, 0.3974609375, 3.146484375, 5.98828125, 0.0897216796875, 0.00441741943359375, 0.23095703125, 8.203125, 0.2425537109375, 0.08770751953125, 4.23046875, 6.05078125, 4.2734375, 2.07421875, 10.3046875, 0.28271484375, 2.79296875, 4.3203125, 0.36865234375, 0.400390625, 0.33447265625, 1.484375, 0.0274200439453125, 0.3681640625, 0.110595703125, 0.106201171875, 0.01540374755859375, 0.00730133056640625, 0.0164031982421875, 0.492919921875, 0.01076507568359375, 0.0227203369140625, 0.2388916015625, 5.21484375, 5.95703125, 6.5859375, 9.0546875, 0.0208740234375, 0.0015058517456054688, 0.00930023193359375, 0.234619140625, 2.734375, 1.46875, 2.935546875, 0.0069732666015625, 0.0021610260009765625, 0.01422882080078125, 0.0222320556640625, 0.74658203125, 0.72412109375, 1.345703125, 0.04229736328125, 0.344482421875, 0.059112548828125, 0.59375, 0.064208984375, 0.1043701171875, 0.77490234375, 0.389404296875, 0.0460205078125, 0.03179931640625, 0.05169677734375, 8.1015625, 5.875, 0.810546875, 0.302734375, 0.0106201171875, 0.08441162109375, 0.0229034423828125, 0.26513671875, 0.03143310546875, 1.3720703125, 0.052490234375, 0.1287841796875, 0.01157379150390625, 0.0014123916625976562, 0.029876708984375, 0.1341552734375, 0.03131103515625, 0.031829833984375, 0.2310791015625, 1.857421875, 0.321533203125, 0.00521087646484375, 1.3154296875, 0.00040793418884277344, 0.2413330078125, 2.30859375, 0.0277099609375, 0.01183319091796875, 0.0203399658203125, 0.0882568359375, 0.006114959716796875, 1.123046875, 0.006458282470703125, 0.00823974609375, 0.00823974609375, 0.0022525787353515625, 0.003559112548828125, 0.02886962890625, 0.0233154296875, 0.005138397216796875, 0.0452880859375, 0.0479736328125, 0.1036376953125, 0.140869140625, 2.6015625, 0.007305145263671875, 0.00482177734375, 0.0029125213623046875, 0.00821685791015625, 4.2265625, 2.19140625, 0.0207977294921875, 0.705078125, 0.002017974853515625, 2.138671875, 0.076171875]",-1.4859732657192863
216,0,test,3.928113370838732,1.7588577655920137,2.444433666020802,8.350674578566256,3.7391102149648408,5.196558283009258,50.811025622044546,42.059258776007674,46.40188542048411,108.01784467903177,89.41268998535898,98.64456760718302,3.8689219316645485,1.7251692267788794,2.3824764649208627,7.512469770222424,3.3498431587939406,4.626167893050219,47.890728762522244,39.35933532967217,43.46937704958467,92.99170633499465,76.42589384402363,84.40655737783432,3.9486610578454058,1.8158051035716913,2.4747814821160357,8.46141655252587,3.8910109362250536,5.303103175962934,51.86587491607357,43.42694127928259,47.4997338151449,111.14116053444337,93.0577313127484,101.78514388959621,0.728643216080402,-0.001356783919598037,0.008643216080401972,0.6030150753768844,0.008015075376884395,-0.011984924623115623,0.5025125628140703,-0.0024874371859296973,0.007512562814070312,0.4455445544554455,0.10617058410948177,0.18539087717772873,0.4039735099337748,0.4371859296482412,0.1163839246357099,0.17842132196877547,0.36363636363636365,0.4481605351170569,0.11427071875645589,0.19232071309258525,0.3993288590604027,22.0,0.0,-2.0,32.0,-2.0,-2.0,41.0,1.0,1.0,0.000254481230319634,0.00033888031237835046,-0.0001735422856676824,0.0004912393671849813,8.815173034548707e-05,-5.432400123339676e-05,"[16.21875, 3.185546875, 7.16796875, 5.68359375, 8.6953125, 3.845703125, 7.1953125, 0.859375, 10.671875, 1.59765625, 0.78662109375, 0.0316162109375, 3.001953125, 8.3359375, 1.9658203125, 9.25, 1.076171875, 5.6953125, 10.8828125, 4.51171875, 7.18359375, 5.91015625, 10.625, 0.03741455078125, 0.01543426513671875, 0.481201171875, 8.3359375, 0.309814453125, 9.7265625, 2.90625, 0.8095703125, 5.921875, 3.70703125, 4.07421875, 0.3564453125, 4.2265625, 6.44140625, 0.042205810546875, 6.62890625, 2.70703125, 10.1328125, 9.2265625, 3.87109375, 5.28125, 7.578125, 1.4912109375, 5.39453125, 9.21875, 0.0199432373046875, 0.86669921875, 0.8359375, 0.7373046875, 4.17578125, 7.140625, 0.0128631591796875, 5.44140625, 1.845703125, 1.9248046875, 2.10546875, 4.20703125, 1.3271484375, 9.0, 4.8515625, 4.375, 6.921875, 6.34765625, 7.80859375, 2.396484375, 2.1328125, 4.328125, 5.94921875, 2.599609375, 3.41796875, 7.3984375, 5.4765625, 4.09375, 5.58984375, 3.46875, 0.845703125, 3.546875, 0.73681640625, 3.52734375, 0.295654296875, 0.572265625, 9.328125, 0.017822265625, 6.921875, 0.76025390625, 8.0234375, 0.46240234375, 2.78125, 1.2568359375, 0.40185546875, 0.038970947265625, 0.1146240234375, 9.1640625, 5.40234375, 4.57421875, 7.36328125, 0.59375, 2.728515625, 3.130859375, 8.8671875, 4.26953125, 6.27734375, 8.4296875, 11.8203125, 15.203125, 0.424072265625, 3.876953125, 2.4375, 0.312255859375, 2.22265625, 7.24609375, 2.474609375, 0.625, 2.408203125, 0.89599609375, 0.10186767578125, 0.36328125, 1.017578125, 0.8486328125, 2.08984375, 0.387451171875, 0.0038928985595703125, 0.6025390625, 5.20703125, 5.16015625, 1.875, 2.947265625, 0.5361328125, 0.0196685791015625, 5.046875, 1.1923828125, 0.72607421875, 0.00896453857421875, 5.2578125, 1.400390625, 0.1617431640625, 0.0204010009765625, 0.364990234375, 1.40234375, 0.0284576416015625, 0.0748291015625, 6.47265625, 1.4677734375, 2.919921875, 2.806640625, 9.71875, 4.82421875, 10.2578125, 4.71484375, 0.56640625, 10.2890625, 7.578125, 0.007381439208984375, 2.669921875, 0.10675048828125, 3.796875, 7.78125, 0.1143798828125, 2.955078125, 4.03125, 7.7265625, 1.7294921875, 0.89453125, 0.0767822265625, 0.1834716796875, 1.23046875, 0.689453125, 6.8203125, 2.296875, 1.39453125, 7.5234375, 11.2734375, 6.9140625, 6.515625, 6.69921875, 3.201171875, 0.8310546875, 5.0703125, 2.28515625, 5.65234375, 0.0899658203125, 5.07421875, 0.91357421875, 0.478515625, 0.467529296875, 1.62890625, 3.78125, 2.05859375, 9.3203125, 7.04296875, 0.33154296875, 9.1640625, 3.11328125, 6.7421875, 1.2001953125, 2.310546875, 0.1051025390625, 8.1484375, 1.765625, 2.083984375, 3.9609375, 3.0, 1.220703125, 0.2156982421875, 3.166015625, 2.44140625, 2.00390625, 0.06982421875, 1.9306640625, 4.19921875, 1.8916015625, 2.1640625, 5.87109375, 8.3125, 4.02734375, 9.015625, 0.76318359375, 0.3154296875, 2.435546875, 6.34375, 6.140625, 1.498046875, 0.880859375, 5.78125, 0.53857421875, 0.31396484375, 2.294921875, 6.359375, 0.763671875, 0.06793212890625, 3.62109375, 0.0733642578125, 0.385009765625, 4.69921875, 12.328125, 0.0028839111328125, 2.86328125, 0.259033203125, 4.8203125, 3.365234375, 6.6796875, 3.177734375, 9.1484375, 5.9296875, 5.50390625, 6.07421875, 2.953125, 5.84765625, 6.60546875, 7.3828125, 3.263671875, 0.1365966796875, 0.46142578125, 1.3896484375, 5.1875, 3.498046875, 0.484130859375, 11.078125, 9.203125, 4.55078125, 4.8828125, 5.71875, 4.35546875, 5.4609375, 7.33203125, 8.984375, 8.2109375, 1.9091796875, 1.6279296875, 6.80078125, 0.326904296875, 3.74609375, 5.06640625, 8.8046875, 8.515625, 0.06280517578125, 3.40625, 4.6171875, 5.25, 1.998046875, 0.012451171875, 6.4375, 0.78125, 13.3828125, 7.98046875, 3.486328125, 1.427734375, 0.048492431640625, 6.08203125, 3.78125, 6.60546875, 5.07421875, 6.81640625, 3.46484375, 7.88671875, 1.197265625, 4.66015625, 6.2109375, 6.60546875, 7.0078125]",-0.8592873516649302
139,0,test,3.1435270530718387,1.2781841063120434,1.5003770110758625,8.761314109206673,3.5624227995277593,4.181695927643694,23.185499299647038,16.727348991669547,18.014065183308606,64.62023030611304,46.62074041549191,50.20694296251173,3.231991231141977,1.3593182795321097,1.8888061386904005,7.8829054418097,3.3154104378831946,4.606844240708294,25.330044761401748,18.824382260774588,21.498817857068044,61.78059697902866,45.91312746530387,52.43614111480011,3.1899995452982925,1.325751503979759,1.8592833347409894,8.321737944256414,3.458482184295023,4.850304351498233,24.288416399107636,17.837333285382094,20.5046640183581,63.361086258541654,46.53217378795328,53.490427873977644,0.6381909547738693,0.0031909547738693256,-0.0018090452261306789,0.5326633165829145,0.002663316582914521,-0.007336683417085488,0.4170854271356784,-0.0029145728643216184,-0.007914572864321623,0.3921113689095128,0.09894798536374227,0.1086314080101971,0.3930232558139535,0.3919597989949749,0.08870165363156635,0.13319519131550916,0.398989898989899,0.37792642140468224,0.07575613759833832,0.11986190527565,0.37583892617449666,24.0,0.0,2.0,32.0,-2.0,-2.0,43.0,1.0,0.0,-8.861729092588539e-05,-0.00015577911509758442,0.00011157990689851043,-0.046386679200353775,-0.04626772900988385,-0.0472187257179586,"[5.19140625, 0.9677734375, 2.388671875, 0.90625, 2.400390625, 5.79296875, 3.01953125, 3.595703125, 5.15234375, 10.6484375, 0.73486328125, 3.37890625, 9.8046875, 7.1796875, 2.53125, 8.0625, 3.263671875, 7.89453125, 6.9375, 1.794921875, 0.76513671875, 1.8173828125, 3.0703125, 5.5, 0.231689453125, 1.8994140625, 0.0557861328125, 0.634765625, 0.2724609375, 1.8388671875, 0.343017578125, 0.256591796875, 6.93359375, 7.75390625, 3.728515625, 10.1171875, 6.20703125, 2.66015625, 1.1201171875, 2.33984375, 0.61328125, 0.451171875, 0.0253143310546875, 0.16357421875, 0.04730224609375, 0.5634765625, 4.11328125, 0.37548828125, 2.78125, 6.1484375, 0.0288543701171875, 0.8369140625, 0.11572265625, 3.09375, 10.8515625, 4.421875, 13.1328125, 7.8203125, 8.8203125, 2.623046875, 0.295166015625, 1.513671875, 1.24609375, 0.9609375, 5.375, 2.20703125, 0.07696533203125, 0.376220703125, 1.775390625, 0.66162109375, 2.3125, 0.1646728515625, 1.39453125, 3.990234375, 7.51171875, 0.908203125, 3.962890625, 3.625, 3.75390625, 0.025146484375, 0.97216796875, 0.09954833984375, 0.415771484375, 2.09765625, 6.15234375, 2.09375, 1.8701171875, 1.134765625, 4.10546875, 1.857421875, 12.3984375, 2.921875, 7.37109375, 2.931640625, 0.04681396484375, 0.75, 0.1666259765625, 0.45263671875, 0.00833892822265625, 0.109375, 0.02874755859375, 2.419921875, 0.50390625, 1.56640625, 0.0897216796875, 0.0728759765625, 8.78125, 4.9140625, 5.58984375, 0.115234375, 3.734375, 8.1328125, 4.4765625, 12.7421875, 2.3125, 10.296875, 0.346435546875, 4.90625, 1.154296875, 0.135986328125, 0.7529296875, 0.2330322265625, 0.2281494140625, 0.006694793701171875, 0.07781982421875, 0.0252532958984375, 1.169921875, 3.140625, 0.0623779296875, 6.18359375, 7.2109375, 1.150390625, 9.2421875, 7.69140625, 8.0234375, 1.73046875, 3.884765625, 4.6171875, 9.703125, 7.90625, 1.0361328125, 0.0689697265625, 0.360595703125, 0.1138916015625, 0.130126953125, 0.0017156600952148438, 0.041107177734375, 0.0082550048828125, 2.5390625, 3.1484375, 0.086669921875, 12.6328125, 2.6484375, 7.5859375, 7.81640625, 2.369140625, 6.7265625, 8.4609375, 0.77001953125, 6.0703125, 7.4921875, 8.140625, 5.734375, 4.14453125, 2.505859375, 7.0390625, 3.830078125, 0.1885986328125, 0.83984375, 0.13232421875, 0.141845703125, 0.0018835067749023438, 0.02667236328125, 0.00919342041015625, 3.796875, 3.21875, 0.08935546875, 5.62109375, 6.9453125, 0.10540771484375, 4.24609375, 2.521484375, 4.7421875, 0.43896484375, 4.8125, 1.0419921875, 0.2447509765625, 2.17578125, 2.392578125, 10.125, 1.0048828125, 3.474609375, 9.5703125, 6.58203125, 2.6953125, 5.8203125, 0.8623046875, 3.6953125, 9.4765625, 6.95703125, 8.0390625, 0.95458984375, 0.09197998046875, 0.732421875, 0.10198974609375, 0.059295654296875, 0.0014362335205078125, 4.02734375, 0.034515380859375, 1.81640625, 2.23046875, 0.0794677734375, 5.703125, 6.01953125, 5.5390625, 4.82421875, 7.77734375, 4.70703125, 0.298583984375, 0.84326171875, 0.353271484375, 0.04736328125, 0.12420654296875, 0.0012826919555664062, 0.7255859375, 0.007061004638671875, 1.6728515625, 0.583984375, 0.07965087890625, 4.171875, 6.52734375, 1.3525390625, 1.302734375, 9.359375, 5.30859375, 4.19921875, 0.2137451171875, 0.7265625, 2.5703125, 2.599609375, 2.728515625, 6.52734375, 4.66796875, 5.91796875, 11.34375, 1.4072265625, 6.76953125, 2.109375, 2.53125, 0.994140625, 6.56640625, 5.203125, 0.0117340087890625, 5.72265625, 2.529296875, 2.0, 6.1328125, 1.525390625, 4.10546875, 0.4189453125, 0.1014404296875, 0.736328125, 7.30078125, 2.779296875, 9.453125, 0.438720703125, 2.568359375, 1.3310546875, 0.1468505859375, 0.3310546875, 0.058807373046875, 0.059356689453125, 0.0014476776123046875, 0.138916015625, 0.0031948089599609375, 1.4443359375, 1.2021484375, 0.059539794921875, 5.640625, 0.363037109375, 7.328125, 1.40234375, 12.8359375, 6.0859375, 9.1796875, 8.140625, 7.01953125, 5.578125, 0.595703125, 3.482421875, 0.71484375, 5.015625, 0.89013671875, 8.1171875, 7.22265625, 0.89111328125, 1.05859375, 0.6123046875, 1.7734375, 6.56640625, 1.5498046875, 0.07330322265625, 0.33837890625, 3.404296875, 1.736328125, 6.8203125, 5.98828125, 8.84375, 3.330078125, 3.724609375, 7.69921875, 3.43359375, 0.407470703125, 9.3671875, 10.6953125, 0.6728515625, 2.357421875, 0.80419921875, 0.07574462890625, 1.3291015625, 0.1121826171875, 4.078125, 0.0210723876953125, 3.322265625, 0.81005859375, 0.80322265625, 0.416259765625, 0.6259765625, 0.08892822265625, 0.034088134765625, 12.3984375, 5.2578125, 7.765625, 6.78125, 0.372802734375, 0.724609375, 6.80859375, 11.8046875, 6.99609375, 8.4921875, 1.0546875, 2.09375, 6.19140625, 4.94140625, 0.78564453125, 8.2890625, 1.1884765625, 0.1602783203125, 1.3466796875, 0.04296875, 0.8046875, 0.005580902099609375, 0.603515625, 0.01641845703125, 0.47412109375, 3.12109375, 0.039459228515625, 4.4609375, 7.23046875, 5.703125, 1.134765625, 5.16015625, 1.4541015625, 7.34765625, 2.173828125, 6.0703125, 3.3984375, 3.41796875, 7.921875, 3.541015625, 0.351318359375, 0.748046875, 3.830078125, 0.83837890625, 0.2000732421875, 1.36328125, 0.0465087890625, 0.40234375, 0.00615692138671875, 0.265380859375, 0.0173797607421875, 0.2227783203125, 2.3203125, 8.5546875, 4.39453125, 1.6875, 0.1063232421875, 0.047027587890625, 4.69921875, 4.12109375, 1.9306640625, 5.49609375, 2.140625, 0.2880859375, 2.951171875, 0.7373046875, 2.4140625, 5.38671875, 0.2357177734375, 2.267578125, 0.158203125, 0.3525390625, 2.66015625, 5.58984375, 8.5390625, 4.12109375, 1.595703125, 0.1900634765625, 0.71630859375, 0.050750732421875, 0.2158203125, 0.0029582977294921875, 0.240478515625, 0.00775909423828125, 0.1617431640625, 1.623046875, 0.94775390625, 0.482421875, 1.6650390625, 0.06573486328125, 0.037109375, 17.40625, 2.060546875, 11.03125, 4.359375, 4.98828125, 8.3203125, 2.580078125, 5.203125, 8.0859375, 1.9287109375]",-1.1952795761090695
6,0,test,2.2743932612103186,0.981563330701835,1.3748017364633653,9.414260714123724,4.062926697968355,5.690635035740765,9.722018496968943,6.0789368473818275,7.263419867648265,40.24177276593473,25.16218163409946,30.065041730645344,2.801565565655579,1.2656298906631587,1.7382604370597141,8.120479900450954,3.668492436704808,5.038436049448448,16.470412108701275,11.824741774171745,13.574485509577409,47.74032495275732,34.27461383817897,39.3463348103693,2.2372951758745123,0.988790541381928,1.345476165552612,9.070115577869645,4.008610302899709,5.454633103591671,9.367958308549744,5.882830789090633,6.92839510016843,37.978209358985445,23.84931400982689,28.088088243926066,0.5326633165829145,-0.012336683417085381,0.002663316582914521,0.40201005025125625,-0.017989949748743794,-0.007989949748743785,0.3467336683417085,-0.003266331658291488,-0.008266331658291493,0.3098159509202454,0.07857552213004626,0.12206084887942903,0.27076923076923076,0.3517587939698492,0.10614475888212993,0.16311104772610963,0.3282828282828283,0.3076923076923077,0.09233337613972004,0.12304269701377601,0.2684563758389261,23.0,0.0,0.0,34.0,2.0,1.0,37.0,-1.0,-2.0,0.00258648395814499,0.00027599976099073947,0.0006440348210284297,-0.08370893413131864,-0.07798379705817648,-0.08634338239996442,"[3.18359375, 2.591796875, 8.1484375, 1.7890625, 1.3076171875, 9.5234375, 5.78515625, 7.6484375, 5.3671875, 0.1920166015625, 0.990234375, 5.33984375, 1.4697265625, 0.430908203125, 0.142822265625, 0.6240234375, 0.10748291015625, 3.56640625, 13.140625, 9.90625, 4.1796875, 12.3125, 1.052734375, 1.5263671875, 0.59375, 2.3203125, 3.943359375, 0.86181640625, 0.3701171875, 13.515625, 4.30078125, 12.1484375, 0.431396484375, 0.092041015625, 0.2078857421875, 0.89453125, 7.44140625, 1.853515625, 8.6015625, 7.859375, 1.3671875, 8.640625, 1.146484375, 0.126953125, 2.17578125, 0.485595703125, 0.344482421875, 6.32421875, 3.79296875, 0.30908203125, 1.1083984375, 0.0413818359375, 0.047332763671875, 0.5263671875, 0.30078125, 0.0836181640625, 1.373046875, 3.142578125, 5.2109375, 7.359375, 1.7666015625, 7.48046875, 2.056640625, 9.1015625, 0.95068359375, 5.01953125, 7.57421875, 0.471923828125, 4.36328125, 10.109375, 4.484375, 0.72607421875, 4.140625, 0.1292724609375, 8.4609375, 0.82373046875, 1.9267578125, 0.0867919921875, 3.78515625, 6.5546875, 6.81640625, 7.515625, 2.939453125, 5.7109375, 1.29296875, 0.25048828125, 0.221923828125, 4.87890625, 9.4453125, 0.490966796875, 8.640625, 1.3037109375, 1.720703125, 9.0, 1.5693359375, 2.1171875, 0.05120849609375, 8.1953125, 1.9990234375, 5.1875, 0.0006690025329589844, 0.283935546875, 1.0556640625, 8.7109375, 2.1796875, 4.51171875, 6.796875, 1.732421875, 1.107421875, 0.64306640625, 0.174560546875, 1.513671875, 7.9140625, 0.9658203125, 2.9609375, 0.1529541015625, 12.703125, 0.53173828125, 4.09765625, 3.373046875, 2.15625, 0.4912109375, 9.015625, 5.25390625, 5.4765625, 1.021484375, 5.28125, 0.58349609375, 0.1998291015625, 0.9306640625, 0.60009765625, 1.57421875, 0.1578369140625, 0.65576171875, 0.237060546875, 0.2110595703125, 0.701171875, 0.017791748046875, 0.1187744140625, 0.020843505859375, 0.2445068359375, 0.0297088623046875, 5.1171875, 0.256103515625, 0.19970703125, 0.447998046875, 0.08734130859375, 0.483642578125, 0.00542449951171875, 0.06805419921875, 7.53515625, 0.53271484375, 0.1470947265625, 0.458740234375, 0.6455078125, 0.09881591796875, 0.1259765625, 0.0526123046875, 0.61962890625, 0.016693115234375, 0.84619140625, 0.7470703125, 2.42578125, 9.0, 0.09576416015625, 0.1798095703125, 0.2685546875, 2.224609375, 4.72265625, 6.65625, 0.75537109375, 3.15625, 3.7890625, 0.28564453125, 0.0999755859375, 0.205810546875, 6.5859375, 0.1461181640625, 5.90234375, 0.1383056640625, 0.17333984375, 1.1171875, 0.0103759765625, 0.06610107421875, 0.016632080078125, 9.2578125, 0.038787841796875, 3.9296875, 0.0074615478515625, 0.03253173828125, 0.037384033203125, 0.2435302734375, 0.1763916015625, 7.41796875, 0.822265625, 2.560546875, 1.8720703125, 0.419189453125, 4.02734375, 0.99658203125, 0.042694091796875, 5.390625, 2.87109375, 0.126953125, 0.1541748046875, 0.5576171875, 0.1754150390625, 0.0179595947265625, 0.01459503173828125, 0.09259033203125, 9.15625, 0.0189361572265625, 0.301025390625, 0.0286865234375, 0.0760498046875, 0.146240234375, 0.0034580230712890625, 0.03466796875, 0.01080322265625, 3.376953125, 0.0120086669921875, 3.712890625, 2.753734588623047e-05, 0.057891845703125, 0.157470703125, 10.0234375, 0.1734619140625, 0.09442138671875, 2.423828125, 0.01558685302734375, 0.0858154296875, 0.0380859375, 0.0299530029296875, 0.2161865234375, 1.1591796875, 0.00305938720703125, 0.0369873046875, 0.00909423828125, 0.20849609375, 0.0034961700439453125, 0.242431640625, 0.139404296875, 1.11328125, 0.050201416015625, 4.00390625, 10.5234375, 3.662109375, 0.80517578125, 0.1619873046875, 0.0965576171875, 0.04290771484375, 0.0577392578125, 0.020477294921875, 5.296875, 0.01041412353515625, 0.091552734375, 0.038818359375, 0.0640869140625, 0.06842041015625, 0.0018434524536132812, 0.00955963134765625, 0.01617431640625, 3.337890625, 0.01227569580078125, 0.0183258056640625, 0.055419921875, 0.0300445556640625, 0.0239410400390625, 0.041259765625, 4.07421875, 0.06072998046875, 0.0379638671875, 0.264892578125, 0.0218963623046875, 0.69775390625, 0.1702880859375, 0.23291015625, 0.0035381317138671875, 0.00531768798828125, 0.003345489501953125, 0.08599853515625, 0.0013141632080078125, 0.09259033203125, 0.055267333984375, 0.5205078125, 7.12109375, 0.2008056640625, 0.271240234375, 0.01554107666015625, 0.40625, 5.91796875, 0.1719970703125, 0.1439208984375, 1.421875, 3.35546875, 0.1343994140625, 0.0693359375, 0.134033203125, 7.66015625, 1.552734375, 7.05859375, 13.640625, 1.525390625, 1.4345703125, 6.03125, 2.287109375, 2.23046875, 0.96533203125, 0.81591796875, 8.0546875, 0.430908203125, 1.529296875, 0.07318115234375, 6.609375, 0.10321044921875, 0.0679931640625, 0.0193634033203125, 4.37890625, 1.07421875, 5.23828125, 6.07421875, 0.130859375, 1.79296875, 0.0027408599853515625, 0.08251953125, 0.0282440185546875]",-1.8159959904986658
225,0,test,1.7873747158050537,0.7230943675766561,1.0220832467633625,6.908890728400304,2.795037843902075,3.9507448576814586,5.973749073440519,3.074996932304729,3.8241282421623977,23.090837764645084,11.886045834485587,14.781726474512345,1.7881669662705617,0.7427868471762866,1.0215107613368475,6.877565254886775,2.8568724891395636,3.9288875436032593,5.978483654164029,3.134004094992682,3.8259271554334937,22.99416790063088,12.053861903818008,14.715104443974974,1.7888233470916748,0.7266335457162072,1.030540459512476,6.914490245488974,2.808718128633801,3.9834352377309172,5.982409104328126,3.0897106104370824,3.8478013939650926,23.124312114806795,11.942919859574106,14.873232311288145,0.3417085427135679,0.0017085427135679065,-0.013291457286432107,0.2864321608040201,-0.003567839195979916,-0.003567839195979916,0.22613065326633164,-0.008869346733668348,-0.003869346733668344,0.28,0.08548628428927685,0.120531561461794,0.20100502512562812,0.2864321608040201,0.09094343899950885,0.12449559986912861,0.19191919191919193,0.29500000000000004,0.09549875311720701,0.13220930232558148,0.20100502512562812,19.0,-2.0,-1.0,27.0,1.0,0.0,27.0,-2.0,-4.0,0.0026507998182113174,0.0014910730856708466,0.0009542862380424941,-0.16199900939465284,-0.1621249138276637,-0.16217649950023638,"[9.4453125, 0.403564453125, 8.828125, 0.00835418701171875, 6.328125, 9.9921875, 8.390625, 2.904296875, 6.64453125, 4.921875, 2.244140625, 5.41796875, 7.17578125, 9.90625, 7.54296875, 0.705078125, 5.16796875, 4.86328125, 3.435546875, 1.43359375, 4.0390625, 2.208984375, 3.26953125, 0.403564453125, 0.3232421875, 0.44189453125, 0.12060546875, 0.59033203125, 6.88671875, 9.7890625, 5.671875, 8.0546875, 5.7421875, 6.734375, 4.84375, 1.564453125, 0.109375, 1.7353515625, 0.19384765625, 0.1549072265625, 1.3515625, 0.05908203125, 0.01010894775390625, 0.044647216796875, 0.439208984375, 0.79443359375, 0.2548828125, 0.4208984375, 0.513671875, 0.20361328125, 0.79443359375, 0.036346435546875, 5.01953125, 0.043701171875, 0.1065673828125, 0.01134490966796875, 0.0311431884765625, 0.12335205078125, 8.6171875, 5.375, 4.26953125, 4.34375, 7.875, 4.9765625, 0.77392578125, 2.60546875, 0.06536865234375, 5.671875, 1.6591796875, 7.41796875, 2.716796875, 11.46875, 3.369140625, 6.6171875, 4.1484375, 5.80859375, 5.61328125, 7.99609375, 3.828125, 1.306640625, 0.1524658203125, 0.2939453125, 0.06585693359375, 0.744140625, 0.1864013671875, 0.1922607421875, 0.875, 0.480224609375, 0.0279998779296875, 0.33154296875, 0.28466796875, 2.6015625, 0.21240234375, 0.2362060546875, 0.1402587890625, 0.2012939453125, 0.0197906494140625, 0.1397705078125, 0.454833984375, 1.5556640625, 0.244873046875, 0.1790771484375, 0.26904296875, 0.06671142578125, 0.0330810546875, 0.08935546875, 0.0447998046875, 3.19140625, 2.90234375, 0.564453125, 4.1015625, 4.3828125, 2.8125, 0.78515625, 0.7080078125, 0.61279296875, 5.83203125, 0.0833740234375, 4.93359375, 1.033203125, 1.1533203125, 2.603515625, 0.465576171875, 0.241455078125, 0.110107421875, 0.02557373046875, 0.1153564453125, 0.04107666015625, 1.5283203125, 0.83154296875, 0.10748291015625, 0.3701171875, 0.9423828125, 0.129638671875, 0.1171875, 0.80517578125, 0.1204833984375, 1.0908203125, 0.01910400390625, 0.5703125, 0.1220703125, 0.28857421875, 0.383544921875, 0.05560302734375, 0.10107421875, 0.05108642578125, 0.00905609130859375, 0.0810546875, 0.039306640625, 0.431884765625, 4.30078125, 0.50634765625, 0.362060546875, 0.33056640625, 0.0994873046875, 0.3447265625, 0.036651611328125, 0.1976318359375, 0.037445068359375, 0.02655029296875, 0.024871826171875, 0.11688232421875, 0.479248046875, 0.9072265625, 0.1854248046875, 0.184326171875, 0.277587890625, 0.31640625, 0.66259765625, 0.08001708984375, 0.021514892578125, 0.041656494140625, 0.006565093994140625, 0.059417724609375, 0.061767578125, 0.0150604248046875, 0.0039215087890625, 0.044586181640625, 0.051483154296875, 0.044677734375, 0.069091796875, 0.032379150390625, 0.08544921875, 0.08984375, 0.0946044921875, 0.0755615234375, 5.01171875, 0.00919342041015625, 0.0260162353515625, 0.0026035308837890625, 0.00913238525390625, 0.0309600830078125, 0.466064453125, 0.328369140625, 0.364013671875, 0.2071533203125, 0.164794921875, 0.04791259765625, 0.051666259765625, 0.042877197265625]",-0.7062566471099854
22,0,test,3.102299857206371,1.316190642643735,1.7683349053965878,10.577365227427437,4.487583333966259,6.0291799631617,22.24906215098518,16.282868082976336,18.45299734868032,75.85870714335898,55.51682641624312,62.915933817405275,4.088557143307211,1.784211294143362,2.4729963690931305,8.985839875400464,3.9213435036117845,5.435156855149737,59.653757755988245,49.63613468387675,54.62304953191871,131.10715990327085,109.0904058986302,120.05065831190923,3.455207182810857,1.499998394876845,2.0555542294030684,10.262991632111456,4.4554407768619155,6.105606621989312,31.664848415019428,24.59945437628192,27.61105554732538,94.05400519312701,73.06768626618391,82.01303627918429,0.8090452261306533,0.00404522613065339,0.009045226130653283,0.7236180904522613,0.008618090452261251,0.023618090452261375,0.6381909547738693,0.028190954773869348,0.00819095477386933,0.4649859943977591,0.14330767271943745,0.20105637562943068,0.3398876404494382,0.49246231155778897,0.13657258724701204,0.21533376397849013,0.4040404040404041,0.5083612040133779,0.17781028581638292,0.24807199377978506,0.3557046979865772,27.0,8.0,7.0,39.0,7.0,7.0,45.0,5.0,4.0,0.0016037767534866946,0.0008644510737790153,0.0006956350911765208,-0.006723449448026386,-0.01059676128858733,-0.008838127054755063,"[9.4609375, 3.611328125, 12.0703125, 9.765625, 11.671875, 7.41796875, 1.2099609375, 12.265625, 0.0006203651428222656, 4.58984375, 4.59375, 4.08203125, 0.9912109375, 4.84765625, 6.38671875, 1.0029296875, 1.58203125, 6.4849853515625e-05, 4.45703125, 4.328125, 0.138427734375, 1.9833984375, -0.0, 2.49609375, 0.59619140625, 1.1650390625, 6.16015625, 0.426025390625, 0.2125244140625, 0.548828125, 9.4765625, 9.0546875, 8.1796875, 5.11328125, 6.171875, 3.302734375, 5.125, 5.4609375, 5.9296875, 8.65625, 2.982421875, 7.40234375, 5.33984375, 5.86328125, 6.859375, 10.0625, 3.634765625, 3.81640625, 6.53515625, 3.71484375, 5.85546875, 4.59765625, 4.89453125, 5.30078125, 3.6171875, 3.478515625, 5.3984375, 0.007785797119140625, 0.2242431640625, 8.515625, 8.828125, 2.548828125, 6.0859375, 4.77734375, 3.439453125, 0.12371826171875, 4.4296875, 2.220703125, 8.5390625, 3.28125, 4.68359375, 3.76171875, 2.376953125, 0.6474609375, 3.140625, 4.625, 6.3359375, 8.2578125, 7.9296875, 4.59375, 6.265625, 4.1953125, 4.29296875, 0.1356201171875, 7.43359375, 1.041015625, 1.1682510375976562e-05, 1.5419921875, 0.02630615234375, 0.2159423828125, 0.0250701904296875, 2.94921875, 0.2239990234375, 0.1209716796875, 0.076904296875, 7.8515625, 7.69921875, 6.12890625, 4.23046875, 11.7265625, 3.537109375, 2.796875, 9.40625, 6.05859375, 1.5283203125, 4.63671875, 2.107421875, 3.54296875, 1.7109375, 3.083984375, 8.2421875, 7.95703125, 1.7939453125, 1.1044921875, 0.3310546875, 3.716796875, 5.265625, 2.41796875, 1.2734375, 0.261962890625, 0.340576171875, 0.0982666015625, 0.9853515625, 4.59765625, 6.96484375, 0.84814453125, 0.347412109375, 11.0390625, 3.109375, 0.06085205078125, 3.3984375, 4.515625, 1.7890625, 0.40673828125, 0.195068359375, 3.498046875, 1.142578125, 4.5390625, 4.70703125, 6.4921875, 5.75390625, 7.69921875, 3.28125, 2.970703125, 6.03125, 5.52734375, 2.712890625, 2.099609375, 1.06640625, 4.671875, 6.23828125, 6.859375, 3.291015625, 4.90625, 4.1171875, 9.03125, 4.30859375, 5.50390625, 3.744140625, 8.125, 4.62890625, 2.609375, 0.1536865234375, 3.51171875, 4.71484375, 0.8955078125, 7.38671875, 7.5625, 0.34033203125, 1.0498046875, 1.251953125, 5.08203125, 1.0068359375, 7.171875, 10.375, 3.4453125, 5.33203125, 2.6484375, 4.8046875, 4.37890625, 5.4296875, 1.87890625, 0.054779052734375, 4.08984375, 3.8671875, 5.62109375, 6.28515625, 0.483154296875, 0.338134765625, 7.7890625, 1.759765625, 4.5546875, 4.671875, 0.403076171875, 0.412109375, 5.05859375, 5.3046875, 6.07421875, 0.69091796875, 0.08721923828125, 0.1019287109375, 8.5703125, 4.546875, 0.257080078125, 0.266357421875, 0.07366943359375, 0.0278472900390625, 1.921875, 6.41015625, 0.48388671875, 0.13818359375, 5.4375, 0.80029296875, 0.06683349609375, 12.015625, 0.00012218952178955078, 0.315185546875, 0.0007448196411132812, 0.0013589859008789062, 4.97265625, 2.244140625, 8.2265625, 0.094970703125, 0.085693359375, 0.097900390625, 7.78515625, 0.25634765625, 0.5107421875, 0.288330078125, 0.229736328125, 0.1602783203125, 0.0146026611328125, 2.26171875, 3.921875, 0.497314453125, 0.18798828125, 0.051513671875, 2.6796875, 1.744140625, 3.61328125, 5.69921875, 0.666015625, 0.220947265625, 0.03302001953125, 0.0284423828125, 3.388671875, 4.42578125, 4.0, 0.439453125, 0.0755615234375, 0.049652099609375, 0.0206756591796875, 2.427734375, 2.62109375, 3.953125, 0.0546875, 0.05810546875, 0.56640625, 0.4345703125, 0.0158843994140625, 6.203125, 6.671875, 4.4765625, 0.03411865234375, 0.10247802734375, 1.5498046875, 2.130859375, 3.02734375, 4.63671875, 6.2890625, 6.9453125, 7.515625, 6.22265625, 1.5654296875, 5.59375, 0.458740234375, 0.2347412109375, 0.041351318359375, 2.224609375, 1.80859375, 2.931640625, 3.158203125, 6.1484375, 1.98828125, 0.74365234375, 5.58984375, 1.037109375, 5.73046875, 0.52978515625, 3.345703125, 0.11700439453125, 0.1923828125, 0.01409912109375, 3.16796875, 5.83984375, 1.412109375, 5.15625, 0.517578125, 0.1185302734375, 0.017730712890625, 3.06640625, 5.31640625, 0.7265625, 5.3359375, 1.845703125, 3.763671875, 0.49755859375, 0.303466796875, 0.348876953125, 4.94140625, 2.37890625, 0.11480712890625, 0.2293701171875, 0.0095977783203125, 3.34375, 4.0859375, 3.7421875, 0.127685546875, 0.10028076171875, 0.030364990234375, 5.203125, 0.1954345703125, 0.11822509765625, 0.318115234375, 0.10125732421875, 0.0185699462890625, 1.5703125, 0.52685546875, 0.054351806640625, 0.091796875, 0.0183868408203125, 0.008544921875, 3.234375, 0.53125, 0.0312347412109375, 0.08587646484375, 0.0372314453125, 0.0195159912109375, 0.74609375, 3.41015625, 0.221435546875, 0.0206451416015625, 0.89306640625, 0.20849609375, 0.01080322265625, 2.099609375, 0.062286376953125, 0.0188446044921875, 0.053955078125, 2.5391578674316406e-05, 2.7734375, 1.1162109375, 1.4169921875, 2.6953125, 0.5419921875, 1.9990234375, 0.295166015625]",-1.0899685143756601
189,0,test,2.348391107993551,1.0609056930293694,1.4576886829324631,6.810334213181297,3.0766265097851706,4.2272971805041415,10.468713139263352,6.845050058537657,8.031872390991067,30.35926810386372,19.850645169759204,23.292429933874093,2.3417713702024527,1.031602747473278,1.4421798116377684,6.787743102036095,2.990152891226893,4.180231338080487,10.399641872339576,6.69284316231029,7.941043159874669,30.14388948504225,19.399545398000846,23.017516405433824,2.3456446392701404,1.058159224305959,1.455620669764178,6.802369453883407,3.068661750487281,4.221299942316116,10.44000059315538,6.816337512429685,8.004812572311268,30.2760017201506,19.767378786046088,23.213956459702676,0.3517587939698492,-0.008241206030150772,-0.0032412060301507672,0.31658291457286436,-0.0134170854271356,-0.0134170854271356,0.2814070351758794,-0.008592964824120641,-0.013592964824120646,0.3168316831683168,0.11930081897078593,0.17373957790515893,0.3084577114427861,0.31155778894472363,0.11356280147605191,0.16798516790966522,0.30808080808080807,0.31188118811881194,0.11435032392128108,0.16056539864512775,0.31343283582089554,21.0,1.0,0.0,24.0,0.0,0.0,28.0,-1.0,0.0,-0.0024271296180880505,-0.0012651185583069287,-0.0007463498269162331,-0.08693948626291803,-0.0877013529451438,-0.0881311567210874,"[4.21484375, 7.40625, 2.798828125, 6.19140625, 10.390625, 9.71875, 4.9921875, 7.38671875, 10.75, 7.66796875, 1.646484375, 9.90625, 0.78857421875, 0.56201171875, 3.36328125, 0.73388671875, 0.60302734375, 0.406005859375, 0.181396484375, 2.20703125, 0.86572265625, 0.09161376953125, 0.61279296875, 2.69921875, 0.0675048828125, 0.1619873046875, 1.447265625, 0.0310821533203125, 0.203125, 0.06585693359375, 0.0211181640625, 0.58349609375, 0.1187744140625, 0.031158447265625, 0.0308837890625, 0.26025390625, 0.0190277099609375, 0.10382080078125, 0.1436767578125, 0.0198974609375, 0.070068359375, 0.04949951171875, 0.01265716552734375, 0.47705078125, 0.072998046875, 0.01105499267578125, 0.02923583984375, 0.134521484375, 0.00849151611328125, 0.042510986328125, 0.05169677734375, 0.01142120361328125, 0.061553955078125, 0.0193023681640625, 0.006961822509765625, 0.394775390625, 0.0885009765625, 0.00992584228515625, 0.026092529296875, 0.128173828125, 0.01006317138671875, 0.041900634765625, 0.093994140625, 0.00873565673828125, 0.043060302734375, 0.01187896728515625, 0.005176544189453125, 0.353271484375, 0.04058837890625, 0.01033782958984375, 0.0264129638671875, 0.053924560546875, 0.002750396728515625, 0.034759521484375, 0.0293121337890625, 0.007724761962890625, 0.035064697265625, 0.01093292236328125, 0.004863739013671875, 0.2017822265625, 0.020263671875, 0.00788116455078125, 0.0268096923828125, 0.0426025390625, 0.0030612945556640625, 0.01364898681640625, 0.0224609375, 0.01055145263671875, 0.01287078857421875, 0.0223846435546875, 0.00428009033203125, 0.29296875, 0.032501220703125, 0.00839996337890625, 0.0244903564453125, 0.09716796875, 0.001537322998046875, 0.00951385498046875, 0.0038356781005859375, 0.007312774658203125, 0.01715087890625, 0.00916290283203125, 0.0009946823120117188, 0.14501953125, 0.0313720703125, 0.002338409423828125, 0.0098876953125, 0.046722412109375, 0.0021648406982421875, 0.005161285400390625, 0.016143798828125, 0.004848480224609375, 0.01422882080078125, 0.00811767578125, 0.0019388198852539062, 0.12939453125, 0.0175628662109375, 0.00527191162109375, 0.009521484375, 0.038726806640625, 0.0017538070678710938, 7.00390625, 0.033111572265625, 0.06744384765625, 0.0230255126953125, 0.0087738037109375, 0.0018892288208007812, 0.172119140625, 0.032257080078125, 0.0043792724609375, 0.024658203125, 0.040771484375, 0.00238800048828125, 1.47265625, 0.75927734375, 0.0196075439453125, 0.00836944580078125, 0.00832366943359375, 0.0014057159423828125, 0.1087646484375, 0.0341796875, 0.0052490234375, 0.022308349609375, 16.015625, 11.2578125, 6.83984375, 9.453125, 5.23046875, 8.3671875, 5.79296875, 5.74609375, 7.984375, 1.90625, 3.5625, 9.3046875, 9.4609375, 3.072265625, 11.4375, 8.359375, 4.140625, 2.755859375, 0.73486328125, 7.47265625, 4.8046875, 2.208984375, 9.5078125, 7.64453125, 3.75, 5.15625, 2.65625, 2.58984375, 8.125, 7.9296875, 3.5, 5.609375, 0.09112548828125, 5.46484375, 14.140625, 8.015625, 10.203125, 6.0234375, 12.515625, 7.56640625, 0.0144500732421875, 3.080078125, 5.2421875, 0.004482269287109375, 4.13671875, 5.53515625, 10.7109375, 5.515625, 1.4794921875, 10.2734375, 4.890625, 9.4765625, 5.82421875, 6.27734375, 9.4453125, 5.90625, 1.5029296875, 4.90625, 0.490966796875]",-0.7559401469655556
31,0,test,2.9701870759328206,1.365221733489551,1.4588188279292684,8.711341362949309,4.00409545005167,4.278608879475476,19.49556640617658,14.517879320898937,14.962637682304948,57.17906976445691,42.57987776434383,43.884321495052916,3.148756592717003,1.4253186951734425,1.9851114372752223,7.679894128578057,3.47638706139864,4.841735212866396,23.307066380309298,17.703305839331552,20.105484083205166,56.84650336660805,43.17879473007696,49.037766056597974,2.9501935327332154,1.3675733265515029,1.8760643832994472,7.9734960344140955,3.6961441258148726,5.070444279187695,19.109651713506416,14.241958236672886,16.182209288246597,51.64770733380112,38.49177901803482,43.73570077904485,0.6030150753768844,-0.011984924623115623,-0.011984924623115623,0.4522613065326633,-0.007738693467336688,-0.007738693467336688,0.37688442211055273,-0.013115577889447283,-0.003115577889447274,0.3604166666666667,0.10235215053763447,0.11310483870967747,0.3507306889352818,0.371859296482412,0.10870140174556986,0.15483091584802133,0.3484848484848485,0.3846153846153846,0.12752022601772184,0.1743817917344057,0.3489932885906041,20.0,-1.0,-1.0,31.0,-1.0,-2.0,36.0,-2.0,-3.0,-0.0003147660790977376,0.00020063972067236268,2.296708308671197e-05,-0.008103388804166833,-0.007450155030201522,-0.008554299160361545,"[4.86328125, 4.3828125, 1.8212890625, 3.421875, 6.13671875, 11.21875, 5.64453125, 2.419921875, 2.068359375, 1.5712890625, 1.1572265625, 0.07415771484375, 2.951171875, 1.4853515625, 0.262451171875, 5.05859375, 8.4453125, 0.204833984375, 0.5029296875, 8.28125, 1.26953125, 0.257568359375, 6.85546875, 3.826171875, 2.94140625, 0.46923828125, 0.880859375, 8.53125, 8.9921875, 1.048828125, 0.6162109375, 4.5234375, 6.58984375, 0.525390625, 1.0390625, 0.07379150390625, 1.314453125, 0.224365234375, 8.71875, 4.2109375, 11.984375, 1.0185546875, 0.03289794921875, 1.2294921875, 1.822265625, 0.1353759765625, 1.353515625, 0.0673828125, 1.4345703125, 9.0546875, 1.337890625, 1.3056640625, 0.08392333984375, 1.5693359375, 3.150390625, 11.453125, 14.4921875, 0.45361328125, 13.453125, 8.015625, 0.446533203125, 0.99462890625, 0.953125, 1.6591796875, 0.7275390625, 5.82421875, 2.330078125, 1.826171875, 0.05584716796875, 0.287353515625, 10.28125, 4.32421875, 3.8984375, 5.84375, 7.765625, 0.50732421875, 4.33984375, 0.171142578125, 1.2392578125, 0.005069732666015625, 0.1505126953125, 0.01512908935546875, 0.2210693359375, 3.119140625, 3.283203125, 1.970703125, 1.095703125, 0.07379150390625, 0.443359375, 5.69921875, 7.73046875, 15.3125, 2.994140625, 7.74609375, 3.525390625, 11.6484375, 10.2890625, 11.2265625, 3.654296875, 6.8515625, 6.80078125, 1.623046875, 0.1883544921875, 0.09429931640625, 2.830078125, 5.03515625, 0.6123046875, 2.5625, 2.240234375, 0.251220703125, 0.0850830078125, 0.007465362548828125, 0.01557159423828125, 0.98974609375, 0.019012451171875, 0.0987548828125, 5.76171875, 3.888671875, 0.2125244140625, 0.485107421875, 7.03125, 10.1796875, 0.5166015625, 0.03350830078125, 0.50927734375, 2.513671875, 0.22509765625, 0.0560302734375, 1.3984375, 0.2440185546875, 0.08282470703125, 5.3671875, 0.34765625, 4.84765625, 2.58984375, 1.361328125, 0.10931396484375, 5.48828125, 11.609375, 0.132568359375, 5.3515625, 0.06878662109375, 0.2091064453125, 4.05078125, 0.75146484375, 3.923828125, 4.140625, 9.921875, 2.02734375, 3.85546875, 1.1298828125, 7.1015625, 1.994140625, 0.4501953125, 1.8203125, 3.505859375, 0.10882568359375, 2.177734375, 1.384765625, 0.1319580078125, 0.1409912109375, 2.41015625, 0.00768280029296875, 0.00835418701171875, 1.423828125, 0.059906005859375, 7.40625, 0.80908203125, 9.0546875, 14.1484375, 4.4375, 9.6953125, 1.220703125, 5.62890625, 8.0703125, 3.501953125, 4.3984375, 2.146484375, 0.05963134765625, 0.07843017578125, 11.3359375, 0.10614013671875, 1.552734375, 0.121337890625, 0.765625, 0.044097900390625, 0.2332763671875, 4.984375, 4.09375, 0.005767822265625, 0.1500244140625, 2.259765625, 0.322998046875, 7.0, 0.60498046875, 0.441162109375, 0.96484375, 0.1199951171875, 6.51953125, 3.60546875, 0.06256103515625, 4.65625, 0.2203369140625, 6.10546875, 0.1439208984375, 7.328125, 0.0143280029296875, 0.00786590576171875, 0.034027099609375, 0.95068359375, 0.1248779296875, 3.7734375, 0.1280517578125, 8.609375, 0.77880859375, 4.078125, 1.4228515625, 0.1396484375, 0.69873046875, 4.0859375, 2.107421875, 4.98046875, 3.228515625, 0.06787109375, 0.6015625, 6.671875, 0.0258026123046875, 0.2138671875, 1.40625, 1.171875, 9.984375, 2.1875, 0.78955078125, 0.8544921875, 7.58203125, 0.7109375, 5.796875, 4.39453125, 1.1806640625, 2.55078125, 0.302734375, 0.1697998046875, 0.07037353515625, 1.6826171875, 0.051483154296875, 2.37109375, 3.318359375, 4.4296875, 0.483154296875, 2.591796875, 0.004482269287109375, 0.0101165771484375, 0.79345703125, 0.00516510009765625, 1.5185546875, 5.29296875, 3.78515625, 2.244140625, 4.640625, 1.7470703125, 10.21875, 5.33984375, 0.974609375, 0.00843048095703125, 0.07781982421875, 0.1551513671875, 0.040557861328125, 0.541015625, 4.375, 0.429443359375, 2.025390625, 1.4033203125, 0.11602783203125, 13.890625, 2.6875, 1.4658203125, 7.65625, 3.412109375, 2.33203125, 0.00991058349609375, 0.68310546875, 0.01087188720703125, 6.2421875, 4.91796875, 9.1875, 0.377197265625, 4.8046875, 7.84375, 1.951171875, 0.00981903076171875, 2.392578125, 0.74462890625, 0.2296142578125, 4.265625, 6.60546875, 6.9296875, 0.78662109375, 0.051544189453125, 0.0472412109375, 2.291015625, 0.0227508544921875, 0.85888671875, 0.2247314453125, 0.148681640625, 0.16796875, 7.6015625, 2.806640625, 7.8203125, 1.146484375, 0.26416015625, 0.351318359375, 0.80029296875, 1.0712890625, 7.2421875, 12.625, 13.3671875, 0.9404296875, 3.96484375, 3.615234375, 10.203125, 1.8671875, 4.42578125, 0.71728515625, 7.17578125, 0.362060546875, 3.048828125, 1.3857421875, 1.82421875, 0.08209228515625, 2.103515625, 1.4658203125, 1.349609375, 0.436279296875, 0.050628662109375, 0.10614013671875, 0.56298828125, 0.08868408203125, 0.053375244140625, 0.263671875, 0.049835205078125, 0.33203125, 10.03125, 1.908203125, 0.7255859375, 0.13623046875, 0.0894775390625, 1.1103515625, 5.20703125, 5.44921875, 10.2578125, 1.802734375, 0.369873046875, 0.25439453125, 0.48828125, 1.373046875, 8.1640625, 1.0732421875, 0.119873046875, 0.181640625, 0.2015380859375, 9.0078125, 6.85546875, 7.9140625, 13.6171875, 1.173828125, 0.32421875, 0.16943359375, 5.5078125, 1.642578125, 4.3203125, 1.6181640625, 2.2421875, 6.37109375, 4.8046875, 0.11578369140625, 1.03515625, 5.29296875, 1.4833984375, 0.22998046875, 0.16259765625, 8.40625, 1.03125, 0.1876220703125, 8.265625, 0.07928466796875, 14.1328125, 2.349609375, 1.4912109375, 6.0546875, 1.1572265625, 0.31396484375, 3.126953125, 4.83984375, 0.1917724609375, 0.1712646484375, 3.21484375, 0.0867919921875, 4.58203125, 0.6279296875, 0.09326171875, 7.96484375, 0.0247039794921875, 0.06524658203125, 1.419921875, 0.1107177734375, 4.609375, 0.7197265625, 0.051910400390625, 2.939453125, 0.273193359375, 0.6982421875, 4.58984375, 7.69140625, 2.619140625, 7.03515625, 1.1298828125, 0.08917236328125, 0.1663818359375, 5.8359375, 7.8046875, 5.01171875, 2.2734375, 0.1640625, 5.42578125, 11.0625, 0.99853515625, 0.01529693603515625, 7.77734375, 0.10052490234375, 0.2310791015625, 1.7578125, 0.005596160888671875, 0.01029205322265625, 0.89404296875, 0.00266265869140625, 0.97216796875, 3.0390625, 0.41845703125, 1.267578125, 0.818359375, 7.22265625, 3.90234375, 8.1484375, 0.83203125, 0.642578125, 4.1328125, 9.3359375, 0.2039794921875, 0.017303466796875, 0.109375, 6.140625, 14.0625, 5.515625, 1.1044921875, 5.2578125, 0.231689453125, 0.49560546875, 11.171875, 0.1883544921875, 0.08062744140625, 2.1875, 1.4951171875, 8.6796875, 1.5458984375, 13.2890625, 1.62109375, 0.0078887939453125, 0.08636474609375, 0.47607421875, 1.44140625, 4.4375, 0.05712890625, 2.314453125, 5.6328125, 9.1640625, 6.390625, 6.35546875, 8.6640625, 2.291015625, 2.173828125]",-1.8212543646494548
83,0,test,2.406898790481551,1.073222153164716,1.1989986272328306,6.318109325014071,2.8172081520573795,3.1473713964861805,11.099485883918677,7.304515384353243,7.7530356135760545,29.13615044528653,19.174352883927263,20.351718485637143,3.22006667439063,1.4302220568816248,2.020015469602562,5.551839093776949,2.4659000980717676,3.482785292418211,25.029788971631685,19.041267088992413,21.709502038659117,43.15480857177877,32.82977084309037,37.43017592872262,3.0904050427535705,1.384302607654308,1.933432016267894,6.020269563805657,2.696693391534366,3.7664260057166765,21.98598143496125,16.478527502776085,18.80568940312724,42.82983396421023,32.10102760281056,36.6344598762219,0.6532663316582914,-0.006733668341708521,0.003266331658291377,0.5376884422110553,0.002688442211055353,-0.0023115577889447625,0.4522613065326633,0.007261306532663325,-0.0027386934673366836,0.37960954446854667,0.12717184132661818,0.14500543889669915,0.2978260869565217,0.42211055276381915,0.11133361040792944,0.18504878314779238,0.398989898989899,0.4147157190635451,0.11922323158441317,0.1900216145029222,0.38590604026845643,27.0,3.0,3.0,39.0,2.0,7.0,46.0,5.0,5.0,0.0016018718085370684,0.0005181479796553567,0.0010082731351719007,-0.06194737868466227,-0.04719492879992515,-0.07361573636567353,"[8.6875, 7.21875, 2.248046875, 4.21484375, 10.671875, 8.0859375, 2.90234375, 5.49609375, 9.0546875, 0.74853515625, 5.54296875, 1.7548828125, 2.73828125, 9.0390625, 7.37890625, 1.1923828125, 0.215576171875, 0.5263671875, 0.521484375, 0.0633544921875, 6.90234375, 7.0625, 0.460205078125, 8.2578125, 7.01953125, 4.9140625, 1.7705078125, 8.8671875, 2.90234375, 4.515625, 0.05694580078125, 4.73046875, 0.059234619140625, 0.004726409912109375, 0.00618743896484375, 0.10675048828125, 0.03448486328125, 0.2548828125, 1.00390625, 4.3828125, 0.12939453125, 5.08984375, 4.75, 1.3173828125, 1.91796875, 0.171142578125, 3.123046875, 5.14453125, 6.19140625, 4.46875, 10.2421875, 4.16015625, 7.515625, 9.4765625, 3.0859375, 1.4541015625, 2.6171875, 4.34375, 1.7880859375, 0.022186279296875, 0.10491943359375, 1.5166015625, 0.1795654296875, 0.232421875, 3.240234375, 0.385009765625, 1.35546875, 2.244140625, 1.4072265625, 0.0758056640625, 0.81298828125, 0.045318603515625, 0.8447265625, 3.08984375, 7.37890625, 3.955078125, 1.1240234375, 0.07586669921875, 0.11468505859375, 2.45703125, 7.734375, 6.0546875, 5.421875, 0.3515625, 3.646484375, 0.96337890625, 0.01471710205078125, 3.900390625, 6.73046875, 2.890625, 3.75390625, 6.07421875, 1.8857421875, 8.09375, 1.0810546875, 4.51953125, 0.0272216796875, 0.13232421875, 0.0687255859375, 7.4296875, 7.296875, 3.33984375, 0.79345703125, 0.055694580078125, 8.0546875, 2.9375, 0.03216552734375, 0.052337646484375, 0.134033203125, 7.8203125, 4.23828125, 6.04296875, 1.193359375, 0.059814453125, 2.681640625, 1.865234375, 0.0193939208984375, 0.333251953125, 0.03863525390625, 7.42578125, 1.5361328125, 7.125, 7.36328125, 7.56640625, 6.859375, 8.90625, 2.771484375, 0.0692138671875, 8.171875, 2.35546875, 0.1553955078125, 0.036346435546875, 0.334716796875, 0.0138702392578125, 4.1015625, 4.73828125, 8.84375, 1.572265625, 6.0546875, 2.98046875, 1.599609375, 0.0595703125, 5.75390625, 7.38671875, 5.34765625, 0.076904296875, 0.49755859375, 0.0165863037109375, 0.052581787109375, 0.00899505615234375, 1.416015625, 8.34375, 3.294921875, 7.04296875, 3.064453125, 1.875, 0.00443267822265625, 1.0986328125, 7.671875, 1.107421875, 0.0137176513671875, 0.058563232421875, 0.0086517333984375, 8.0625, 4.9921875, 4.8984375, 5.703125, 4.96484375, 0.54052734375, 0.00930023193359375, 2.94921875, 4.34765625, 5.703125, 3.123046875, 0.30078125, 0.04888916015625, 0.06024169921875, 0.033294677734375, 4.95703125, 4.9765625, 4.984375, 6.26171875, 2.83203125, 1.94140625, 0.0216522216796875, 8.3984375, 0.09173583984375, 0.0127716064453125, 0.055511474609375, 0.036834716796875, 6.328125, 4.265625, 6.078125, 4.3828125, 1.7177734375, 1.0078125, 0.0228729248046875, 6.06640625, 7.640625, 0.23583984375, 0.0300750732421875, 0.05523681640625, 0.05865478515625, 8.3203125, 5.12890625, 4.31640625, 3.943359375, 4.703125, 2.482421875, 0.015289306640625, 4.40625, 5.4296875, 0.67138671875, 0.3544921875, 0.0167999267578125, 0.0250091552734375, 0.05010986328125, 7.9140625, 4.69921875, 6.9296875, 4.95703125, 0.5068359375, 0.006946563720703125, 4.14453125, 1.9287109375, 0.1522216796875, 0.0124664306640625, 0.154052734375, 0.0443115234375, 5.95703125, 7.09375, 6.1328125, 4.0703125, 6.4765625, 0.91455078125, 0.00865936279296875, 2.521484375, 2.099609375, 4.3125, 2.623046875, 0.9833984375, 0.02154541015625, 0.074462890625, 0.01776123046875, 5.265625, 5.8203125, 0.0204010009765625, 2.05078125, 0.9443359375, 0.01476287841796875, 3.853515625, 11.4296875, 0.1614990234375, 0.026336669921875, 0.1512451171875, 0.035491943359375, 2.59765625, 2.39453125, 0.84228515625, 7.30859375, 4.828125, 0.83642578125, 0.00022661685943603516, 3.087890625, 5.80859375, 4.5859375, 1.443359375, 0.24169921875, 0.01293182373046875, 0.0706787109375, 0.0274200439453125, 9.1640625, 7.640625, 4.8828125, 10.078125, 0.50244140625, 0.0001361370086669922, 4.68359375, 11.109375, 0.39111328125, 0.0132293701171875, 3.05859375, 0.04437255859375, 0.210205078125, 2.2578125, 9.1796875, 3.716796875, 4.03515625, 0.01171875, 0.394775390625, 2.724609375, 12.46875, 15.9296875, 0.7421875, 0.136962890625, 0.03131103515625, 1.462890625, 0.96826171875, 2.416015625, 9.1640625, 0.38720703125, 3.59765625, 0.0367431640625, 1.0810546875, 0.00839996337890625, 12.9296875, 0.83642578125, 0.03497314453125, 0.428955078125, 0.004116058349609375, 2.904296875, 2.98046875, 0.1654052734375, 0.06573486328125, 0.0008397102355957031, 4.27734375, 0.09375, 1.4287109375, 5.5078125, 2.3046875, 0.0294036865234375, 2.65234375, 1.720703125, 3.654296875, 0.5068359375, 2.736328125, 5.37109375, 5.41796875, 0.4306640625, 1.5341796875, 0.038909912109375, 0.10040283203125, 2.662109375, 0.01163482666015625, 0.16650390625, 5.6484375, 1.970703125, 4.9609375, 0.08343505859375, 0.0135650634765625, 0.6953125, 0.490478515625, 0.016265869140625, 0.0181121826171875, 3.310546875, 0.3310546875, 4.4765625, 0.056488037109375, 0.1522216796875, 0.007602691650390625, 1.3154296875, 0.2261962890625, 0.007781982421875, 0.01259613037109375, 9.9140625, 0.0018482208251953125, 0.16845703125, 1.513671875, 2.23046875, 0.351806640625, 0.00653839111328125, 0.31494140625, 0.15771484375, 0.004405975341796875, 0.01136016845703125, 4.1796875, 1.447265625, 0.00162506103515625, 0.004337310791015625, 0.03619384765625, 0.533203125, 0.5029296875, 0.341796875, 0.004673004150390625, 0.314697265625, 0.18408203125, 0.00560760498046875, 0.0025806427001953125, 2.32421875, 2.580078125, 0.505859375, 0.1805419921875, 0.1513671875, 0.1583251953125, 0.004344940185546875, 0.31591796875, 0.1033935546875, 0.0021209716796875, 0.001949310302734375, 7.47265625, 0.07672119140625, 0.0030956268310546875, 0.114990234375, 0.01100921630859375, 0.10809326171875, 0.2005615234375, 0.146240234375, 0.004856109619140625, 0.1292724609375, 0.059722900390625, 0.0008029937744140625, 0.0016689300537109375, 7.1171875, 0.01861572265625, 0.091552734375, 0.0477294921875, 0.09466552734375, 0.00814056396484375, 0.1318359375, 0.03790283203125, 0.000980377197265625, 0.0014371871948242188, 8.234375, 1.380859375, 0.802734375, 0.09173583984375, 0.039093017578125, 0.0672607421875, 0.003360748291015625, 0.051971435546875, 0.032012939453125, 0.0004477500915527344, 0.0019426345825195312, 4.4296875, 0.0229339599609375, 0.00208282470703125, 0.036102294921875, 0.301513671875, 0.01287841796875, 0.0601806640625, 0.004299163818359375, 0.0224761962890625, 0.0157318115234375, 0.001129150390625, 0.0003657341003417969, 5.62890625, 2.236328125, 0.1644287109375, 0.058807373046875, 0.01560211181640625, 0.0701904296875, 0.0013589859008789062, 0.05279541015625, 0.025421142578125, 0.0005393028259277344, 0.0003788471221923828, 3.486328125, 0.7734375, 0.24658203125, 0.007259368896484375, 0.041351318359375, 0.03570556640625, 0.0224456787109375, 0.03173828125, 0.0036792755126953125, 0.022857666015625, 0.044921875, 0.0005335807800292969, 0.000301361083984375, 5.33203125, 5.41015625]",-1.6057865084381269
88,0,test,4.065493967798021,1.8823767102828914,2.201759397264955,9.567167869872517,4.42972345408963,5.181314233781116,58.29369662072814,49.41977112156406,51.84592509944037,137.1802751998657,116.29761356324587,122.0069867829222,4.638714699289906,2.118511700162965,2.9414366733395716,7.6044503267047645,3.472970000267156,4.82202733334356,103.41134745069814,90.98022753674864,97.95227974147849,169.52679909950515,149.14791399466992,160.57750777291557,4.25059607515367,1.990525524134788,2.7164707602173133,8.07075204143102,3.7794788432939015,5.157855873830341,70.14721289802286,60.56344761070351,65.50994529122435,133.1909105658662,114.99388786842441,124.38597207194499,0.8291457286432161,0.009145728643216056,0.009145728643216056,0.7236180904522613,-0.006381909547738651,-0.006381909547738651,0.6130653266331658,-0.02193467336683419,-0.016934673366834185,0.4305555555555556,0.10916827231856141,0.1353453893776475,0.3735498839907193,0.4321608040201005,0.07627107970932356,0.17339619634063475,0.38888888888888884,0.4448160535117057,0.10925678806930172,0.1912009255917947,0.37583892617449666,28.0,1.0,0.0,39.0,1.0,1.0,47.0,2.0,2.0,0.0009480979463597196,0.0009101135381061037,0.0003282513148960597,-0.006891811935160419,-0.00998049376330723,-0.008279996253873101,"[9.8046875, 8.9375, 8.8984375, 7.921875, 2.974609375, 1.0078125, 2.875, 7.12890625, 8.9296875, 7.703125, 4.14453125, 6.1796875, 5.6328125, 8.3203125, 6.6796875, 13.0234375, 3.2265625, 0.9814453125, 0.79150390625, 8.171875, 4.8203125, 1.509765625, 1.376953125, 5.37109375, 0.6572265625, 3.650390625, 0.1693115234375, 0.4013671875, 1.095703125, 3.8203125, 8.8125, 1.5361328125, 0.0039005279541015625, 4.33203125, 1.9287109375, 8.046875, 5.41015625, 2.326171875, 6.52734375, 12.71875, 7.55859375, 2.5078125, 3.40625, 4.74609375, 2.849609375, 4.25, 7.83203125, 4.24609375, 2.958984375, 1.00390625, 7.1015625, 1.490234375, 6.64453125, 6.88671875, 7.5546875, 4.37109375, 9.6640625, 3.01953125, 7.859375, 0.28369140625, 3.04296875, 7.8125, 7.14453125, 8.46875, 1.0712890625, 3.373046875, 0.09051513671875, 0.62255859375, 0.9384765625, 5.859375, 3.736328125, 2.376953125, 0.078125, 8.703125, 5.26171875, 10.0703125, 6.2890625, 1.74609375, 2.91796875, 4.1328125, 0.189697265625, 8.53125, 7.734375, 10.40625, 3.7109375, 2.23828125, 4.62890625, 6.8125, 2.197265625, 1.345703125, 6.03515625, 6.50390625, 3.9609375, 0.69384765625, 1.103515625, 6.4140625, 0.7275390625, 7.28125, 3.390625, 0.97509765625, 4.9140625, 10.5234375, 8.0703125, 6.47265625, 2.990234375, 6.046875, 0.59619140625, 1.0439453125, 0.01241302490234375, 0.07098388671875, 9.6328125, 9.6953125, 4.0078125, 3.716796875, 9.1640625, 2.181640625, 3.572265625, 8.265625, 2.388671875, 11.796875, 6.5625, 6.1640625, 8.9296875, 0.5390625, 4.44921875, 2.162109375, 3.689453125, 8.5078125, 3.3125, 4.109375, 2.005859375, 3.681640625, 4.75, 9.2421875, 2.095703125, 1.8466796875, 9.4921875, 0.35009765625, 1.2041015625, 13.4765625, 8.46875, 3.701171875, 0.20703125, 5.04296875, 5.79296875, 4.65234375, 2.791015625, 6.55859375, 8.90625, 5.1875, 9.3203125, 2.859375, 4.78515625, 3.123046875, 2.1875, 3.990234375, 3.828125, 0.08843994140625, 0.529296875, 9.6953125, 0.1558837890625, 4.34765625, 0.88427734375, 3.177734375, 0.5068359375, 0.53466796875, 0.335693359375, 0.1859130859375, 13.265625, 0.46435546875, 0.5419921875, 9.90625, 3.126953125, 12.6484375, 3.880859375, 4.4140625, 4.0, 2.232421875, 0.03973388671875, 9.3671875, 5.3359375, 7.91796875, 6.16015625, 12.75, 0.8447265625, 1.05078125, 9.3359375, 0.3330078125, 4.8359375, 1.6845703125, 1.54296875, 0.8994140625, 0.8037109375, 10.859375, 7.21875, 3.611328125, 5.20703125, 4.79296875, 5.16796875, 5.0859375, 3.44921875, 5.1171875, 7.3515625, 1.501953125, 0.1531982421875, 0.55322265625, 4.5625, 8.546875, 7.7890625, 7.0859375, 6.14453125, 5.9765625, 7.86328125, 6.28515625, 3.09765625, 3.607421875, 3.66796875, 7.8515625, 0.0298309326171875, 6.59765625, 6.0390625, 2.009765625, 9.0078125, 6.76953125, 6.1796875, 3.681640625, 7.19140625, 5.19140625, 2.673828125, 9.21875, 2.837890625, 5.71484375, 6.9921875, 0.462158203125, 1.4423828125, 5.984375, 2.935546875, 3.25, 2.96875, 2.04296875, 6.19921875, 6.12109375, 3.578125, 3.96484375, 0.416748046875, 0.257568359375, 4.65625, 1.498046875, 2.58984375, 2.310546875, 9.28125, 2.029296875, 0.005084991455078125, 1.8251953125, 12.8671875, 16.0, 3.337890625, 6.6015625, 2.98828125, 0.140380859375, 5.125, 7.609375, 0.9013671875, 4.5078125, 1.0224609375, 2.79296875, 4.3203125, 4.734375, 0.0139923095703125, 2.802734375, 3.173828125, 2.09375, 5.2421875, 1.4794921875, 0.340576171875, 0.115234375, 0.133056640625, 5.42578125, 0.5595703125, 0.06903076171875, 0.230712890625, 0.130859375, 0.0198516845703125, 0.290283203125, 0.65087890625, 0.03326416015625, 0.1441650390625, 0.092041015625, 0.408935546875, 0.270263671875, 0.0235443115234375, 10.109375, 1.21875, 0.0396728515625, 0.043548583984375, 0.05841064453125, 0.295654296875, 0.1029052734375, 0.09600830078125, 10.2421875, 6.43359375, 10.3828125, 3.724609375, 5.3203125, 3.435546875, 0.49951171875, 2.720703125, 1.205078125, 5.328125, 2.13671875, 6.84375, 0.509765625, 12.2578125, 9.25, 2.796875, 2.19921875, 3.447265625, 4.31640625, 0.8876953125, 0.403076171875, 0.341064453125, 11.0078125, 7.62109375, 0.1343994140625, 11.109375, 10.03125, 1.9677734375, 4.4453125, 0.7705078125, 3.998046875, 4.05078125, 0.78857421875, 2.244140625, 3.0078125, 0.73681640625, 0.1484375, 0.468994140625, 9.25, 5.453125, 7.359375, 12.1015625, 0.268310546875, 1.4921875, 7.828125, 1.9150390625, 0.281494140625, 1.33984375, 13.0, 3.3203125, 5.68359375, 0.98681640625, 4.0078125, 1.5966796875, 3.71875, 0.712890625, 0.47265625, 11.9140625, 0.007110595703125, 6.1875, 4.59765625, 7.63671875, 0.422119140625, 5.2109375, 5.04296875, 0.455322265625, 2.16796875, 1.615234375, 2.453125, 4.796875, 7.5625, 0.25634765625, 7.6484375, 1.671875, 1.0615234375, 1.3955078125, 0.5400390625, 2.357421875, 3.650390625, 0.09039306640625, 0.216796875, 0.98974609375, 4.97265625, 1.041015625, 0.367919921875, 5.12109375, 6.43359375, 6.7890625, 2.962890625, 6.12109375, 4.7734375, 3.4609375, 2.623046875, 0.61962890625, 3.76953125, 0.2413330078125, 2.234375, 10.140625, 2.587890625, 4.9765625, 3.15625, 0.8056640625, 8.296875, 0.246826171875, 5.63671875, 2.7578125, 0.544921875, 6.265625, 1.7265625, 0.00406646728515625, 1.8134765625, 1.0908203125, 0.9619140625, 2.11328125, 6.703125, 6.41015625, 2.603515625, 7.72265625, 0.76904296875, 0.03924560546875, 0.01253509521484375, 0.0274505615234375, 0.01132965087890625, 0.6904296875, 3.341796875, 1.4404296875, 6.88671875, 1.93359375, 4.171875, 9.21875, 7.20703125, 4.33984375, 1.333984375]",-0.24959811899397089
254,0,test,3.029072511332117,1.3250087223426534,1.8431662745786652,5.753058582673948,2.5165633287659026,3.500689902796889,20.678045040199006,15.181807420616906,17.40439285867022,39.273409284982286,28.834511935560165,33.055825285531924,3.2939923252891656,1.3665988506147018,1.9533651662676321,5.679297112567528,2.3562049148529347,3.367870976323504,26.950243303923862,20.07866736201089,23.12880389974326,46.465936730903216,34.61839200346705,39.87724810300563,3.0181956200545277,1.3185176299518502,1.835149388525475,5.732400314348168,2.504234923074018,3.4854635868397517,20.454350946007334,14.982165935750327,17.19004805094371,38.84855143702113,28.4553367412812,32.64872435574921,0.7085427135678393,0.0035427135678391952,0.023542713567839213,0.5125628140703518,-0.0024371859296482556,-0.012437185929648265,0.4321608040201005,-0.002839195979899567,-0.002839195979899567,0.3916349809885932,0.10320993355026298,0.152696927891248,0.3549618320610687,0.40201005025125625,0.09624563922368734,0.1399065444081845,0.3737373737373737,0.3992395437262357,0.10891696308107446,0.15145193310676663,0.3587786259541985,20.0,0.0,0.0,33.0,-1.0,1.0,41.0,0.0,2.0,0.0006100133863168204,0.0002797800126904349,1.304668290752284e-05,-0.00013480533558407615,-0.00018378111340844328,8.585827751517172e-05,"[10.1875, 3.55859375, 5.6171875, 1.103515625, 2.474609375, 1.05859375, 9.34375, 0.07843017578125, 0.0775146484375, 14.8125, 5.92578125, 6.96875, 4.3203125, 10.3828125, 0.96875, 6.77734375, 7.05078125, 0.61279296875, 0.4697265625, 3.43359375, 0.1378173828125, 0.447998046875, 8.3828125, 5.2734375, 1.8974609375, 0.71044921875, 1.109375, 4.84765625, 1.171875, 0.074462890625, 11.671875, 0.218017578125, 1.7744140625, 0.77587890625, 0.552734375, 6.203125, 6.63671875, 0.69091796875, 1.091796875, 5.5078125, 6.1015625, 5.5703125, 1.9765625, 3.341796875, 2.634765625, 3.9921875, 1.1005859375, 0.061737060546875, 0.013153076171875, 3.533203125, 0.181640625, 3.486328125, 0.38427734375, 0.25830078125, 0.083740234375, 0.2030029296875, 1.9326171875, 0.4931640625, 0.81787109375, 6.75390625, 1.2900390625, 1.30859375, 1.3681640625, 2.576171875, 8.4140625, 2.248046875, 6.2421875, 0.295654296875, 4.30078125, 0.2218017578125, 0.056243896484375, 10.5078125, 1.6123046875, 0.73583984375, 0.7314453125, 2.2421875, 1.1376953125, 13.640625, 0.2098388671875, 1.8544921875, 5.328125, 4.9921875, 4.23828125, 1.09765625, 0.004016876220703125, 1.708984375, 8.28125, 3.123046875, 2.298828125, 6.16796875, 1.4814453125, 3.451171875, 5.33203125, 6.59765625, 6.09375, 2.603515625, 5.41796875, 4.09765625, 0.437744140625, 1.7998046875, 2.81640625, 2.76953125, 0.34228515625, 0.3447265625, 2.408203125, 7.30078125, 5.40234375, 2.982421875, 8.890625, 2.302734375, 1.6474609375, 3.994140625, 0.039581298828125, 0.0157928466796875, 0.10052490234375, 1.6181640625, 0.03192138671875, 0.019683837890625, 1.451171875, 0.08746337890625, 0.003162384033203125, 0.0033779144287109375, 0.46044921875, 0.60693359375, 0.69873046875, 7.1953125, 1.4580078125, 7.3671875, 1.802734375, 3.2265625, 0.6943359375, 0.029876708984375, 2.716796875, 7.10546875, 4.09765625, 1.333984375, 0.338623046875, 6.3828125, 12.7890625, 0.023712158203125, 6.0390625, 1.5654296875, 2.490234375, 3.833984375, 1.1474609375, 10.5234375, 0.83447265625, 2.3671875, 0.61767578125, 0.50732421875, 5.08203125, 4.046875, 0.007537841796875, 1.8994140625, 5.140625, 5.109375, 6.54296875, 5.0859375, 1.49609375, 2.666015625, 5.5078125, 4.0546875, 0.9140625, 3.673828125, 3.755859375, 6.75390625, 1.609375, 9.3203125, 1.248046875, 9.15625, 1.5595703125, 10.390625, 2.107421875, 0.6083984375, 0.32568359375, 0.389892578125, 0.4140625, 4.63671875, 1.5615234375, 4.49609375, 1.0390625, 5.859375, 7.54296875, 9.96875, 7.1953125, 4.28515625, 4.46875, 7.66015625, 0.66845703125, 4.8125, 6.4765625, 0.72412109375, 0.1126708984375, 1.2607421875, 7.6796875, 3.193359375, 0.951171875, 2.515625, 2.83203125, 7.96484375, 0.0911865234375, 3.775390625, 0.97314453125, 1.888671875, 0.87060546875, 4.21484375, 1.255859375, 0.07843017578125, 6.265625, 1.666015625, 4.625, 0.0570068359375, 0.052734375, 1.26171875, 0.044189453125, 0.286376953125, 0.028656005859375, 2.552734375, 2.9296875, 0.449462890625, 0.1644287109375, 0.39208984375, 7.10546875, 1.2548828125, 1.3544921875, 6.76953125, 2.107421875, 3.45703125, 0.79541015625, 4.79296875, 5.38671875, 0.6767578125, 0.9267578125, 3.802734375, 5.90625, 0.39208984375, 2.26953125, 0.032135009765625, 0.39404296875, 4.2734375, 0.0975341796875, 8.28125, 0.10675048828125, 7.62109375, 8.046875, 7.55859375, 0.448974609375, 0.06732177734375, 0.41552734375, 5.1328125, 1.267578125, 0.174072265625, 0.92138671875, 3.623046875, 0.10089111328125, 1.1689453125, 0.056182861328125, 1.5341796875, 1.01953125, 0.0126953125, 0.46240234375, 0.0318603515625, 0.408447265625]",-2.510285627705969
175,0,test,4.074946172009859,1.9035232834831008,2.5907648190327643,6.618368950512658,3.0916284201537616,4.207819370509591,58.847312870515225,50.07655789762966,54.4359602770144,95.57751486352139,81.33239604849919,88.41276769823817,4.1379881366413445,1.9061610003721552,2.619397976118629,6.620781018626151,3.0498576005954483,4.191036761789807,62.676597768881734,53.35972403386515,58.11081413546775,100.28255643021078,85.37555845418424,92.9773026167484,4.074946172009859,1.9035232834831008,2.5907648190327643,6.618368950512658,3.0916284201537616,4.207819370509591,58.847312870515225,50.07655789762966,54.4359602770144,95.57751486352139,81.33239604849919,88.41276769823817,0.7035175879396984,0.008517587939698368,0.013517587939698483,0.6180904522613065,-0.0019095477386934512,-0.0019095477386934512,0.542713567839196,-0.0022864321608039306,0.0027135678391959628,0.4564315352697096,0.13552056218482345,0.2164315352697096,0.4541666666666667,0.4522613065326633,0.12644677019181116,0.21186063875303052,0.4696969696969697,0.4564315352697096,0.13552056218482345,0.2164315352697096,0.4541666666666667,29.0,1.0,0.0,42.0,2.0,2.0,45.0,-1.0,0.0,0.0006500754005868257,8.185173765982347e-05,-0.00032610088041263273,-0.006995640617497578,-0.005307348652395127,-0.005668579359142889,"[9.21875, 2.287109375, 9.7578125, 0.59619140625, 2.94140625, 9.2578125, 3.09375, 2.134765625, 2.224609375, 5.0390625, 5.51953125, 3.822265625, 1.1640625, 7.12109375, 10.046875, 9.8359375, 9.0859375, 0.059112548828125, 2.087890625, 10.296875, 4.64453125, 7.4375, 8.6875, 4.0546875, 8.2109375, 1.73046875, 1.4306640625, 0.1488037109375, 0.97216796875, 0.392578125, 0.00018787384033203125, 5.76171875, 5.359375, 13.3828125, 5.5625, 0.053253173828125, 0.465087890625, 0.6416015625, 9.65625, 1.49609375, 0.154541015625, 6.56640625, 3.087890625, 0.55810546875, 2.794921875, 0.10089111328125, 6.0390625, 0.03515625, 0.9111328125, 0.007480621337890625, 4.4453125, 2.947265625, 5.23828125, 9.1328125, 4.0546875, 1.4736328125, 1.49609375, 0.25244140625, 9.0625, 0.64501953125, 0.057525634765625, 7.5625, 9.7578125, 0.0474853515625, 3.65625, 7.59765625, 0.60791015625, 2.0, 0.0004725456237792969, 2.64453125, 0.17431640625, 0.1763916015625, 0.020233154296875, 0.0168304443359375, 0.049560546875, 0.08087158203125, 0.71630859375, 0.0083465576171875, 0.0252838134765625, 9.109375, 0.33251953125, 0.331298828125, 0.0665283203125, 0.423583984375, 0.00908660888671875, 2.955078125, 0.042205810546875, 2.689453125, 0.021453857421875, 3.771484375, 6.46875, 7.17578125, 6.09375, 0.13916015625, 6.96875, 0.1522216796875, 0.7216796875, 0.2073974609375, 0.207763671875, 0.05218505859375, 3.08984375, 0.12017822265625, 0.008514404296875, 7.703125, 4.73828125, 10.015625, 0.77978515625, 8.703125, 5.2109375, 5.55859375, 1.9609375, 3.953125, 6.31640625, 10.9140625, 5.14453125, 4.734375, 1.6689453125, 2.833984375, 8.2265625, 4.81640625, 8.828125, 8.40625, 5.60546875, 0.6923828125, 8.5078125, 10.1484375, 6.65625, 4.75, 9.3984375, 2.853515625, 6.0078125, 0.020965576171875, 2.6328125, 8.3671875, 9.953125, 4.890625, 0.37646484375, 8.9921875, 5.46875, 5.83984375, 8.375, 6.1875, 3.650390625, 0.371337890625, 5.4765625, 0.343017578125, 0.027587890625, 5.55078125, 2.724609375, 4.1484375, 0.408935546875, 4.25390625, 3.212890625, 4.05859375, 12.3515625, 7.71875, 9.1953125, 8.1171875, 0.80029296875, 3.474609375, 4.23828125, 6.3515625, 0.78125, 9.7109375, 1.7119140625, 8.3046875, 8.1875, 5.52734375, 1.416015625, 6.359375, 2.919921875, 7.68359375, 11.046875, 5.6171875, 1.66796875, 0.38427734375, 0.016815185546875, 5.75, 9.8984375, 0.845703125, 0.04693603515625, 2.501953125, 5.33203125, 11.296875, 1.4560546875, 0.73828125, 0.034454345703125, 7.5078125, 4.2265625, 7.03515625, 2.978515625, 6.75, 3.5546875, 9.40625, 0.595703125, 1.3662109375, 7.74609375, 8.171875, 4.359375, 1.9599609375, 2.66796875, 0.365966796875, 0.15966796875, 5.86328125, 8.375, 15.40625, 4.08984375, 9.7890625, 1.0009765625, 0.059112548828125, 0.93359375, 0.227783203125, 0.168212890625, 6.171875, 2.064453125, 5.26953125, 9.9296875, 0.08587646484375, 2.091796875, 4.60546875, 5.03125, 1.2607421875, 0.128662109375, 0.07958984375, 4.3359375, 2.689453125, 8.515625, 2.609375, 8.609375, 2.1484375, 3.642578125, 7.4921875, 3.712890625, 3.640625, 10.59375, 4.09375, 3.55859375, 7.12109375, 0.0185394287109375, 4.4609375, 0.3447265625]",-1.1265242030511757
125,0,test,2.8208039972903953,1.2499282607733988,1.5128337059317607,6.084666214050486,2.696180332139478,3.263285271433955,16.79034463845093,11.979485243645982,13.091685750019511,36.21791618346483,25.840565028178766,28.239657219937374,2.86592811316102,1.2291845156427874,1.6882760437173665,5.970683569085458,2.560801074255807,3.517241757744513,17.565348272492994,12.426938763583202,14.31860615093143,36.594475567693735,25.889455757465,29.830429481107146,2.724736797371038,1.1765810111719939,1.6380298308446544,5.966576928549719,2.576454768989768,3.586926636886105,15.252398927007514,10.549609695524962,12.287903129595058,33.399413708775576,23.1013350996897,26.907817072105967,0.6080402010050252,0.013040201005025231,0.013040201005025231,0.46733668341708545,-0.002663316582914521,-0.0076633165829145256,0.3869346733668342,0.011934673366834181,0.001934673366834172,0.3795620437956204,0.1073870741722911,0.1312726987320818,0.36829268292682926,0.3919597989949749,0.10875177894484955,0.15155913121534215,0.36363636363636365,0.3745819397993311,0.09411449405642625,0.14766314113414758,0.3422818791946308,27.0,0.0,0.0,38.0,2.0,0.0,45.0,1.0,0.0,0.0004537130283583334,-3.178354037919285e-05,0.0002581781903109114,-0.02445755670996519,-0.018689035329405357,-0.02231440134105167,"[7.1953125, 6.8984375, 0.48486328125, 2.248046875, 0.0031681060791015625, 0.00531768798828125, 0.53369140625, 0.26123046875, 7.328125, 6.1875, 7.65625, 5.56640625, 10.125, 1.4541015625, 6.3125, 1.826171875, 2.40234375, 8.9296875, 5.9375, 0.88623046875, 0.56640625, 2.22265625, 3.75390625, 4.71484375, 2.556640625, 3.41015625, 1.7109375, 0.2484130859375, 0.89599609375, 2.154296875, 0.03179931640625, 0.43310546875, 4.125, 4.06640625, 0.7314453125, 4.1953125, 3.62109375, 0.07232666015625, 4.0234375, 0.00921630859375, 5.2421875, 2.53125, 2.27734375, 3.48828125, 5.62109375, 2.525390625, 5.34765625, 7.0234375, 0.2320556640625, 6.890625, 6.5390625, 6.21484375, 0.461669921875, 6.69140625, 2.537109375, 0.3232421875, 0.69384765625, 6.3984375, 2.958984375, 3.12109375, 1.263671875, 2.400390625, 2.517578125, 0.41796875, 0.1201171875, 0.90673828125, 1.7412109375, 6.15234375, 0.66943359375, 2.291015625, 5.64453125, 0.386962890625, 5.4453125, 7.2890625, 1.5380859375, 3.849609375, 0.0936279296875, 2.734375, 0.189208984375, 5.83203125, 1.23828125, 0.74462890625, 6.55078125, 0.057464599609375, 1.08984375, 0.76123046875, 0.8505859375, 0.057769775390625, 2.150390625, 6.93359375, 5.34765625, 5.52734375, 3.033203125, 7.765625, 0.5888671875, 2.15625, 5.31640625, 0.98046875, 0.2108154296875, 4.21484375, 10.34375, 1.171875, 4.28515625, 1.5234375, 0.9912109375, 6.44921875, 1.1806640625, 1.6591796875, 0.5546875, 0.8447265625, 0.61328125, 1.3310546875, 7.68359375, 3.091796875, 0.03936767578125, 9.4921875, 2.673828125, 0.5, 0.08038330078125, 0.10479736328125, 1.494140625, 0.36279296875, 0.74853515625, 0.720703125, 0.10028076171875, 0.13818359375, 1.0185546875, 0.07574462890625, 0.04364013671875, 0.6064453125, 0.93115234375, 0.0236053466796875, 0.70849609375, 1.28515625, 0.03546142578125, 0.0748291015625, 9.734375, 1.6640625, 0.5205078125, 0.3779296875, 0.2685546875, 0.026275634765625, 0.1326904296875, 1.30859375, 0.0167388916015625, 0.016021728515625, 0.2010498046875, 6.77734375, 1.615234375, 0.159423828125, 7.34375, 0.07867431640625, 4.03125, 0.6630859375, 1.4150390625, 1.9638671875, 6.421875, 0.0150909423828125, 0.449951171875, 0.349853515625, 0.80126953125, 9.625, 2.19140625, 8.703125, 0.12298583984375, 0.703125, 7.3359375, 3.892578125, 0.92431640625, 4.15625, 1.2900390625, 0.89697265625, 1.4267578125, 0.50390625, 5.58203125, 3.576171875, 3.552734375, 0.0782470703125, 8.1328125, 7.6484375, 0.5107421875, 4.73046875, 0.86572265625, 0.88427734375, 0.0308074951171875, 5.13671875, 8.5234375, 5.5, 4.91015625, 1.58984375, 0.7939453125, 5.42578125, 0.40771484375, 2.7578125, 10.7421875, 6.06640625, 5.8125, 9.6328125, 1.470703125, 6.796875, 3.90234375, 9.984375, 0.341796875, 5.07421875, 0.1551513671875, 7.73046875, 6.6015625, 1.8720703125, 0.607421875, 6.59375, 1.306640625, 1.1142578125, 3.658203125, 4.69921875, 5.00390625, 5.33203125, 6.53515625, 5.90625, 0.1083984375, 8.3828125, 5.3671875, 3.166015625, 0.0051116943359375, 5.48046875, 0.544921875, 1.6611328125, 7.9140625, 1.1064453125, 3.458984375, 0.5517578125, 2.3984375, 5.58203125, 1.2001953125, 0.1458740234375, 0.732421875, 0.024505615234375, 7.01171875, 0.032928466796875, 0.02191162109375, 0.337890625, 1.70703125, 5.40234375, 0.52392578125, 1.220703125, 7.515625, 3.599609375, 1.5341796875, 0.1219482421875, 1.71875, 4.96875, 6.1328125, 5.45703125, 0.231689453125, 0.0029449462890625, 0.004528045654296875, 0.91845703125, 0.08099365234375, 1.27734375, 0.00885009765625, 0.5517578125, 0.04425048828125, 0.02569580078125, 2.15625, 2.41015625, 0.1973876953125, 0.97119140625, 0.48095703125, 0.1163330078125, 0.019805908203125, 0.006816864013671875, 0.222900390625, 3.1328125, 7.8125, 8.5390625, 1.5546875, 0.031951904296875, 0.0163421630859375, 0.004398345947265625, 0.004611968994140625, 2.376953125, 0.333984375, 0.59912109375, 2.080078125, 0.01507568359375, 0.76171875, 0.544921875, 6.5546875, 0.034454345703125, 0.385498046875, 0.132568359375, 0.0182342529296875, 9.1171875, 1.19921875, 2.19921875, 0.46923828125, 1.859375, 0.03271484375, 3.4375, 5.06640625, 0.0657958984375, 2.671875, 1.0537109375, 2.28515625, 0.01247406005859375, 5.4765625, 0.1708984375, 1.74609375, 2.931640625, 1.1513671875, 10.609375, 2.15234375, 11.296875, 2.388671875, 9.5, 8.21875, 1.08984375, 10.1875, 0.0826416015625, 2.806640625, 0.1856689453125, 0.06585693359375, 6.37109375, 0.433837890625, 8.2421875, 3.1171875, 4.28515625, 3.005859375, 0.30419921875, 0.029998779296875, 3.71484375, 6.26953125, 6.15625, 1.1552734375, 9.375, 7.74609375, 0.2607421875, 0.28955078125, 0.0138702392578125, 4.625, 0.59912109375, 4.546875, 3.009765625, 2.947265625, 6.4140625, 0.26416015625, 0.6376953125, 8.0703125, 4.109375, 0.012847900390625, 2.451171875, 9.6796875, 0.428466796875, 0.0216827392578125, 1.1787109375, 0.8525390625, 4.6640625, 6.8828125, 0.051116943359375, 4.671875, 0.3330078125, 10.78125, 1.3037109375, 9.59375, 0.75927734375, 1.462890625, 3.765625, 0.0357666015625, 8.859375, 6.01171875, 0.6630859375, 5.9609375, 4.1875, 4.56640625, 2.40625, 0.80029296875, 6.30859375, 5.6015625, 2.763671875, 0.98095703125, 0.294677734375, 0.349609375, 0.666015625, 5.00390625, 0.0175323486328125, 7.09765625, 7.06640625, 0.33203125, 0.206787109375, 0.6328125, 2.2578125, 0.0599365234375, 4.94921875, 1.4716796875, 7.609375, 2.94921875, 2.623046875, 0.470703125, 3.208984375, 1.279296875, 0.68212890625, 0.2247314453125, 0.08251953125, 1.341796875, 0.240478515625, 5.66796875, 1.720703125, 7.7265625, 0.199462890625, 0.054840087890625, 0.1512451171875, 0.697265625]",-1.772338512170054
29,0,test,3.325324398687827,1.556349496753245,1.8518236597095574,7.014614651958402,3.2830457045939103,3.906334486153495,27.808018064217407,21.94317981968885,23.44353070472946,58.65969979715513,46.288100714169516,49.45301999405618,3.788352475094436,1.7281630600542646,2.397700180147406,5.828234577068363,2.658712400083484,3.6887695079190856,44.18354678474779,36.33609068898457,40.16607701102853,67.97468736115044,55.90167798305318,61.79396463235158,3.7844406163014694,1.781043354543388,2.430919206534777,6.63936950228328,3.124637464111207,4.2647705377803105,44.01104461080456,36.59684326585359,40.140011559402815,77.21235896632379,64.20498818570805,70.42107291123301,0.7386934673366834,-0.0063065326633166,-0.0063065326633166,0.6231155778894473,-0.01188442211055274,-0.0018844221105527303,0.5276381909547738,-0.012361809045226213,-0.017361809045226106,0.442080378250591,0.13747589182792275,0.17033062262986765,0.3744075829383886,0.44221105527638194,0.11138398760720902,0.1834464475969162,0.3787878787878788,0.45150501672240806,0.13264024209803416,0.201226929959338,0.412751677852349,23.0,0.0,-1.0,33.0,-2.0,-1.0,46.0,0.0,0.0,0.0005829833727177595,0.0011144187748673838,0.00039883349281142103,-0.01644629189082014,-0.01914512920160405,-0.019818238434268665,"[14.1484375, 2.525390625, 10.375, 0.9853515625, 4.67578125, 5.06640625, 4.6015625, 9.2890625, 0.70361328125, 0.5146484375, 3.873046875, 1.62109375, 1.2373046875, 4.671875, 8.015625, 4.84765625, 11.0078125, 0.5322265625, 3.134765625, 2.095703125, 4.5078125, 4.375, 5.59765625, 5.67578125, 3.8671875, 1.095703125, 0.0015897750854492188, 1.4384765625, 0.00656890869140625, 2.671875, 0.32177734375, 0.128173828125, 3.615234375, 3.146484375, 8.390625, 2.009765625, 0.671875, 5.31640625, 3.501953125, 7.58984375, 6.8984375, 8.203125, 3.576171875, 0.4140625, 9.5078125, 0.513671875, 1.052734375, 0.9384765625, 0.00031280517578125, 9.3828125, 0.1995849609375, 10.484375, 9.6328125, 0.11627197265625, 7.51171875, 1.1689453125, 0.144775390625, 2.1484375, 4.38671875, 0.71923828125, 4.9609375, 1.6630859375, 8.359375, 6.68359375, 3.53515625, 3.32421875, 7.78125, 1.9970703125, 2.20703125, 2.509765625, 1.890625, 4.84765625, 6.55078125, 3.509765625, 0.89501953125, 7.92578125, 9.125, 0.7314453125, 0.9130859375, 3.498046875, 0.71826171875, 7.76171875, 8.3828125, 3.453125, 2.587890625, 5.75, 4.74609375, 0.3642578125, 0.92041015625, 0.4423828125, 3.966796875, 3.201171875, 1.6787109375, 4.7109375, 4.1171875, 5.6875, 5.69140625, 12.1015625, 0.732421875, 2.810546875, 6.8515625, 0.6298828125, 1.6982421875, 2.8046875, 8.0234375, 3.509765625, 9.578125, 1.013671875, 0.0157318115234375, 4.9375, 5.45703125, 2.513671875, 0.09185791015625, 1.5830078125, 0.373046875, 1.76953125, 0.38525390625, 5.94921875, 1.537109375, 3.451171875, 6.71875, 4.58984375, 12.0625, 1.6337890625, 12.7421875, 4.3046875, 2.826171875, 4.078125, 4.59765625, 1.5615234375, 1.0302734375, 7.625, 0.44287109375, 2.958984375, 4.8046875, 0.307861328125, 3.140625, 0.38671875, 5.60546875, 4.37890625, 8.71875, 4.46484375, 3.0703125, 4.109375, 3.92578125, 1.9970703125, 7.66796875, 0.83740234375, 4.625, 1.830078125, 0.373046875, 6.046875, 6.3671875, 4.078125, 1.390625, 0.201171875, 3.66796875, 5.53125, 5.109375, 12.4921875, 5.1484375, 0.81396484375, 1.474609375, 7.546875, 4.3359375, 3.70703125, 5.80078125, 9.7109375, 2.486328125, 7.73828125, 0.347412109375, 1.5361328125, 9.109375, 1.8310546875, 0.80078125, 8.1484375, 3.62109375, 2.984375, 0.548828125, 0.10791015625, 3.36328125, 9.3984375, 6.95703125, 7.0703125, 0.423828125, 0.08905029296875, 0.018707275390625, 4.890625, 3.796875, 0.406982421875, 0.537109375, 2.25390625, 4.80859375, 0.150146484375, 0.11456298828125, 0.08843994140625, 3.49609375, 0.76318359375, 0.07183837890625, 0.036590576171875, 0.143310546875, 1.2783203125, 7.0078125, 2.126953125, 7.41796875, 0.796875, 2.90234375, 6.69140625, 0.3818359375, 9.7421875, 1.548828125, 0.1341552734375, 6.92578125, 6.890625, 3.71484375, 0.35888671875, 0.06768798828125, 4.10546875, 7.10546875, 7.734375, 0.3525390625, 11.03125, 1.3798828125, 1.703125, 3.10546875, 7.24609375, 5.0234375, 4.07421875, 2.92578125, 1.22265625, 4.2265625, 10.8046875, 0.0193023681640625, 1.265625, 8.9765625, 7.01953125, 0.69091796875, 1.6484375, 0.0017004013061523438, 8.90625, 0.8486328125, 2.033203125, 1.103515625, 0.2392578125, 1.34765625, 0.04705810546875, 4.58203125, 0.1466064453125, 8.109375, 4.34765625, 1.4619140625, 7.69921875, 4.58203125, 0.5380859375, 1.8173828125, 2.076171875, 9.5625, 5.125, 5.42578125, 0.004116058349609375, 1.5810546875, 4.96875, 4.78125, 5.84765625, 6.70703125, 1.70703125, 0.6669921875, 0.233154296875, 2.623046875, 4.328125, 6.94140625, 5.91015625, 7.4921875, 0.016571044921875, 5.27734375, 2.62109375, 0.89306640625, 8.796875, 8.5546875, 3.359375, 1.16796875, 5.75390625, 2.98046875, 1.1728515625, 7.875, 11.453125, 5.19140625, 2.71875, 4.2890625, 0.179443359375, 4.7421875, 5.2109375, 2.75, 4.99609375, 5.36328125, 0.923828125, 4.8984375, 0.020050048828125, 2.705078125, 10.78125, 8.6484375, 2.65625, 6.79296875, 7.52734375, 3.580078125, 8.2890625, 1.82421875, 5.22265625, 0.49755859375, 2.6796875, 2.11328125, 5.421875, 4.80859375, 4.9765625, 7.96484375, 0.53759765625, 0.3984375, 0.0001308917999267578, 0.96826171875, 0.0004849433898925781, 0.120849609375, 0.0011749267578125, 4.87109375, 6.10546875, 7.9453125, 0.172119140625, 6.45703125, 5.3125, 0.912109375, 3.482421875, 0.040130615234375, 0.140869140625, 0.0036773681640625, 2.3515625, 3.513671875, 0.2646484375, 3.05078125, 0.9326171875, 1.076171875, 6.921875, 4.203125, 4.97265625, 0.8408203125, 0.2509765625, 0.127685546875, 0.1636962890625, 0.00028777122497558594, 0.241455078125, 0.00023984909057617188, 0.0003485679626464844, 0.00970458984375, 0.4423828125, 0.002910614013671875, 0.00032401084899902344, 0.005558013916015625, 0.5791015625, 0.006824493408203125, 0.01055145263671875, 0.027801513671875, 0.0189056396484375, 0.0261077880859375, 0.00034427642822265625, 0.5654296875, 0.1138916015625, 0.0450439453125, 0.377685546875, 0.2215576171875, 1.3564453125, 0.168701171875, 0.0301513671875, 0.450439453125, 4.2421875, 5.65234375, 2.6015625, 2.83203125, 3.123046875, 0.1290283203125, 0.45263671875, 9.5078125, 8.609375, 3.744140625, 4.76171875, 4.64453125, 1.5087890625, 5.875, 2.412109375, 1.5, 1.5966796875, 0.026702880859375, 0.1851806640625, 0.00036978721618652344, 0.004119873046875, 0.0281829833984375, 0.190185546875, 0.002857208251953125, 0.00035858154296875, 0.0953369140625, 0.11138916015625, 0.0033054351806640625, 0.021331787109375, 0.0095062255859375, 0.0173492431640625, 0.02593994140625, 0.00015532970428466797, 2.484375, 0.2039794921875, 0.4755859375, 6.9765625, 0.04766845703125, 2.6328125, 5.0078125, 7.61328125, 0.319091796875, 5.765625, 1.86328125, 6.80078125, 1.2294921875, 0.2437744140625, 3.900390625, 1.0927734375, 0.448486328125, 3.697265625, 1.1767578125]",-0.8237172539916164
239,0,test,3.066966106806661,1.3597522450266444,1.4595924191613372,8.831384331648096,3.915431163389975,4.20292274915132,21.47664588422655,15.963067417943282,16.486956362936464,61.84238995578488,45.96594111913788,47.47448880411825,3.78767617383794,1.6783140093023219,2.3111077048158672,7.079768549229794,3.137035531406209,4.319827485637134,44.15367549867352,35.910693557380824,39.77577851214566,82.53023457695986,67.12279169603892,74.34724955541246,3.5560779124996733,1.612508810745738,2.2224909185502417,8.26994863372017,3.750020490106367,5.16858353151219,35.025554109571075,28.041922273881795,31.23092378869281,81.4547769990025,65.21377272995767,72.63005532254142,0.6934673366834171,-0.016532663316582874,-0.02153266331658299,0.6231155778894473,0.008115577889447279,-0.01188442211055274,0.5276381909547738,0.017638190954773814,0.007638190954773805,0.389937106918239,0.11349731634232274,0.12209741972371313,0.33193277310924374,0.44723618090452266,0.12142164456367055,0.1968188186340719,0.4040404040404041,0.4247491638795987,0.1108927365006338,0.18670689469161206,0.38590604026845643,22.0,8.0,6.0,31.0,2.0,2.0,40.0,8.0,5.0,0.0021458896383931203,0.0007814366360391707,0.0010196264789465474,-0.06518365224340439,-0.0497238748912503,-0.07317343370608587,"[9.7578125, 7.33984375, 1.6669921875, 6.23828125, 5.77734375, 0.368408203125, 1.2490234375, 9.0234375, 2.158203125, 3.728515625, 2.630859375, 3.541015625, 0.26611328125, 2.337890625, 3.103515625, 3.828125, 4.56640625, 0.53857421875, 0.736328125, 4.65234375, 8.484375, 8.390625, 0.429931640625, 7.0703125, 7.1796875, 1.599609375, 0.25, 0.49072265625, 9.0078125, 3.9609375, 8.09375, 8.2421875, 1.515625, 4.79296875, 10.1171875, 0.1641845703125, 2.263671875, 0.173095703125, 0.57080078125, 4.77734375, 2.943359375, 3.4921875, 7.96875, 6.1953125, 1.03125, 0.1275634765625, 14.3515625, 2.279296875, 10.15625, 1.2529296875, 5.109375, 10.8671875, 0.669921875, 8.3828125, 9.8671875, 8.6953125, 6.703125, 8.0078125, 7.7109375, 2.484375, 2.90234375, 2.392578125, 5.203125, 9.5390625, 3.044921875, 5.6796875, 5.375, 0.787109375, 1.4345703125, 1.0068359375, 2.255859375, 0.84375, 7.125, 3.548828125, 8.328125, 7.65234375, 2.1015625, 1.7685546875, 2.408203125, 3.146484375, 7.9453125, 4.078125, 6.30078125, 7.41796875, 1.3037109375, 2.4921875, 0.1849365234375, 0.5390625, 0.163330078125, 0.4912109375, 10.171875, 1.21875, 0.09564208984375, 0.1483154296875, 0.7587890625, 6.42578125, 3.6484375, 0.72509765625, 5.40625, 0.1968994140625, 0.5107421875, 0.350341796875, 0.32080078125, 0.06610107421875, 0.5068359375, 7.37890625, 0.1220703125, 0.09442138671875, 0.1959228515625, 0.07928466796875, 7.10546875, 4.8125, 2.21875, 6.00390625, 0.75537109375, 1.44921875, 0.057220458984375, 0.3525390625, 0.063720703125, 0.1998291015625, 0.0248260498046875, 0.3515625, 3.078125, 0.0980224609375, 0.034942626953125, 0.062255859375, 0.063720703125, 10.59375, 1.3818359375, 5.8125, 5.515625, 4.01171875, 5.609375, 6.65234375, 10.8515625, 8.3515625, 8.65625, 4.671875, 2.412109375, 8.1328125, 1.3466796875, 2.375, 7.28515625, 0.375244140625, 6.13671875, 5.85546875, 0.1043701171875, 4.71875, 4.44140625, 9.9921875, 2.609375, 6.8828125, 5.640625, 9.8125, 1.4853515625, 3.96484375, 9.3828125, 5.484375, 0.0155792236328125, 0.85302734375, 0.403564453125, 7.66015625, 0.49853515625, 5.625, 3.39453125, 5.89453125, 2.083984375, 0.01439666748046875, 0.53857421875, 0.4560546875, 2.9921875, 0.489013671875, 6.44140625, 6.8203125, 3.1171875, 1.103515625, 0.01216888427734375, 0.408203125, 0.1953125, 7.00390625, 8.1953125, 5.6484375, 2.3046875, 5.72265625, 4.47265625, 5.140625, 4.453125, 3.19921875, 3.77734375, 3.423828125, 3.498046875, 2.46484375, 6.51171875, 8.359375, 2.388671875, 2.396484375, 7.1875, 4.16015625, 0.55126953125, 1.873046875, 0.31005859375, 2.37890625, 10.640625, 3.095703125, 4.94140625, 4.32421875, 2.93359375, 0.29541015625, 0.360595703125, 5.2421875, 0.0026302337646484375, 0.00675201416015625, 1.5107421875, 0.105224609375, 4.70703125, 3.591796875, 8.453125, 0.09503173828125, 8.0703125, 6.0546875, 6.90234375, 3.251953125, 6.5, 0.703125, 6.48046875, 0.46630859375, 0.54345703125, 6.33203125, 0.213134765625, 2.5, 0.6708984375, 1.5009765625, 0.08038330078125, 0.77001953125, 0.00959014892578125, 6.171875, 9.8671875, 7.52734375, 12.0078125, 0.4375, 3.990234375, 2.07421875, 6.94140625, 1.2802734375, 6.2109375, 9.0390625, 9.546875, 5.13671875, 6.6875, 1.7802734375, 0.0233154296875, 2.06640625, 7.5, 1.693359375, 3.796875, 0.818359375, 2.408203125, 0.274658203125, 0.2086181640625, 8.0546875, 7.6484375, 3.263671875, 6.10546875, 2.875, 0.414794921875, 0.38525390625, 8.046875, 0.58984375, 1.025390625, 0.1038818359375, 0.4912109375, 0.03131103515625, 5.65625, 2.189453125, 0.032379150390625, 0.8623046875, 0.1641845703125, 3.2734375, 2.673828125, 0.23486328125, 0.1322021484375, 0.03216552734375, 2.158203125, 1.392578125, 9.53125, 0.08856201171875, 0.76171875, 1.939453125, 0.0322265625, 0.2484130859375, 0.0443115234375, 6.61328125, 1.404296875, 1.1396484375, 0.39501953125, 5.3828125, 0.036651611328125, 0.27587890625, 5.34375, 7.58203125, 0.1290283203125, 0.006866455078125, 5.79296875, 2.3203125, 3.060546875, 1.025390625, 1.9638671875, 6.65625, 7.9140625, 6.5234375, 4.5234375, 1.6875, 6.4453125, 4.44921875, 3.361328125, 0.2042236328125, 0.9228515625, 0.0253448486328125, 0.0029964447021484375, 0.732421875, 0.08099365234375, 0.1942138671875, 0.90576171875, 0.299560546875, 0.374755859375, 0.007701873779296875, 0.125732421875, 0.060516357421875, 0.1883544921875, 0.04779052734375, 0.057464599609375, 6.19140625, 9.28125, 0.58349609375, 0.57666015625, 0.1785888671875, 2.0234375, 8.7890625, 7.07421875, 3.0390625, 4.20703125, 1.390625, 0.0718994140625, 11.078125, 0.364501953125, 0.2232666015625, 0.09515380859375, 0.08392333984375, 0.043548583984375, 0.308349609375, 9.125, 0.120849609375, 0.0955810546875, 6.8125, 1.5908203125, 11.6328125, 5.47265625, 5.76171875, 1.423828125, 13.8046875, 2.65625, 1.0302734375, 1.90234375, 6.8046875, 8.40625, 0.27099609375, 0.12396240234375, 1.345703125, 0.172119140625, 8.7109375, 8.3671875, 6.74609375, 0.77783203125, 3.57421875, 5.72265625, 2.09765625, 2.830078125, 1.45703125, 1.056640625, 0.62451171875, 0.136962890625, 0.67138671875, 0.06146240234375, 0.178466796875, 0.284912109375, 0.048797607421875, 11.28125, 1.9716796875, 2.806640625, 0.5673828125, 5.2734375, 0.13330078125, 0.227294921875, 0.292236328125, 0.0567626953125, 0.2498779296875, 0.031707763671875, 0.08856201171875, 0.1624755859375, 0.045654296875, 6.59765625, 2.734375, 2.478515625, 1.7509765625, 0.0977783203125, 3.53515625, 0.0121917724609375, 0.09222412109375, 0.046722412109375, 0.041046142578125, 0.09857177734375, 0.1021728515625, 0.028289794921875, 0.12091064453125, 0.062744140625, 0.018951416015625, 5.7578125, 5.32421875, 1.0234375, 0.1661376953125, 0.0731201171875, 1.8984375, 0.477783203125, 0.03265380859375, 0.0174713134765625, 0.06158447265625, 0.017547607421875, 0.093017578125, 0.0266571044921875, 0.059295654296875, 0.109130859375, 0.0133209228515625, 11.0625, 14.0546875, 0.6923828125, 0.253662109375, 0.06005859375, 3.51171875, 5.40234375, 0.039459228515625, 0.015289306640625, 0.053741455078125, 0.04876708984375, 0.09185791015625, 0.01149749755859375, 0.052642822265625, 0.0997314453125, 0.01335906982421875, 12.859375, 4.27734375, 0.1732177734375, 3.43359375, 1.7958984375, 0.88671875, 0.406005859375, 0.1044921875, 0.05267333984375, 0.1746826171875, 0.032501220703125, 0.04931640625, 0.058624267578125, 0.0188751220703125, 7.64453125, 13.4375, 2.9453125, 0.054656982421875, 4.140625, 0.55322265625, 5.05859375, 0.67919921875, 0.08978271484375, 0.0712890625, 0.04180908203125, 0.11737060546875, 0.028472900390625, 0.0211334228515625, 0.03839111328125]",-1.0795545078173623
179,0,test,2.7203434002485207,1.2474107514470028,1.5027185005530581,7.7883804198896005,3.5713540692112815,4.302303652268344,15.185536066548018,10.823527425321142,11.806383697368707,43.476397779568984,30.98790728619341,33.80183825685013,2.6873470544815063,1.1829023158042353,1.6420615435840689,6.038982144902262,2.658207451245473,3.6900259406383573,14.692645382666468,10.190992040459639,11.848434921847499,33.01718063520555,22.901105708898065,26.62569645358989,2.8084516880105572,1.2622850582670608,1.7508608895222415,6.794641180670703,3.0539154635493406,4.235953764973164,16.584220782223095,11.890776836600171,13.704795272416511,40.123114795701035,28.768008475645573,33.1567627558464,0.4723618090452262,-0.022638190954773818,-0.0026381909547738003,0.38190954773869346,0.006909547738693456,0.0019095477386934512,0.31658291457286436,-0.0134170854271356,-0.008417085427135595,0.3477218225419664,0.11538649320064898,0.14244323016659977,0.35096153846153844,0.33668341708542715,0.10360071031850981,0.16139126349611166,0.3484848484848485,0.35451505016722407,0.1274699750420154,0.17320248064553334,0.36241610738255037,18.0,6.0,6.0,27.0,7.0,6.0,34.0,7.0,8.0,-0.00015362001485893655,-0.00012848542538729834,0.0001127050202536862,-0.07911940080253022,-0.06999848608123482,-0.07573300248208348,"[3.484375, 1.8896484375, 0.74853515625, 7.83203125, 0.151611328125, 0.0849609375, 0.00833892822265625, 0.06591796875, 0.145751953125, 8.1015625, 5.98828125, 6.51171875, 6.06640625, 0.431396484375, 8.2109375, 4.51953125, 0.4228515625, 5.0078125, 9.0625, 1.517578125, 6.08984375, 1.392578125, 7.98828125, 8.9921875, 6.5859375, 0.466796875, 0.0154571533203125, 0.1463623046875, 0.65771484375, 0.038604736328125, 0.1434326171875, 0.0232086181640625, 0.01001739501953125, 1.033203125, 0.0309600830078125, 0.0736083984375, 0.66357421875, 0.2276611328125, 0.1697998046875, 8.6171875, 0.92333984375, 0.0152587890625, 0.71484375, 0.09771728515625, 0.320556640625, 0.0075225830078125, 0.0267333984375, 0.00934600830078125, 0.056182861328125, 0.285888671875, 0.03143310546875, 0.156005859375, 0.31884765625, 0.043121337890625, 0.343505859375, 7.51171875, 0.640625, 1.640625, 8.75, 4.8671875, 9.5, 0.2484130859375, 1.1826171875, 0.0036907196044921875, 0.055755615234375, 2.181640625, 1.0078125, 0.0853271484375, 0.006114959716796875, 0.0206756591796875, 0.247314453125, 0.06756591796875, 0.0018835067749023438, 12.3828125, 4.58984375, 9.046875, 4.19140625, 0.8681640625, 0.0028591156005859375, 0.04791259765625, 0.09283447265625, 6.878376007080078e-05, 0.00020992755889892578, 0.0149993896484375, 0.0006871223449707031, 2.28125, 2.708984375, 0.01020050048828125, 15.0078125, 10.3984375, 3.0859375, 8.890625, 2.95703125, 1.5244140625, 0.037506103515625, 0.0214691162109375, 0.1641845703125, 0.0036792755126953125, 1.138671875, 0.04205322265625, 0.007511138916015625, 0.00959014892578125, 0.219970703125, 8.034706115722656e-05, 0.01213836669921875, 7.54296875, 2.556640625, 0.7392578125, 0.0018739700317382812, 0.2344970703125, 0.0121307373046875, 8.475780487060547e-05, 0.0005202293395996094, 0.01323699951171875, 0.0008301734924316406, 0.578125, 3.7890625, 0.0335693359375, 0.81884765625, 9.03125, 8.65625, 0.043853759765625, 7.4765625, 1.6845703125, 6.57421875, 0.09283447265625, 1.048828125, 8.8125, 1.20703125, 3.533203125, 8.265625, 7.76953125, 0.02935791015625, 4.8671875, 10.6796875, 5.03125, 6.51953125, 0.75048828125, 0.92236328125, 6.64453125, 0.281982421875, 6.65234375, 1.470703125, 0.22119140625, 7.53125, 1.0419921875, 2.474609375, 0.0115814208984375, 11.046875, 3.2421875, 4.8046875, 0.304443359375, 4.65234375, 2.140625, 0.2318115234375, 0.93310546875, 0.281982421875, 0.0018148422241210938, 0.7431640625, 0.7373046875, 0.0015354156494140625, 8.6328125, 0.00720977783203125, 3.671875, 2.43359375, 0.404296875, 0.47705078125, 0.00033354759216308594, 9.0546875, 0.3056640625, 3.36328125, 0.1181640625, 2.8203125, 0.0024814605712890625, 10.421875, 8.9765625, 10.546875, 2.78125, 1.5087890625, 2.8515625, 0.3603515625, 0.07708740234375, 15.015625, 1.63671875, 3.533203125, 5.9296875, 1.6689453125, 9.65625, 5.20703125, 0.031982421875, 4.59375, 0.12225341796875, 0.87548828125, 4.875, 4.51953125, 3.23046875, 1.384765625, 1.1767578125, 0.919921875, 0.004405975341796875, 10.171875, 5.5078125, 10.921875, 0.521484375, 5.203125, 0.97509765625, 0.818359375, 0.0014925003051757812, 7.23828125, 3.439453125, 0.281005859375, 3.240234375, 0.437744140625, 0.2225341796875, 3.359375, 0.00649261474609375, 0.59326171875, 0.0006651878356933594, 4.7734375, 5.00390625, 7.58984375, 0.67626953125, 3.27734375, 0.06854248046875, 0.62890625, 0.0015926361083984375, 4.09765625, 11.2109375, 9.7890625, 0.02972412109375, 0.32666015625, 0.0035247802734375, 1.6162109375, 0.005161285400390625, 6.8046875, 8.078125, 6.14453125, 0.34423828125, 0.21875, 0.85498046875, 7.4375, 1.34765625, 9.21875, 0.75048828125, 3.17578125, 0.9951171875, 1.0, 0.95361328125, 0.77978515625, 0.0035457611083984375, 11.7421875, 1.521484375, 1.6826171875, 6.84765625, 0.431640625, 0.2607421875, 8.5, 3.6796875, 4.328125, 10.9765625, 1.8837890625, 9.796875, 5.546875, 1.0712890625, 10.1171875, 0.12420654296875, 0.151123046875, 0.02325439453125, 1.22265625, 6.5625, 5.2109375, 1.654296875, 6.48828125, 0.8681640625, 4.33203125, 6.73828125, 13.109375, 0.275146484375, 0.0732421875, 1.5458984375, 0.375, 0.0024738311767578125, 6.04296875, 6.62890625, 9.09375, 0.06884765625, 0.094482421875, 1.873046875, 0.041229248046875, 2.263671875, 0.0195159912109375, 0.156982421875, 0.035125732421875, 0.0595703125, 0.84423828125, 0.1302490234375, 0.06304931640625, 0.47509765625, 0.005138397216796875, 0.018829345703125, 0.0037059783935546875, 0.0201263427734375, 0.1724853515625, 0.039520263671875, 0.07000732421875, 0.27001953125, 0.00876617431640625, 0.05438232421875, 5.22265625, 0.03314208984375, 0.369140625, 0.007297515869140625, 0.002559661865234375, 0.053955078125, 0.07940673828125, 0.0011692047119140625, 14.9765625, 12.078125, 0.32763671875, 0.358154296875, 2.724609375, 5.35546875, 17.34375, 6.30859375, 2.806640625, 2.396484375, 0.205810546875, 1.357421875, 0.0027599334716796875, 2.908203125, 0.35498046875, 1.45703125, 3.298828125, 1.595703125, 9.421875, 0.08355712890625, 0.3359375, 4.80859375, 0.039642333984375, 0.043701171875, 0.01363372802734375, 0.12310791015625, 0.2198486328125, 0.12005615234375, 1.349609375, 0.1932373046875, 0.0010881423950195312, 7.91796875, 2.671875, 3.875, 0.257568359375, 0.384765625, 8.28125, 0.302978515625, 0.0145111083984375, 2.296875, 0.406005859375, 0.1552734375, 0.73681640625, 0.0012464523315429688, 6.66796875, 9.1015625, 3.091796875, 0.1343994140625, 2.14453125, 7.3671875, 0.07958984375, 0.01039886474609375, 0.4560546875, 0.3447265625, 0.0012226104736328125, 6.234375, 0.0323486328125, 3.6015625, 2.212890625, 0.097900390625, 10.6953125, 2.7578125, 8.8515625, 3.59375, 0.25927734375, 8.5390625, 1.8984375, 6.94921875, 7.98828125, 1.3720703125, 5.9140625, 6.1328125, 8.1484375, 0.1739501953125, 1.3212890625, 2.162109375, 0.0010976791381835938, 0.96142578125, 0.01461029052734375, 0.427978515625, 0.39453125, 2.322265625, 0.12030029296875, 6.12890625, 0.41943359375, 0.2275390625, 0.0040283203125, 3.8125, 8.1015625, 7.83203125, 4.0078125, 8.71875, 0.72509765625, 1.6796875, 0.0069580078125, 0.7451171875, 3.16796875, 0.0682373046875, 0.33935546875, 1.3935546875, 0.1851806640625]",-1.4495880114946433
231,0,test,2.832537953282746,1.2879196245211944,1.7836091014582915,6.306822786606114,2.8676335389729717,3.9713171399657274,16.988522233276182,12.302339528779012,14.133930444204632,37.826006535028995,27.391927857047015,31.47007950467437,2.8424572920679445,1.2504656252048065,1.7234854298083329,5.742337963773625,2.5261931822319323,3.481788747087541,17.15787568931914,12.244350394345766,14.096170958977897,34.66237512993766,24.73606140271872,28.477113048440195,2.85075104740304,1.3023765835154986,1.8082404787261963,6.347375378983331,2.8998228617337274,4.026160440913797,17.300770661222778,12.59695292220987,14.464441779574841,38.52124717537884,28.047902990857914,32.20598364983461,0.6432160804020101,0.03321608040201007,0.023216080402010064,0.4824120603015075,0.012412060301507544,0.002412060301507535,0.37688442211055273,0.006884422110552735,-0.008115577889447279,0.3838028169014085,0.10963761479244538,0.1624913414915724,0.3356890459363958,0.3919597989949749,0.0962204506240476,0.16658417295156924,0.31818181818181823,0.38732394366197187,0.11140127230872054,0.16835438862684304,0.3462897526501767,22.0,0.0,0.0,32.0,-1.0,0.0,40.0,0.0,-1.0,-0.0004913228509408891,0.00018416733514286222,0.0001572798450487813,-0.004955862736218286,-0.00508274446214152,-0.0055720047335183764,"[1.7451171875, 7.359375, 4.1484375, 8.7578125, 3.33203125, 7.74609375, 3.572265625, 10.6640625, 5.8984375, 2.974609375, 6.54296875, 8.953125, 0.458740234375, 7.44140625, 3.8671875, 2.306640625, 2.369140625, 2.162109375, 4.90625, 2.828125, 0.473388671875, 3.513671875, 0.210693359375, 4.09765625, 12.2578125, 1.6044921875, 7.3359375, 2.98828125, 2.240234375, 5.91796875, 4.5390625, 0.33154296875, 3.767578125, 0.19970703125, 4.6484375, 1.677734375, 1.251953125, 1.0478515625, 0.077880859375, 0.12384033203125, 0.004764556884765625, 0.2841796875, 9.53125, 1.6826171875, 5.25, 0.289794921875, 2.25390625, 3.224609375, 3.015625, 0.57373046875, 0.420654296875, 0.1580810546875, 0.011138916015625, 0.033203125, 0.0006151199340820312, 0.072021484375, 3.673828125, 0.039764404296875, 0.300048828125, 2.2109375, 4.76171875, 0.086669921875, 9.3984375, 1.1962890625, 0.477783203125, 5.93359375, 3.533203125, 0.6025390625, 1.41796875, 0.91796875, 6.58984375, 8.8828125, 1.9404296875, 0.431640625, 9.65625, 1.33203125, 0.927734375, 0.347900390625, 8.0703125, 0.216064453125, 5.63671875, 4.03125, 1.2314453125, 5.51953125, 0.27099609375, 0.38720703125, 0.07586669921875, 10.171875, 0.38720703125, 4.5078125, 5.38671875, 0.46533203125, 0.2333984375, 3.375, 0.413330078125, 1.8564453125, 0.68603515625, 1.3818359375, 3.8671875, 0.4384765625, 0.003002166748046875, 0.0192718505859375, 2.421875, 0.12841796875, 0.113037109375, 2.271484375, 5.7109375, 1.8212890625, 7.47265625, 0.276611328125, 1.1455078125, 0.912109375, 0.0946044921875, 5.01953125, 0.400634765625, 0.66943359375, 9.6640625, 4.5859375, 7.69140625, 4.83203125, 0.08648681640625, 5.28125, 0.090576171875, 1.162109375, 3.72265625, 0.105224609375, 0.57177734375, 0.038421630859375, 0.016204833984375, 3.541015625, 2.20703125, 6.83984375, 1.859375, 0.1475830078125, 0.036895751953125, 0.41357421875, 2.529296875, 0.115478515625, 0.218505859375, 2.314453125, 0.026947021484375, 0.036102294921875, 2.29296875, 5.2890625, 1.4140625, 4.02734375, 4.7109375, 7.56640625, 0.89453125, 4.90234375, 6.12890625, 0.020782470703125, 0.9306640625, 1.60546875, 0.268798828125, 0.31494140625, 1.2021484375, 4.515625, 1.60546875, 5.671875, 11.796875, 1.775390625, 2.400390625, 2.349609375, 0.7294921875, 0.82861328125, 9.2578125, 10.5625, 0.2215576171875, 1.8232421875, 0.55810546875, 0.055206298828125, 0.341796875, 0.021881103515625, 0.043365478515625, 10.9765625, 0.72412109375, 5.3671875, 1.6630859375, 0.00705718994140625, 2.599609375, 1.4091796875, 0.1282958984375, 6.1015625, 1.8759765625, 0.151123046875, 2.888671875, 6.09765625, 5.39453125, 1.8212890625, 0.056488037109375, 0.00804901123046875, 3.0859375, 3.380859375, 0.88134765625, 3.62109375, 4.484375, 2.94921875, 1.6474609375, 0.1380615234375, 1.9267578125, 1.8720703125, 0.031280517578125, 0.0017786026000976562, 3.953125, 1.3828125, 6.625, 0.68896484375, 4.5, 1.33203125, 0.336669921875, 0.1754150390625, 8.734375, 0.525390625, 2.076171875, 0.0638427734375, 0.027557373046875, 0.09539794921875, 1.3017578125, 2.0625, 0.02783203125, 6.98828125, 3.544921875, 6.2265625, 2.16796875, 1.9443359375, 2.875, 7.2578125, 6.98828125, 13.546875, 1.318359375, 12.640625, 3.6640625, 0.016357421875, 0.32470703125, 3.626953125, 4.94921875, 4.515625, 4.15234375, 0.09356689453125, 0.1419677734375, 8.0390625, 1.1318359375, 0.5693359375, 0.00872802734375, 3.75390625, 6.08203125, 1.1083984375, 0.1639404296875, 1.3232421875, 0.5849609375, 0.7080078125, 0.19189453125, 6.8046875, 1.458984375, 5.40234375, 2.498046875, 8.2421875, 1.4306640625, 0.6201171875, 1.3427734375, 6.21484375, 0.13671875, 10.5625, 5.38671875, 7.48046875, 0.99072265625, 2.548828125, 1.1767578125, 0.356201171875, 0.1588134765625, 2.962890625, 6.4609375, 0.939453125, 6.74609375, 0.65869140625, 1.1240234375, 0.48974609375, 7.04296875, 1.48046875, 7.01953125, 0.3203125, 0.4697265625, 0.90673828125]",-2.241263087366668
159,0,test,4.185026967123653,1.8505822031760513,2.5522175905849633,7.803331532449311,3.450564733005346,4.75882238244488,65.69527250538732,55.371546272647535,60.57703892067311,122.49431019233678,103.24486232087406,112.95093715417174,4.205927530031525,1.8752299745296033,2.571473434489984,7.842302373704615,3.4965225566749893,4.794726508059449,67.08279012159724,56.79767665276817,61.95613155438001,125.0814524142282,105.90400125880731,115.52237029410439,4.185026967123653,1.8505822031760513,2.5522175905849633,7.803331532449311,3.450564733005346,4.75882238244488,65.69527250538732,55.371546272647535,60.57703892067311,122.49431019233678,103.24486232087406,112.95093715417174,0.6797752808988764,0.024775280898876373,0.024775280898876373,0.6123595505617978,0.05735955056179787,0.05235955056179775,0.5449438202247191,0.03494382022471909,0.039943820224719095,0.4719101123595506,0.15258238126711365,0.2293727989267148,0.4576271186440678,0.4775280898876404,0.15259811789884492,0.23312510481301352,0.45197740112994356,0.4719101123595506,0.15258238126711365,0.2293727989267148,0.4576271186440678,25.0,0.0,0.0,31.0,-3.0,-2.0,42.0,-1.0,-1.0,0.0002120344074181472,-5.9847011921577715e-06,-3.505999043041726e-06,-6.263726599531338e-05,-3.0112808140358993e-06,1.9189486478943252e-05,"[9.5234375, 3.607421875, 8.1484375, 6.87890625, 4.80859375, 2.890625, 13.0, 0.0003566741943359375, 8.2734375, 4.83984375, 4.5625, 8.46875, 0.262451171875, 1.3330078125, 0.0024852752685546875, 2.85546875, 0.151123046875, 1.26171875, 6.318092346191406e-06, 10.8515625, 0.11065673828125, 5.09765625, 0.046875, 4.76837158203125e-07, 0.87646484375, 6.01171875, 3.16796875, 8.8203125, 3.255859375, 1.01953125, 8.4765625, 11.734375, 14.8125, 0.810546875, 0.6435546875, 1.7060546875, 0.0007491111755371094, -0.0, 1.2822265625, 0.0006122589111328125, 0.153076171875, 0.01082611083984375, 0.7392578125, 0.1259765625, 0.152587890625, 0.00930023193359375, 8.8359375, 11.1640625, 5.52734375, 2.86328125, 1.6435546875, 7.05078125, 7.9765625, 7.96484375, 5.34765625, 4.37109375, 7.93359375, 2.740234375, 1.5654296875, 4.109375, 1.4248046875, 2.078125, 6.75, 3.314453125, 4.0078125, 6.08203125, 7.8359375, 5.9140625, 8.921875, 2.9765625, 0.39013671875, 0.0380859375, 5.640625, 7.80078125, 5.8515625, 7.95703125, 6.1640625, 6.5390625, 1.451171875, 0.28173828125, 0.01088714599609375, 6.06640625, 7.36328125, 5.9921875, 5.7578125, 6.328125, 4.9453125, 1.12109375, 0.1968994140625, 0.031890869140625, 4.984375, 8.8359375, 7.46875, 7.2109375, 6.546875, 7.2109375, 1.1123046875, 0.1207275390625, 0.0158538818359375, 6.90234375, 6.56640625, 6.359375, 8.2421875, 6.4765625, 3.939453125, 3.42578125, 0.73193359375, 0.0972900390625, 0.0201568603515625, 5.77734375, 8.5859375, 5.85546875, 8.3203125, 6.60546875, 7.9296875, 0.60546875, 0.0333251953125, 0.0221099853515625, 6.1171875, 7.94921875, 6.6328125, 6.4375, 7.1328125, 7.51171875, 0.216796875, 0.0699462890625, 0.01549530029296875, 11.28125, 0.79296875, 0.1290283203125, 0.00019550323486328125, 0.0002340078353881836, 0.2215576171875, 0.53515625, 0.050018310546875, 1.021484375, 0.061981201171875, 6.12890625, 3.841796875, 4.25, 2.6484375, 8.09375, 9.640625, 9.140625, 10.8515625, 5.50390625, 0.78076171875, 8.8984375, 0.3291015625, 0.0931396484375, 4.56640625, 7.9296875, 2.779296875, 3.580078125, 0.2496337890625, 2.1171875, 0.10772705078125, 6.15234375, 11.1796875, 1.1220703125, 7.875, 3.08984375, 3.865234375, 2.28515625, 10.0859375, 14.265625, 9.25, 8.5234375, 0.53515625, 1.30859375, 0.2294921875, 0.142578125, 0.08270263671875, 0.09381103515625, 10.140625, 1.77734375, 3.28515625, 2.8203125]",-2.235629713937138
52,0,test,2.798401618726326,1.1691308535905651,1.647084241241712,8.125183647354508,3.39458168893401,4.782323542552691,16.41838295103664,11.31822879913905,13.256026767416019,47.67091891923796,32.862576601008996,38.488990000128965,2.8437461565487347,1.1554816458633947,1.6459897652129274,7.583323084129959,3.0812843889690527,4.389306040567806,17.1800041230738,11.769920711986995,13.867327893308394,45.8133443281968,31.386455231965314,36.979541048822384,2.81298556375663,1.168263125141796,1.6605498699786567,8.193161836184359,3.402708131480959,4.836553019355311,16.65958228935542,11.480010231138372,13.493687613081034,48.52305521171482,33.43692300331565,39.302002756546706,0.4773869346733668,-0.017613065326633204,-0.0026130653266331905,0.3869346733668342,-0.008065326633165837,0.001934673366834172,0.33668341708542715,0.0016834170854271857,-0.0033165829145728187,0.3303030303030303,0.0897584009535598,0.13473851417399807,0.31610942249240126,0.3417085427135679,0.08857571063336733,0.1263496111609802,0.3282828282828283,0.3377926421404682,0.09906142344263846,0.13979486683457276,0.32885906040268453,23.0,1.0,1.0,31.0,1.0,0.0,38.0,-1.0,2.0,0.0004469180424677881,4.825251212183566e-05,-0.00013049048934669053,-0.03089384711625076,-0.03073981365291001,-0.030165364484957102,"[2.685546875, 7.71875, 4.203125, 14.296875, 1.03125, 1.0087890625, 1.5029296875, 1.3310546875, 10.859375, 4.85546875, 2.484375, 10.2890625, 1.779296875, 12.078125, 0.0455322265625, 0.17919921875, 0.461669921875, 0.1795654296875, 5.36328125, 8.40625, 3.01171875, 0.081787109375, 1.3837890625, 0.787109375, 0.3447265625, 0.0694580078125, 13.1640625, 1.796875, 0.634765625, 0.020050048828125, 4.97265625, 5.3984375, 1.869140625, 0.77783203125, 0.031402587890625, 10.03125, 1.234375, 0.402587890625, 8.0234375, 8.0234375, 2.802734375, 0.239013671875, 0.10845947265625, 6.70703125, 0.39453125, 0.00450897216796875, 1.4169921875, 0.2900390625, 0.0318603515625, 5.0234375, 1.888671875, 0.01045989990234375, 1.1689453125, 0.71484375, 0.024200439453125, 3.35546875, 0.235595703125, 0.002349853515625, 0.93115234375, 8.6484375, 0.97900390625, 0.341064453125, 0.0233306884765625, 10.9453125, 1.9228515625, 0.28466796875, 0.0171661376953125, 6.4375, 9.3828125, 0.5908203125, 0.208984375, 5.02734375, 5.9140625, 1.126953125, 0.1024169921875, 0.073974609375, 10.1171875, 4.33203125, 6.53125, 2.8359375, 0.603515625, 0.16943359375, 0.0306243896484375, 7.15625, 2.453125, 1.0810546875, 0.7822265625, 0.203857421875, 0.033935546875, 7.76953125, 1.2998046875, 0.0039520263671875, 0.09307861328125, 0.0227813720703125, 0.347900390625, 0.328857421875, 0.017364501953125, 7.1953125, 6.8828125, 0.98291015625, 0.1121826171875, 0.03399658203125, 8.9375, 10.3515625, 0.2978515625, 0.15966796875, 0.039703369140625, 6.83203125, 0.428955078125, 0.00701141357421875, 0.228271484375, 0.14404296875, 0.32861328125, 0.1966552734375, 0.019805908203125, 6.6640625, 0.316650390625, 0.348388671875, 0.011566162109375, 0.2406005859375, 0.1497802734375, 0.0143280029296875, 7.609375, 8.0078125, 7.62890625, 1.04296875, 0.1021728515625, 0.026947021484375, 4.4609375, 8.84375, 0.467529296875, 0.15087890625, 0.0236663818359375, 5.39453125, 6.0859375, 4.15234375, 0.49365234375, 0.1275634765625, 0.0282440185546875, 10.34375, 7.62890625, 0.75927734375, 0.14453125, 0.04339599609375, 4.5546875, 7.10546875, 6.07421875, 0.38623046875, 0.142333984375, 0.01446533203125, 1.3310546875, 0.7724609375, 9.421875, 0.1363525390625, 0.11822509765625, 0.04473876953125, 5.58984375, 1.0087890625, 0.0274200439453125, 1.4296875, 0.1788330078125, 0.01751708984375, 10.3046875, 0.30810546875, 0.1363525390625, 0.0265655517578125, 6.9609375, 3.63671875, 0.1080322265625, 0.155029296875, 0.0145416259765625, 8.8203125, 2.708984375, 5.1953125, 0.082275390625, 0.173095703125, 0.013763427734375, 7.16015625, 2.6171875, 0.330078125, 0.1219482421875, 0.0186309814453125, 10.7890625, 10.2890625, 0.6015625, 0.1202392578125, 0.01885986328125, 6.1953125, 3.423828125, 0.60302734375, 1.8876953125, 12.125, 4.515625, 2.974609375, 6.609375, 2.63671875, 0.1912841796875, 0.022674560546875, 9.5703125, 0.8935546875, 0.08062744140625, 0.020538330078125, 5.265625, 7.3984375, 1.779296875, 0.133056640625, 0.0230865478515625, 5.01171875, 1.2744140625, 0.1021728515625, 1.5146484375, 0.196044921875, 0.02783203125, 1.2763671875, 0.125244140625, 0.07965087890625, 0.4619140625, 1.0478515625, 0.1561279296875, 0.0810546875, 0.02032470703125, 7.91015625, 0.2039794921875, 0.289794921875, 0.0670166015625, 0.1551513671875, 8.890625, 0.0274505615234375, 0.034759521484375, 0.220947265625, 0.07623291015625, 0.00927734375, 6.546875, 4.28515625, 2.296875, 10.0546875, 0.381591796875, 0.0548095703125, 0.01297760009765625, 7.296875, 8.3359375, 0.50830078125, 0.0784912109375, 0.0265960693359375, 6.70703125, 3.9609375, 0.11572265625, 0.46923828125, 0.07379150390625, 0.0285186767578125, 8.796875, 11.4296875, 13.1015625, 1.4658203125, 0.0601806640625, 2.642578125, 2.23046875, 1.9921875, 0.08416748046875, 0.1162109375, 0.01983642578125, 4.96875, 9.1015625, 2.84765625, 0.1280517578125, 0.01055908203125, 2.193359375, 9.53125, 1.9267578125, 0.06378173828125, 0.01302337646484375, 2.224609375, 5.55078125, 8.1015625, 0.94482421875, 0.0703125, 0.0125579833984375, 9.84375, 9.5, 0.96875, 0.06036376953125, 0.009307861328125, 16.5, 0.4775390625, 0.037994384765625, 0.0109405517578125, 9.1953125, 6.85546875, 7.73046875, 0.302001953125, 0.1038818359375, 0.01061248779296875, 5.2578125, 9.1875, 1.6083984375, 0.0595703125, 0.01177978515625, 7.0, 9.2578125, 6.3671875, 0.20751953125, 0.06463623046875, 0.008575439453125, 6.890625, 3.689453125, 1.53515625, 0.94873046875, 0.05010986328125, 0.0097503662109375, 8.53125, 6.45703125, 4.97265625, 0.180908203125, 0.0748291015625, 0.00832366943359375, 6.59765625, 0.693359375, 0.1055908203125, 0.0279693603515625, 0.0137176513671875, 12.9453125, 0.2430419921875, 0.06219482421875, 0.0168609619140625, 9.71875, 0.82861328125, 0.06500244140625, 0.00971221923828125, 9.2109375, 2.5078125]",-1.9963710062431566
34,0,test,3.3476221360967835,1.5011822757945001,1.7266463823181972,7.8344874075144615,3.5132381009431493,4.040894936629497,28.43503853906273,22.097820606133155,23.377015244234236,66.54692265424629,51.7158419421022,54.70955923650631,4.205876137144003,1.8954621096933266,2.6379606306696397,6.894878913350825,3.1073149339234867,4.32452562404859,67.07934263189881,57.00074602493656,62.28270342970032,109.9661354621292,93.44384594251896,102.10279250770544,3.598246689225519,1.620631844842814,2.247848513517075,7.055385665148076,3.1777094996917925,4.407546104935442,36.534122585330756,29.308634083791144,32.6751608156641,71.6355344810407,57.467909968217924,64.06894277581196,0.7537688442211055,-0.0012311557788945438,0.0037688442211054607,0.6633165829145728,-0.006683417085427079,-0.006683417085427079,0.5728643216080402,-0.022135678391959734,-0.007135678391959832,0.43273542600896864,0.1359829064121041,0.1658732559209921,0.3820224719101124,0.44221105527638194,0.10386519061472776,0.1817769985151132,0.43939393939393945,0.44147157190635455,0.12260679728198065,0.2112157320843301,0.40268456375838924,20.0,-2.0,-1.0,33.0,-2.0,0.0,41.0,0.0,1.0,0.0004082740845320131,0.0008383577997055736,0.0003169086247983248,-0.03302934840682514,-0.04143175077049577,-0.039750450800219994,"[4.08203125, 6.8984375, 8.8125, 7.1484375, 0.9833984375, 4.7890625, 4.40625, 1.474609375, 1.0234375, 6.18359375, 3.24609375, 5.33203125, 2.857421875, 0.43994140625, 3.81640625, 6.9375, 0.94580078125, 0.41259765625, 5.546875, 4.1484375, 0.00010776519775390625, 0.39990234375, 6.29425048828125e-05, 1.5497207641601562e-06, 9.703636169433594e-05, 7.3828125, 6.59375, 3.978515625, 0.43701171875, 8.3046875, 7.52734375, 10.3515625, 10.484375, 0.57470703125, 6.1171875, 0.37646484375, 1.048828125, 3.984375, 2.4140625, 0.7802734375, 10.9453125, 0.5322265625, 2.556640625, 0.031097412109375, 3.11328125, 6.109375, 5.12890625, 5.859375, 9.34375, 4.3671875, 1.666015625, 3.033203125, 11.328125, 0.42822265625, 0.00860595703125, 2.1796875, 5.83984375, 5.34765625, 7.30859375, 2.408203125, 1.03515625, 0.005710601806640625, 0.0019044876098632812, 0.26806640625, 5.390625, 4.12890625, 3.595703125, 11.9375, 13.4453125, 9.4453125, 6.9921875, 2.119140625, 0.77392578125, 0.10577392578125, 8.234375, 5.59765625, 9.265625, 1.091796875, 8.6484375, 2.693359375, 2.5078125, 8.09375, 3.76171875, 3.798828125, 10.5234375, 3.642578125, 0.89794921875, 3.12109375, 3.62109375, 0.08001708984375, 0.7939453125, 0.005405426025390625, 5.75390625, 0.06951904296875, 9.9296875, 3.0546875, 9.109375, 7.27734375, 5.6484375, 6.64453125, 0.1749267578125, 7.77734375, 5.2578125, 5.22265625, 5.09375, 0.032073974609375, 0.37451171875, 4.578125, 0.1710205078125, 0.388671875, 0.0228271484375, 0.125732421875, 1.59765625, 7.37890625, 6.01171875, 5.91796875, 7.18359375, 10.203125, 6.921875, 10.3515625, 8.609375, 4.25, 2.451171875, 2.2265625, 3.337890625, 2.76953125, 8.3984375, 0.5146484375, 3.1953125, 0.63232421875, 1.599609375, 0.71484375, 1.43359375, 0.024810791015625, 3.84765625, 3.01953125, 1.900390625, 16.5625, 1.4541015625, 2.146484375, 0.421630859375, 0.01316070556640625, 2.93359375, 1.1240234375, 0.481689453125, 13.8203125, 3.021484375, 11.296875, 2.556640625, 0.25146484375, 0.0248260498046875, 4.9296875, 8.53125, 6.1015625, 2.1796875, 6.2578125, 8.140625, 6.83203125, 4.28515625, 4.765625, 6.4140625, 7.91796875, 5.33984375, 0.96630859375, 2.908203125, 5.171875, 0.9013671875, 3.564453125, 3.38671875, 9.78125, 5.265625, 3.90234375, 1.05859375, 0.87451171875, 0.1534423828125, 6.78515625, 13.2890625, 11.984375, 6.671875, 5.2109375, 2.3984375, 1.6181640625, 1.345703125, 3.447265625, 3.4375, 8.53125, 3.9921875, 7.0, 4.0546875, 4.9765625, 1.7978515625, 0.499755859375, 0.66357421875, 0.032958984375, 9.171875, 6.8046875, 7.8046875, 7.05859375, 2.58203125, 5.79296875, 1.1708984375, 3.521484375, 1.5556640625, 2.2421875, 0.64111328125, 0.007259368896484375, 5.296875, 0.0154266357421875, 3.482421875, 0.06195068359375, 2.501953125, 0.025665283203125, 0.20703125, 0.0162811279296875, 0.0001577138900756836, 0.2366943359375, 0.471923828125, 0.01251220703125, 0.001720428466796875, 0.0308074951171875, 0.2052001953125, 0.00457763671875, 0.0115509033203125, 0.0204620361328125, 0.061279296875, 0.0006113052368164062, 0.0002295970916748047, 0.0308990478515625, 0.412109375, 0.020111083984375, 0.058746337890625, 9.6953125, 1.4453125, 4.0078125, 9.6484375, 2.138671875, 5.1171875, 6.8828125, 0.1624755859375, 2.404296875, 0.6416015625, 1.1728515625, 0.8955078125, 2.17578125, 0.31884765625, 0.004650115966796875, 2.744140625, 0.01006317138671875, 3.810546875, 0.07867431640625, 1.232421875, 0.01024627685546875, 0.1279296875, 0.00940704345703125, 0.00013720989227294922, 0.09027099609375, 0.0416259765625, 0.00677490234375, 0.0005970001220703125, 0.0234832763671875, 0.10247802734375, 0.004261016845703125, 0.0022983551025390625, 0.0094757080078125, 0.056365966796875, 0.0006661415100097656, 0.0006680488586425781, 0.01271820068359375, 0.1622314453125, 0.008392333984375, 0.049835205078125, 10.171875, 4.53125, 3.44140625, 7.69140625, 4.76171875, 7.109375, 4.05078125, 6.52734375, 3.3515625, 7.03515625, 7.3359375, 0.15625, 3.376953125, 9.4609375, 8.1796875, 9.6328125, 5.53515625, 4.8828125, 5.390625, 0.34228515625, 2.935546875, 4.58203125, 7.65625, 6.64453125, 11.859375, 5.22265625, 3.9453125, 6.18359375, 5.17578125, 8.8828125, 3.322265625, 5.890625, 0.01082611083984375, 0.0203399658203125, 7.13671875, 7.83203125, 2.82421875, 3.10546875, 5.640625, 8.2421875, 2.2109375, 6.73046875, 2.845703125, 0.1708984375, 3.78515625, 7.36328125, 6.703125, 0.309326171875, 3.650390625, 0.031463623046875, 0.0203857421875, 7.66796875, 4.1640625, 5.34375, 7.3203125, 1.451171875, 0.0811767578125, 0.4189453125, 4.85546875, 3.837890625, 5.88671875, 0.8193359375, 8.515625, 6.35546875, 0.03070068359375, 1.14453125, 0.779296875, 6.5234375, 0.06536865234375, 3.115234375, 0.0096282958984375, 3.88671875, 0.236083984375, 1.3740234375, 0.01119232177734375, 0.14892578125, 0.01171112060546875, 4.7087669372558594e-05, 0.09515380859375, 0.09033203125, 0.00959014892578125, 0.00025177001953125, 0.0237884521484375, 0.045257568359375, 0.0011682510375976562, 0.00582122802734375, 0.01025390625, 0.056365966796875, 0.0009984970092773438, 0.0003235340118408203, 0.0276336669921875, 0.378662109375, 0.01401519775390625, 0.0411376953125, 3.537109375, 0.248046875, 0.131103515625, 1.279296875, 0.272705078125, 10.4375, 8.0234375, 5.15234375, 7.76953125, 7.984375, 9.2109375, 1.5244140625, 4.9140625, 4.59765625, 2.80859375, 1.6650390625, 9.828125, 5.69921875, 3.666015625, 0.214111328125, 12.0078125, 4.8046875, 6.1875, 8.09375, 3.125, 6.5625, 5.6640625, 8.9609375, 2.23046875, 5.88671875, 2.541015625, 3.80859375, 4.5390625, 0.6337890625, 0.24951171875, 1.373046875, 0.002777099609375, 2.619140625, 0.014862060546875, 3.697265625, 0.038726806640625, 0.8056640625, 0.015960693359375, 0.026947021484375, 0.0032253265380859375, 2.0503997802734375e-05, 0.0758056640625, 0.03009033203125, 0.0073699951171875, 0.00018703937530517578, 0.005313873291015625, 0.0638427734375, 0.0008702278137207031, 0.0020923614501953125, 0.0154266357421875, 0.056365966796875, 0.0011959075927734375, 0.001781463623046875, 0.01433563232421875, 0.1683349609375, 0.0164642333984375, 0.07220458984375, 4.29296875, 2.080078125, 0.10028076171875, 0.031646728515625, 0.6044921875, 2.486328125, 0.040771484375, 0.88427734375, 0.1085205078125, 0.00556182861328125, 0.1309814453125, 3.2890625, 0.50146484375, 12.8671875, 11.1328125, 0.560546875, 9.3359375, 5.95703125, 11.5625]",-0.9918692312433044
123,0,test,4.447006126860498,2.093074298805633,2.7982544757733834,7.3634147961038945,3.465741629650257,4.633388806396857,85.3709711608381,74.84409282293024,80.17048740573905,141.35844527096913,123.9278932323868,132.74741170438654,5.016153375108038,2.3815745677958926,3.236530943120524,7.899454134028407,3.750511130387233,5.096899123024448,150.8300000494537,136.89255917092373,144.90238213234497,237.52755913299796,215.5788333400374,228.1927277674724,4.669806965218738,2.2166193250158766,3.0164130037875507,7.7830116086978975,3.694365541693128,5.027355006312586,106.67714804485975,95.05180290825668,101.45246590548376,177.79524674143292,158.41967151376113,169.08744317580627,0.8894472361809045,-0.00555276381909553,-0.00555276381909553,0.8140703517587939,-0.0009296482412060048,-0.00592964824120612,0.7537688442211055,-0.011231155778894553,-0.006231155778894548,0.46478873239436624,0.111764822408431,0.18424132281469863,0.4011299435028248,0.44723618090452266,0.05375247163133967,0.16176038791620884,0.4696969696969697,0.4448160535117057,0.08087615367865064,0.1589428610756657,0.43288590604026844,32.0,3.0,4.0,44.0,4.0,6.0,49.0,2.0,4.0,0.0005063007711498934,0.0006235475606221809,0.00035615063077545515,0.00028589518626187527,-0.00011327157224272355,0.00013081403676995507,"[3.591796875, 10.4453125, 0.07373046875, 9.171875, 2.6171875, 2.322265625, 0.0003418922424316406, 7.19140625, 6.04296875, 6.44921875, 2.109375, 7.53125, 0.38525390625, 6.23828125, 1.2861328125, 6.3671875, 0.348876953125, 6.19140625, 0.8203125, 0.024688720703125, 0.024505615234375, 1.1337890625, 6.9453125, 2.728515625, 0.1949462890625, 1.7578125, 0.31298828125, 2.064453125, 2.720703125, 0.8916015625, 7.20703125, 8.5234375, 5.2265625, 5.93359375, 0.1744384765625, 9.671875, 10.2890625, 10.2421875, 5.45703125, 3.755859375, 4.25390625, 7.80078125, 5.37109375, 7.0546875, 7.37890625, 5.3125, 4.046875, 5.93359375, 8.1640625, 5.3984375, 4.49609375, 3.92578125, 6.62109375, 5.17578125, 4.953125, 7.69921875, 5.046875, 4.5, 8.328125, 4.0390625, 4.7578125, 4.62109375, 6.78125, 6.1328125, 8.3671875, 6.640625, 9.0625, 8.1796875, 4.97265625, 7.83984375, 4.02734375, 5.17578125, 8.5546875, 3.326171875, 9.125, 4.95703125, 3.87890625, 4.03125, 8.484375, 8.5703125, 4.7109375, 5.01953125, 4.1953125, 4.7890625, 4.03125, 3.509765625, 3.55859375, 4.390625, 4.3359375, 9.21875, 11.2265625, 5.08203125, 4.4609375, 4.16015625, 8.671875, 4.1328125, 4.44921875, 8.25, 5.2265625, 9.3671875, 6.1328125, 9.140625, 4.17578125, 4.44921875, 4.359375, 3.630859375, 4.4453125, 3.92578125, 8.84375, 4.82421875, 5.8515625, 4.0390625, 8.8125, 4.4609375, 4.24609375, 9.3046875, 6.08203125, 9.7734375, 3.615234375, 6.06640625, 4.58203125, 9.171875, 3.2265625, 4.44140625, 7.03125, 4.31640625, 3.998046875, 8.953125, 3.888671875, 5.63671875, 8.2734375, 4.18359375, 6.04296875, 5.18359375, 0.042083740234375, 13.5234375, 1.88671875, 1.279296875, 4.0625, 0.01617431640625, 2.2109375, 8.90625, 8.2421875, 1.3369140625, 3.55859375, 9.625, 2.06640625, 0.66162109375, 3.076171875, 9.9296875, 1.8349609375, 1.2490234375, 3.658203125, 0.08575439453125, 0.1925048828125, 2.3984375, 8.328125, 3.263671875, 0.08843994140625, 4.31640625, 4.16015625, 11.6015625, 1.609375, 1.4013671875, 3.01171875, 10.6328125, 0.75537109375, 11.3984375, 1.767578125, 6.875, 6.56640625, 7.45703125, 5.33203125, 5.328125, 0.09783935546875, 7.09765625, 4.796875, 7.4609375, 1.630859375, 1.4970703125, 5.58203125, 4.6953125, 4.88671875, 3.654296875, 1.1494140625, 1.185546875, 6.859375, 3.419921875, 9.6328125, 5.21484375, 3.966796875, 8.671875, 0.837890625, 1.5810546875, 5.390625, 2.099609375, 10.0, 7.0, 0.5888671875, 1.869140625, 6.48828125, 4.93359375, 10.0, 9.6171875, 2.189453125, 0.351318359375, 4.640625, 4.3046875, 1.109375, 2.72265625, 0.435546875, 2.009765625, 7.546875, 4.46875, 2.853515625, 5.6328125, 4.90625, 7.52734375, 5.73828125, 5.8671875, 1.9091796875, 5.5078125, 0.90673828125, 1.982421875, 11.0859375, 0.89306640625, 2.201171875, 2.08984375, 1.8876953125, 4.6484375, 1.0224609375, 7.04296875, 3.83984375, 7.31640625, 2.501953125, 9.390625, 1.966796875, 5.6796875, 0.11572265625, 10.703125, 0.294677734375, 3.724609375, 6.19140625, 6.5859375, 2.65234375, 4.890625, 7.37890625, 1.2568359375, 11.546875, 2.291015625, 8.7109375, 8.21875, 0.5458984375, 0.371337890625, 1.431640625, 0.441162109375, 6.0234375, 12.5390625, 4.296875, 0.65576171875, 3.1796875, 9.9140625, 0.0212554931640625, 4.3359375, 0.68408203125, 1.0283203125, 0.4521484375, 1.251953125, 3.21484375, 8.5859375, 1.953125, 0.00922393798828125, 1.2158203125, 0.4599609375, 0.360107421875, 0.62451171875, 10.140625, 1.0625, 0.0550537109375, 3.791015625, 2.185546875, 4.2109375, 6.6015625, 7.75390625, 8.625, 4.30078125, 5.2890625, 1.21484375, 3.181640625, 6.78125, 5.7421875, 7.30078125, 2.568359375, 1.34765625, 2.369140625, 4.29296875, 2.37109375, 0.8642578125, 0.51318359375, 9.125, 1.626953125, 2.412109375, 1.578125, 0.1756591796875, 11.2421875, 1.337890625, 1.5546875, 0.213134765625, 0.1810302734375, 5.0, 0.297119140625, 5.14453125, 9.46875, 0.9208984375, 4.52734375, 2.90625, 0.6083984375, 0.07794189453125, 1.359375, 0.78857421875, 7.625, 0.2646484375, 0.047637939453125, 0.84716796875, 3.18359375, 3.8671875, 7.95703125, 6.5, 12.4140625, 7.28515625, 2.658203125, 5.09765625, 6.03515625, 3.224609375, 3.61328125, 0.57861328125, 3.3046875, 7.640625, 2.236328125, 0.012969970703125, 5.95703125, 4.09765625, 0.94580078125, 0.0022125244140625, 0.0001418590545654297, 0.00901031494140625, 0.83740234375, 0.251708984375, 2.87890625, 2.32421875, 10.90625, 6.69140625, 0.6318359375, 1.919921875, 0.405029296875]",-1.2597919497691406
39,0,test,3.2008859310510025,1.4670569901925028,2.030530039108922,5.954095508108857,2.7289311845538857,3.7770698629578545,24.554273957684778,18.891980917998133,21.331134433867273,45.674383725483565,35.141726742569944,39.67889342243841,3.123802918285581,1.3915125176872987,1.9350957614355588,5.528854722629347,2.4628540136058388,3.4249482503284234,22.732665940300507,17.079077868231863,19.44983166743813,40.234806973983204,30.228456403950204,34.42448082732413,3.2008859310510025,1.4670569901925028,2.030530039108922,5.954095508108857,2.7289311845538857,3.7770698629578545,24.554273957684778,18.891980917998133,21.331134433867273,45.674383725483565,35.141726742569944,39.67889342243841,0.6733668341708543,-0.001633165829145744,-0.011633165829145753,0.542713567839196,-0.007286432160804046,-0.0022864321608039306,0.4371859296482412,-0.00781407035175874,-0.00781407035175874,0.4226415094339623,0.11755676367125045,0.18675694230723705,0.41287878787878785,0.42713567839195976,0.12137126736439086,0.186735010612327,0.4191919191919192,0.4226415094339623,0.11755676367125045,0.18675694230723705,0.41287878787878785,19.0,3.0,2.0,35.0,7.0,6.0,41.0,2.0,2.0,0.0002722749836206785,-0.0003059999623808511,-4.00562902928015e-05,-0.014258616019299453,-0.01033963374603264,-0.011196280585631158,"[3.591796875, 12.4296875, 0.321533203125, 3.3359375, 7.55078125, 2.58203125, 4.06640625, 4.61328125, 1.2705078125, 8.9375, 6.60546875, 1.6240234375, 5.39453125, 0.428466796875, 1.5947265625, 2.017578125, 1.8310546875, 5.62109375, 2.603515625, 5.578125, 0.483642578125, 10.6796875, 3.92578125, 14.1953125, 0.58544921875, 1.45703125, 0.77685546875, 5.08203125, 0.116455078125, 0.54541015625, 3.51953125, 1.9072265625, 0.00316619873046875, 4.08984375, 0.8359375, 0.79052734375, 0.16162109375, 5.06640625, 4.07421875, 7.44140625, 4.0625, 0.1260986328125, 0.41357421875, 1.185546875, 0.408935546875, 0.78271484375, 0.3017578125, 0.126953125, 0.14111328125, 0.0031261444091796875, 0.1436767578125, 0.064453125, 0.0645751953125, 0.0704345703125, 0.0765380859375, 0.2587890625, 0.0404052734375, 0.11920166015625, 1.5654296875, 0.04779052734375, 0.00252532958984375, 0.1380615234375, 7.8515625, 1.095703125, 3.029296875, 1.091796875, 1.880859375, 8.5, 4.96484375, 3.083984375, 2.998046875, 0.02337646484375, 5.91796875, 5.27734375, 0.78857421875, 2.55859375, 2.337890625, 4.94140625, 6.125, 3.880859375, 1.8330078125, 0.489501953125, 0.91162109375, 0.8046875, 12.84375, 6.47265625, 5.10546875, 3.87890625, 0.9853515625, 7.23828125, 0.03375244140625, 8.4375, 0.0908203125, 8.9921875, 1.1796875, 5.12890625, 3.27734375, 4.08203125, 0.01025390625, 6.1015625, 1.1376953125, 1.6806640625, 3.521484375, 5.30078125, 8.0390625, 2.345703125, 1.6826171875, 1.5693359375, 1.86328125, 0.87109375, 9.9140625, 3.298828125, 0.9482421875, 2.228515625, 0.4638671875, 7.046875, 9.5234375, 4.4375, 0.60107421875, 5.53125, 4.109375, 7.49609375, 3.005859375, 3.822265625, 0.81591796875, 0.0015268325805664062, 0.00775146484375, 0.328857421875, 6.97265625, 4.6953125, 1.6728515625, 2.42578125, 2.83203125, 3.955078125, 1.22265625, 2.38671875, 3.787109375, 1.0576171875, 3.845703125, 7.09375, 2.71484375, 2.205078125, 0.6875, 5.3359375, 2.45703125, 4.9296875, 4.39453125, 4.65234375, 5.6015625, 7.12109375, 4.7109375, 1.5703125, 5.8515625, 5.1875, 3.5078125, 0.27001953125, 0.0025386810302734375, 0.0011434555053710938, 0.0545654296875, 4.88671875, 2.21875, 0.60498046875, 2.373046875, 3.47265625, 0.8388671875, 0.260986328125, 7.5546875, 0.034454345703125, 0.165771484375, 4.796875, 7.171875, 2.150390625, 0.83056640625, 5.18359375, 4.67578125, 2.58984375, 1.3349609375, 6.83984375, 3.888671875, 5.83203125, 0.09527587890625, 0.032196044921875, 4.3359375, 0.315673828125, 4.05859375, 0.047607421875, 2.220703125, 0.6416015625, 4.62890625, 0.97705078125, 10.3359375, 2.060546875, 0.09112548828125, 3.478515625, 4.171875, 9.0859375, 1.7265625, 1.412109375, 10.9375, 1.466796875, 6.10546875, 0.1826171875, 2.908203125, 1.0771484375, 4.29296875, 1.7939453125, 0.5791015625, 1.1376953125, 7.84765625, 2.775390625, 2.583984375, 8.1484375, 2.447265625, 1.3388671875, 0.61767578125, 0.77294921875, 0.0318603515625, 3.58203125, 4.74609375, 2.3671875, 5.1015625, 0.206298828125, 9.515625, 0.002651214599609375, 3.01171875, 9.171875, 2.490234375, 2.982421875, 7.1171875, 3.109375, 5.18359375, 0.1595458984375, 6.796875, 3.904296875, 2.5234375, 0.0084991455078125, 0.849609375, 8.84375, 0.02191162109375, 0.79296875, 0.0479736328125, 1.6337890625, 6.03515625, 5.5390625, 3.607421875, 6.25, 4.6484375, 2.77734375, 7.1328125, 4.75390625, 10.5, 2.84375, 3.060546875, 1.1796875, 4.60546875, 1.4169921875, 0.427734375, 0.30078125, 0.962890625, 8.265625, 2.39453125, 6.31640625, 2.23828125, 2.400390625, 5.01953125]",-0.9913414325354233
124,0,test,1.8623089650684819,0.7259744624461522,1.038261783100748,6.207696550228273,2.419914874820507,3.4608726103358265,6.438586091927442,3.3232579081978297,4.158878508251079,21.46195363975814,11.077526360659432,13.86292836083693,1.9444558752242045,0.6896448769098991,1.0478112335836163,6.375265164669523,2.2611307439668824,3.435446667487266,6.989827481788586,3.4826520321629806,4.538463390329816,22.9174671534052,11.41853125299338,14.880207837146939,1.8528182755953098,0.7092385456828845,1.0425791480807187,6.176060918651033,2.364128485609615,3.475263826935729,6.3777685274939175,3.2397871182010762,4.129322939892537,21.259228424979725,10.799290394003586,13.764409799641792,0.3919597989949749,0.001959798994974893,-0.0030402010050251116,0.3065326633165829,-0.013467336683417042,-0.0034673366834171437,0.2562814070351759,0.011281407035175883,0.006281407035175879,0.3096234309623431,0.07371528899992141,0.11769019035038208,0.273109243697479,0.31155778894472363,0.06594375385700435,0.11623224637377205,0.2727272727272727,0.3138075313807531,0.08207475476279902,0.12048347018464745,0.26890756302521013,19.0,4.0,4.0,25.0,6.0,5.0,32.0,8.0,8.0,0.0003192608287049471,0.00015922527615696674,-0.00011483324453295158,-0.041689524175820836,-0.04199456392375911,-0.0397958340305804,"[4.47265625, 0.775390625, 6.0390625, 1.5556640625, 0.80810546875, 0.2310791015625, 7.65625, 11.2734375, 1.66796875, 0.1136474609375, 0.398681640625, 7.21484375, 5.02734375, 10.4375, 1.7021484375, 0.98193359375, 0.02587890625, 2.505859375, 2.5, 4.546875, 8.734375, 0.7685546875, 5.71875, 2.07421875, 2.046875, 0.2890625, 0.04656982421875, 0.13671875, 9.375, 2.87109375, 2.1953125, 1.248046875, 1.4111328125, 0.286376953125, 0.12091064453125, 0.48291015625, 0.0289306640625, 0.06866455078125, 0.34375, 4.64453125, 0.459228515625, 5.73046875, 3.134765625, 0.24609375, 0.5244140625, 0.07965087890625, 0.79638671875, 0.0222625732421875, 0.059967041015625, 0.1490478515625, 0.36083984375, 2.203125, 1.1298828125, 0.10296630859375, 2.173828125, 0.0804443359375, 0.043609619140625, 0.06256103515625, 0.004085540771484375, 0.024383544921875, 0.1590576171875, 6.08203125, 3.974609375, 2.8515625, 0.10833740234375, 0.043548583984375, 0.53076171875, 0.01245880126953125, 0.06939697265625, 0.1561279296875, 4.1640625, 0.445068359375, 2.1484375, 0.0103912353515625, 0.0218353271484375, 0.06988525390625, 0.00415802001953125, 0.06231689453125, 0.155029296875, 3.505859375, 3.9609375, 1.4453125, 0.2034912109375, 0.25, 0.0202789306640625, 0.0684814453125, 2.142578125, 0.031402587890625, 0.10992431640625, 0.3759765625, 1.599609375, 5.45703125, 7.6953125, 0.1160888671875, 0.0016736984252929688, 0.0243682861328125, 0.673828125, 0.49072265625, 3.576171875, 0.8271484375, 0.87646484375, 0.01453399658203125, 0.0107879638671875, 5.0078125, 0.003387451171875, 0.1573486328125, 0.1307373046875, 0.334228515625, 10.2890625, 0.1729736328125, 0.001071929931640625, 0.0248260498046875, 8.21875, 2.3984375, 6.93359375, 6.02734375, 0.5029296875, 3.37109375, 0.08416748046875, 0.0248565673828125, 2.134765625, 0.005340576171875, 0.06976318359375, 0.3203125, 0.10784912109375, 3.296875, 1.31640625, 0.14013671875, 0.0011281967163085938, 0.00876617431640625, 4.6484375, 3.861328125, 11.1875, 3.365234375, 0.962890625, 1.8505859375, 0.0191802978515625, 0.023162841796875, 0.055755615234375, 1.150390625, 1.5, 0.01505279541015625, 5.5546875, 0.056304931640625, 0.4296875, 0.0031757354736328125, 0.054534912109375, 0.022674560546875, 0.38232421875, 11.375, 0.370361328125, 9.2734375, 0.332275390625, 0.66162109375, 0.0086669921875, 0.0230865478515625, 0.1348876953125, 2.568359375, 0.47412109375, 5.38671875, 2.107421875, 3.341796875, 0.049072265625, 0.0919189453125, 0.00373077392578125, 0.0227508544921875, 0.055145263671875, 1.5859375, 0.1328125, 10.2265625, 9.9140625, 1.291015625, 0.043304443359375, 0.10516357421875, 0.003452301025390625, 0.0212249755859375, 0.1357421875, 8.375, 0.09442138671875, 0.88916015625, 8.484375, 0.3466796875, 0.353271484375, 0.060211181640625, 0.0224456787109375, 0.33056640625, 3.326171875, 8.5546875, 3.509765625, 0.10272216796875, 0.162109375, 0.033355712890625, 0.026092529296875, 0.134765625, 5.15234375, 0.07635498046875, 0.31103515625, 6.01953125, 6.14453125, 0.2138671875, 0.1112060546875, 0.03594970703125, 0.0274658203125, 0.055877685546875, 3.734375, 0.04608154296875, 0.1015625, 8.390625, 0.11688232421875, 0.7919921875, 0.02008056640625, 0.02362060546875, 0.052215576171875, 1.203125, 0.0450439453125, 0.0518798828125, 4.1640625, 0.08209228515625, 0.06805419921875, 0.0146484375, 0.0236358642578125, 0.054595947265625, 2.669921875, 4.3203125, 4.7421875, 0.724609375, 0.56982421875, 0.0294952392578125, 0.024200439453125, 0.13525390625, 4.390625, 5.60546875, 7.3671875, 7.71484375, 0.2032470703125, 0.8212890625, 0.025726318359375, 0.0247650146484375, 3.056640625]",-1.1625909944957271
183,0,test,3.8013651770309598,1.5821137326882964,1.9464943649793862,7.951835319299457,3.309523624501028,4.071748416538512,44.76225119757458,35.561809952346984,38.37137862400273,93.63532138268152,74.38950041052176,80.26665936653633,3.697345728850245,1.4616240044762914,2.0413926992909137,7.179312094854844,2.83810486306076,3.963869319011483,40.340088599814685,30.98685872904278,35.102019020516735,78.33026912585376,60.16865772629666,68.15926023401309,3.84321758499911,1.6017372428633068,2.2327308288217953,7.843301193875735,3.2688515160475653,4.556593528207746,46.67541520263827,37.26816827368113,41.67016823277745,95.25594939313933,76.05748627281864,85.0411596587295,0.6281407035175879,-0.0018592964824121205,-0.006859296482412125,0.5477386934673367,-0.002261306532663321,-0.017261306532663223,0.4974874371859297,0.007487437185929702,0.007487437185929702,0.4547677261613692,0.12021339160703459,0.14391728627867129,0.4387254901960784,0.44221105527638194,0.12892784725633177,0.1650825076970831,0.4040404040404041,0.4548494983277592,0.12930692737617322,0.18454916462364357,0.43288590604026844,29.0,2.0,1.0,38.0,2.0,-1.0,45.0,-2.0,-1.0,0.0007208290400048927,0.00019805261147128785,0.0002185429754800024,-0.015694989632241807,-0.013613018436860358,-0.015144650140599403,"[6.1953125, 1.560546875, 3.1484375, 1.12890625, 2.21484375, 4.91015625, 7.6015625, 0.2347412109375, 3.23046875, 0.037017822265625, 2.859375, 1.7421875, 2.68359375, 3.84765625, 6.23828125, 8.03125, 5.75, 8.046875, 2.515625, 7.54296875, 0.130859375, 5.67578125, 10.078125, 2.9375, 10.1796875, 9.046875, 9.8359375, 9.3359375, 3.171875, 8.1328125, 8.6015625, 6.73828125, 8.875, 1.8232421875, 0.339599609375, 3.275390625, 0.0667724609375, 1.712890625, 0.07525634765625, 7.63671875, 8.234375, 7.64453125, 6.2265625, 10.8828125, 2.216796875, 6.2109375, 4.51953125, 3.6484375, 4.2578125, 0.203125, 0.058441162109375, 8.9296875, 8.78125, 9.6484375, 3.470703125, 0.0941162109375, 2.166015625, 3.580078125, 4.453125, 0.7841796875, 1.7568359375, 0.36376953125, 2.064453125, 0.78271484375, 2.583984375, 0.07781982421875, 1.947265625, 0.0280303955078125, 3.859375, 0.130859375, 0.0223541259765625, 0.277099609375, 0.2059326171875, 0.85302734375, 0.03033447265625, 12.5234375, 7.375, 2.91015625, 9.71875, 1.375, 2.1484375, 7.91015625, 6.875, 1.4716796875, 5.6015625, 0.261474609375, 0.040374755859375, 7.15625, 6.33984375, 8.8828125, 5.59765625, 4.90625, 0.03167724609375, 0.765625, 1.068359375, 0.436279296875, 0.01486968994140625, 0.576171875, 0.046173095703125, 1.94921875, 0.1551513671875, 0.356689453125, 0.0107879638671875, 3.962890625, 0.0016584396362304688, 3.8515625, 0.0296783447265625, 0.01514434814453125, 0.11505126953125, 0.07305908203125, 0.14794921875, 0.00659942626953125, 8.5625, 5.69140625, 9.78125, 1.837890625, 4.55078125, 0.1182861328125, 0.027191162109375, 4.48046875, 7.67578125, 4.5390625, 7.92578125, 6.16015625, 1.90625, 4.15625, 0.10150146484375, 0.03125, 5.31640625, 9.1015625, 6.97265625, 8.46875, 7.5, 0.475830078125, 0.01236724853515625, 2.16796875, 0.018463134765625, 0.1268310546875, 0.0019464492797851562, 11.1953125, 5.8125, 7.9609375, 6.375, 8.9765625, 0.984375, 7.84375, 0.450439453125, 3.4375, 0.0355224609375, 0.01605224609375, 6.265625, 5.515625, 5.859375, 10.5859375, 0.79345703125, 0.0137481689453125, 3.099609375, 12.03125, 9.015625, 6.24609375, 7.609375, 8.4921875, 0.76318359375, 0.783203125, 7.8203125, 0.060333251953125, 0.030487060546875, 7.33984375, 10.4375, 3.783203125, 8.265625, 0.291259765625, 0.04486083984375, 0.357666015625, 0.29345703125, 0.10150146484375, 0.00278472900390625, 0.9453125, 0.06024169921875, 1.361328125, 0.08099365234375, 0.1236572265625, 0.0025463104248046875, 3.0703125, 0.001781463623046875, 3.5859375, 0.042327880859375, 0.00856781005859375, 0.1817626953125, 13.0859375, 6.9609375, 0.337158203125, 3.158203125, 4.47265625, 0.4833984375, 1.3720703125, 7.4765625, 4.99609375, 1.142578125, 3.501953125, 7.265625, 11.0546875, 4.8046875, 11.15625, 7.265625, 3.5390625, 2.8515625, 0.2274169921875, 0.372314453125, 4.8828125, 10.25, 4.5703125, 9.9140625, 1.908203125, 10.2109375, 0.6162109375, 0.6025390625, 6.71875, 7.390625, 4.31640625, 6.6171875, 11.7265625, 2.73828125, 6.67578125, 5.078125, 7.390625, 0.04315185546875, 10.765625, 3.796875, 5.17578125, 9.3046875, 0.841796875, 0.07464599609375, 0.740234375, 8.7109375, 6.3515625, 7.16015625, 0.62158203125, 3.07421875, 5.609375, 0.022857666015625, 1.46484375, 0.0665283203125, 0.36474609375, 4.85546875, 7.5703125, 7.109375, 3.494140625, 0.0562744140625, 1.3505859375, 7.42578125, 0.032073974609375, 1.4892578125, 0.2724609375, 6.36328125, 9.2578125, 3.751953125, 3.09375, 2.23828125, 6.171875, 6.33984375, 6.9609375, 3.970703125, 1.5947265625, 6.5, 11.8828125, 5.19921875, 3.203125, 2.4375, 2.2734375, 3.978515625, 4.4921875, 9.9375, 0.9248046875, 0.5146484375, 0.389892578125, 0.98681640625, 0.1982421875, 0.0021877288818359375, 1.4404296875, 0.05462646484375, 2.404296875, 2.888671875, 4.203125, 0.0175933837890625, 3.2734375, 0.006481170654296875, 2.419921875, 0.052276611328125, 0.008087158203125, 0.2196044921875, 6.66796875, 0.16455078125, 11.5078125, 5.17578125, 6.515625, 3.818359375, 6.36328125, 6.05859375, 0.350341796875, 0.346435546875, 6.84765625, 3.1015625, 6.10546875, 5.67578125, 5.42578125, 8.0859375, 8.59375, 3.884765625, 3.748046875, 5.9609375, 6.05078125, 9.0390625, 6.984375, 1.50390625, 3.84375, 2.39453125, 0.99609375, 0.049591064453125, 9.78125, 9.5078125, 5.21484375, 0.06768798828125, 1.3427734375, 0.26953125, 0.1573486328125, 0.0019245147705078125, 0.374755859375, 0.01104736328125, 3.666015625, 0.90185546875, 1.5029296875, 0.002117156982421875, 3.966796875, 0.0012502670288085938, 4.78515625, 0.0266265869140625, 0.002826690673828125, 0.31982421875, 8.2890625, 3.0703125, 0.310302734375, 9.984375, 7.5859375, 3.837890625, 4.9453125, 5.72265625, 7.875, 9.4453125, 2.162109375, 0.1370849609375, 5.2421875, 0.045440673828125, 9.71875, 0.06976318359375, 0.030242919921875, 0.0302734375, 0.06488037109375, 0.0019397735595703125, 7.4765625, 4.51171875, 6.03515625, 0.04547119140625, 6.46484375, 1.986328125, 7.37890625, 2.7890625, 7.125, 2.845703125, 0.278564453125, 0.34033203125, 7.09765625, 7.6796875, 5.33984375, 6.54296875, 4.06640625, 8.0, 0.7705078125, 3.33203125, 4.3359375, 4.02734375, 0.0002225637435913086, 6.92578125, 3.107421875, 7.08984375, 0.2374267578125, 3.681640625, 0.6005859375, 7.15625, 5.1328125, 0.0017385482788085938, 9.1015625, 0.57666015625, 2.591796875, 0.8427734375, 0.06890869140625, 0.33349609375, 5.18359375, 0.755859375, 0.0253448486328125, 4.71484375, 2.625, 7.77734375, 1.517578125, 8.375, 4.5, 2.130859375, 7.3515625, 4.4609375]",-0.8530265885635226
67,0,test,2.5677804280971657,1.1538599273013437,1.3293466044230933,6.084523188317196,2.7341463494749227,3.1499734756981987,13.03685606470779,8.924810944952405,9.586650464005434,30.891680675068457,21.14792158695244,22.716193490795483,2.532124651137309,1.100831460267239,1.5253063223817822,5.167601328851651,2.2465948168719168,3.1128700456771066,12.580206311993622,8.396099768811553,9.843327014598385,25.673890432640047,17.134897487370516,20.088422478772216,2.4966357324434365,1.0996391601033644,1.5386699265654709,5.548079405429859,2.4436425780074766,3.4192665034788243,12.14157765680222,8.098538917878573,9.535188481126827,26.98128368178271,17.996753150841272,21.189307735837392,0.5477386934673367,-0.02226130653266334,-0.03226130653266335,0.457286432160804,0.0022864321608040417,0.0022864321608040417,0.3517587939698492,0.0017587939698492372,-0.008241206030150772,0.37011494252873567,0.10375443736226031,0.12769070010449324,0.3571428571428571,0.39698492462311563,0.11377690457299028,0.16993984949790697,0.3535353535353535,0.36789297658862874,0.1024505725819509,0.1543223425508089,0.33221476510067116,17.0,0.0,0.0,29.0,0.0,0.0,36.0,3.0,1.0,-0.00023950417124119308,0.0009383320044762194,-9.749554048035997e-05,-0.048259617230910656,-0.059567501225174624,-0.04848928667175212,"[3.58984375, 10.4375, 0.006252288818359375, 2.693359375, 6.640625, 6.671875, 3.837890625, 3.103515625, 6.01953125, 3.35546875, 7.99609375, 2.35546875, 1.93359375, 1.93359375, 0.1807861328125, 4.3515625, 0.0012063980102539062, 1.9482421875, 7.700920104980469e-05, 1.9072265625, 4.33984375, 0.03515625, 4.23046875, 0.00018393993377685547, 2.05078125, 0.061126708984375, 0.005237579345703125, 4.58203125, 0.50732421875, 0.1588134765625, 0.1661376953125, 0.0574951171875, 0.004177093505859375, 4.35546875, 4.80078125, 2.927734375, 5.578125, 4.46484375, 5.27734375, 3.751953125, 9.8515625, 5.3984375, 0.08245849609375, 2.583984375, 2.103515625, 0.41796875, 1.3310546875, 0.062469482421875, 1.0498046875, 3.18359375, 5.5390625, 2.68359375, 0.0948486328125, 1.1845703125, 1.36328125, 0.233642578125, 0.25, 0.0184173583984375, 0.4697265625, 10.5390625, 1.5791015625, 3.802734375, 0.2083740234375, 14.65625, 0.79736328125, 4.546875, 0.2578125, 0.00792694091796875, 0.97021484375, 10.4296875, 7.4140625, 6.32421875, 0.66748046875, 0.049072265625, 7.54296875, 4.1015625, 1.673828125, 0.207763671875, 0.1695556640625, 0.23193359375, 3.80078125, 4.421875, 4.29296875, 0.02105712890625, 3.45703125, 0.01361846923828125, 0.308349609375, 0.043792724609375, 0.00505828857421875, 0.1865234375, 7.2421875, 7.8125, 2.056640625, 1.609375, 0.02471923828125, 8.0078125, 0.712890625, 0.1043701171875, 0.050933837890625, 0.0033130645751953125, 0.19677734375, 7.60546875, 1.0732421875, 0.0977783203125, 0.65869140625, 0.00807952880859375, 13.6484375, 3.18359375, 5.8359375, 1.4365234375, 0.133056640625, 0.006862640380859375, 6.16796875, 0.0256500244140625, 3.08203125, 0.0264739990234375, 0.428466796875, 0.032470703125, 0.004638671875, 0.50048828125, 2.146484375, 4.1484375, 7.4765625, 0.05792236328125, 0.11578369140625, 5.710124969482422e-05, 0.54638671875, 1.990795135498047e-05, 1.6689300537109375e-06, 2.732421875, 2.900390625, 2.091796875, 6.046875, 3.509765625, 6.11328125, 1.1298828125, 6.125, 3.005859375, 2.56640625, 0.06298828125, 0.708984375, 9.9453125, 0.0009851455688476562, 2.43359375, 3.50390625, 7.00390625, 0.07513427734375, 3.7265625, 6.36328125, 5.80859375, 3.13671875, 5.30859375, 5.5, 6.21484375, 1.171875, 0.309326171875, 0.0294647216796875, 0.21044921875, 0.2626953125, 0.282958984375, 0.07757568359375, 0.007175445556640625, 0.10418701171875, 0.0816650390625, 0.199462890625, 0.0007996559143066406, 0.034027099609375, 0.328125, 0.308349609375, 7.40234375, 3.16015625, 7.76953125, 1.1552734375, 4.2265625, 1.09375, 0.8759765625, 2.599609375, 0.135009765625, 1.06640625, 0.5068359375, 2.755859375, 1.02734375, 4.3515625, 1.005859375, 5.30078125, 0.092529296875, 8.5703125, 1.5146484375, 2.376953125, 1.072265625, 1.0068359375, 3.3203125, 1.0478515625, 0.022613525390625, 6.9921875, 2.283203125, 2.73828125, 0.6943359375, 1.7890625, 10.2890625, 0.023590087890625, 2.13671875, 7.46875, 6.5, 0.35888671875, 2.837890625, 4.70703125, 0.4775390625, 0.77685546875, 7.91796875, 4.3984375, 3.2890625, 6.68359375, 1.3837890625, 1.279296875, 6.05078125, 6.7578125, 0.33740234375, 5.08984375, 1.4365234375, 6.56640625, 2.44140625, 0.626953125, 2.01171875, 10.390625, 0.10125732421875, 0.8984375, 0.64697265625, 0.716796875, 1.1259765625, 1.6884765625, 2.267578125, 10.2578125, 1.0751953125, 2.353515625, 1.30859375, 1.5341796875, 1.609375, 1.904296875, 3.634765625, 7.734375, 9.265625, 0.255859375, 6.62109375, 0.430908203125, 0.1392822265625, 0.201416015625, 0.10601806640625, 6.21875, 0.00818634033203125, 2.375, 0.037078857421875, 0.1494140625, 0.244873046875, 0.018951416015625, 0.386474609375, 0.1329345703125, 4.046875, 0.591796875, 0.039642333984375, 9.6328125, 0.07879638671875, 2.658203125, 5.38671875, 5.1484375, 1.6669921875, 2.373046875, 0.79296875, 4.14453125, 1.404296875, 0.011322021484375, 0.333251953125, 0.00048160552978515625, 4.1171875, 0.0926513671875, 0.001922607421875, 5.92578125, 0.00348663330078125, 3.650390625, 0.82763671875, 0.7431640625, 0.25830078125, 0.73583984375, 1.3583984375, 0.024383544921875, 0.47900390625, 0.017059326171875, 0.048095703125, 0.05963134765625, 2.19140625, 0.11114501953125, 0.0209808349609375, 1.3662109375, 0.8583984375, 0.03936767578125, 5.76171875, 0.057830810546875, 0.07000732421875, 0.90185546875, 1.0810546875, 0.880859375, 0.267822265625, 0.1080322265625, 0.059814453125, 0.00635528564453125, 1.044921875, 0.00011861324310302734, 0.04345703125, 0.0109100341796875, 0.0021877288818359375, 0.0019245147705078125, 0.0130157470703125, 0.0577392578125, 2.1328125, 0.0017728805541992188, 0.513671875, 0.01422882080078125, 0.0292816162109375, 0.056549072265625, 0.0338134765625, 0.01021575927734375, 0.016021728515625, 0.16552734375, 2.423828125, 3.515625, 0.1749267578125, 0.07928466796875, 7.0078125, 3.603515625, 0.11041259765625, 4.1953125, 1.5546875, 0.1944580078125, 0.2010498046875, 0.359375, 3.767578125, 0.041900634765625, 0.1981201171875, 0.0257720947265625, 0.2186279296875, 0.10760498046875, 0.1585693359375, 4.53515625, 0.00019228458404541016, 0.06689453125, 6.12109375, 0.5419921875, 0.459716796875, 0.9814453125, 0.8779296875, 0.016510009765625, 0.82666015625, 0.10833740234375, 0.13818359375, 7.2265625, 4.328125, 1.9638671875, 3.53515625, 0.44091796875, 0.6611328125, 2.16796875, 0.4462890625, 4.24609375, 0.1011962890625, 3.763671875, 1.4013671875, 0.45703125, 0.87451171875, 6.4375, 7.50390625, 1.7265625, 5.38671875, 7.7109375, 2.318359375, 1.0107421875, 4.65625, 1.1865234375, 9.7890625, 7.44921875, 0.47802734375, 4.21484375, 1.19140625, 1.7607421875, 9.6640625, 0.95458984375, 3.27734375, 0.050201416015625, 2.16015625, 0.662109375, 0.04217529296875, 4.26953125, 10.5078125, 2.826171875, 0.5390625, 12.671875, 3.83984375, 6.6796875, 1.869140625, 5.2109375, 1.583984375, 0.25244140625, 0.1776123046875, 0.0117034912109375, 5.7890625, 7.86328125, 6.55078125, 11.8515625, 9.53125, 10.9453125, 4.46484375, 8.078125, 7.78125, 2.83203125, 1.478515625, 9.1328125, 4.12890625, 4.56640625, 10.2890625, 2.31640625, 0.08013916015625, 7.64453125, 3.638671875, 3.9765625, 2.64453125, 3.703125, 5.46484375, 0.69775390625, 0.98291015625, 9.4765625, 2.50390625, 8.109375, 0.0275115966796875, 0.27099609375, 1.3271484375, 1.6708984375]",-1.3855143259311546
242,0,test,1.6170916497206487,0.4679751017098135,0.5140027957251774,6.826130238201323,1.975434721376824,2.1697286155832716,5.038415510012872,1.8830114800292832,2.024955709670476,21.26835573695699,7.948641380300604,8.547821889493958,2.121963012158571,0.7088363860482552,1.0038214674774104,6.845041974705068,2.286568987252436,3.2381337660561624,8.347507674051423,4.238725707383575,5.288344075848472,26.9274441098433,13.673308733495405,17.05917443822088,1.672772190642596,0.5481625706167574,0.762695758621367,7.068051509757448,2.316179875845454,3.2226581350198606,5.326914570029134,2.2478999414083622,2.842402147594996,22.508089732517465,9.498168766514206,12.010149919415475,0.40703517587939697,0.012035175879396953,0.0020351758793969443,0.31155778894472363,-0.008442211055276316,-0.003442211055276312,0.2613065326633166,-0.008693467336683414,-0.003693467336683409,0.25630252100840334,0.03699507085100562,0.052001445739586094,0.2126315789473684,0.31155778894472363,0.06594375385700435,0.10287665371934795,0.23232323232323238,0.2675585284280937,0.05553849503911201,0.082908917749562,0.19463087248322153,23.0,1.0,2.0,30.0,0.0,-1.0,36.0,0.0,1.0,-0.0002756122445805471,0.0013626799755186109,3.861335690788196e-05,-0.16386491282608517,-0.2030155066090238,-0.1834241465940769,"[9.875, 6.3125, 2.333984375, 7.08203125, 3.6484375, 0.79443359375, 0.380126953125, 9.1796875, 9.453125, 2.490234375, 0.209716796875, 2.78125, 10.265625, 8.578125, 0.71826171875, 7.40234375, 0.57421875, 1.6044921875, 1.78125, 3.87890625, 1.076171875, 7.78515625, 2.740234375, 6.32421875, 1.19140625, 6.04296875, 7.6015625, 0.71484375, 0.2386474609375, 2.291015625, 0.100341796875, 11.125, 4.32421875, 0.03485107421875, 10.5859375, 3.15234375, 6.79296875, 2.21875, 5.19921875, 3.216796875, 0.09088134765625, 1.3232421875, 7.14453125, 0.71337890625, 7.8671875, 0.367919921875, 0.036895751953125, 0.45068359375, 6.09765625, 0.6640625, 8.40625, 1.525390625, 0.76611328125, 3.6015625, 0.252685546875, 5.8828125, 5.671875, 0.499755859375, 6.41796875, 0.04376220703125, 0.5771484375, 7.6484375, 1.580078125, 0.6376953125, 1.5869140625, 1.1591796875, 1.5830078125, 10.0703125, 4.94921875, 0.12091064453125, 11.3125, 4.0390625, 3.40625, 7.9609375, 2.291015625, 9.265625, 0.25927734375, 0.4453125, 0.0836181640625, 1.89453125, 0.132568359375, 0.473388671875, 4.8828125, 10.140625, 1.755859375, 0.31982421875, 0.424560546875, 0.0223236083984375, 0.3505859375, 2.21875, 0.0872802734375, 0.370849609375, 0.02789306640625, 0.33984375, 0.0227203369140625, 0.109619140625, 9.1640625, 3.701171875, 1.5771484375, 0.2249755859375, 0.0247955322265625, 1.326171875, 0.12091064453125, 0.0657958984375, 0.024261474609375, 0.443603515625, 0.023101806640625, 0.0299224853515625, 6.0859375, 1.1806640625, 0.48876953125, 0.0902099609375, 0.018951416015625, 1.974609375, 0.1712646484375, 0.0628662109375, 0.011016845703125, 0.12274169921875, 0.01557159423828125, 0.011444091796875, 7.109375, 3.99609375, 0.84716796875, 0.034515380859375, 0.00708770751953125, 4.22265625, 0.397705078125, 0.06402587890625, 0.01157379150390625, 0.11712646484375, 0.005374908447265625, 0.01068878173828125, 4.515625, 1.4169921875, 0.1005859375, 0.0297393798828125, 0.00801849365234375, 0.412841796875, 0.30712890625, 0.1629638671875, 0.01508331298828125, 0.0372314453125, 0.0052032470703125, 0.01267242431640625, 5.96484375, 0.11334228515625, 0.005229949951171875, 2.580078125, 0.830078125, 0.052764892578125, 0.0169677734375, 2.552734375, 0.038360595703125, 0.030853271484375, 0.43408203125, 0.084716796875, 0.00832366943359375, 0.09918212890625, 0.004451751708984375, 0.00891876220703125, 5.4296875, 0.41064453125, 0.177978515625, 0.1090087890625, 0.0177001953125, 1.646484375, 0.002498626708984375, 0.208984375, 0.06536865234375, 0.02801513671875, 0.147705078125, 0.0099334716796875, 0.01166534423828125, 7.40234375, 0.0192718505859375, 0.005306243896484375, 0.378173828125, 0.20263671875, 0.0226287841796875, 0.0066070556640625, 5.19921875, 0.02325439453125, 0.002838134765625, 0.11883544921875, 0.06744384765625, 0.00995635986328125, 0.1417236328125, 0.005039215087890625, 0.01407623291015625, 6.2734375, 0.60498046875, 0.1302490234375, 0.0260772705078125, 0.0090179443359375, 5.41015625, 0.320556640625, 0.191162109375, 0.06689453125, 0.01280975341796875, 0.07476806640625, 0.0042266845703125, 0.007114410400390625, 7.85546875, 0.06353759765625, 1.587890625, 0.07421875, 0.041015625, 0.0079803466796875, 0.92431640625, 0.27978515625, 0.1458740234375, 0.029205322265625, 0.005584716796875, 0.1253662109375, 0.00380706787109375, 0.01039886474609375, 3.638671875, 0.289794921875, 0.1038818359375, 0.02655029296875, 0.006591796875, 4.8984375, 0.11053466796875, 0.06622314453125, 0.007343292236328125, 0.036529541015625, 0.0029659271240234375, 0.0113983154296875, 7.37109375, 0.031005859375, 0.57080078125, 0.098388671875, 0.047760009765625, 0.003963470458984375, 3.279296875, 0.033294677734375, 0.0855712890625, 0.02532958984375, 0.00482177734375, 0.032867431640625, 0.003345489501953125, 0.004390716552734375, 3.52734375, 0.0004911422729492188, 0.390869140625, 0.08453369140625, 0.0299530029296875, 0.0029125213623046875, 0.2313232421875, 0.001850128173828125, 0.11187744140625, 0.06378173828125, 0.006061553955078125, 0.07421875, 0.00400543212890625, 0.0113067626953125, 7.81640625, 0.00658416748046875, 0.0017490386962890625, 0.36181640625, 0.0765380859375, 0.0267333984375, 0.0088043212890625, 4.40234375, 0.02166748046875, 0.00386810302734375, 0.06817626953125, 0.031494140625, 0.00577545166015625, 0.054443359375, 0.005092620849609375, 0.01186370849609375, 9.5078125, 3.353515625, 0.98779296875, 0.29296875, 0.16650390625, 0.00910186767578125, 0.410888671875, 0.0014333724975585938, 0.241455078125, 0.061126708984375, 0.040863037109375, 0.07647705078125, 0.00904083251953125, 0.024322509765625, 4.26171875, 0.01422882080078125, 7.10546875, 1.5302734375, 0.08441162109375, 0.09954833984375, 0.0035858154296875, 0.364013671875, 0.0011959075927734375, 0.298095703125, 0.099609375, 0.0650634765625, 0.0218658447265625, 0.10302734375, 0.00887298583984375, 0.032318115234375, 6.21875, 4.515625, 0.29541015625, 0.06329345703125, 0.0113525390625, 1.0166015625, 0.38720703125, 0.029327392578125, 0.023345947265625, 0.0701904296875, 0.00860595703125, 0.0313720703125, 1.365234375, 8.2109375, 1.04296875, 0.09332275390625, 0.019134521484375, 0.005474090576171875, 0.1343994140625, 2.50390625, 0.188720703125, 0.06475830078125, 0.0303955078125, 0.05377197265625, 0.007579803466796875, 0.01158905029296875, 8.5703125, 2.322265625, 0.3984375, 0.06964111328125, 0.007755279541015625, 0.76318359375, 0.245849609375, 0.0643310546875, 0.0220489501953125, 0.0295562744140625, 0.00604248046875, 0.01258087158203125, 1.6806640625, 5.9375, 2.3671875, 0.17529296875, 0.014923095703125, 0.004711151123046875, 0.09283447265625, 5.08984375, 0.189453125, 0.158203125, 0.02081298828125, 0.04058837890625, 0.006420135498046875, 0.00972747802734375, 9.921875, 0.30224609375, 0.3095703125, 0.0195465087890625, 0.004852294921875, 4.50390625, 2.5703125, 1.3857421875, 0.0250701904296875, 0.07281494140625, 0.035888671875, 0.005626678466796875, 0.00945281982421875, 2.15234375, 10.1171875, 0.171630859375, 0.1517333984375, 0.01971435546875, 0.005558013916015625, 0.22802734375, 0.0233306884765625, 6.1328125, 0.2117919921875, 0.1612548828125, 0.0308990478515625, 0.028564453125, 0.00836181640625, 0.00467681884765625, 10.5859375, 1.3134765625, 0.204345703125, 0.023529052734375, 0.011077880859375, 1.8701171875, 0.084716796875, 0.060699462890625, 0.022369384765625, 0.03973388671875, 0.0056610107421875, 0.01216888427734375, 1.51171875, 7.39453125, 1.0009765625, 0.11737060546875, 0.0275726318359375, 0.00791168212890625, 0.7431640625, 6.1328125, 0.080810546875, 0.158203125, 0.018402099609375, 0.0278778076171875, 0.0057220458984375, 0.01169586181640625, 12.0546875, 1.287109375, 0.0712890625, 0.009246826171875, 0.0079803466796875, 1.322265625, 2.248046875, 0.034271240234375, 1.03515625, 7.28515625, 0.99365234375, 7.5703125, 4.7421875, 1.578125, 5.59765625, 0.090087890625, 0.2310791015625, 0.9384765625, 0.2232666015625, 0.07208251953125, 0.0196380615234375, 0.1802978515625, 0.72216796875, 6.08984375, 1.5654296875, 3.87109375, 2.388671875, 0.0178985595703125, 0.0015115737915039062, 0.361083984375, 2.1640625, 1.8984375, 0.1961669921875, 0.046142578125, 0.155029296875, 1.3828125, 0.016632080078125, 0.0294189453125, 0.470458984375, 0.032989501953125, 0.047332763671875, 0.134033203125, 8.1953125, 0.79296875, 10.015625, 0.0190277099609375, 0.84912109375, 1.9775390625, 2.720703125, 6.34765625, 1.54296875, 0.7099609375, 0.033477783203125, 0.05438232421875, 0.131591796875, 5.42578125, 1.3662109375, 4.83203125, 0.132568359375, 5.3046875, 0.52197265625, 0.456787109375, 2.4453125, 6.2421875, 0.003818511962890625, 0.41796875, 12.2421875, 3.189453125]",-1.0832924902939998
4,0,test,3.0481590988399745,1.3217730082062689,1.5452216447906693,8.53101131436345,3.6993018154200605,4.324676930388979,21.076508917629365,15.456203031093285,16.581635737205204,58.98771363739036,43.2579267222422,46.40772266073154,4.426606096814027,2.0062416637501275,2.7822454745131,7.904653744310761,3.582574399553799,4.968295490201964,83.6470446459444,72.39708622121604,78.46934630240636,149.36972258204358,129.28051110931438,140.1238326828685,3.2643204102149377,1.463543802212732,2.0056343080755314,7.897549379552268,3.5408317795469326,4.852341067924673,26.162325298993554,20.10797780514521,22.641532813694226,63.29594830401666,48.64833339954486,54.77790196861506,0.7638190954773869,-0.0061809045226131065,-0.001180904522613102,0.6532663316582914,-0.011733668341708636,-0.006733668341708521,0.5477386934673367,-0.007261306532663214,0.0027386934673367946,0.39639639639639634,0.12080584521529403,0.14224194869356155,0.31602708803611734,0.4522613065326633,0.1289530358559715,0.19516614793500053,0.3787878787878788,0.3913043478260869,0.11584524932859108,0.17773371378826708,0.2919463087248322,29.0,11.0,12.0,40.0,9.0,9.0,50.0,10.0,10.0,-0.000142528105369013,0.0025109361284261374,0.00011414971249642271,-0.060323237050784684,-0.08264046311397077,-0.07230863612332605,"[9.1484375, 1.689453125, 13.09375, 5.81640625, 6.04296875, 12.71875, 11.453125, 2.83203125, 0.494384765625, 0.6689453125, 5.47265625, 0.44921875, 9.0234375, 0.869140625, 10.6484375, 5.05078125, 8.125, 5.4921875, 3.990234375, 6.21484375, 6.07421875, 7.90625, 1.8701171875, 5.4609375, 0.9794921875, 0.2012939453125, 9.5078125, 4.140625, 5.19140625, 0.57275390625, 2.896484375, 0.7998046875, 11.5078125, 7.7734375, 0.385986328125, 0.490478515625, 0.41015625, 0.5458984375, 0.2301025390625, 9.1015625, 10.5859375, 3.212890625, 6.9765625, 5.1640625, 7.2890625, 0.78955078125, 13.1953125, 0.23876953125, 0.96826171875, 6.62890625, 9.65625, 8.046875, 2.80859375, 2.9453125, 10.078125, 2.173828125, 0.3935546875, 1.9599609375, 5.71484375, 9.0078125, 0.99658203125, 2.3515625, 5.828125, 6.73046875, 5.21484375, 10.1015625, 2.470703125, 7.12109375, 2.650390625, 8.2890625, 8.8828125, 4.91015625, 1.1640625, 1.2734375, 2.48046875, 1.1630859375, 3.1484375, 7.31640625, 2.34375, 5.56640625, 6.01171875, 9.2265625, 10.1328125, 4.921875, 10.4921875, 4.796875, 0.2392578125, 2.556640625, 4.5390625, 1.626953125, 1.5908203125, 3.162109375, 2.275390625, 7.359375, 1.2255859375, 10.0078125, 0.63525390625, 5.76953125, 8.9609375, 7.26953125, 0.3408203125, 3.623046875, 9.3671875, 1.9560546875, 10.078125, 11.375, 5.23828125, 7.71484375, 5.94140625, 3.80078125, 10.015625, 4.4609375, 2.322265625, 5.06640625, 3.61328125, 5.15625, 0.156005859375, 7.28125, 7.66015625, 6.2890625, 1.0703125, 0.92529296875, 0.01287078857421875, 0.378662109375, 1.5830078125, 7.0234375, 9.0234375, 7.7890625, 2.83203125, 4.1953125, 9.4609375, 3.5859375, 4.5625, 4.23828125, 11.2265625, 2.62890625, 8.7421875, 2.04296875, 6.81640625, 1.0830078125, 8.234375, 1.4970703125, 2.716796875, 7.12890625, 1.4296875, 1.677734375, 3.947265625, 1.46875, 2.501953125, 0.94091796875, 5.2109375, 4.0859375, 2.3828125, 1.6259765625, 0.062164306640625, 7.40625, 2.3359375, 3.888671875, 0.1005859375, 4.13671875, 7.5234375, 1.99609375, 8.625, 4.6015625, 5.90625, 6.609375, 0.9365234375, 7.078125, 2.78515625, 2.583984375, 9.5, 7.65625, 6.5859375, 5.8828125, 1.296875, 2.326171875, 8.0234375, 0.97607421875, 1.1533203125, 0.2431640625, 0.024566650390625, 0.468994140625, 6.3671875, 0.94189453125, 0.28955078125, 0.075927734375, 0.352783203125, 0.2332763671875, 0.036163330078125, 0.323486328125, 0.1669921875, 0.64990234375, 0.2115478515625, 6.046875, 3.533203125, 0.08856201171875, 0.2470703125, 0.08294677734375, 0.0032806396484375, 0.517578125, 3.8203125, 1.59375, 0.08953857421875, 0.03485107421875, 0.07708740234375, 0.00766754150390625, 0.1932373046875, 0.053497314453125, 0.252685546875, 0.079833984375, 4.80859375, 0.32421875, 0.032989501953125, 0.2001953125, 0.04364013671875, 0.0013532638549804688, 0.23828125, 1.484375, 0.1556396484375, 0.0166473388671875, 0.041778564453125, 0.0269927978515625, 0.002071380615234375, 0.1390380859375, 0.0143585205078125, 0.12060546875, 0.047088623046875, 1.0986328125, 0.34619140625, 0.03173828125, 2.201171875, 1.22265625, 0.544921875, 0.0195770263671875, 3.78125, 0.6015625, 1.1845703125, 0.1663818359375, 0.037872314453125, 0.2386474609375, 0.03082275390625, 0.013671875, 8.1953125, 2.89453125, 5.046875, 3.484375, 1.8740234375, 0.1956787109375, 0.353759765625, 1.0283203125, 0.93994140625, 3.068359375, 4.2421875, 9.609375, 0.63671875, 10.1796875, 0.1942138671875, 0.1961669921875, 0.032257080078125, 0.0010290145874023438, 0.2249755859375, 5.17578125, 0.43408203125, 0.0162811279296875, 0.009033203125, 0.04669189453125, 0.0264739990234375, 0.0020542144775390625, 0.032867431640625, 0.042388916015625, 0.161376953125, 0.02783203125, 0.015228271484375, 0.020233154296875, 0.001148223876953125, 0.008575439453125, 0.00907135009765625, 0.72509765625, 0.0246734619140625, 5.78515625, 0.0132598876953125, 4.46875, 0.0167083740234375, 0.1917724609375, 0.01262664794921875, 0.0009899139404296875, 0.274169921875, 3.146484375, 1.453125, 0.004962921142578125, 0.005832672119140625, 0.060028076171875, 0.0020351409912109375, 0.026580810546875, 0.0239715576171875, 0.05859375, 0.039276123046875, 0.0064239501953125, 0.0215911865234375, 0.00078582763671875, 0.00873565673828125, 0.00466156005859375, 0.3740234375, 0.0260467529296875, 5.12109375, 0.01224517822265625, 4.21484375, 0.053009033203125, 0.163330078125, 0.00807952880859375, 0.00109100341796875, 0.46142578125, 2.1640625, 0.061187744140625, 0.0050201416015625, 0.0103912353515625, 0.0208740234375, 0.0014982223510742188, 0.009033203125, 0.0149993896484375, 0.055816650390625, 0.031768798828125, 0.003032684326171875, 0.050323486328125, 0.000713348388671875, 0.00431060791015625, 0.00739288330078125, 0.143798828125, 0.0167388916015625, 4.859375, 0.0098724365234375, 3.91015625, 0.0261993408203125, 2.169921875, 3.17578125, 9.046875, 9.4140625, 4.5078125, 0.81591796875, 0.01904296875, 1.4990234375, 6.46875, 6.3359375, 6.3046875, 0.751953125, 5.71875, 1.7158203125, 6.66796875, 2.03515625, 0.7529296875, 0.1348876953125, 6.19921875, 6.7109375, 6.12890625, 5.97265625, 2.29296875, 5.80859375, 0.78173828125, 1.78515625, 6.91015625, 4.25390625, 6.4921875, 0.63427734375, 6.9453125, 3.78125, 4.640625, 5.609375, 2.583984375, 0.181396484375, 6.94140625, 6.8125, 5.53125, 4.42578125, 2.8828125, 2.5703125, 1.498046875, 0.92333984375, 1.8408203125, 0.09088134765625, 0.1531982421875, 5.03515625, 9.390625, 5.13671875, 2.806640625, 1.228515625, 0.2705078125, 0.05499267578125, 0.06280517578125, 0.01004791259765625, 0.708984375, 4.3046875, 6.25390625, 0.41015625, 7.609375, 0.71728515625, 5.2578125, 1.8544921875, 4.51953125, 0.8173828125, 9.234375, 3.20703125, 7.8046875, 4.7734375, 7.140625, 5.1171875, 6.21484375, 0.79443359375, 8.28125, 5.76953125, 4.0546875, 5.140625, 1.1962890625, 0.384521484375, 2.71484375, 0.4912109375, 9.640625, 10.7265625, 3.234375, 2.841796875, 1.7138671875, 5.4140625, 0.088623046875, 0.3798828125, 3.263671875, 8.3046875, 1.361328125, 0.58203125, 0.10943603515625, 0.5517578125, 0.034637451171875, 0.64208984375, 0.1912841796875, 0.02056884765625, 0.0265960693359375, 0.060791015625, 0.10174560546875, 0.1380615234375, 0.29345703125, 0.091552734375, 0.1279296875, 0.08001708984375, 0.1085205078125, 0.90283203125, 0.209716796875]",-0.8445887801883458
196,0,test,4.1315481887466605,1.8555859517816433,2.161972522600583,8.378395396714158,3.762955697566495,4.384279162110948,62.27426065058032,52.536976569769024,55.10662627754133,126.28640764489776,106.54010132288045,111.75111189306057,4.311545635587606,1.9412499475631666,2.675870673569318,7.63105422227895,3.4358406151560468,4.736054289503217,74.55563577380855,63.855079931216224,69.42271441877291,131.95687747576736,113.01784058622341,122.87206091818217,4.315481447455875,2.0087988329240156,2.7337170700591926,7.942603891023083,3.6971757661178204,5.031381110538391,74.8496509445932,64.8085916660236,69.98612159780849,137.76009376305495,119.2796165632336,128.80881275670274,0.7336683417085428,0.008668341708542804,0.0036683417085427994,0.6482412060301508,0.01824120603015078,0.008241206030150772,0.5628140703517588,-0.007185929648241274,0.002814070351758735,0.4390804597701149,0.11531467331776124,0.13214008831361446,0.44009216589861755,0.44723618090452266,0.1289404415561517,0.19181047138866292,0.4545454545454546,0.46153846153846156,0.13265699242326956,0.20569863951398992,0.4664429530201343,26.0,0.0,-1.0,38.0,0.0,0.0,45.0,-1.0,-3.0,0.00018145786429077138,0.0008308854894587144,2.5992892631076288e-05,-0.01246204526840966,-0.01574604507759858,-0.014263331238843158,"[3.51171875, 2.056640625, 4.48046875, 2.798828125, 3.9765625, 7.0546875, 5.734375, 4.34375, 3.876953125, 1.3037109375, 4.4375, 0.80859375, 1.2998046875, 2.171875, 7.77734375, 5.20703125, 1.9423828125, 0.387451171875, 4.05859375, 10.6640625, 11.203125, 13.0859375, 10.328125, 6.8828125, 7.0234375, 7.65625, 10.1796875, 1.998046875, 0.61767578125, 1.5419921875, 3.455078125, 8.171875, 5.43359375, 4.3828125, 5.125, 3.3984375, 2.166015625, 7.72265625, 12.1875, 7.453125, 0.9453125, 0.07867431640625, 2.181640625, 6.578125, 1.4404296875, 0.5087890625, 0.1429443359375, 0.83154296875, 7.734375, 1.1669921875, 2.041015625, 3.88671875, 8.7734375, 0.1318359375, 3.087890625, 7.5859375, 7.1640625, 13.0, 0.93505859375, 0.216796875, 1.375, 6.828125, 5.38671875, 1.505859375, 2.06640625, 0.293701171875, 2.595703125, 0.5751953125, 3.353515625, 1.076171875, 4.125, 0.06317138671875, 0.303955078125, 0.04180908203125, 0.06689453125, 0.08294677734375, 3.52734375, 0.31787109375, 0.1317138671875, 0.00417327880859375, 0.1658935546875, 7.515625, 3.923828125, 6.8125, 9.890625, 0.734375, 2.89453125, 1.666015625, 9.109375, 8.5546875, 11.421875, 3.833984375, 6.09375, 6.55859375, 3.611328125, 5.97265625, 0.9521484375, 5.44921875, 3.11328125, 7.5703125, 4.8203125, 7.80859375, 10.90625, 10.28125, 7.390625, 1.2236328125, 0.416259765625, 0.1561279296875, 2.828125, 13.7578125, 2.349609375, 1.9892578125, 9.1640625, 5.296875, 3.669921875, 10.1640625, 7.9375, 5.9140625, 1.849609375, 0.1480712890625, 1.357421875, 3.322265625, 9.4453125, 6.0859375, 5.796875, 9.0546875, 3.490234375, 0.89404296875, 4.1875, 5.37890625, 4.7265625, 8.375, 1.126953125, 0.07684326171875, 0.345703125, 0.91455078125, 8.9296875, 6.203125, 0.47998046875, 1.908203125, 0.166015625, 0.077392578125, 11.265625, 7.296875, 0.7431640625, 0.041656494140625, 0.7275390625, 5.19921875, 0.5791015625, 6.62109375, 8.8203125, 4.625, 1.349609375, 7.90625, 9.5625, 2.34765625, 0.48095703125, 0.048736572265625, 0.374755859375, 7.47265625, 5.01171875, 2.59375, 8.03125, 12.1953125, 0.6455078125, 9.390625, 0.8369140625, 8.7109375, 2.451171875, 13.3671875, 7.8984375, 4.65234375, 6.78515625, 0.299072265625, 0.053070068359375, 0.75390625, 3.646484375, 0.0721435546875, 0.07489013671875, 0.013397216796875, 0.1082763671875, 7.625, 0.3095703125, 2.330078125, 7.5859375, 7.125, 8.1484375, 8.9140625, 4.0234375, 4.01953125, 4.76953125, 8.4765625, 6.0625, 9.75, 5.19140625, 2.1796875, 0.76953125, 0.1796875, 0.7197265625, 11.640625, 7.7578125, 2.419921875, 8.078125, 0.11688232421875, 0.0511474609375, 0.322021484375, 0.32080078125, 0.334716796875, 10.6640625, 4.203125, 5.83203125, 4.359375, 6.51953125, 2.15234375, 7.296875, 7.8515625, 10.0546875, 0.701171875, 0.140869140625, 0.1533203125, 5.3984375, 3.97265625, 0.6328125, 4.66796875, 4.921875, 5.171875, 2.052734375, 3.697265625, 3.91796875, 8.7578125, 2.140625, 4.7421875, 5.98828125, 7.00390625, 1.330078125, 7.00390625, 2.478515625, 5.38671875, 11.53125, 7.80078125, 5.1328125, 0.54296875, 0.02117919921875, 0.157958984375, 4.921875, 6.34375, 4.8671875, 3.935546875, 8.6484375, 9.203125, 4.91796875, 1.5283203125, 11.5234375, 0.1468505859375, 0.284423828125, 0.055328369140625, 0.13818359375, 7.57421875, 3.54296875, 8.703125, 1.24609375, 1.7529296875, 5.140625, 5.13671875, 2.615234375, 3.845703125, 4.38671875, 2.6015625, 10.71875, 13.5546875, 2.095703125, 0.498291015625, 0.1202392578125, 0.16845703125, 6.828125, 5.2109375, 7.0703125, 2.142578125, 8.7578125, 2.37890625, 4.55859375, 6.62109375, 2.685546875, 2.28515625, 9.265625, 2.0234375, 6.66796875, 2.8515625, 4.4765625, 4.6484375, 5.5859375, 6.71875, 8.7734375, 6.3203125, 0.5693359375, 0.1361083984375, 3.0859375, 4.5703125, 0.841796875, 0.08428955078125, 1.44140625, 0.0265045166015625, 2.115234375, 0.054840087890625, 2.3984375, 0.061920166015625, 4.28125, 0.034271240234375, 3.21875, 0.015533447265625, 0.01861572265625, 0.11669921875, 3.41015625, 0.0194854736328125, 0.045379638671875, 0.00965118408203125, 0.07769775390625, 8.9140625, 4.3515625, 4.0078125, 7.265625, 8.40625, 6.078125, 3.7265625, 3.7421875, 5.1484375, 6.91796875, 7.921875, 3.822265625, 2.181640625, 2.916015625, 0.27587890625, 0.0362548828125, 0.5810546875, 0.01837158203125, 1.880859375, 0.0207977294921875, 1.2978515625, 0.008056640625, 0.72216796875, 0.0015649795532226562, 0.3193359375, 0.01013946533203125, 0.00710296630859375, 0.062255859375, 4.39453125, 0.048004150390625, 0.11102294921875, 0.00305938720703125, 0.0361328125, 5.21875, 0.1483154296875, 6.671875, 7.609375, 2.57421875, 4.87890625, 2.333984375, 1.947265625, 6.02734375, 10.640625, 0.69091796875, 0.0640869140625, 0.13525390625, 4.78515625, 10.046875, 14.0859375, 7.18359375, 2.859375, 6.9375, 11.890625, 9.4375, 0.25732421875, 0.1019287109375, 0.06689453125, 6.8359375, 9.2421875, 3.7421875, 13.1015625, 11.6796875, 7.015625, 1.58984375, 12.9609375, 12.9609375, 0.486572265625, 0.02288818359375, 2.140625, 0.404052734375, 0.005359649658203125, 0.0418701171875, 0.0086212158203125, 0.025360107421875, 7.2890625, 8.9140625, 8.09375, 1.900390625, 5.83984375, 2.875, 7.33203125, 3.201171875, 4.0625, 8.1640625, 8.3359375, 10.546875, 1.380859375, 0.0263824462890625, 0.1363525390625, 8.125, 2.57421875, 11.890625, 10.09375, 6.71484375, 2.998046875, 9.6875, 8.25, 3.85546875, 2.89453125, 12.3984375, 9.1484375, 11.5703125, 0.277587890625, 0.0670166015625, 0.7119140625, 2.6328125, 0.063720703125, 0.019989013671875, 0.37939453125, 0.01513671875, 2.302734375, 0.01358795166015625, 6.32421875, 0.04888916015625, 4.04296875, 0.01568603515625, 2.212890625, 0.0058441162109375]",-0.9465791954391305
203,0,test,4.367173786652394,1.9598753107673685,2.693089649041265,7.192992119192179,3.2280299236168424,4.4356770690091425,78.8205529152173,67.71662984212395,73.48664512940533,129.82208715447558,111.53327268114535,121.03682727196173,4.378957161536584,1.962341628744451,2.7048730239254546,7.212400030766139,3.2320920944026255,4.455084980583102,79.75481863033153,68.54695622161373,74.42091084451955,131.36087774407548,112.90086907089324,122.57561786156162,4.377511381491637,1.9431169697680044,2.721166389356022,7.2100187459862255,3.200427950206125,4.4819211118805065,79.63959401985964,68.23068649959069,74.39947091088754,131.17109603271,112.37995423461996,122.54030502969714,0.7589743589743589,0.003974358974358938,-0.011025641025641075,0.641025641025641,-0.01897435897435895,-0.013974358974359058,0.5538461538461539,0.013846153846153841,0.008846153846153948,0.4769230769230769,0.15722998229392093,0.21797929498099855,0.4690721649484536,0.482051282051282,0.15468555315102628,0.22310750010920366,0.4742268041237113,0.4717948717948718,0.14442914289461606,0.2111475123400166,0.4639175257731959,18.0,0.0,-2.0,31.0,-2.0,1.0,40.0,-1.0,-3.0,0.0001167438006261916,0.00017344874804346933,0.00014228849019651027,-0.00022981043147218827,-0.0001238107118313181,-7.520514079484286e-05,"[12.2109375, 11.0, 2.546875, 10.8515625, 2.05078125, 1.1103515625, 5.3671875, 7.61328125, 0.55810546875, 9.6953125, 2.58984375, 0.853515625, 0.46484375, 0.521484375, 0.330810546875, 1.0517578125, 2.802734375, 5.88671875, 0.321533203125, 0.07659912109375, 2.54296875, 5.359375, 0.2181396484375, 0.87841796875, 7.3984375, 4.11328125, 8.828125, 0.402587890625, 0.1419677734375, 4.046875, 6.0390625, 2.05859375, 4.8359375, 3.458984375, 4.0546875, 10.8203125, 0.80859375, 4.7578125, 6.34375, 7.83203125, 2.646484375, 8.8046875, 1.005859375, 1.9609375, 4.69921875, 11.8046875, 1.3427734375, 1.3759765625, 7.8515625, 4.5390625, 9.4453125, 8.78125, 0.261474609375, 4.4609375, 0.499755859375, 0.022705078125, 2.166015625, 0.607421875, 0.50927734375, 6.2578125, 1.2763671875, 9.2578125, 18.125, 5.609375, 4.24609375, 8.3671875, 7.9765625, 5.37109375, 0.420654296875, 5.53515625, 4.6875, 3.28515625, 2.162109375, 5.0625, 0.68408203125, 13.65625, 0.091796875, 7.44140625, 0.857421875, 1.8212890625, 7.28125, 2.1484375, 0.62890625, 0.374755859375, 6.79296875, 7.50390625, 5.81640625, 6.625, 0.307373046875, 5.0546875, 0.260498046875, 6.65625, 4.46484375, 7.1171875, 8.9921875, 8.9375, 3.76171875, 8.25, 9.140625, 3.212890625, 8.8359375, 0.10064697265625, 12.953125, 2.30078125, 0.0186309814453125, 2.888671875, 9.0390625, 7.12890625, 8.203125, 6.4765625, 3.1328125, 4.59765625, 0.0012969970703125, 10.9453125, 3.88671875, 3.466796875, 5.2578125, 6.0546875, 11.25, 0.533203125, 7.6328125, 4.79296875, 0.365234375, 0.0199127197265625, 0.939453125, 0.117919921875, 1.41015625, 2.9765625, 5.078125, 1.7587890625, 0.03277587890625, 1.0693359375, 1.73046875, 3.486328125, 6.4140625, 5.44140625, 10.765625, 2.978515625, 2.48828125, 1.5712890625, 7.40625, 5.15625, 2.3515625, 6.7578125, 2.916015625, 9.625, 5.62890625, 0.2193603515625, 8.5546875, 1.2119140625, 5.01953125, 2.62890625, 6.46484375, 1.1875, 1.1181640625, 6.890625, 5.9296875, 0.371826171875, 0.8505859375, 8.578125, 6.03125, 3.94140625, 9.921875, 4.421875, 2.021484375, 0.94384765625, 0.51025390625, 1.099609375, 8.8515625, 6.36328125, 0.272705078125, 0.006862640380859375, 5.8671875, 0.90185546875, 5.328125, 7.1015625, 5.15625, 2.251953125, 7.703125, 0.625, 1.14453125, 1.4365234375, 10.9765625, 0.93017578125, 12.453125, 1.5966796875, 7.23828125, 0.326416015625, 6.78125, 0.189453125, 1.1376953125, 2.080078125, 5.71875, 10.6328125, 1.4765625]",-1.2195204539176743
86,0,test,3.411916218891045,1.532054371824289,2.1496091265231607,5.857626074910289,2.6302526383532037,3.690479385358346,30.323294693097957,23.770695154288568,26.78973034316928,52.059461685495606,40.809866017097185,45.992988376768494,3.3903515277131233,1.5135917761985604,2.128044435345239,5.820603507755274,2.59855579276567,3.6534568182033302,29.676382507879442,23.144078263707957,26.142818157950764,50.948833686093906,39.734081266896844,44.882360377366794,3.4321787567336326,1.5698775543341545,2.1623759251971113,5.892413086781635,2.6951880136356285,3.712397606090616,30.94398878164933,24.505452670140585,27.383838237911963,53.12507808530947,42.07130812395817,47.01296122260992,0.7253886010362695,-0.014611398963730537,0.010388601036269374,0.5595854922279793,-0.0054145077720206825,-0.015414507772020691,0.4455958549222798,-0.004404145077720134,-0.004404145077720134,0.40414507772020725,0.09665153766852763,0.15973888150678217,0.36458333333333337,0.39896373056994816,0.094054169846434,0.15455753435652309,0.359375,0.4145077720207254,0.1070142319690458,0.16838040541143107,0.36458333333333337,18.0,-1.0,-1.0,30.0,-1.0,1.0,38.0,0.0,1.0,0.0006005461133804357,0.0002258827290761597,0.00018610028586606346,-0.0002101430002401372,-0.00010959901406604189,-6.409989052702514e-05,"[3.603515625, 10.375, 0.071533203125, 5.125, 3.4609375, 10.46875, 1.5869140625, 8.625, 2.34375, 9.2734375, 2.11328125, 3.23046875, 0.147705078125, 0.873046875, 2.796875, 5.37109375, 2.109375, 2.1171875, 2.91015625, 8.671875, 0.8251953125, 5.09375, 3.46875, 8.3515625, 3.51171875, 1.1240234375, 4.53515625, 9.859375, 0.00627899169921875, 8.25, 1.7333984375, 4.24609375, 1.24609375, 1.4658203125, 0.169189453125, 4.8828125, 4.03515625, 5.0546875, 0.91650390625, 4.25390625, 0.0255279541015625, 5.6953125, 2.67578125, 3.4453125, 0.9814453125, 0.55615234375, 1.4091796875, 15.078125, 5.92578125, 10.890625, 5.0625, 0.54052734375, 0.403564453125, 11.25, 0.99169921875, 0.80908203125, 1.154296875, 4.1171875, 3.037109375, 2.275390625, 4.9765625, 0.010162353515625, 2.908203125, 2.10546875, 10.046875, 5.41796875, 2.212890625, 1.52734375, 1.732421875, 5.6796875, 0.0673828125, 1.2578125, 5.328125, 0.461669921875, 0.6650390625, 7.3984375, 8.515625, 4.0859375, 7.8515625, 0.5478515625, 5.94140625, 0.2342529296875, 1.0986328125, 7.10546875, 0.291015625, 0.99267578125, 3.94921875, 0.6005859375, 3.693359375, 1.150390625, 7.3046875, 3.71484375, 5.53125, 0.264892578125, 6.375, 5.97265625, 0.86279296875, 0.78173828125, 0.76953125, 0.02239990234375, 2.80078125, 4.48046875, 5.0234375, 1.82421875, 1.1513671875, 2.275390625, 0.29296875, 0.166748046875, 0.10833740234375, 2.40625, 8.109375, 1.666015625, 2.240234375, 1.455078125, 1.046875, 6.765625, 6.66796875, 7.37890625, 13.1875, 6.08984375, 7.6484375, 7.26171875, 2.52734375, 7.04296875, 4.3828125, 2.447265625, 6.6328125, 2.013671875, 2.6640625, 6.421875, 7.921875, 9.8828125, 0.1680908203125, 0.75146484375, 3.30078125, 5.296875, 2.333984375, 3.375, 0.1324462890625, 7.26171875, 1.529296875, 1.6572265625, 0.003185272216796875, 0.32177734375, 0.404296875, 0.205078125, 4.93359375, 1.4990234375, 1.310546875, 4.15234375, 1.6630859375, 0.83447265625, 5.12890625, 1.8369140625, 0.1424560546875, 9.9140625, 0.11529541015625, 1.2021484375, 4.18359375, 1.2998046875, 2.3046875, 0.10284423828125, 3.10546875, 2.2734375, 2.6796875, 0.0011234283447265625, 5.97265625, 4.8203125, 5.26953125, 0.2490234375, 3.328125, 8.8984375, 0.58154296875, 7.9453125, 2.361328125, 2.525390625, 7.52734375, 5.58203125, 0.51953125, 2.37109375, 0.365966796875, 4.98828125, 1.068359375, 3.06640625, 0.7861328125, 0.5263671875, 0.1964111328125, 3.16796875, 0.09014892578125, 2.669921875, 0.292724609375, 1.4287109375, 0.408203125]",-1.401234186992744
2,0,test,2.6534060695962722,1.1818311601383333,1.2808505362505453,9.528139977186614,4.243848256860378,4.599417834717867,14.202330482061248,9.846240292816843,10.256910005310717,50.99927764012903,35.35695377875139,36.83163138270667,3.1112684508663926,1.395285061850908,1.928973800517914,7.235508025270681,3.244848981048624,4.485985582599801,22.449502438937827,16.88735986523148,19.1876520107684,52.20814520683216,39.27292991914298,44.622446536670694,2.9955416012767166,1.3401729750595035,1.8696809540974557,8.169658912572864,3.655017204707737,5.099129874811243,19.99618691799058,14.761177589763449,16.913317948023472,54.53505523088341,40.257757062991224,46.12723076733675,0.6884422110552764,-0.026557788944723715,-0.0015577889447235815,0.5326633165829145,0.0076633165829145256,0.017663316582914534,0.4120603015075377,-0.0029396984924623393,-0.017939698492462353,0.36786469344608874,0.0827538169941352,0.09220486939916794,0.326271186440678,0.40703517587939697,0.09124570219518646,0.15995671177255222,0.36363636363636365,0.40802675585284276,0.11253426837371083,0.17888326308309865,0.36241610738255037,23.0,-1.0,-1.0,35.0,0.0,-1.0,44.0,-1.0,0.0,0.0004575825532941907,0.0007304041365243462,0.0004954579503682287,-0.0297233448217451,-0.03466585659710564,-0.03546824456804387,"[1.73828125, 1.3662109375, 12.296875, 2.03125, 5.171875, 5.859375, 2.404296875, 4.87890625, 2.291015625, 4.74609375, 5.20703125, 0.418701171875, 1.79296875, 8.8984375, 2.03515625, 1.232421875, 3.5234375, 7.0078125, 5.10546875, 5.9453125, 3.943359375, 0.80126953125, 0.1607666015625, 0.70849609375, 2.427734375, 1.62109375, 0.59326171875, 9.625, 4.3515625, 2.65625, 6.26171875, 3.9765625, 1.5869140625, 2.1015625, 1.91015625, 7.53125, 0.88134765625, 3.455078125, 2.427734375, 1.916015625, 1.58984375, 4.57421875, 9.0390625, 0.64111328125, 4.375, 11.6953125, 1.9423828125, 2.38671875, 7.12890625, 0.02337646484375, 4.0546875, 1.9169921875, 8.3046875, 2.701171875, 0.42529296875, 0.68212890625, 4.61328125, 4.015625, 2.1328125, 10.3515625, 10.7265625, 5.4375, 3.134765625, 1.705078125, 0.6083984375, 6.42578125, 5.26953125, 0.41796875, 0.28271484375, 0.99560546875, 6.82421875, 0.92431640625, 3.6015625, 3.189453125, 3.431640625, 0.5625, 7.66796875, 3.87890625, 3.083984375, 1.7001953125, 3.720703125, 2.859375, 1.21875, 0.37890625, 1.5751953125, 1.673828125, 1.380859375, 8.546875, 5.578125, 5.8046875, 5.5546875, 5.5625, 11.9296875, 2.07421875, 2.25, 1.455078125, 4.10546875, 0.90625, 3.4375, 1.771484375, 0.3046875, 0.53564453125, 4.859375, 7.99609375, 0.012481689453125, 0.96728515625, 4.6328125, 1.494140625, 3.078125, 1.7509765625, 6.78515625, 6.76171875, 3.908203125, 6.17578125, 3.609375, 6.984375, 0.71240234375, 2.41015625, 0.1829833984375, 0.51806640625, 0.1580810546875, 3.201171875, 0.27099609375, 7.56640625, 3.677734375, 0.8203125, 6.73046875, 0.50634765625, 0.9482421875, 0.64794921875, 8.1875, 4.56640625, 3.4921875, 3.208984375, 0.861328125, 4.58203125, 7.875, 3.921875, 4.6015625, 6.42578125, 5.390625, 9.5703125, 4.703125, 0.046600341796875, 1.267578125, 0.08624267578125, 3.583984375, 0.296142578125, 2.30078125, 1.1337890625, 0.385986328125, 0.9619140625, 0.01020050048828125, 0.06976318359375, 0.1368408203125, 0.66845703125, 0.8505859375, 0.061492919921875, 0.465087890625, 0.023681640625, 0.215576171875, 0.2646484375, 0.1976318359375, 6.07421875, 1.1572265625, 9.4453125, 0.45263671875, 0.0207061767578125, 1.4619140625, 7.95703125, 1.763671875, 1.6611328125, 0.8798828125, 1.2939453125, 1.3935546875, 1.6875, 10.2109375, 4.36328125, 1.265625, 0.22705078125, 7.5, 0.1170654296875, 6.87890625, 6.4609375, 1.6357421875, 0.330810546875, 1.857421875, 1.763671875, 0.0273284912109375, 0.0226898193359375, 2.53515625, 1.1494140625, 0.07470703125, 3.154296875, 0.97509765625, 0.09820556640625, 0.02008056640625, 0.54541015625, 0.873046875, 1.205078125, 4.0390625, 1.8994140625, 4.50390625, 0.287353515625, 0.306884765625, 3.12890625, 15.234375, 1.4609375, 0.47265625, 1.5693359375, 0.2218017578125, 6.69140625, 0.56982421875, 0.125732421875, 4.109375, 1.767578125, 0.7568359375, 3.5234375, 1.0595703125, 0.90283203125, 0.1937255859375, 0.11431884765625, 0.5615234375, 0.01068115234375, 0.0124969482421875, 0.287353515625, 0.290771484375, 0.013580322265625, 4.1484375, 0.175537109375, 0.03729248046875, 0.0034313201904296875, 3.09375, 0.0782470703125, 3.173828125, 0.291748046875, 0.90380859375, 0.53515625, 0.045806884765625, 0.179443359375, 0.044342041015625, 1.0517578125, 1.6533203125, 3.34375, 3.322265625, 4.12109375, 6.3671875, 9.4921875, 3.845703125, 6.765625, 0.10894775390625, 5.890625, 0.30126953125, 4.94921875, 0.0718994140625, 4.71875, 0.0287628173828125, 1.7880859375, 0.333984375, 0.69091796875, 7.625, 8.6640625, 2.779296875, 12.8515625, 3.1796875, 6.9921875, 0.428466796875, 4.4375, 2.55078125, 8.3359375, 7.39453125, 1.0009765625, 2.40234375, 3.103515625, 0.17822265625, 0.072265625, 0.8193359375, 13.671875, 4.9140625, 0.406494140625, 7.3359375, 9.4140625, 0.46044921875, 2.0859375, 1.7333984375, 4.4296875, 7.39453125, 3.64453125, 2.490234375, 0.58935546875, 0.1763916015625, 0.10699462890625, 3.130859375, 0.6376953125, 2.587890625, 11.8671875, 0.04168701171875, 4.74609375, 3.37109375, 2.55859375, 1.7890625, 1.009765625, 0.2069091796875, 0.088623046875, 9.4765625, 4.4453125, 0.67041015625, 0.96240234375, 0.1458740234375, 0.036224365234375, 4.33203125, 0.53857421875, 0.81201171875, 5.44140625, 0.5859375, 2.03125, 0.11065673828125, 0.06500244140625, 0.04168701171875, 1.4228515625, 0.2237548828125, 0.061065673828125, 1.2890625, 0.0120849609375, 0.036834716796875, 0.51318359375, 0.0570068359375, 3.1484375, 0.380615234375, 0.13916015625, 0.078125, 11.15625, 0.62255859375, 4.0234375, 0.052398681640625, 4.62109375, 3.876953125, 0.7060546875, 0.0229644775390625, 1.03125, 0.06329345703125, 8.8828125, 0.0012102127075195312, 4.04296875, 0.66015625, 1.9931640625, 1.0009765625, 4.296875, 0.083984375, 0.1650390625, 0.1466064453125, 0.07427978515625, 1.7529296875, 4.65625, 2.5703125, 0.0219573974609375, 1.65234375, 4.5234375, 0.0172882080078125, 1.6904296875, 3.55859375, 2.57421875, 0.74560546875, 7.46484375, 1.2314453125, 2.94140625, 4.23828125, 8.1484375, 0.84375, 0.06915283203125, 5.05859375, 0.145263671875, 0.45068359375, 6.703125, 1.0302734375, 0.6240234375, 0.3876953125, 0.041351318359375, 0.25244140625, 0.015716552734375, 0.006435394287109375, 0.58740234375, 0.360595703125, 0.0460205078125, 6.625, 1.49609375, 0.226318359375, 0.01386260986328125, 0.73486328125, 0.42529296875, 4.125, 2.322265625, 0.11767578125, 0.25341796875, 0.50927734375, 13.125, 1.65234375, 1.5361328125, 4.48828125, 3.521484375, 0.01959228515625, 2.4609375, 2.529296875, 0.18896484375, 1.1884765625, 6.96875, 0.28271484375, 4.56640625, 6.8515625, 0.0003666877746582031, 0.78369140625, 0.10162353515625, 0.88720703125, 1.4384765625, 3.115234375, 1.1015625, 0.0163421630859375, 4.05078125, 0.05572509765625, 0.8349609375, 6.15625, 0.430419921875, 7.21875, 6.2265625, 0.712890625, 2.51171875, 3.22265625, 1.8798828125, 1.716796875, 0.2115478515625, 10.625, 1.0673828125, 8.25, 1.2939453125, 3.80859375, 1.115234375, 0.295654296875, 2.19921875, 0.55029296875, 0.1494140625, 4.12109375, 1.8203125, 0.599609375, 0.04638671875, 1.171875, 1.7314453125, 3.62109375, 3.248046875, 7.84375, 1.27734375, 3.974609375, 1.7734375, 7.0234375, 1.7109375, 1.05859375, 3.03515625, 0.2269287109375, 0.68359375, 0.2255859375, 1.7578125, 1.1064453125, 2.357421875, 0.0006465911865234375, 0.1134033203125, 0.1651611328125, 0.2332763671875, 1.134765625, 0.0919189453125, 0.94775390625, 0.14111328125, 0.054718017578125, 0.5478515625, 0.292236328125]",-0.6072388431234543
11,0,test,3.372048076686509,1.532830126081636,1.7866020333550234,8.517832424924881,3.8719466190617045,4.512977390613556,29.138143139456776,22.846527157385037,24.256674900111246,73.60328642741393,57.71059172125584,61.27264122166829,3.379583483365313,1.5283212336218823,2.105696627630107,7.594569625540029,3.4344297384761395,4.731902534000241,29.35854024590385,22.990687974140094,25.78382023040794,65.97424774360415,51.66446735761819,57.941169057096495,3.384808453030411,1.579917565491819,2.161946774729115,8.323299474664944,3.885043193832341,5.3162625608092995,29.512339175574933,23.43303109151331,26.115444517891227,72.5713258415777,57.62220760208191,64.2183061915358,0.7085427135678393,0.013542713567839204,-0.0014572864321606982,0.5678391959798995,0.01783919597989947,0.00783919597989946,0.4371859296482412,-0.00781407035175874,-0.00781407035175874,0.42660550458715596,0.11768101946129783,0.1499681634336858,0.4160919540229885,0.4120603015075377,0.10378962481580833,0.16331238831888995,0.3737373737373737,0.4046822742474916,0.09968227424749154,0.16716840077357376,0.38926174496644295,24.0,2.0,1.0,37.0,3.0,2.0,44.0,-1.0,0.0,0.00021051158883809987,0.0001094509318118847,5.575145957435855e-05,-0.004419040328965451,-0.0052376789533008505,-0.004949531662222562,"[6.31640625, 6.06640625, 1.15234375, 2.443359375, 8.0078125, 2.16015625, 4.69140625, 4.62890625, 5.22265625, 2.375, 1.337890625, 1.05078125, 3.681640625, 1.81640625, 2.73046875, 8.28125, 1.91015625, 1.3037109375, 2.4296875, 0.900390625, 0.56494140625, 0.131591796875, 3.640625, 0.1510009765625, 5.26953125, 7.94140625, 10.375, 7.90625, 5.93359375, 5.078125, 1.357421875, 5.11328125, 7.02734375, 6.03515625, 0.77001953125, 2.919921875, 4.46875, 9.0234375, 0.251220703125, 4.52734375, 3.767578125, 5.28125, 1.1298828125, 0.57177734375, 2.48046875, 5.16796875, 0.389404296875, 9.296875, 0.331787109375, 2.255859375, 3.36328125, 0.09405517578125, 1.2744140625, 3.169921875, 0.43115234375, 1.044921875, 3.072265625, 7.48828125, 11.8359375, 5.9296875, 2.93359375, 1.224609375, 10.2890625, 4.44140625, 7.51953125, 2.017578125, 5.953125, 5.59375, 2.24609375, 1.263671875, 0.28564453125, 0.62939453125, 0.8837890625, 0.64697265625, 0.08990478515625, 2.30078125, 0.014617919921875, 0.2215576171875, 0.8359375, 0.00659942626953125, 0.106689453125, 0.2431640625, 0.10821533203125, 0.09967041015625, 0.0251007080078125, 2.69921875, 0.82373046875, 5.703125, 3.521484375, 1.9150390625, 3.591796875, 8.6953125, 3.59765625, 0.2408447265625, 0.73779296875, 0.01336669921875, 0.112060546875, 3.080078125, 1.2265625, 0.2327880859375, 10.625, 9.640625, 4.57421875, 9.25, 9.890625, 1.19140625, 2.53125, 1.158203125, 9.5859375, 4.76953125, 3.03125, 3.943359375, 1.2744140625, 3.583984375, 0.1300048828125, 0.0936279296875, 1.515625, 3.69921875, 8.4609375, 0.7666015625, 4.84375, 7.42578125, 1.322265625, 10.546875, 4.84375, 4.32421875, 0.373779296875, 3.251953125, 2.97265625, 2.84375, 0.494384765625, 6.1328125, 1.5830078125, 9.546875, 0.0694580078125, 2.25, 0.78125, 3.833984375, 9.21875, 2.13671875, 3.87890625, 1.7158203125, 2.201171875, 3.84765625, 0.04364013671875, 0.1260986328125, 0.08355712890625, 1.951171875, 2.197265625, 4.05078125, 1.5830078125, 4.30859375, 1.3203125, 0.7490234375, 0.2313232421875, 0.248046875, 5.7265625, 5.61328125, 10.03125, 0.1806640625, 2.087890625, 11.0078125, 3.474609375, 8.203125, 3.001953125, 4.0703125, 0.050750732421875, 0.81640625, 10.203125, 6.21875, 1.072265625, 9.2109375, 1.314453125, 5.5859375, 3.373046875, 7.58984375, 0.004001617431640625, 4.96484375, 0.058807373046875, 0.27294921875, 0.0269622802734375, 0.0039043426513671875, 0.019561767578125, 8.1328125, 1.2646484375, 8.5703125, 0.8212890625, 9.9296875, 1.4501953125, 1.3623046875, 0.325439453125, 2.87109375, 0.2244873046875, 8.6484375, 0.2138671875, 1.13671875, 2.64453125, 5.5859375, 1.41796875, 7.2734375, 1.763671875, 0.91064453125, 5.078125, 4.8046875, 2.181640625, 1.5419921875, 4.26171875, 7.6171875, 9.8828125, 8.671875, 0.52880859375, 8.7578125, 3.32421875, 6.234375, 0.01959228515625, 5.609375, 0.46240234375, 2.646484375, 2.240234375, 0.384033203125, 0.251708984375, 0.008392333984375, 0.04632568359375, 1.728515625, 11.859375, 8.7109375, 2.046875, 0.00028061866760253906, 4.703125, 4.3046875, 9.921875, 2.09765625, 0.499267578125, 4.671875, 0.328125, 0.352294921875, 4.99609375, 5.60546875, 7.62109375, 0.0011348724365234375, 3.5859375, 8.6953125, 6.30078125, 7.73046875, 3.34765625, 6.25, 1.3720703125, 5.51171875, 8.8125, 2.95703125, 7.80859375, 2.970703125, 4.80078125, 2.15625, 7.484375, 6.19921875, 1.4111328125, 0.378662109375, 0.058258056640625, 0.077392578125, 0.037261962890625, 0.3681640625, 9.6015625, 0.92919921875, 4.17578125, 2.796875, 0.59326171875, 2.822265625, 1.009765625, 1.478515625, 0.60498046875, 9.2578125, 6.6015625, 3.203125, 0.5439453125, 0.72119140625, 3.23046875, 1.60546875, 4.90234375, 0.79736328125, 0.47900390625, 7.328125, 0.90478515625, 6.47265625, 1.228515625, 8.1796875, 4.2578125, 1.130859375, 0.4765625, 0.0291290283203125, 0.003299713134765625, 0.048980712890625, 0.119873046875, 0.048614501953125, 0.2301025390625, 0.034759521484375, 0.0242767333984375, 8.734375, 4.890625, 6.62890625, 8.2109375, 3.013671875, 1.166015625, 1.375, 0.4921875, 6.59765625, 1.0400390625, 3.505859375, 8.796875, 0.044586181640625, 0.038970947265625, 0.087646484375, 4.6484375, 2.169921875, 3.310546875, 3.38671875, 9.3203125, 4.12109375, 0.53466796875, 0.1051025390625, 0.1864013671875, 0.09222412109375, 0.74609375, 4.71875, 0.258056640625, 0.1734619140625, 0.8212890625, 10.40625, 1.1845703125, 7.1015625, 8.125, 1.3271484375, 4.5859375, 0.73828125, 0.4833984375, 0.09344482421875, 4.359375, 0.85302734375, 3.650390625, 2.767578125, 7.4375, 6.34765625, 6.94140625, 8.671875, 4.32421875, 1.169921875, 9.4296875, 0.77587890625, 0.44287109375, 2.1171875, 0.43896484375, 2.66796875, 10.328125, 9.53125, 4.59375, 8.0703125, 7.08984375, 0.439453125, 0.546875, 3.443359375, 0.22412109375, 1.9189453125, 3.63671875, 0.0088043212890625, 9.171875, 0.280517578125, 4.7421875, 4.47265625, 5.09765625, 0.6904296875, 3.841796875, 5.97265625, 6.55859375, 4.515625, 5.91015625, 5.76171875, 1.884765625, 6.32421875, 4.34765625, 4.33203125, 1.087890625, 2.279296875, 1.2119140625, 5.3359375, 4.4375, 5.5, 2.48828125, 3.12890625, 1.08984375, 0.59326171875, 7.51171875, 1.701171875, 0.44189453125, 4.5703125, 3.484375, 3.12109375, 3.857421875, 0.82177734375, 7.703125, 4.640625, 1.0244140625, 4.28125, 1.2001953125, 0.192626953125, 8.1171875, 5.06640625, 7.3671875, 2.666015625, 4.11328125, 2.662109375, 0.232666015625, 2.98828125, 1.09375, 0.0655517578125, 0.12939453125, 0.04541015625, 1.9873046875, 7.9375, 0.2391357421875, 0.303466796875, 0.39892578125, 0.1351318359375, 3.8203125, 6.66015625, 0.178955078125, 0.4912109375, 1.10546875, 9.0234375, 4.73828125, 4.40625, 3.724609375, 1.0625, 0.038330078125, 9.1328125, 3.2265625, 0.447021484375]",-0.8582356604961081
62,0,test,1.8617440709857893,0.6994172557672189,0.8850707204465306,8.674034876183791,3.258648578006361,4.123624947534972,6.434949999843347,3.2375856964730936,3.7793427429380064,29.981017044724688,15.08420608584055,17.608301415961165,1.9102486425907768,0.7287721203817239,1.0632092658367802,7.2084854437387795,2.75008347313858,4.012110437119925,6.754768112791772,3.4955852049087346,4.422037829993217,25.48969099166706,13.190887565693336,16.68693520752157,1.9301283136259353,0.7366725275657231,1.062010326113056,8.15547174771522,3.1127008207002387,4.48736757512559,6.890394316339514,3.5919340089981615,4.507971434313325,29.114342181716257,15.177185953513357,19.04776662385912,0.40703517587939697,-0.007964824120603065,0.0020351758793969443,0.31155778894472363,-0.008442211055276316,-0.018442211055276325,0.2562814070351759,-0.008718592964824134,-0.013718592964824139,0.3251833740831296,0.08098312988288536,0.10621954221607188,0.30147058823529416,0.31658291457286436,0.07096887948514508,0.11958792292010978,0.2828282828282829,0.3411371237458194,0.10574480321159574,0.14202700138764368,0.2986577181208053,19.0,5.0,5.0,27.0,5.0,4.0,35.0,8.0,6.0,0.000599083571108592,0.00033031305238915865,0.0002117823731054436,-0.10950530808973458,-0.10394959754950772,-0.10616354953439533,"[3.4296875, 6.8203125, 0.83642578125, 4.453125, 2.306640625, 0.4443359375, 5.2421875, 8.7421875, 3.658203125, 4.41015625, 2.060546875, 7.16015625, 0.337646484375, 0.34814453125, 0.0113372802734375, 1.40234375, 4.25, 5.9453125, 1.3720703125, 0.74658203125, 6.046875, 2.650390625, 0.172607421875, 4.02734375, 0.0004830360412597656, 0.01316070556640625, 1.11328125, 0.1904296875, 0.0187530517578125, 0.067626953125, 6.203125, 0.42919921875, 0.046905517578125, 0.2587890625, 2.15234375, 0.00015437602996826172, 0.0083160400390625, 0.28173828125, 0.09698486328125, 0.01068878173828125, 0.0107574462890625, 4.75, 0.06732177734375, 0.148681640625, 0.00015163421630859375, 1.5166015625, 3.91796875, 0.70947265625, 3.400390625, 0.1434326171875, 0.144775390625, 0.0003807544708251953, 1.3916015625, 4.69921875, 5.53515625, 2.9453125, 0.1173095703125, 0.0131988525390625, 0.175537109375, 2.330078125, 4.07421875, 11.453125, 7.359375, 0.48779296875, 0.1937255859375, 0.370849609375, 0.00012218952178955078, 1.5146484375, 2.435546875, 0.02349853515625, 0.0059814453125, 0.042724609375, 0.8154296875, 0.82666015625, 2.642578125, 0.030853271484375, 0.0005626678466796875, 1.015625, 0.0007357597351074219, 0.00024056434631347656, 0.2265625, 3.126953125, 8.125, 11.546875, 10.640625, 5.28515625, 6.48046875, 3.068359375, 3.203125, 4.80859375, 4.7578125, 0.06024169921875, 0.521484375, 0.04376220703125, 5.01171875, 2.05859375, 1.0400390625, 0.049652099609375, 2.2734375, 0.8642578125, 8.921875, 3.708984375, 7.55859375, 4.796875, 2.080078125, 4.17578125, 0.94287109375, 0.06524658203125, 0.089111328125, 0.01334381103515625, 0.056976318359375, 6.953125, 4.94140625, 7.65234375, 3.0703125, 4.62109375, 0.2294921875, 1.599609375, 0.1583251953125, 0.128173828125, 0.388671875, 11.015625, 3.705078125, 0.197021484375, 0.50390625, 0.69140625, 0.0753173828125, 0.69873046875, 0.00814056396484375, 0.294189453125, 0.07611083984375, 0.4384765625, 0.48779296875, 6.56640625, 1.015625, 0.7509765625, 0.024322509765625, 0.190673828125, 0.062255859375, 0.0037174224853515625, 0.013153076171875, 0.004154205322265625, 0.0013885498046875, 0.371337890625, 6.4921875, 2.37109375, 0.60205078125, 1.0224609375, 0.278076171875, 0.0274810791015625, 0.06268310546875, 0.0088043212890625, 0.00731658935546875, 0.01276397705078125, 1.5712890625, 0.00565338134765625, 0.111083984375, 0.09283447265625, 0.06390380859375, 0.009063720703125, 0.01081085205078125, 4.0234375, 0.024505615234375, 1.4931640625, 0.8740234375, 5.04296875, 0.5234375, 0.0218505859375, 0.06512451171875, 2.087890625, 0.05438232421875, 0.316650390625, 0.034576416015625, 0.1595458984375, 1.3876953125, 0.12371826171875, 0.00720977783203125, 0.1358642578125, 0.30810546875, 0.020538330078125, 1.318359375, 0.0019044876098632812, 0.35791015625, 0.03271484375, 0.320068359375, 0.1497802734375, 6.32421875, 0.494384765625, 0.061248779296875, 0.002864837646484375, 11.078125, 0.00592041015625, 0.55224609375, 0.0034465789794921875, 0.0026302337646484375, 0.0032329559326171875, 0.0008902549743652344, 6.140625, 1.451171875, 1.8759765625, 3.416015625, 1.158203125, 0.333251953125, 0.134033203125, 0.050384521484375, 4.01953125, 0.0034332275390625, 4.515625, 3.412109375, 4.25, 0.56640625, 0.0131988525390625, 0.6796875, 9.671875, 0.153076171875, 1.3203125, 0.0009984970092773438, 0.22412109375, 0.03314208984375, 7.671875, 6.7578125, 8.34375, 1.435546875, 0.56005859375, 0.01284027099609375, 6.3515625, 6.59375, 3.759765625, 0.767578125, 0.022705078125, 2.701171875, 7.98046875, 3.908203125, 0.035858154296875, 0.23828125, 0.00975799560546875, 0.9443359375, 0.314697265625, 0.0643310546875, 0.1639404296875, 0.00865936279296875, 0.430908203125, 5.7421875, 4.99609375, 2.939453125, 0.01482391357421875, 0.08514404296875, 0.0023040771484375, 8.484375, 3.986328125, 0.11083984375, 0.1544189453125, 0.00785064697265625, 0.568359375, 7.8046875, 2.31640625, 0.0123291015625, 0.147216796875, 0.0030517578125, 3.482421875, 0.00031304359436035156, 3.357421875, 0.0310516357421875, 0.0615234375, 0.0081634521484375, 0.354736328125, 8.5390625, 3.703125, 0.0046539306640625, 0.1551513671875, 0.004215240478515625, 2.5, 0.0006885528564453125, 1.1572265625, 0.0313720703125, 0.0220947265625, 0.0038051605224609375, 0.060699462890625, 3.2578125, 7.671875, 8.6953125, 0.08544921875, 2.6640625, 0.10809326171875, 0.005840301513671875, 1.3486328125, 0.00228118896484375, 0.8466796875, 0.00873565673828125, 2.79296875, 0.009521484375, 0.0021190643310546875, 8.640625, 0.0943603515625, 1.6455078125, 0.458251953125, 0.1834716796875, 0.25, 0.01210784912109375, 0.047637939453125, 0.1414794921875, 0.04986572265625, 0.27099609375, 0.04071044921875, 2.279296875, 0.33056640625, 0.00279998779296875, 2.677734375, 0.27587890625, 0.00921630859375, 0.31640625, 0.007465362548828125, 0.2237548828125, 0.0019388198852539062, 1.28515625, 9.078125, 4.21875, 0.022796630859375, 0.057464599609375, 0.00334930419921875, 2.376953125, 0.1510009765625, 0.0038814544677734375, 0.035247802734375, 0.004703521728515625, 0.0006833076477050781, 8.1328125, 6.37109375, 3.20703125, 1.533203125, 0.56640625, 0.2249755859375, 0.01238250732421875, 0.100830078125, 4.0234375, 0.00424957275390625, 1.310546875, 0.9111328125, 1.5869140625, 9.890625, 0.89892578125, 4.9609375, 1.40625, 0.1553955078125, 0.316650390625, 0.0111541748046875, 0.11920166015625, 0.013580322265625, 1.0595703125, 8.578125, 2.490234375, 0.02294921875, 0.079345703125, 0.0034580230712890625, 3.025390625, 6.02734375, 15.0703125, 0.089599609375, 5.67578125, 6.3203125, 8.0703125, 1.951171875, 0.1904296875, 0.39306640625, 0.006256103515625, 0.09429931640625, 3.822265625, 2.71484375, 0.0301361083984375, 0.154052734375, 0.00406646728515625, 1.5703125, 0.161376953125, 0.180908203125, 0.0008687973022460938, 0.14501953125, 2.337890625, 3.048828125, 0.2373046875, 0.0283660888671875, 0.026580810546875, 0.00640869140625, 0.0767822265625, 6.10546875, 3.09375, 0.01552581787109375, 0.045166015625, 0.0029201507568359375, 2.48046875, 0.123291015625, 8.296875, 4.6640625, 0.384765625, 0.004425048828125, 0.1683349609375, 6.26953125, 4.40234375, 2.140625, 3.60546875, 0.01102447509765625, 0.03082275390625, 0.0013093948364257812, 2.1796875, 0.103271484375, 0.763671875, 0.07659912109375, 5.0625, 0.0024242401123046875, 0.1318359375]",-1.2747186174602556
249,0,test,2.442625917766405,0.9084997104902315,0.9084997104902315,7.816402936852496,2.9071990735687407,2.9071990735687407,11.503207594817885,6.865935849999003,6.865935849999003,36.810264303417235,21.97099471999681,21.97099471999681,3.426241577570163,1.5424475049935302,2.1501176373220394,5.907313064776143,2.659392249988845,3.7070993746931715,30.760813087756556,24.182396523968634,27.178087169874672,53.03588463406303,41.69378711029075,46.85877098254254,3.010379092749146,1.4058994031192202,1.9268359024454327,6.10211978259962,2.849796087403824,3.9057484509029035,20.29509218940028,15.319821944939275,17.339960572407325,41.138700383919485,31.053693131633665,35.14856872785269,0.7085427135678393,-0.0014572864321606982,0.0035427135678391952,0.5879396984924623,-0.002060301507537776,0.007939698492462233,0.44723618090452266,-0.0027638190954772934,-0.02276381909547731,0.3669565217391304,0.09618428322495642,0.09618428322495642,0.2909407665505227,0.38190954773869346,0.06361380839032249,0.1314921854682427,0.3484848484848485,0.3913043478260869,0.11417580024678808,0.17662136673598683,0.32885906040268453,25.0,1.0,0.0,37.0,0.0,0.0,46.0,4.0,1.0,0.0030108668952392617,0.0003392597463078836,0.000846895113046064,-0.07727720200209909,-0.05871336234563973,-0.0674009885424578,"[6.296875, 7.671875, 6.9296875, 1.1318359375, 0.57177734375, 2.244140625, 4.97265625, 6.8828125, 4.33203125, 1.529296875, 2.4765625, 0.74658203125, 9.7109375, 0.32080078125, 0.129150390625, 2.552734375, 11.9140625, 3.791015625, 1.6416015625, 0.1937255859375, 4.76953125, 2.658203125, 7.02734375, 5.14453125, 2.55078125, 7.3984375, 1.8701171875, 6.28515625, 1.7705078125, 1.20703125, 7.26953125, 0.1055908203125, 1.17578125, 9.234375, 4.29296875, 4.0, 5.73828125, 4.09765625, 3.0546875, 0.8291015625, 0.358642578125, 4.56640625, 8.6796875, 0.697265625, 4.6171875, 7.2890625, 3.525390625, 0.70458984375, 9.5859375, 6.859375, 2.337890625, 5.41796875, 7.25390625, 3.056640625, 1.517578125, 3.615234375, 0.2445068359375, 0.0223388671875, 0.0040435791015625, 5.5859375, 10.5078125, 5.140625, 2.884765625, 2.533203125, 4.25, 0.6923828125, 10.1875, 2.443359375, 1.294921875, 0.51416015625, 0.07275390625, 0.6103515625, 1.5078125, 0.08709716796875, 0.2374267578125, 3.20703125, 3.755859375, 7.63671875, 4.39453125, 6.96484375, 1.0185546875, 2.6796875, 6.890625, 0.88916015625, 11.625, 0.430419921875, 2.8125, 1.0205078125, 2.19921875, 5.2578125, 4.65234375, 7.6328125, 4.3828125, 0.52685546875, 1.8349609375, 0.040679931640625, 0.0970458984375, 3.13671875, 3.18359375, 0.93603515625, 5.6875, 0.1370849609375, 6.453125, 7.2265625, 1.6142578125, 2.943359375, 0.97119140625, 12.484375, 3.447265625, 12.0234375, 9.234375, 3.009765625, 3.041015625, 3.904296875, 0.67578125, 0.006092071533203125, 0.005908966064453125, 8.28125, 0.5654296875, 0.019561767578125, 6.57421875, 4.76953125, 3.052734375, 9.1953125, 5.36328125, 9.6484375, 2.61328125, 4.91796875, 1.4345703125, 5.46484375, 0.0218353271484375, 3.439453125, 0.6728515625, 0.057769775390625, 0.1116943359375, 0.2110595703125, 0.0170440673828125, 0.09326171875, 10.40625, 3.65625, 0.99755859375, 6.3359375, 2.794921875, 3.98828125, 1.4443359375, 0.150390625, 1.8896484375, 9.6640625, 3.63671875, 4.97265625, 0.70068359375, 0.53466796875, 0.38671875, 0.0892333984375, 5.1875, 2.431640625, 7.984375, 2.16796875, 0.81982421875, 0.5107421875, 1.669921875, 6.99609375, 3.67578125, 2.37890625, 5.50390625, 0.0262603759765625, 1.458984375, 6.87890625, 3.462890625, 1.4541015625, 1.6044921875, 0.310302734375, 0.54638671875, 0.08935546875, 0.0328369140625, 1.41015625, 0.0014848709106445312, 0.039794921875, 12.1796875, 0.8916015625, 2.205078125, 3.3828125, 3.16796875, 0.8203125, 2.513671875, 1.4833984375, 0.2353515625, 6.54296875, 1.177734375, 7.12890625, 2.669921875, 5.32421875, 1.6640625, 0.113525390625, 0.171142578125, 4.7265625, 11.265625, 2.755859375, 6.89453125, 0.262451171875, 0.5908203125, 2.037109375, 5.34375, 6.1015625, 1.037109375, 0.1751708984375, 0.0174560546875, 0.00672149658203125, 3.041015625, 2.857421875, 1.666015625, 0.1575927734375, 5.9765625, 3.08203125, 1.015625, 0.194091796875, 0.0292510986328125, 0.180908203125, 8.5, 8.265625, 0.6298828125, 0.54248046875, 1.3115234375, 6.84765625, 1.154296875, 1.12890625, 1.875, 0.4462890625, 0.384521484375, 0.1131591796875, 0.373046875, 0.24853515625, 0.02923583984375, 1.345703125, 0.06640625, 7.3125, 0.58203125, 0.3232421875, 0.077880859375, 5.171875, 1.060546875, 0.32373046875, 10.796875, 0.0031909942626953125, 0.15673828125, 0.16455078125, 0.56494140625, 0.10247802734375, 5.9375, 0.98583984375, 1.3837890625, 7.78125, 1.8134765625, 5.62109375, 0.56689453125, 6.98046875, 11.5, 0.1859130859375, 2.6875, 0.681640625, 1.3828125, 3.107421875, 0.0289764404296875, 4.078125, 0.037750244140625, 0.00238037109375, 6.62890625, 0.2449951171875, 0.0455322265625, 4.39453125, 0.1700439453125, 0.50244140625, 7.671875, 1.0185546875, 0.4912109375, 0.010467529296875, 4.93359375, 5.8046875, 0.51513671875, 0.53857421875, 0.8857421875, 0.136962890625, 0.74658203125, 0.171875, 0.353271484375, 7.73828125, 0.290771484375, 3.990234375, 3.478515625, 2.3984375, 10.3359375, 0.264892578125, 0.361083984375, 0.133544921875, 0.0479736328125, 0.009368896484375, 1.4599609375, 0.479248046875, 0.322509765625, 0.12255859375, 0.0416259765625, 9.5546875, 0.09027099609375, 5.3203125, 5.5078125, 2.31640625, 2.66796875, 4.26171875, 0.278564453125, 0.0044097900390625, 0.216552734375, 0.07818603515625, 0.004486083984375, 0.0027904510498046875, 1.626953125, 5.07421875, 0.07098388671875, 0.239501953125, 0.7724609375, 0.035064697265625, 0.332275390625, 0.066650390625, 0.384521484375, 9.5078125, 1.4228515625, 0.1002197265625, 2.650390625, 1.4609375, 0.01219940185546875, 0.071044921875, 0.1787109375, 0.004909515380859375, 0.008819580078125, 0.133056640625, 0.35302734375, 0.019378662109375, 0.03753662109375, 0.0036067962646484375, 3.27734375, 3.3671875, 7.7578125, 0.06719970703125, 4.04296875, 0.147216796875, 6.41015625, 4.05859375, 3.310546875, 1.408203125, 0.00789642333984375, 0.66357421875, 0.0936279296875, 0.0008611679077148438, 0.004528045654296875, 0.002071380615234375, 0.002101898193359375, 0.0027713775634765625, 2.216796875, 0.478515625, 0.071044921875, 2.083984375, 0.42041015625, 1.0810546875, 3.55859375, 0.054962158203125, 0.93701171875, 0.1944580078125, 6.7734375, 0.51513671875, 6.09375, 3.32421875, 6.25390625, 0.433349609375, 6.29296875, 1.64453125, 0.69873046875, 1.0810546875, 0.15625, 0.4189453125, 0.8466796875, 0.336669921875, 0.1441650390625, 0.15087890625, 0.7080078125, 0.055328369140625, 0.4833984375, 7.12109375, 2.546875, 0.0020122528076171875, 3.998046875, 0.0655517578125, 4.7421875, 4.0703125, 2.9609375, 0.2342529296875, 0.32861328125, 0.1458740234375, 0.32373046875, 0.346435546875, 0.261962890625, 5.39453125, 0.322998046875, 4.93359375, 2.90625, 6.4296875, 2.076171875, 6.00390625, 2.3984375, 0.0030269622802734375, 5.80859375, 5.26953125, 2.740234375, 9.3671875, 1.05078125, 4.28125, 1.7138671875, 0.681640625, 1.34765625, 0.040679931640625, 0.32666015625, 0.06622314453125, 7.328125, 2.197265625, 0.427734375, 0.30078125, 4.51171875, 0.51611328125, 0.1920166015625, 0.83544921875, 1.669921875, 0.004764556884765625, 0.0248870849609375, 0.018157958984375, 0.006122589111328125, 0.00897216796875, 4.07421875, 0.08892822265625, 0.0035552978515625, 9.140625, 0.1036376953125, 0.011383056640625, 2.396484375, 7.046875, 1.1640625, 6.078125, 6.72265625, 0.453125, 4.41796875, 0.0714111328125, 6.7421875, 0.00749969482421875, 4.69921875, 0.378662109375, 0.0013103485107421875, 0.016510009765625, 0.009429931640625, 0.005954742431640625, 0.003131866455078125, 0.5859375, 0.15478515625, 0.833984375, 0.1004638671875, 0.32080078125, 0.0565185546875, 0.6748046875, 6.71484375, 0.047943115234375, 0.54296875, 0.00478363037109375, 0.07952880859375, 0.00780487060546875, 0.29443359375, 0.09295654296875, 0.0013523101806640625, 0.0048675537109375, 0.0156402587890625, 0.016876220703125, 0.003467559814453125, 0.50732421875, 0.0161590576171875, 0.0012369155883789062, 8.7578125, 0.05157470703125, 1.078125, 0.0430908203125, 1.5859375, 0.4091796875, 0.0013818740844726562, 6.36328125, 7.4921875, 0.034149169921875, 0.29248046875, 0.034393310546875, 0.009918212890625, 0.0028476715087890625, 1.232421875, 0.394775390625, 0.00589752197265625, 0.3193359375, 0.0253753662109375, 3.251953125, 0.367431640625, 0.0728759765625, 8.1796875, 0.03985595703125, 3.08203125, 0.010162353515625, 0.018218994140625, 7.93359375, 2.39453125, 2.17578125, 0.155029296875, 0.047271728515625, 5.453125, 0.04180908203125, 4.29296875, 1.1240234375, 0.25439453125, 0.87841796875, 0.01071929931640625, 0.0609130859375, 0.149169921875, 0.6748046875, 0.326904296875, 0.6171875, 1.453125, 0.08428955078125, 0.8232421875, 7.15234375, 0.064208984375, 5.078125, 0.1925048828125, 0.04150390625, 0.058807373046875, 0.552734375, 0.50439453125, 2.146484375, 0.20068359375, 0.04095458984375, 0.00033545494079589844, 3.8203125, 1.736328125, 7.04296875, 3.615234375, 7.18359375, 2.064453125, 1.7470703125, 1.892578125, 4.140625, 2.185546875, 5.47265625, 2.603515625, 13.1875, 0.1826171875, 0.42236328125, 2.65625, 5.24609375, 0.89111328125, 1.6708984375, 1.1123046875, 3.935546875, 1.6923828125, 1.4169921875, 9.328125, 4.32421875, 0.82958984375, 2.642578125, 1.3447265625, 6.66015625, 0.5771484375, 0.1920166015625, 0.70751953125, 0.010009765625, 0.321533203125, 0.01369476318359375, 0.62060546875]",-1.8451677185556163
54,0,test,1.518611250486976,0.6033745386210881,0.62716606761863,6.124235534750756,2.4332809262424213,2.529227092363656,4.565879926643042,2.068513588453764,2.1272285235241646,18.41322068777358,8.34187447146928,8.578659291589254,2.0984141047875484,0.8159695031190974,1.1910527896191454,5.749079739143968,2.2355328852578014,3.263158327723686,8.153229486591211,4.547786653886795,5.675453656250485,22.337615031756744,12.459689462703547,15.5491880993164,1.71028749560034,0.6832525006454842,0.9587180395327615,5.830525553182977,2.3292698885641507,3.268356952952596,5.530551258239786,2.737778297590276,3.4102260944523097,18.854152016726545,9.333335105421398,11.625770776541966,0.44221105527638194,0.007211055276381884,0.007211055276381884,0.35678391959798994,-0.0032160804020100464,-0.00821608040201005,0.29145728643216084,0.0014572864321608092,-0.01854271356783921,0.28105906313645623,0.0776002635433738,0.0816455734003858,0.2571428571428571,0.3467336683417085,0.1011196332539892,0.1547470239343629,0.3434343434343434,0.3177257525083612,0.10904461728298553,0.1386378770912311,0.27181208053691275,22.0,8.0,8.0,30.0,5.0,6.0,39.0,8.0,8.0,0.0006663223640909175,0.0007279686170100912,0.000472999301477161,-0.192241541178932,-0.19547547704760326,-0.19981726908644948,"[3.484375, 9.890625, 2.248046875, 1.3349609375, 6.58984375, 0.5634765625, 6.20703125, 5.8671875, 0.85546875, 0.09674072265625, 0.38232421875, 0.9345703125, 0.01070404052734375, 0.0574951171875, 0.352783203125, 0.11181640625, 6.3984375, 1.5107421875, 0.023590087890625, 0.734375, 0.21826171875, 0.759765625, 0.020782470703125, 0.1798095703125, 7.28515625, 0.1832275390625, 7.515625, 0.379638671875, 0.025543212890625, 0.0333251953125, 0.3564453125, 0.6630859375, 0.97900390625, 0.873046875, 5.53515625, 7.6484375, 7.94921875, 5.3125, 1.005859375, 0.1416015625, 0.0307159423828125, 0.0428466796875, 0.0108489990234375, 4.29296875, 6.546875, 5.81640625, 1.2880859375, 4.86328125, 4.81640625, 1.939453125, 1.068359375, 0.10699462890625, 0.169189453125, 0.0207672119140625, 0.156982421875, 4.84375, 0.43408203125, 0.00788116455078125, 6.0234375, 0.2476806640625, 5.875, 0.259521484375, 0.3369140625, 0.0516357421875, 0.3447265625, 0.13525390625, 0.0479736328125, 0.89404296875, 0.0859375, 0.0008401870727539062, 9.3671875, 5.9765625, 5.6015625, 0.50830078125, 0.39208984375, 0.02532958984375, 0.1431884765625, 0.1346435546875, 0.060302734375, 0.22216796875, 0.0236663818359375, 0.000583648681640625, 4.4453125, 6.12890625, 3.779296875, 4.08984375, 2.03125, 0.246337890625, 0.005336761474609375, 0.147216796875, 0.1436767578125, 0.079345703125, 0.052886962890625, 0.00424957275390625, 0.0006704330444335938, 3.173828125, 0.437255859375, 0.1802978515625, 0.00862884521484375, 0.170654296875, 10.046875, 4.6015625, 1.51171875, 6.61328125, 0.188720703125, 2.140625, 0.0086517333984375, 0.6806640625, 1.5185546875, 0.0987548828125, 0.007610321044921875, 3.53125, 3.6328125, 3.056640625, 9.4921875, 9.0703125, 3.609375, 1.4111328125, 1.8935546875, 0.01056671142578125, 2.16796875, 0.00847625732421875, 0.17138671875, 5.3359375, 0.1441650390625, 0.00292205810546875, 0.81396484375, 5.79296875, 2.26171875, 0.143310546875, 0.25830078125, 0.01776123046875, 0.3369140625, 0.03033447265625, 0.048065185546875, 1.0546875, 0.0311126708984375, 0.0003986358642578125, 0.08074951171875, 0.341552734375, 5.5234375, 3.119140625, 6.9765625, 0.314697265625, 0.36181640625, 0.04010009765625, 0.045135498046875, 0.703125, 0.011871337890625, 0.025115966796875, 0.67431640625, 0.00815582275390625, 0.0006160736083984375, 0.37255859375, 0.34814453125, 0.60302734375, 0.12066650390625, 0.422119140625, 0.0184173583984375, 4.03515625, 0.005645751953125, 0.01068878173828125, 0.70068359375, 0.0297088623046875, 0.061431884765625, 7.36328125, 0.35302734375, 0.0012617111206054688, 3.966796875, 4.65625, 0.6884765625, 2.0546875, 0.0103607177734375, 0.71240234375, 0.0031642913818359375, 4.109375, 4.9453125, 5.078125, 6.0859375, 1.3994140625, 8.5078125, 4.5390625, 3.177734375, 2.578125, 5.546875, 2.892578125, 2.0859375, 6.375, 8.1015625, 3.01953125, 0.00852203369140625, 3.3984375, 4.86328125, 1.79296875, 3.451171875, 3.662109375, 2.306640625, 2.4453125, 1.9130859375, 9.8671875, 6.671875, 4.10546875, 5.0546875, 8.0390625, 4.3671875, 0.53125, 0.406494140625, 0.07427978515625, 4.359375, 0.4619140625, 2.0703125, 1.8759765625, 0.358642578125, 2.12890625, 2.666015625, 0.08148193359375, 0.029052734375, 0.0001150369644165039, 0.044158935546875, 0.0179443359375, 0.63720703125, 2.986328125, 1.833984375, 0.150390625, 0.6044921875, 0.007007598876953125, 1.4658203125, 3.421875, 0.048980712890625, 2.466796875, 0.0025157928466796875, 0.00020122528076171875, 0.08160400390625, 0.02349853515625, 0.019927978515625, 0.0008516311645507812, 0.70556640625, 0.05084228515625, 3.501953125, 0.11334228515625, 0.63720703125, 0.12890625, 7.359375, 2.232421875, 0.040191650390625, 0.0369873046875, 0.01090240478515625, 0.0004062652587890625, 0.000728607177734375, 0.004169464111328125, 0.0094757080078125, 0.071533203125, 0.393310546875, 0.1126708984375, 0.0029354095458984375, 0.01983642578125, 0.000392913818359375, 1.0048828125, 0.1531982421875, 0.0157928466796875, 0.045196533203125, 0.005580902099609375, 0.00713348388671875, 4.649162292480469e-05, 0.3193359375, 0.049957275390625, 0.11737060546875, 0.0255126953125, 0.296142578125, 0.16162109375, 2.681640625, 0.2083740234375, 0.01494598388671875, 0.051910400390625, 0.07232666015625, 0.00972747802734375, 0.0003981590270996094, 0.00011146068572998047, 0.0014581680297851562, 0.00506591796875, 0.0194549560546875, 0.173828125, 0.1649169921875, 0.0031223297119140625, 0.0132293701171875, 0.00012946128845214844, 1.451171875, 0.007904052734375, 0.179931640625, 0.04949951171875, 0.01605224609375, 0.00855255126953125, 0.0009694099426269531, 1.7762184143066406e-05, 0.133544921875, 0.018890380859375, 0.106201171875, 0.00798797607421875, 0.140380859375, 0.01520538330078125, 3.765625, 0.0135955810546875, 0.014495849609375, 0.00795745849609375, 0.033355712890625, 0.0017976760864257812, 0.0004115104675292969, 0.00017642974853515625, 0.0006237030029296875, 0.003490447998046875, 0.00952911376953125, 0.046356201171875, 0.0306243896484375, 0.00290679931640625, 0.0198516845703125, 0.0002758502960205078, 0.60986328125, 0.002323150634765625, 0.01245880126953125, 0.008056640625, 0.002803802490234375, 0.002964019775390625, 0.0009317398071289062, 3.5643577575683594e-05, 0.019287109375, 0.0185394287109375, 8.03125, 0.1375732421875, 0.05328369140625, 0.0341796875, 0.199462890625, 0.0006537437438964844, 0.086181640625, 3.115234375, 11.1875, 8.046875, 8.8359375, 2.61328125, 3.8046875, 1.966796875, 1.21484375, 3.5546875, 5.44921875, 2.62109375, 0.004337310791015625, 0.0136260986328125, 0.07659912109375, 0.0009646415710449219, 0.0004944801330566406, 0.01837158203125, 0.0034389495849609375, 0.479248046875, 0.32763671875, 2.541015625, 4.04296875, 0.00470733642578125, 0.05322265625, 0.0238494873046875, 0.00772857666015625, 0.66455078125, 1.0341796875, 3.26171875, 9.5234375, 1.767578125, 2.716796875, 0.11199951171875, 1.5498046875, 5.3984375, 0.5166015625, 0.06988525390625, 0.088623046875, 0.72021484375, 0.019683837890625, 1.142578125, 0.013397216796875, 0.00948333740234375, 0.00646209716796875, 0.00914764404296875, 0.0001304149627685547, 0.009613037109375, 0.6640625, 2.185546875, 0.974609375, 0.02825927734375, 0.042022705078125, 0.056793212890625, 0.0278472900390625, 0.0229034423828125, 5.109375, 12.4921875, 6.7109375, 9.1015625, 10.09375, 0.9150390625, 0.132568359375, 0.000652313232421875, 0.0120391845703125, 0.03619384765625, 0.00015282630920410156, 0.00014483928680419922, 0.00021708011627197266, 0.0002332925796508789, 0.349365234375, 0.0009946823120117188, 0.07501220703125, 0.0288543701171875, 0.0002111196517944336, 0.00775146484375, 0.004772186279296875, 0.001117706298828125, 0.390869140625, 0.0111541748046875, 0.2071533203125, 0.79736328125, 0.1817626953125, 7.80859375, 0.258544921875, 0.69140625, 0.0213623046875, 0.03387451171875, 0.1163330078125, 0.005985260009765625, 0.008148193359375, 0.0034885406494140625, 1.322265625, 0.3828125, 1.3681640625, 0.08709716796875, 0.1663818359375, 0.391845703125, 0.67236328125, 6.2265625, 1.5068359375, 0.007617950439453125, 0.0034084320068359375, 0.005340576171875, 0.0037441253662109375, 0.00115966796875, 0.00490570068359375, 1.322265625, 0.1429443359375, 0.83056640625, 0.0015420913696289062, 0.11151123046875, 0.07135009765625, 0.377685546875, 0.56005859375, 0.1099853515625, 0.01265716552734375, 0.0015716552734375, 0.0047454833984375, 0.0031795501708984375, 0.0008454322814941406, 0.0019369125366210938, 1.3212890625, 0.0191650390625, 2.23046875, 0.084228515625, 2.11328125, 2.548828125, 2.89453125, 0.036590576171875, 0.000843048095703125, 0.00162506103515625, 0.007965087890625, 0.01439666748046875, 2.232421875, 0.0045928955078125, 2.603515625, 0.00045418739318847656, 0.12274169921875, 0.78271484375, 0.0880126953125, 0.697265625, 0.2098388671875, 0.0009918212890625, 2.416015625, 0.030364990234375, 0.0214691162109375, 0.23046875, 3.0625, 0.1280517578125, 1.7705078125, 0.492919921875, 10.046875, 4.06640625, 8.046875, 9.8046875, 5.1171875, 3.134765625, 0.1173095703125]",-1.407928170594567
200,0,test,3.251497832116726,1.47710946215,1.6470285520276244,7.715989674142282,3.5052649412678756,3.9084926260551915,25.82899846139932,19.932325010831093,20.85378000694748,61.29368546798388,47.300543289951506,49.48720851389609,3.6328872028906742,1.6339815127978847,2.2921716146569686,6.318064700679434,2.84170697877893,3.9863854167947284,37.82185850761776,30.440883903344798,34.00008116161954,65.77714523063959,52.94066765799095,59.13057593325138,3.3945772432563297,1.5778390596664007,2.164271644362989,6.486453331063051,3.0149790949039508,4.135550912795521,29.802051793032035,23.65029201541155,26.37977657301045,56.94659578286376,45.19164079378003,50.40721638154863,0.6984924623115578,-0.006507537688442255,0.0034924623115577536,0.5829145728643217,-0.002085427135678275,0.007914572864321734,0.4522613065326633,-0.012738693467336692,-0.007738693467336688,0.3982494529540481,0.10863196661525032,0.12649969733332478,0.375,0.42211055276381915,0.11634614173625024,0.19506547763861048,0.398989898989899,0.3946488294314381,0.10750358736132126,0.1677300307662546,0.3691275167785235,26.0,13.0,12.0,39.0,17.0,13.0,47.0,12.0,13.0,-0.00021609822070706673,0.0006615316832233165,0.00018166421150277355,-0.0001168953224714997,0.00025310365104846966,-0.00012109514013225464,"[6.2734375, 8.6640625, 0.96435546875, 0.7900390625, 2.08203125, 3.0859375, 12.8671875, 3.154296875, 5.359375, 1.1796875, 3.490234375, 8.3046875, 0.6552734375, 1.1181640625, 8.1484375, 1.5478515625, 8.109375, 3.44921875, 2.05859375, 11.3359375, 1.80078125, 0.52294921875, 0.036468505859375, 2.330078125, 2.79296875, 1.6767578125, 4.83203125, 6.21484375, 4.06640625, 8.578125, 0.90771484375, 5.3046875, 6.1796875, 6.87890625, 10.5, 1.494140625, 8.4765625, 1.3271484375, 5.4140625, 4.95703125, 2.716796875, 0.12225341796875, 0.026824951171875, 5.9296875, 0.018829345703125, 0.06341552734375, 4.80078125, 7.234375, 0.7587890625, 3.947265625, 1.1123046875, 3.88671875, 6.078125, 9.8125, 10.0390625, 11.7734375, 10.7265625, 7.01171875, 6.89453125, 2.703125, 1.4208984375, 0.0201263427734375, 0.0045318603515625, 2.158203125, 11.7109375, 1.115234375, 0.77685546875, 4.421875, 6.1796875, 7.10546875, 3.640625, 4.79296875, 0.0167694091796875, 0.323486328125, 1.28515625, 0.837890625, 5.5390625, 1.263671875, 4.32421875, 1.3525390625, 0.00244140625, 0.002651214599609375, 6.6640625, 4.90625, 2.673828125, 2.47265625, 0.57470703125, 2.359375, 1.8583984375, 5.15625, 6.765625, 2.35546875, 2.384765625, 0.8984375, 7.5859375, 4.7265625, 12.3125, 1.375, 2.5, 0.1033935546875, 0.92236328125, 12.203125, 1.041015625, 0.371826171875, 0.1748046875, 0.21875, 2.482421875, 7.171875, 2.5859375, 6.6953125, 5.53125, 7.93359375, 1.0380859375, 0.923828125, 6.5546875, 0.1707763671875, 4.15234375, 5.328125, 0.10443115234375, 6.88671875, 1.916015625, 7.3515625, 4.21875, 2.04296875, 1.1630859375, 0.36962890625, 0.197265625, 2.35546875, 10.0078125, 8.140625, 2.673828125, 5.625, 1.63671875, 10.09375, 7.4296875, 12.0703125, 2.5859375, 3.57421875, 2.912109375, 0.061370849609375, 12.9765625, 2.244140625, 8.5703125, 1.5615234375, 0.050750732421875, 9.6796875, 1.8115234375, 5.453125, 0.6904296875, 0.14794921875, 6.65625, 0.6923828125, 0.3232421875, 0.463623046875, 6.00390625, 2.62109375, 1.083984375, 0.01160430908203125, 0.10107421875, 0.220703125, 6.859375, 5.61328125, 0.047027587890625, 0.22998046875, 0.0026912689208984375, 0.0140838623046875, 4.2734375, 2.15234375, 0.152587890625, 3.849609375, 2.12109375, 6.49609375, 0.486328125, 0.0634765625, 5.3125, 1.6435546875, 4.4921875, 0.2020263671875, 1.4375, 1.4306640625, 0.055267333984375, 9.1484375, 0.9892578125, 8.7578125, 0.22802734375, 7.04296875, 3.603515625, 6.8515625, 2.529296875, 3.92578125, 6.5234375, 0.865234375, 0.361083984375, 0.0296173095703125, 9.3359375, 4.296875, 0.037078857421875, 2.087890625, 0.8193359375, 0.09130859375, 7.375, 3.146484375, 3.673828125, 0.79736328125, 0.1661376953125, 0.1590576171875, 0.376953125, 0.17041015625, 3.14453125, 3.044921875, 3.068359375, 0.17626953125, 3.376953125, 1.412109375, 0.147216796875, 1.0615234375, 1.4599609375, 2.1875, 7.63671875, 6.109375, 0.469970703125, 0.01201629638671875, 5.15625, 10.3515625, 0.9033203125, 0.73779296875, 1.9208984375, 0.8095703125, 0.1307373046875, 0.80908203125, 7.0546875, 4.328125, 5.1953125, 2.033203125, 2.875, 4.46484375, 0.0225830078125, 9.8203125, 0.828125, 1.5322265625, 1.4619140625, 0.00923919677734375, 12.96875, 1.97265625, 0.72314453125, 6.421875, 0.7802734375, 3.49609375, 0.374755859375, 2.474609375, 2.240234375, 1.55859375, 4.4140625, 0.8779296875, 6.1640625, 0.09136962890625, 0.1671142578125, 0.401611328125, 5.8203125, 7.6796875, 2.4609375, 4.8984375, 11.7890625, 4.30078125, 5.96875, 0.369384765625, 0.2091064453125, 0.919921875, 0.95068359375, 0.22509765625, 5.1171875, 0.141845703125, 0.463623046875, 6.23046875, 4.03125, 0.469970703125, 5.97265625, 3.69140625, 1.20703125, 1.525390625, 5.3203125, 3.20703125, 0.787109375, 2.78125, 7.87890625, 0.4375, 11.0859375, 0.79345703125, 1.6435546875, 0.189453125, 9.0390625, 0.1815185546875, 0.6689453125, 4.17578125, 3.59375, 0.322021484375, 1.09765625, 2.712890625, 0.258056640625, 0.775390625, 1.216796875, 0.197265625, 0.1392822265625, 1.4609375, 0.0083465576171875, 0.257080078125, 3.962890625, 0.048828125, 5.6875, 3.658203125, 9.359375, 2.80859375, 7.046875, 0.03009033203125, 0.05908203125, 2.1015625, 7.0078125, 6.12109375, 0.7578125, 2.580078125, 3.41015625, 0.01107025146484375, 1.6240234375, 2.857421875, 0.00272369384765625, 0.406005859375, 0.0416259765625, 8.65625, 1.6279296875, 9.125, 11.765625, 5.08984375, 3.458984375, 4.26953125, 7.59375, 3.767578125, 6.92578125, 5.73046875, 0.10528564453125, 4.0078125, 0.328369140625, 0.027099609375, 0.1470947265625, 3.5390625, 6.73828125, 0.053741455078125, 3.001953125, 0.423095703125, 0.58544921875, 4.203125, 1.232421875, 0.90576171875, 1.16796875, 0.79931640625, 0.204345703125, 0.30126953125, 0.734375, 0.356201171875, 4.765625, 0.0167236328125, 1.986328125, 1.1865234375, 0.32861328125, 0.01378631591796875, 3.65625, 0.185791015625, 0.06695556640625, 0.052764892578125, 3.15234375, 0.0183868408203125, 5.42578125, 4.5078125, 2.544921875, 1.4736328125, 3.08984375, 13.46875, 12.5625, 7.52734375, 0.95703125, 0.355224609375, 8.1015625, 0.2364501953125, 0.537109375, 10.4765625, 3.591796875, 3.033203125, 3.693359375, 0.76953125, 7.35546875, 2.03125, 1.4384765625, 2.466796875, 4.99609375, 1.6533203125, 2.7578125, 0.0021343231201171875, 0.09259033203125, 0.025299072265625, 8.0625, 4.05859375, 5.30859375, 2.595703125, 2.990234375, 2.740234375, 2.37109375, 7.87109375, 0.0889892578125, 1.115234375, 5.09375, 1.345703125, 0.00138092041015625, 6.2890625, 4.58984375, 13.984375, 2.072265625, 4.31640625, 3.888671875, 7.609375, 0.33544921875, 0.43994140625, 7.1171875, 1.650390625, 0.80224609375, 1.0703125, 1.3330078125, 0.35498046875, 4.1171875, 0.048736572265625, 0.92578125, 0.2166748046875, 0.07586669921875, 0.02191162109375, 2.828125, 0.55419921875, 0.07354736328125, 0.00536346435546875, 7.7578125, 3.470703125, 6.328125, 3.9765625, 3.640625, 6.89453125, 5.91015625, 6.1875, 3.08984375, 4.359375, 0.408935546875, 2.962890625, 3.302734375, 0.490478515625, 1.3896484375, 0.36328125, 0.744140625, 0.35107421875, 2.82421875, 8.75, 4.59765625]",-1.804388913336155
213,0,test,3.3747473470542744,1.5570718129726342,1.7406647572568974,7.978248856369336,3.681077465540433,4.115110015873999,29.21690111251666,23.059372276451253,24.092146774667537,69.0717508352317,54.51472112535399,56.95630596472685,3.501804835233257,1.5762380003197978,2.196088615783378,6.607178934402372,2.974033962867543,4.143563426006374,33.17527386125252,26.316238356258577,29.484942626830147,62.59485634198588,49.65327991746901,55.631967220434234,3.7011865501021064,1.7656738272699728,2.384579566244734,7.257228529611973,3.4621055436666133,4.675646208323008,40.49532559735366,33.5677305162293,36.764584185426074,79.40259921049737,65.81907944358686,72.08741997142366,0.6633165829145728,-0.006683417085427079,-0.0016834170854271857,0.5527638190954773,-0.012236180904522609,0.0027638190954772934,0.44221105527638194,-0.017788944723618028,-0.007788944723618019,0.41086956521739126,0.11662417976679407,0.1342322240639211,0.37254901960784315,0.40201005025125625,0.10125817055200814,0.17496497512604758,0.3232323232323232,0.4046822742474916,0.10918978676835966,0.17220174032090652,0.3825503355704698,23.0,0.0,-1.0,32.0,-3.0,-3.0,42.0,-2.0,-2.0,0.0005611420818239305,0.0006620168895963906,0.00010949491373275636,-0.009003771226781865,-0.013034347894734566,-0.010737997622634055,"[14.2109375, 3.06640625, 1.7060546875, 6.48046875, 1.19140625, 0.38134765625, 1.5869140625, 6.06640625, 7.734375, 2.958984375, 6.9921875, 11.421875, 9.765625, 8.5703125, 1.0263671875, 1.8828125, 6.56640625, 4.23828125, 9.734375, 1.236328125, 9.265625, 9.09375, 1.1376953125, 3.14453125, 2.80078125, 2.802734375, 1.9130859375, 9.9296875, 0.055877685546875, 7.08203125, 8.6328125, 0.0290374755859375, 10.8671875, 6.6640625, 6.75390625, 4.55859375, 7.546875, 5.9453125, 8.015625, 6.75390625, 5.3984375, 2.73828125, 8.4609375, 5.265625, 3.5859375, 9.9609375, 6.59765625, 6.21875, 0.8994140625, 2.751953125, 0.394775390625, 0.142578125, 2.01953125, 3.431640625, 1.7294921875, 0.413330078125, 0.052764892578125, 4.58984375, 2.56640625, 1.0537109375, 8.0390625, 3.794921875, 2.490234375, 4.6953125, 3.0546875, 0.8525390625, 9.5234375, 3.01171875, 5.91796875, 2.859375, 0.857421875, 0.07147216796875, 4.73046875, 0.0058746337890625, 0.0237274169921875, 3.021484375, 1.693359375, 1.474609375, 3.619140625, 2.6875, 4.921875, 0.00787353515625, 0.880859375, 1.45703125, 0.31298828125, 4.40625, 5.16796875, 0.059417724609375, 0.034027099609375, 3.767578125, 10.796875, 6.046875, 10.8828125, 2.2734375, 5.26171875, 4.65234375, 0.8115234375, 5.42578125, 3.697265625, 0.211669921875, 1.2685546875, 0.053558349609375, 1.27734375, 1.6669921875, 0.00165557861328125, 0.8642578125, 0.00030040740966796875, 0.0004017353057861328, 0.0004949569702148438, 9.1171875, 0.0016260147094726562, 0.171875, 1.853515625, 0.404296875, 3.736328125, 0.2279052734375, 0.02337646484375, 1.6171875, 11.109375, 7.31640625, 10.6953125, 1.017578125, 4.63671875, 6.5078125, 3.35546875, 10.8203125, 6.8515625, 3.548828125, 5.5625, 1.7890625, 3.16015625, 2.541015625, 8.4765625, 0.0467529296875, 2.517578125, 2.7890625, 4.8828125, 0.0002046823501586914, 2.279296875, 0.401123046875, 0.0035839080810546875, 0.0309906005859375, 0.095458984375, 0.00016617774963378906, 0.580078125, 0.00024437904357910156, 0.0005283355712890625, 0.0005774497985839844, 0.0309600830078125, 0.0004076957702636719, 0.025390625, 6.30859375, 0.39306640625, 0.01085662841796875, 0.0183868408203125, 0.5400390625, 9.390625, 0.025848388671875, 9.28125, 10.125, 0.152587890625, 2.796875, 0.341796875, 1.349609375, 5.06640625, 0.06396484375, 0.1446533203125, 1.1435546875, 0.2445068359375, 0.921875, 7.5703125, 0.42578125, 2.001953125, 6.07421875, 7.8515625, 0.52783203125, 6.28515625, 2.064453125, 4.22265625, 1.6572265625, 10.1875, 7.40625, 4.90625, 0.60791015625, 0.459228515625, 1.1181640625, 2.48046875, 6.171875, 8.515625, 2.40625, 0.310302734375, 0.9267578125, 2.3125, 0.007534027099609375, 0.736328125, 6.91796875, 2.69140625, 6.03125, 10.7578125, 2.533203125, 6.54296875, 4.5703125, 9.859375, 1.64453125, 8.6640625, 7.4921875, 5.46875, 6.97265625, 5.55078125, 1.533203125, 3.29296875, 2.626953125, 4.234375, 8.515625, 9.2265625, 1.4306640625, 8.3359375, 0.053497314453125, 0.11334228515625, 9.5859375, 4.0625, 1.6533203125, 4.8359375, 5.9765625, 2.361328125, 4.328125, 6.3515625, 10.9765625, 0.32763671875, 0.50244140625, 0.00020051002502441406, 0.430908203125, 0.00018143653869628906, 0.0003361701965332031, 0.0010395050048828125, 6.25, 0.443359375, 3.927734375, 5.4296875, 9.0859375, 0.0098876953125, 9.6796875, 0.99951171875, 0.465087890625, 1.625, 0.0021533966064453125, 0.03302001953125, 0.0093841552734375, 6.78515625, 0.299560546875, 3.54296875, 5.04296875, 1.8310546875, 7.6328125, 1.02734375, 11.1328125, 0.50830078125, 2.62890625, 1.580078125, 3.19140625, 0.41259765625, 1.7646484375, 0.89306640625, 3.7890625, 1.7822265625, 5.08203125, 5.4140625, 1.0537109375, 3.33984375, 0.4912109375, 5.98046875, 1.8974609375, 3.861328125, 2.23828125, 6.125, 0.3935546875, 0.007091522216796875, 4.99609375, 7.3515625, 4.09375, 5.49609375, 4.29296875, 1.9423828125, 8.1171875, 0.9287109375, 2.3984375, 7.2890625, 0.34130859375, 11.171875, 3.58984375, 8.734375, 6.23046875, 5.9609375, 11.0625, 0.962890625, 0.427978515625, 14.0390625, 2.61328125, 7.65234375, 5.796875, 0.041656494140625, 3.63671875, 7.01953125, 1.6357421875, 0.31884765625, 0.6328125, 0.1636962890625, 6.2109375, 0.271240234375, 3.9921875, 0.1341552734375, 0.56103515625, 12.140625, 0.391357421875, 0.393310546875, 1.09375, 1.1181640625, 3.134765625, 0.07379150390625, 0.46142578125, 0.07086181640625, 1.671875, 0.411376953125, 0.042388916015625, 0.85888671875, 0.69091796875, 1.51953125, 0.0066680908203125, 0.8671875, 0.10748291015625, 1.2275390625, 0.1600341796875, 5.01171875, 0.07135009765625, 0.759765625, 3.212890625, 5.0859375, 1.2646484375, 7.3203125, 0.0003745555877685547, 6.9609375, 4.72265625, 0.7568359375, 8.046875, 3.322265625, 0.35302734375, 5.65234375, 0.000583648681640625, 3.705078125, 0.4755859375, 0.93701171875, 3.833984375, 2.0, 1.494140625, 0.05133056640625, 3.86328125, 7.23828125, 0.84716796875, 3.296875, 1.953125, 0.00307464599609375, 8.328125, 0.0279083251953125, 0.2149658203125, 0.001617431640625, 0.166259765625, 0.00014913082122802734, 2.3484230041503906e-05, 0.00027680397033691406, 11.3125, 3.16796875, 0.998046875, 0.7197265625, 0.0014858245849609375, 2.865234375, 1.9208984375, 0.49560546875, 9.96875, 4.29296875, 1.25, 4.3671875, 0.5595703125, 1.0712890625, 0.6689453125, 8.78125, 0.61767578125, 4.56640625, 1.1884765625, 2.03515625, 2.896484375, 4.2578125, 1.7353515625, 12.4375, 5.25, 2.025390625, 2.083984375, 8.0546875, 2.841796875, 0.759765625, 6.4453125, 2.71484375, 4.9140625, 0.05145263671875, 3.6328125, 0.79736328125, 0.038299560546875, 0.043182373046875, 0.311767578125, 5.5390625, 1.50390625, 5.046875, 6.640625, 0.25244140625, 0.1915283203125, 0.0006718635559082031, 0.00016808509826660156, 5.74609375, 6.21484375, 7.46875, 2.185546875, 5.30078125, 6.57421875, 6.3125, 2.82421875, 2.34765625, 4.03125, 1.11328125, 6.96484375, 4.984375, 4.3203125, 12.3671875, 0.86669921875, 4.87109375, 0.4404296875, 1.0634765625, 4.5078125, 0.8583984375, 0.039031982421875, 3.8984375, 1.9921875, 0.274658203125, 0.90380859375, 0.5849609375, 4.64453125, 8.59375, 0.06854248046875, 7.359375, 3.052734375, 0.6474609375, 3.541015625, 5.40625, 0.79296875, 2.654296875, 3.1015625, 4.078125, 4.4765625, 1.37890625, 4.26953125, 1.666015625, 4.10546875]",-1.025585580649583
156,0,test,1.4389017576641507,0.6234618042729348,0.6998895408882696,6.239852814485885,2.7036660935297467,3.0350979128904774,4.216063014599098,1.9558931915770494,2.1221968078627866,18.28311941907878,8.481806051935088,9.20298808025112,2.750034591061386,1.2023007876206322,1.6640184338267354,5.851137427790183,2.558086782171558,3.540464752822842,15.643172988786553,10.94236783462291,12.680724385424504,33.283346784652245,23.281633690687045,26.980264649839377,1.882886836361327,0.8358565313347583,1.1546866077147802,5.945958430614717,2.639546941057132,3.6463787612045695,6.5724510924968556,3.7232737381205396,4.501101796695224,20.755108713147965,11.757706541433283,14.21400567377439,0.5628140703517588,-0.012185929648241167,0.002814070351758735,0.4120603015075377,-0.0029396984924623393,0.002060301507537665,0.321608040201005,0.0016080402010050232,-0.008391959798994986,0.26222222222222225,0.07687261067949192,0.08822417725643539,0.16926503340757237,0.3467336683417085,0.081069507940706,0.1363830840345298,0.28787878787878785,0.274247491638796,0.06556635641342035,0.09960900443078713,0.20134228187919467,24.0,5.0,5.0,37.0,8.0,9.0,40.0,5.0,5.0,0.0004926575138207153,0.0019918077069444704,0.0005054811216186262,-0.1116506087133109,-0.13635608820672562,-0.13438646769695595,"[5.2734375, 4.73828125, 1.8232421875, 2.134765625, 0.8955078125, 0.58544921875, 9.5390625, 0.112548828125, 6.03125, 5.7578125, 0.31201171875, 2.74609375, 6.97265625, 1.62109375, 0.27978515625, 0.892578125, 2.20703125, 8.6875, 7.859375, 1.4912109375, 8.1640625, 2.640625, 0.29736328125, 1.474609375, 9.9375, 0.634765625, 1.4755859375, 0.1004638671875, 0.266845703125, 0.58251953125, 1.80859375, 0.247314453125, 8.1640625, 0.60986328125, 7.109375, 0.9482421875, 0.197509765625, 3.05859375, 5.62109375, 1.5791015625, 1.0361328125, 3.44140625, 5.12890625, 2.279296875, 7.65625, 0.293701171875, 3.01953125, 1.3603515625, 9.8046875, 4.00390625, 8.921875, 8.296875, 0.888671875, 0.03692626953125, 5.70703125, 3.306640625, 6.54296875, 3.841796875, 3.318359375, 0.60888671875, 2.380859375, 0.01690673828125, 8.0703125, 10.4375, 1.802734375, 11.6640625, 4.28515625, 0.0305633544921875, 0.60205078125, 3.09375, 1.611328125, 0.33642578125, 2.015625, 0.089599609375, 4.84765625, 6.83984375, 0.12005615234375, 4.5625, 7.97265625, 0.38623046875, 7.56640625, 0.77392578125, 0.1558837890625, 10.5390625, 1.576171875, 0.44140625, 0.30029296875, 0.71728515625, 0.052032470703125, 1.76171875, 1.525390625, 8.9140625, 0.84814453125, 4.09765625, 8.625, 2.787109375, 4.515625, 0.0665283203125, 0.556640625, 4.39453125, 0.4296875, 0.07598876953125, 5.59375, 1.59375, 0.00817108154296875, 1.1591796875, 1.1328125, 5.484375, 0.4560546875, 7.921875, 2.705078125, 2.68359375, 0.347900390625, 0.21337890625, 0.34912109375, 0.024169921875, 0.326171875, 0.051422119140625, 12.46875, 0.489501953125, 8.5625, 2.50390625, 1.013671875, 0.490478515625, 4.56640625, 2.22265625, 8.5546875, 1.369140625, 6.171875, 1.2451171875, 7.44140625, 1.7646484375, 0.10888671875, 4.15234375, 1.0849609375, 1.6171875, 9.6484375, 0.4619140625, 5.71484375, 1.150390625, 2.0390625, 0.97705078125, 1.8203125, 1.0517578125, 4.19140625, 8.0703125, 0.64404296875, 0.73681640625, 0.34228515625, 0.376220703125, 0.2080078125, 0.034393310546875, 6.10546875, 3.568359375, 8.453125, 5.02734375, 3.876953125, 0.99169921875, 3.140625, 1.52734375, 1.494140625, 0.1326904296875, 9.765625, 0.350341796875, 0.0092926025390625, 0.241455078125, 1.1337890625, 0.2313232421875, 1.203125, 0.00971221923828125, 0.00423431396484375, 0.0982666015625, 6.765625, 0.681640625, 2.294921875, 0.0034694671630859375, 0.322509765625, 0.33642578125, 0.27001953125, 0.1748046875, 0.01013946533203125, 2.828125, 0.177490234375, 0.349365234375, 0.45703125, 0.0033359527587890625, 0.371337890625, 1.48046875, 0.41796875, 0.400634765625, 0.269287109375, 0.99951171875, 0.392822265625, 1.1650390625, 0.09906005859375, 0.256591796875, 0.10089111328125, 0.57470703125, 0.110595703125, 4.53515625, 1.1162109375, 0.1727294921875, 0.08807373046875, 0.02703857421875, 0.32763671875, 0.035491943359375, 0.07647705078125, 0.0015659332275390625, 0.00319671630859375, 0.03594970703125, 0.1954345703125, 0.0038299560546875, 1.2626953125, 0.0023193359375, 0.007568359375, 0.309814453125, 0.0003821849822998047, 0.0010023117065429688, 0.0014820098876953125, 0.00943756103515625, 0.0143585205078125, 0.004825592041015625, 0.282958984375, 0.005687713623046875, 0.051513671875, 0.097900390625, 0.0015554428100585938, 0.10107421875, 0.028900146484375, 0.006130218505859375, 0.25439453125, 0.03704833984375, 0.00832366943359375, 4.1640625, 0.225341796875, 0.136474609375, 0.0034637451171875, 0.1314697265625, 0.00720977783203125, 0.05914306640625, 0.1531982421875, 0.15380859375, 0.00463104248046875, 0.00787353515625, 0.21142578125, 0.0290374755859375, 0.2445068359375, 0.0016651153564453125, 0.03948974609375, 0.0206298828125, 0.060699462890625, 0.00409698486328125, 0.39501953125, 0.0116729736328125, 0.0010423660278320312, 0.0018720626831054688, 0.03338623046875, 0.01314544677734375, 0.005626678466796875, 0.005466461181640625, 0.230224609375, 0.002803802490234375, 0.0172119140625, 0.0799560546875, 0.0219879150390625, 0.0013532638549804688, 0.12890625, 0.0194091796875, 3.111328125, 0.00521087646484375, 0.033355712890625, 0.002696990966796875, 0.00048065185546875, 0.0008072853088378906, 0.003208160400390625, 0.023040771484375, 0.01267242431640625, 0.00045561790466308594, 0.00026035308837890625, 0.004886627197265625, 0.3515625, 0.0264434814453125, 0.00563812255859375, 0.00946044921875, 0.0029811859130859375, 0.41259765625, 2.36328125, 0.01641845703125, 0.059173583984375, 0.05029296875, 0.00824737548828125, 0.195556640625, 0.01251983642578125, 0.0030117034912109375, 0.01264190673828125, 0.07281494140625, 0.023468017578125, 0.0611572265625, 0.132080078125, 0.07427978515625, 0.0019407272338867188, 0.0014677047729492188, 0.00771331787109375, 0.008209228515625, 4.2890625, 0.01531219482421875, 0.007335662841796875, 0.00647735595703125, 0.0096282958984375, 0.023834228515625, 0.36669921875, 0.050872802734375, 0.05450439453125, 0.0267333984375, 0.00015735626220703125, 0.01024627685546875, 0.00732421875, 0.00864410400390625, 0.00983428955078125, 0.003475189208984375, 0.0004048347473144531, 0.00684356689453125, 0.050323486328125, 0.02117919921875, 0.059417724609375, 0.0006041526794433594, 0.1351318359375, 0.032073974609375, 0.09747314453125, 0.029632568359375, 0.004962921142578125, 3.5859375, 0.06048583984375, 0.0543212890625, 0.379638671875, 0.0004849433898925781, 0.169677734375, 0.2919921875, 0.024322509765625, 0.07794189453125, 0.1839599609375, 0.72314453125, 0.1217041015625, 0.40771484375, 0.0204010009765625, 0.0165557861328125, 10.0078125, 3.322265625, 9.046875, 2.609375, 0.43994140625, 0.0523681640625, 0.2158203125, 0.038787841796875, 0.06292724609375, 0.0008020401000976562, 0.005283355712890625, 0.019378662109375, 2.142578125, 0.02667236328125, 1.900390625, 1.3896484375, 0.427734375, 0.0037555694580078125, 0.005893707275390625, 0.0198822021484375, 0.0187225341796875, 12.140625, 3.658203125, 8.4609375, 5.359375, 2.4453125, 0.0572509765625, 0.00897216796875, 0.7958984375, 0.00910186767578125, 0.0012655258178710938, 0.00313568115234375, 0.060150146484375, 0.032806396484375, 0.006809234619140625, 0.0083770751953125, 0.208984375, 0.00650787353515625, 0.0182952880859375, 0.06097412109375, 0.050506591796875, 0.0010061264038085938, 0.12939453125, 0.0193023681640625, 1.283203125, 0.0025959014892578125, 0.01312255859375, 0.0029048919677734375, 0.0004930496215820312, 0.0006914138793945312, 0.001361846923828125, 0.004123687744140625, 0.01554107666015625, 0.0006031990051269531, 0.0003249645233154297, 0.004482269287109375, 0.533203125, 0.010284423828125, 0.0035858154296875, 0.0035686492919921875, 0.0034942626953125, 0.12457275390625, 0.91015625, 0.0093536376953125, 0.01253509521484375, 0.024993896484375, 0.0158843994140625, 0.0794677734375, 0.0263824462890625, 0.00391387939453125, 0.0079193115234375, 0.01812744140625, 0.0097808837890625, 0.024200439453125, 0.0511474609375, 0.039764404296875, 0.0026531219482421875, 0.0011501312255859375, 0.006359100341796875, 0.006076812744140625, 3.501953125, 0.005523681640625, 0.02227783203125, 0.00467681884765625, 0.004047393798828125, 0.0079345703125, 0.1605224609375, 0.01959228515625, 0.04827880859375, 0.007343292236328125, 0.0002505779266357422, 0.0017490386962890625, 0.00363922119140625, 0.00588226318359375, 0.0115966796875, 0.0018482208251953125, 0.0004696846008300781, 0.0051422119140625, 0.06365966796875, 0.0189361572265625, 0.1514892578125, 0.00038933753967285156, 2.130859375, 0.1920166015625]",-1.3079868798785739
90,0,test,3.716013040991871,1.7986972395396832,1.9533650246318388,7.695106651257503,3.724735876568902,4.045021378441153,41.10020219152327,34.297527978784984,35.27235297143099,85.110153210765,71.02319953128926,73.04186367535267,3.9568870786446424,1.8612797300926172,2.5664530630712776,5.818951586242121,2.7371760736656134,3.7741956809871726,52.29428431845396,44.163906874505166,48.277691379819636,76.90335929184405,64.94692187427229,70.99660497032299,3.9630469757577647,1.9135796487560688,2.5932334575465354,6.717028772470788,3.243355336874693,4.3953109449941286,52.61740590560718,44.85364144863472,48.68278901295128,89.18204390780878,76.02312109938089,82.51320171686658,0.7236180904522613,-0.006381909547738651,-0.011381909547738656,0.6381909547738693,-0.016809045226130692,-0.011809045226130688,0.5376884422110553,-0.02231155778894478,-0.007311557788944656,0.4453961456102784,0.1459309049685672,0.1619161847109627,0.41630901287553645,0.457286432160804,0.11894056749914983,0.21020796805395925,0.41414141414141414,0.4548494983277592,0.13264582553977922,0.2212566173488938,0.4295302013422819,26.0,-1.0,-1.0,37.0,1.0,2.0,48.0,-1.0,0.0,0.0006663293743053808,0.00030853765038427015,0.0003052122806780552,-0.00015638458803390876,0.00023103086835085662,-0.00014579211826148963,"[10.2109375, 6.375, 0.0355224609375, 4.7734375, 5.54296875, 5.97265625, 1.935546875, 9.0390625, 0.6923828125, 3.03125, 7.1953125, 4.41015625, 2.26953125, 10.359375, 1.3095703125, 2.09765625, 1.7431640625, 6.3515625, 0.76611328125, 7.8046875, 0.052734375, 0.806640625, 3.021484375, 3.966796875, 1.3837890625, 11.1171875, 0.176513671875, 7.14453125, 3.994140625, 7.43359375, 0.50537109375, 2.982421875, 6.2578125, 0.505859375, 0.91845703125, 0.0026950836181640625, 7.33984375, 7.85546875, 5.8125, 2.611328125, 0.0406494140625, 3.525390625, 4.33984375, 3.90625, 0.308349609375, 4.93359375, 8.9453125, 0.400146484375, 7.95703125, 4.140625, 6.734375, 2.8359375, 4.47265625, 4.78515625, 7.85546875, 6.3359375, 7.98828125, 1.982421875, 8.234375, 6.06640625, 12.890625, 7.97265625, 0.6064453125, 6.0546875, 8.03125, 3.943359375, 7.5546875, 0.439453125, 12.71875, 0.5458984375, 4.58984375, 2.376953125, 0.00498199462890625, 1.927734375, 8.1875, 5.125, 4.57421875, 2.4765625, 7.16015625, 3.5546875, 6.07421875, 2.83203125, 3.30859375, 4.84765625, 5.55859375, 6.26171875, 0.97998046875, 0.82861328125, 0.0008263587951660156, 4.87890625, 1.5595703125, 3.67578125, 4.796875, 2.54296875, 0.72265625, 3.76953125, 0.712890625, 3.099609375, 0.11102294921875, 0.0013942718505859375, 12.4453125, 6.0234375, 3.388671875, 1.79296875, 3.3125, 5.0390625, 2.291015625, 7.2265625, 0.05810546875, 10.6484375, 3.302734375, 6.55078125, 1.73828125, 0.3310546875, 5.85546875, 4.171875, 3.650390625, 3.693359375, 3.009765625, 3.0234375, 4.9765625, 3.20703125, 5.16015625, 0.75439453125, 0.3427734375, 0.0002720355987548828, 4.34375, 13.5, 7.15625, 3.109375, 0.0002970695495605469, 6.125, 3.72265625, 0.0006608963012695312, 7.609375, 8.4765625, 7.71484375, 0.775390625, 4.3515625, 0.35791015625, 2.458984375, 0.53466796875, 5.4609375, 1.2314453125, 0.0179901123046875, 0.0011548995971679688, 0.010528564453125, 3.66015625, 0.0037593841552734375, 10.3671875, 2.037109375, 0.0010395050048828125, 1.8876953125, 7.09765625, 5.16015625, 2.421875, 6.234375, 8.953125, 0.443603515625, 6.40234375, 1.98046875, 0.01824951171875, 8.1875, 0.7216796875, 0.1337890625, 0.1456298828125, 2.51953125, 7.80859375, 9.3828125, 1.4443359375, 0.85107421875, 5.1796875, 4.12109375, 0.223876953125, 6.69140625, 5.52734375, 10.3125, 10.5, 2.083984375, 0.43359375, 8.4453125, 1.8466796875, 10.921875, 2.544921875, 0.048797607421875, 7.1640625, 2.875, 5.10546875, 0.259765625, 0.160400390625, 0.658203125, 2.666015625, 0.5986328125, 9.5703125, 0.277099609375, 0.07952880859375, 6.83203125, 4.90625, 0.2188720703125, 5.234375, 0.0946044921875, 0.0570068359375, 0.576171875, 6.20703125, 2.1953125, 0.92919921875, 8.0234375, 0.167236328125, 0.01947021484375, 8.375, 1.6064453125, 4.359375, 0.220703125, 0.1973876953125, 7.703125, 4.12890625, 0.039764404296875, 6.9921875, 6.95703125, 9.2421875, 3.140625, 6.6875, 8.5625, 0.186767578125, 5.05078125, 7.46484375, 0.412841796875, 0.072509765625, 6.09765625, 6.96875, 8.296875, 0.431396484375, 7.84765625, 0.9560546875, 8.40625, 6.05859375, 3.23046875, 0.07708740234375, 7.00390625, 1.9521484375, 6.01953125, 0.2069091796875, 4.54296875, 2.173828125, 5.546875, 0.0032939910888671875, 1.583984375, 4.23046875, 4.54296875, 0.06097412109375, 6.3125, 9.6875, 9.625, 4.63671875, 2.427734375, 11.078125, 7.41796875, 2.2734375, 1.1669921875, 6.1796875, 11.171875, 7.98046875, 1.8603515625, 1.541015625, 0.0036067962646484375, 8.9375, 5.22265625, 3.349609375, 6.69140625, 0.38232421875, 5.1015625, 6.85546875, 2.849609375, 2.791015625, 4.3671875, 0.007061004638671875, 0.00926971435546875, 0.0418701171875, 0.383544921875, 2.19921875, 0.26123046875, 0.1326904296875, 0.1971435546875, 0.80859375, 8.5546875, 3.44921875, 10.4375, 0.02685546875, 0.0016803741455078125, 0.0167236328125, 10.703125, 4.46484375, 4.2890625, 0.2357177734375, 3.75, 9.40625, 1.076171875, 0.489501953125, 12.2421875, 7.703125, 5.734375, 7.0234375, 6.7109375, 6.75390625, 0.7490234375, 1.98046875, 0.73583984375, 0.1033935546875, 6.5, 0.265380859375, 11.03125, 9.421875, 2.158203125, 0.83642578125, 0.285400390625, 3.474609375, 1.1044921875, 12.078125, 0.099365234375, 5.0859375, 2.28515625, 0.1888427734375, 0.04132080078125, 0.0889892578125, 0.015106201171875, 0.2900390625, 0.7783203125, 0.04931640625, 10.03125, 5.48046875, 10.328125, 0.01322174072265625, 7.09375, 3.541015625, 8.2734375, 1.38671875, 6.90625, 2.30078125, 1.498046875, 3.173828125, 2.677734375, 4.9765625, 3.919921875, 0.93896484375, 4.3671875, 7.53515625, 3.966796875, 10.953125, 0.294677734375, 1.9150390625, 5.59765625, 8.203125, 1.6787109375, 5.23828125, 6.8359375, 4.15234375, 4.53125, 6.71875, 1.4736328125, 1.8115234375, 0.0022735595703125, 5.51953125, 5.6875, 0.28125, 0.10491943359375, 0.01108551025390625, 3.5859375, 1.931640625, 0.00547027587890625, 2.388671875, 6.47265625, 7.28515625, 3.015625, 5.65234375, 3.544921875, 1.78515625, 3.494140625, 0.06353759765625, 0.00568389892578125, 0.04803466796875, 7.6953125, 0.05816650390625, 4.29296875, 12.296875, 1.7646484375, 2.345703125, 9.484375, 1.8759765625, 2.6953125, 0.00479888916015625, 0.5205078125, 0.98388671875, 5.2421875, 0.06451416015625, 8.4296875, 1.6337890625, 7.05859375, 0.0163116455078125, 0.00859832763671875, 0.030059814453125, 10.3359375, 2.79296875, 2.8359375, 0.0013799667358398438, 0.1842041015625, 0.1141357421875, 3.970703125, 0.061248779296875, 1.4619140625, 2.830078125, 4.41015625, 0.2457275390625, 0.00125885009765625, 0.00426483154296875, 0.00879669189453125, 7.20703125, 6.65234375, 0.1473388671875, 0.060302734375, 0.43701171875, 0.783203125, 0.003940582275390625, 0.08026123046875, 0.051300048828125, 5.1015625, 0.33056640625, 0.320556640625, 12.609375, 0.06964111328125, 9.03125, 5.37890625, 6.49609375, 4.78515625, 3.310546875, 4.58984375, 0.332763671875, 0.233154296875, 0.001605987548828125, 0.13671875, 0.09130859375, 2.5078125, 8.140625, 2.548828125, 10.2265625, 0.2491455078125, 4.2109375, 7.703125, 6.32421875, 0.388916015625, 4.515625, 7.99609375, 3.923828125, 0.2109375, 0.004238128662109375, 0.00406646728515625, 0.0189056396484375, 0.446044921875, 8.1328125, 1.5224609375, 0.8564453125, 0.297119140625, 0.001644134521484375, 0.047271728515625, 0.1104736328125, 7.92578125, 0.354736328125, 10.234375]",-1.233116540459545
51,0,test,2.580275404308489,1.0862377051394416,1.1305889489547585,6.941501767025554,2.92221556545665,3.0415300528945948,13.200773208898385,8.745725815259139,8.938995160930215,35.512949665242935,23.527903687789532,24.04784024271987,3.639835468488722,1.4900375819533838,2.103070667641648,6.8676140914881545,2.811391664062988,3.968057863474807,38.08556993349175,29.50244647645485,33.43604615630194,71.85956591224857,55.66499335180159,63.08687954019234,3.0483628172539547,1.3176023919745,1.8166882594556562,6.263759213535523,2.707402175290068,3.7329210810732656,21.080803027978128,15.435858192467236,17.65383964560023,43.31671855063998,31.717516833836783,36.275012970411424,0.6532663316582914,-0.0017336683417086274,-0.0017336683417086274,0.5226130653266332,-0.002386934673366814,0.0126130653266332,0.44221105527638194,-0.012788944723618023,-0.0027889447236180143,0.34615384615384615,0.1075289725441394,0.11057222347544926,0.25963488843813387,0.42211055276381915,0.133890001385373,0.1783709868205804,0.30808080808080807,0.3745819397993311,0.11247843395625934,0.15878661165695063,0.2684563758389261,18.0,-1.0,-1.0,30.0,-1.0,-3.0,40.0,1.0,0.0,0.0011620014426889013,0.0012516712839137287,0.001098219081102535,-0.026862812576776918,-0.022438222167910027,-0.03199515122557717,"[17.1875, 9.265625, 4.5, 10.65625, 11.390625, 1.1259765625, 7.66015625, 2.517578125, 8.3359375, 0.9541015625, 0.990234375, 6.078125, 0.385009765625, 15.65625, 1.8896484375, 3.796875, 6.66796875, 1.9765625, 9.296875, 1.0498046875, 4.03125, 5.5078125, 4.76953125, 4.078125, 0.033905029296875, 4.3203125, 0.9140625, 3.126953125, 6.5859375, 9.0, 4.08203125, 6.7578125, 5.26171875, 0.8720703125, 6.1796875, 3.939453125, 4.60546875, 4.60546875, 4.68359375, 1.560546875, 10.1640625, 0.322021484375, 5.515625, 2.400390625, 0.92626953125, 12.5234375, 0.447998046875, 4.77734375, 4.6484375, 3.5390625, 6.63671875, 1.0185546875, 0.91796875, 5.765625, 0.267822265625, 1.5234375, 0.6083984375, 0.35888671875, 8.1171875, 10.5390625, 1.017578125, 2.87109375, 13.421875, 5.33203125, 0.04437255859375, 6.28515625, 2.931640625, 0.11529541015625, 2.599609375, 2.599609375, 2.560546875, 0.6806640625, 7.28125, 0.71142578125, 0.08343505859375, 1.3505859375, 4.02734375, 5.828125, 1.5283203125, 6.58203125, 8.1171875, 7.31640625, 3.826171875, 4.765625, 0.857421875, 1.1337890625, 1.578125, 8.546875, 0.03759765625, 0.050872802734375, 0.400390625, 9.328125, 2.73828125, 0.755859375, 0.0275115966796875, 4.15234375, 0.515625, 4.48046875, 7.29296875, 1.90625, 1.7158203125, 1.908203125, 0.755859375, 6.7109375, 1.9599609375, 1.19921875, 5.734375, 11.59375, 0.4814453125, 5.59765625, 0.494140625, 1.26171875, 7.56640625, 1.1201171875, 3.62890625, 8.3203125, 4.66015625, 8.4296875, 2.533203125, 1.94921875, 0.05523681640625, 0.307861328125, 4.0625, 5.56640625, 1.404296875, 0.9150390625, 7.01171875, 0.0595703125, 0.5107421875, 1.6728515625, 2.5234375, 0.01085662841796875, 0.0017375946044921875, 0.001224517822265625, 1.708984375, 2.5272369384765625e-05, 0.01312255859375, 0.7275390625, 0.08154296875, 0.90478515625, 5.44140625, 0.0794677734375, 0.04302978515625, 0.0197906494140625, 5.1328125, 0.06707763671875, 4.03125, 8.0703125, 0.40869140625, 7.53515625, 0.370849609375, 2.462890625, 7.45703125, 0.0924072265625, 0.88232421875, 0.658203125, 9.1015625, 0.0013570785522460938, 1.45703125, 8.921875, 7.5859375, 6.28125, 3.431640625, 9.1796875, 0.315673828125, 0.9248046875, 0.43310546875, 1.0888671875, 0.0034427642822265625, 0.364990234375, 7.71484375, 2.615234375, 0.88232421875, 10.4140625, 3.296875, 14.609375, 2.072265625, 0.81640625, 1.283203125, 0.001773834228515625, 0.16162109375, 1.8984375, 0.54638671875, 0.16162109375, 9.78125, 0.370849609375, 8.1796875, 6.0859375, 0.6396484375, 1.4794921875, 0.371826171875, 0.0011959075927734375, 0.06048583984375, 1.41796875, 0.35498046875, 0.060943603515625, 6.12109375, 9.359375, 8.6640625, 0.58349609375, 6.578125, 0.6494140625, 9.421875, 0.703125, 0.400146484375, 0.2413330078125, 0.0007562637329101562, 0.009613037109375, 1.3837890625, 0.1978759765625, 0.061614990234375, 7.52734375, 4.6875, 0.46826171875, 6.08984375, 0.340087890625, 7.91796875, 2.837890625, 3.1484375, 0.028076171875, 1.16015625, 5.4140625, 7.41796875, 1.453125, 4.1484375, 0.1240234375, 5.05859375, 0.44482421875, 2.92578125, 0.568359375, 1.099609375, 7.5, 0.85693359375, 0.05303955078125, 0.1357421875, 4.55078125, 4.609375, 0.12188720703125, 0.02581787109375, 9.53125, 0.2744140625, 3.40625, 0.48681640625, 3.162109375, 0.36669921875, 2.349609375, 0.00846099853515625, 1.0615234375, 0.86279296875, 1.3828125, 1.4638671875, 1.2060546875, 1.3955078125, 0.340087890625, 0.35693359375, 0.0181732177734375, 4.27734375, 0.439208984375, 5.73046875, 0.1876220703125, 3.646484375, 0.043243408203125, 0.0833740234375, 0.30615234375, 0.87255859375, 1.0126953125, 0.1431884765625, 0.0252685546875, 4.83203125, 0.03277587890625, 0.08819580078125, 0.9189453125, 1.4189453125, 0.01021575927734375, 0.7080078125, 0.69970703125, 1.55078125, 5.34765625, 0.01263427734375, 1.84375, 0.002567291259765625, 0.0784912109375, 3.583984375, 0.07183837890625, 3.880859375, 0.06549072265625, 0.03558349609375, 0.003429412841796875, 2.267578125, 0.4140625, 0.0115966796875, 0.012298583984375, 2.46484375, 1.52734375, 0.1322021484375, 2.615234375, 0.0239105224609375, 5.16015625, 2.224609375, 3.25390625, 0.120361328125, 7.48828125, 1.39453125, 0.0209197998046875, 2.4453125, 1.3212890625, 0.1392822265625, 0.8525390625, 0.478515625, 0.1484375, 0.3779296875, 0.0025310516357421875, 1.330078125, 0.065185546875, 0.371826171875, 0.006923675537109375, 0.019195556640625, 6.98828125, 1.0068359375, 7.53515625, 0.70458984375, 7.234375, 0.1531982421875, 0.2587890625, 0.73681640625, 4.7734375, 1.2236328125, 2.73828125, 10.3515625, 5.2578125, 2.1328125, 0.71142578125, 0.00533294677734375, 0.1654052734375, 0.0634765625, 1.041015625, 0.38037109375, 0.0262298583984375, 2.8984375, 0.0112762451171875, 0.09014892578125, 0.19921875, 0.55615234375, 0.002132415771484375, 0.042877197265625, 0.34326171875, 0.7509765625, 0.1182861328125, 0.047119140625, 0.1600341796875, 6.11328125, 0.70751953125, 0.0092315673828125, 0.1729736328125, 5.125, 8.21875, 0.10009765625, 0.32958984375, 0.02606201171875, 2.478515625, 0.034088134765625, 5.48828125, 0.2420654296875, 0.55029296875, 0.00513458251953125, 0.1407470703125, 0.3232421875, 0.99267578125, 0.1087646484375, 0.10101318359375, 3.123046875, 6.6640625, 2.6796875, 0.7314453125, 0.0029926300048828125, 4.04296875, 0.79833984375, 0.9794921875, 0.0143585205078125, 0.3203125, 0.04205322265625, 1.119140625, 0.0220794677734375, 4.05859375, 0.0341796875, 10.078125, 0.60693359375, 4.72265625, 0.01021575927734375, 1.3505859375, 0.9326171875, 1.4296875, 0.0082244873046875, 0.40283203125, 0.1939697265625, 0.32568359375, 0.201904296875, 3.53515625, 0.0399169921875, 0.438232421875, 0.140625, 0.56640625, 3.23828125, 5.9296875, 0.006145477294921875, 0.0257568359375, 2.708984375, 0.5302734375, 0.008514404296875, 1.3642578125, 3.638671875, 1.3388671875, 0.0924072265625, 0.8095703125, 0.369384765625, 0.35107421875, 1.4130859375, 1.84375, 0.474365234375, 0.004001617431640625, 0.0682373046875, 0.021148681640625, 0.04815673828125, 1.16796875, 0.0655517578125, 0.353515625, 9.84375, 8.5234375, 0.356689453125, 6.546875, 0.33447265625, 12.3515625, 0.75341796875, 0.007289886474609375, 0.0251312255859375, 6.9765625, 6.87890625, 3.302734375, 1.138671875, 4.67578125, 1.5146484375, 0.202392578125, 7.1640625, 0.049041748046875, 0.9091796875, 0.328125, 0.32275390625, 2.55859375, 8.65625, 2.158203125, 0.120849609375, 0.0865478515625, 9.8359375, 7.859375, 1.4189453125, 5.81640625, 0.201171875, 0.0085906982421875, 1.111328125, 3.314453125, 3.953125, 1.341796875, 0.220458984375, 3.255859375, 0.91650390625, 0.0142059326171875, 5.55859375, 0.1524658203125, 2.859375, 0.317138671875, 0.054595947265625, 0.171630859375, 2.130859375, 0.015716552734375, 0.0007262229919433594, 2.05078125, 0.01107025146484375, 1.7607421875, 7.95703125, 0.8125, 1.37109375, 0.77880859375, 0.0638427734375, 6.4296875, 0.33642578125, 1.40234375, 1.34375, 8.3203125, 0.5009765625, 4.7421875, 0.31982421875, 0.0074310302734375, 0.435302734375, 7.546875]",-1.5822087646978589
99,0,test,2.813066116657602,1.2874945409191683,1.7542741112170868,6.286919576154237,2.877420685409953,3.9206260337938916,16.660924321089354,12.063153528446797,13.778037947151162,37.23548858337419,26.959933724649552,30.7925277610828,3.272816410016774,1.448559026945085,2.016219894523652,6.293877711570719,2.7856904364328554,3.8773459510070225,26.385547313930473,20.187356885474543,22.872104148398385,50.741437142173986,38.82184016437412,43.98481566999689,2.95907937603252,1.316234719161482,1.8187216585089343,6.122233191791421,2.7232442465409976,3.7628723969150366,19.280213755655254,14.110358677250929,16.152326690555327,39.89009742549363,29.193845539139854,33.418606945976535,0.6582914572864322,-0.011708542713567693,-0.011708542713567693,0.5276381909547738,-0.012361809045226213,-0.007361809045226098,0.4723618090452262,-0.007638190954773805,-0.007638190954773805,0.40963855421686746,0.13896186248754416,0.18619166042929236,0.3323262839879154,0.42713567839195976,0.12137126736439086,0.18840445969413,0.3737373737373737,0.42140468227424754,0.1409372365313427,0.1978229247659049,0.34563758389261745,25.0,10.0,10.0,38.0,17.0,15.0,48.0,16.0,15.0,0.0007467324629578036,0.0006455389102386061,0.0006676950075590232,0.00037672049705506083,-2.4180496096981585e-05,0.00018761708646408692,"[10.1875, 4.6875, 4.765625, 5.671875, 5.4140625, 8.8203125, 7.84765625, 0.31396484375, 5.29296875, 3.111328125, 1.1220703125, 3.67578125, 7.234375, 3.3359375, 6.66015625, 0.51904296875, 1.404296875, 0.94873046875, 3.58984375, 0.59619140625, 5.41796875, 11.7578125, 8.0859375, 0.08551025390625, 3.349609375, 1.81640625, 3.728515625, 0.99755859375, 0.459716796875, 0.00037932395935058594, 0.90869140625, 0.2225341796875, 3.529296875, 1.9619140625, 5.078125, 0.08123779296875, 11.3828125, 5.734375, 5.375, 0.120361328125, 0.457275390625, 0.1865234375, 0.0005903244018554688, 0.2122802734375, 1.03515625, 11.2421875, 0.41552734375, 0.00010526180267333984, 3.33203125, 5.72265625, 2.298828125, 3.326171875, 4.41015625, 1.994140625, 6.74609375, 0.04608154296875, 7.00390625, 0.07635498046875, 0.00016796588897705078, 11.59375, 2.068359375, 5.6640625, 2.92578125, 0.00675201416015625, 10.203125, 2.423828125, 2.865234375, 5.5, 8.1484375, 4.15234375, 0.9384765625, 1.4736328125, 3.51171875, 6.1640625, 2.30078125, 7.1171875, 5.40234375, 6.5546875, 0.357177734375, 2.23828125, 3.427734375, 0.058624267578125, 3.22265625, 0.24658203125, 3.279296875, 2.048828125, 0.06195068359375, 0.317626953125, 1.6962890625, 1.232421875, 8.0234375, 3.27734375, 1.0126953125, 0.87744140625, 0.02032470703125, 5.1484375, 1.3935546875, 8.6640625, 0.07244873046875, 0.0003113746643066406, 7.375, 0.197021484375, 4.1875, 1.0517578125, 6.09765625, 0.859375, 6.2109375, 0.055419921875, 1.8701171875, 0.93701171875, 3.84375, 0.552734375, 3.939453125, 3.365234375, 5.3671875, 3.740234375, 1.7470703125, 0.006710052490234375, 5.57421875, 2.013671875, 3.64453125, 3.353515625, 4.94921875, 0.0711669921875, 0.0004417896270751953, 0.98193359375, 3.435546875, 0.75634765625, 1.125, 4.359375, 2.81640625, 0.65625, 0.67041015625, 1.19140625, 7.4609375, 0.57373046875, 0.85791015625, 0.0300750732421875, 3.451171875, 8.5625, 9.375, 0.419677734375, 1.5537109375, 0.7197265625, 0.0153350830078125, 7.71875, 4.21484375, 4.33203125, 7.50390625, 0.1259765625, 1.009765625, 0.8017578125, 1.1083984375, 0.08270263671875, 0.00021779537200927734, 6.2578125, 6.1328125, 3.2265625, 2.375, 0.03143310546875, 0.0004088878631591797, 9.03125, 5.00390625, 4.0859375, 3.1640625, 6.4140625, 3.90625, 0.81884765625, 5.1015625, 7.8515625, 0.7763671875, 0.1109619140625, 6.08984375, 1.216796875, 10.3125, 6.84375, 8.3359375, 0.1251220703125, 0.0023651123046875, 7.921875, 2.3828125, 4.953125, 3.93359375, 0.1861572265625, 0.0003285408020019531, 4.22265625, 0.08819580078125, 1.388671875, 10.7578125, 6.3125, 0.216064453125, 0.0015277862548828125, 11.2734375, 0.1942138671875, 0.54052734375, 0.01515960693359375, 7.140625, 6.3515625, 1.4443359375, 0.00983428955078125, 3.818359375, 8.234375, 0.450927734375, 3.513671875, 5.5703125, 0.31201171875, 0.016143798828125, 7.87109375, 1.8154296875, 4.0546875, 1.396484375, 6.71484375, 0.006992340087890625, 1.109375, 9.203125, 5.5546875, 6.953125, 0.263916015625, 2.18359375, 5.09375, 4.76171875, 1.814453125, 0.014739990234375, 2.521484375, 4.296875, 0.1729736328125, 3.275390625, 1.6484375, 3.9375, 1.8857421875, 1.96484375, 7.984375, 2.853515625, 7.0546875, 0.03289794921875, 1.005859375, 5.78125, 7.2578125, 0.3603515625, 0.89306640625, 0.1416015625, 0.63525390625, 1.3818359375, 0.38037109375, 1.96875, 0.057464599609375, 1.0537109375, 11.2890625, 6.1953125, 1.33984375, 0.393798828125, 2.197265625, 3.5078125, 0.1495361328125, 2.330078125, 0.1978759765625, 0.5009765625, 0.007526397705078125, 0.830078125, 11.96875, 1.189453125, 0.35009765625, 0.0238800048828125, 0.0755615234375, 0.054779052734375, 0.06781005859375, 0.0740966796875, 3.6015625, 0.1279296875, 1.609375, 0.0083160400390625, 0.38916015625, 7.63671875, 6.42578125, 0.002353668212890625, 0.0311737060546875, 0.01067352294921875, 8.1640625, 0.007663726806640625, 0.82421875, 0.2099609375, 0.2408447265625, 0.014984130859375, 1.46484375, 1.7744140625, 6.8828125, 2.240234375, 0.340087890625, 0.13134765625, 5.71484375, 0.005023956298828125, 0.1375732421875, 0.00550079345703125, 2.509765625, 0.473876953125, 0.81591796875, 3.53125, 0.8046875, 0.8828125, 0.0178070068359375, 0.00743865966796875, 1.416015625, 0.01485443115234375, 0.2109375, 5.125, 0.01367950439453125, 2.326171875, 1.21484375, 0.056304931640625, 0.003101348876953125, 1.57421875, 0.1544189453125, 0.038330078125, 0.58837890625, 1.3349609375, 3.01171875, 1.716796875, 1.673828125, 0.0205535888671875, 1.7939453125, 4.08203125, 0.05120849609375, 0.007602691650390625, 1.458984375, 3.419921875, 0.01416778564453125, 0.0205230712890625, 4.375, 5.16015625, 0.269775390625, 0.036834716796875, 0.72802734375]",-1.0780025803181061
18,0,test,4.14892573561965,1.9711364754109009,2.683679169659859,6.806831285000987,3.2338957799710086,4.402911137723205,63.36589200080883,54.539121021673395,59.03728160409866,103.95966656382697,89.4782454261829,96.85804013172435,4.1167441900052015,1.9201044305064716,2.6313539228957685,6.639909983879357,3.0969426298491474,4.244119230477045,61.359142987563864,52.36440480934768,56.94245422273346,98.96635965736107,84.45871743443175,91.842668101183,4.149026975677344,1.9712377154685954,2.6948432148660437,6.806997381970643,3.234061876940664,4.421227149389603,63.372307492117734,54.545536512982295,59.09131976295095,103.97019197925565,89.48877084161157,96.9466964860914,0.8241206030150754,0.009120603015075446,0.019120603015075455,0.6834170854271358,-0.016582914572864205,0.003417085427135813,0.5778894472361809,-0.002110552763819218,0.007889447236180791,0.4401913875598086,0.0965159698987107,0.18581936848190717,0.3653846153846154,0.4522613065326633,0.10639664487852796,0.20017449518040953,0.3737373737373737,0.43540669856459335,0.09173128090349547,0.17785502924821817,0.3653846153846154,23.0,1.0,3.0,35.0,1.0,2.0,42.0,1.0,1.0,0.00047286903789076345,0.00029854820068251817,0.00022260863984115327,0.0002394104448821821,0.00011303634068582369,6.066638605339847e-05,"[10.140625, 11.1796875, 3.673828125, 5.57421875, 9.0703125, 9.9375, 7.05859375, 7.87890625, 15.421875, 1.84765625, 6.35546875, 7.91796875, 11.78125, 7.30078125, 1.041015625, 0.6728515625, 9.8984375, 8.6015625, 1.8134765625, 7.33984375, 4.640625, 6.765625, 8.4375, 5.69921875, 4.38671875, 7.640625, 1.6884765625, 0.484130859375, 5.76171875, 4.26953125, 0.25341796875, 2.916015625, 4.85546875, 4.30859375, 6.9609375, 4.7421875, 0.65576171875, 6.59765625, 0.8505859375, 0.238525390625, 0.0206146240234375, 0.0199127197265625, 0.0027332305908203125, 0.052001953125, 1.7021484375, 2.66015625, 10.234375, 0.93212890625, 0.155517578125, 2.96875, 1.3173828125, 0.05230712890625, 2.796875, 0.15673828125, 5.359375, 1.0498046875, 0.08892822265625, 10.90625, 0.72802734375, 1.0322265625, 0.1104736328125, 3.80859375, 0.337646484375, 2.51953125, 6.53515625, 0.003711700439453125, 0.012451171875, 0.275146484375, 2.20703125, 8.453125, 9.0, 2.779296875, 7.02734375, 0.400146484375, 4.98046875, 3.0625, 3.248046875, 6.4375, 7.4140625, 0.304931640625, 0.853515625, 5.13671875, 4.6171875, 2.484375, 7.80859375, 3.2578125, 9.78125, 0.473876953125, 2.1484375, 0.09259033203125, 2.38671875, 3.177734375, 3.958984375, 9.6875, 4.39453125, 4.828125, 4.1171875, 5.91015625, 3.48046875, 11.1484375, 9.0859375, 1.150390625, 1.2333984375, 6.50390625, 5.3515625, 3.248046875, 1.6943359375, 6.2421875, 3.748046875, 6.49609375, 3.873046875, 0.85009765625, 5.41796875, 0.034149169921875, 1.455078125, 6.37890625, 1.802734375, 5.33203125, 3.771484375, 0.859375, 0.296142578125, 4.4609375, 0.1597900390625, 7.48046875, 10.3046875, 5.04296875, 0.436279296875, 2.67578125, 3.193359375, 4.83984375, 8.75, 8.140625, 4.34375, 1.2587890625, 3.888671875, 1.130859375, 11.75, 3.673828125, 8.0859375, 9.8203125, 7.44921875, 2.71484375, 3.4609375, 1.056640625, 2.458984375, 2.828125, 3.853515625, 3.296875, 0.765625, 8.609375, 1.3173828125, 4.0859375, 3.25, 5.2734375, 1.447265625, 2.845703125, 0.95751953125, 4.46484375, 3.833984375, 4.47265625, 2.861328125, 7.359375, 0.235107421875, 1.294921875, 6.9609375, 2.6953125, 2.0390625, 2.66796875, 7.9765625, 1.1796875, 1.5615234375, 9.6796875, 7.78125, 3.103515625, 6.4140625, 1.892578125, 6.29296875, 4.40234375, 5.125, 6.703125, 4.484375, 2.5078125, 7.9296875, 4.04296875, 0.5537109375, 0.9560546875, 3.630859375, 2.98828125, 2.982421875, 5.0859375, 6.5078125, 1.2958984375, 5.32421875, 0.0301361083984375, 1.865234375, 5.30859375, 1.5546875, 0.93994140625, 5.75, 5.71875, 3.876953125, 9.421875, 2.78125, 0.72900390625, 8.3203125, 3.8515625, 7.82421875, 0.1837158203125, 2.19140625]",-0.9536495665043736
59,0,test,3.776404040467505,1.8186434097124633,2.4487229018805383,6.4883183514072575,3.124649079774434,4.207201764304818,43.658763974330014,36.57531713638048,39.88647814466792,75.01103072099653,62.840813334989264,68.52978795325494,3.665964768759569,1.7358571121826907,2.3784542550972723,5.9609183231862914,2.8225318897279523,3.8674052928410934,39.093834485296696,32.20358250270049,35.4700804542039,63.56721054519788,52.36354878487885,57.674927567811224,3.776404040467505,1.8186434097124633,2.4487229018805383,6.4883183514072575,3.124649079774434,4.207201764304818,43.658763974330014,36.57531713638048,39.88647814466792,75.01103072099653,62.840813334989264,68.52978795325494,0.7939698492462312,0.003969849246231116,-0.0160301507537689,0.6532663316582914,-0.0017336683417086274,0.008266331658291382,0.5527638190954773,0.007763819095477409,0.0027638190954772934,0.44705882352941173,0.10459307010475416,0.18108750671063734,0.44881889763779526,0.4723618090452262,0.13652221004773246,0.21025830320215444,0.46464646464646464,0.44705882352941173,0.10459307010475416,0.18108750671063734,0.44881889763779526,24.0,1.0,0.0,36.0,-1.0,0.0,45.0,-1.0,-2.0,-0.0002569233914579341,-0.00026468619654863065,-0.00023347062260026133,-7.936596070123869e-05,-0.0001398081572467902,0.00011389473326595123,"[9.21875, 10.09375, 2.728515625, 0.76611328125, 3.529296875, 4.9609375, 1.953125, 3.626953125, 3.486328125, 1.1689453125, 0.1435546875, 0.2374267578125, 4.75390625, 0.231201171875, 0.70703125, 6.34375, 4.62890625, 2.263671875, 5.22265625, 6.1171875, 2.955078125, 7.21484375, 4.55078125, 1.814453125, 0.60595703125, 2.634765625, 1.580078125, 3.009765625, 9.7578125, 0.90478515625, 6.18359375, 0.078369140625, 6.66796875, 5.29296875, 1.810546875, 5.10546875, 3.533203125, 3.521484375, 3.369140625, 4.58984375, 5.4453125, 4.53125, 3.595703125, 6.6015625, 0.4072265625, 1.4150390625, 0.07940673828125, 6.9140625, 3.572265625, 1.5595703125, 7.7109375, 4.70703125, 4.68359375, 0.34130859375, 2.068359375, 4.125, 0.95849609375, 5.31640625, 4.6015625, 2.263671875, 2.275390625, 8.2109375, 3.271484375, 0.1114501953125, 1.6728515625, 1.744140625, 2.55859375, 5.171875, 1.0087890625, 5.53515625, 3.84765625, 4.859375, 0.07086181640625, 4.36328125, 10.2265625, 2.599609375, 2.6796875, 6.421875, 0.259033203125, 5.41015625, 1.4453125, 3.4453125, 0.96728515625, 4.26953125, 4.0859375, 3.53515625, 0.6796875, 3.970703125, 3.419921875, 7.65625, 3.287109375, 2.158203125, 1.8369140625, 3.892578125, 0.87841796875, 6.86328125, 5.203125, 3.12890625, 3.037109375, 2.466796875, 6.0078125, 8.6171875, 1.1552734375, 7.9140625, 0.468505859375, 5.296875, 0.25146484375, 6.8125, 3.69921875, 4.171875, 1.212890625, 1.060546875, 2.03125, 6.01953125, 7.5, 8.6484375, 0.5146484375, 0.8671875, 4.79296875, 4.06640625, 1.685546875, 0.5712890625, 0.0037479400634765625, 6.234375, 4.4375, 2.380859375, 3.287109375, 5.4453125, 5.4375, 0.478271484375, 0.480712890625, 0.006572723388671875, 4.80078125, 5.1328125, 8.640625, 1.841796875, 2.759765625, 0.054962158203125, 3.681640625, 0.388916015625, 0.0751953125, 1.943359375, 7.7734375, 6.11328125, 6.55078125, 0.188720703125, 5.41015625, 3.0859375, 2.888671875, 2.7578125, 3.287109375, 5.765625, 2.515625, 2.525390625, 2.255859375, 1.103515625, 1.1982421875, 1.333984375, 0.91748046875, 5.34765625, 6.828125, 8.265625, 1.8037109375, 0.560546875, 3.892578125, 3.94921875, 12.359375, 2.607421875, 4.49609375, 1.4560546875, 0.3251953125, 0.67431640625, 0.1492919921875, 0.3388671875, 5.8671875, 0.90869140625, 2.837890625, 0.66748046875, 6.015625, 3.4375, 4.60546875, 0.01561737060546875, 6.703125, 3.095703125, 6.6953125, 1.2890625, 9.265625, 0.41796875, 7.06640625, 3.3359375, 1.751953125, 2.970703125, 10.953125, 9.7734375, 10.453125, 6.43359375, 5.18359375, 7.3671875, 1.59765625, 0.06781005859375, 0.7109375, 7.19140625, 4.8984375, 5.28125, 2.6796875, 10.8515625, 0.030120849609375, 10.8515625, 2.85546875, 10.7734375, 0.29150390625, 2.146484375, 4.71484375, 4.15234375, 5.68359375, 5.52734375, 5.9765625, 6.32421875, 2.595703125, 4.74609375, 1.640625, 3.716796875, 7.796875, 0.29443359375, 7.1171875, 6.7578125, 1.208984375, 6.1171875, 2.75390625, 2.26171875, 7.140625, 1.2783203125, 12.8828125, 5.9140625, 0.63037109375, 2.755859375, 6.1328125, 1.5947265625, 4.15234375, 0.1256103515625, 2.271484375, 9.375, 0.83056640625, 5.23828125, 3.810546875, 6.4140625, 7.328125, 1.21484375, 1.0693359375, 5.79296875, 7.7734375, 2.044921875, 1.1455078125, 0.2113037109375, 2.740234375]",-0.8205693787219479
197,0,test,3.30191659383964,1.4127186783858374,1.9559665197463239,7.174534821182428,3.0696109555050297,4.250001326856211,27.16465266607965,20.550591149679324,23.322817831081597,59.024430484321215,44.65313632522914,50.67673997864643,3.2079912759550853,1.3557972599753185,1.919822708962489,6.3524579721882874,2.684747049456076,3.801629126658394,24.729361836284262,18.35557344966948,21.103222397006302,48.969033339176754,36.347670197365304,41.788559201992676,3.2059815153230393,1.4167039414991105,1.9494197015028238,6.869960389977941,3.0357941603552367,4.1773279317917655,24.67971164761935,18.694584555908225,21.166390402327337,52.885096387755745,40.059824048374765,45.35655086213001,0.6532663316582914,0.01826633165829139,0.023266331658291395,0.4974874371859297,-0.002512562814070307,0.007487437185929702,0.40703517587939697,0.007035175879396949,-0.007964824120603065,0.4245014245014245,0.12762642450142447,0.17914463075753395,0.4257142857142857,0.40201005025125625,0.1020100502512562,0.157417704161406,0.36868686868686873,0.40802675585284276,0.11469342251950942,0.16496349281177725,0.3926174496644296,21.0,0.0,0.0,31.0,-1.0,-2.0,42.0,1.0,1.0,0.0001618702138615221,-0.0003689812669584916,0.00012314203480413646,-0.015969335997851886,-0.015660454419858638,-0.014940142185300154,"[1.873046875, 12.328125, 2.224609375, 9.25, 0.057708740234375, 0.08319091796875, 3.4765625, 6.70703125, 6.71484375, 0.04315185546875, 5.828125, 5.81640625, 6.3359375, 3.025390625, 7.68359375, 9.1171875, 0.85546875, 0.1468505859375, 4.5703125, 0.421142578125, 1.6572265625, 1.638671875, 4.2890625, 1.302734375, 1.4462890625, 9.765625, 8.828125, 4.95703125, 0.36669921875, 1.0830078125, 4.65234375, 2.4921875, 2.96875, 9.3984375, 4.6015625, 10.0390625, 3.865234375, 2.7109375, 3.95703125, 1.6865234375, 5.29296875, 0.31103515625, 0.55224609375, 0.55126953125, 1.0693359375, 0.09210205078125, 0.049560546875, 0.0826416015625, 0.0005164146423339844, 10.6875, 8.828125, 0.81591796875, 1.951171875, 1.4267578125, 0.0013761520385742188, 0.050384521484375, 5.25390625, 0.0212554931640625, 1.484375, 0.269775390625, 0.431396484375, 0.09222412109375, 0.07403564453125, 5.27734375, 1.41796875, 8.3984375, 0.1873779296875, 5.5234375, 3.6171875, 5.1171875, 3.69140625, 9.8046875, 2.5234375, 0.40625, 10.6484375, 0.3212890625, 1.82421875, 6.37109375, 7.4765625, 14.90625, 3.5234375, 4.41015625, 5.5234375, 1.037109375, 0.246337890625, 6.67578125, 8.1015625, 3.8515625, 3.939453125, 7.21484375, 0.626953125, 0.5615234375, 0.2486572265625, 0.1302490234375, 0.0252532958984375, 0.0167236328125, 0.0035114288330078125, 7.54296875, 0.81201171875, 1.021484375, 6.26171875, 0.5556640625, 0.49072265625, 9.3203125, 0.07073974609375, 0.283447265625, 0.00013685226440429688, 0.176025390625, 1.34765625, 0.043609619140625, 0.162841796875, 0.08477783203125, 0.1439208984375, 6.80078125, 4.6875, 7.54296875, 3.189453125, 4.46484375, 6.953125, 0.50146484375, 4.23046875, 3.74609375, 0.92626953125, 2.90234375, 0.146484375, 0.802734375, 0.309814453125, 0.599609375, 0.0810546875, 0.0266571044921875, 0.01331329345703125, 0.003307342529296875, 6.4765625, 1.9609375, 1.958984375, 2.4609375, 5.76953125, 0.53515625, 0.494873046875, 1.12890625, 0.0004572868347167969, 0.004764556884765625, 3.1171875, 1.45703125, 0.0816650390625, 0.14404296875, 0.039398193359375, 0.038421630859375, 8.8828125, 6.0078125, 4.375, 2.646484375, 0.160888671875, 6.08984375, 1.7744140625, 2.64453125, 0.9482421875, 5.5859375, 5.69140625, 3.587890625, 9.6015625, 5.55078125, 1.1533203125, 0.2279052734375, 4.97265625, 1.6787109375, 6.4765625, 1.0341796875, 5.1640625, 0.01184844970703125, 2.765625, 6.03125, 6.0390625, 8.9453125, 7.53125, 1.55078125, 11.0390625, 0.76416015625, 2.333984375, 0.093994140625, 7.13671875, 0.06103515625, 1.7626953125, 0.7529296875, 4.33984375, 3.380859375, 7.765625, 2.294921875, 2.458984375, 2.203125, 1.732421875, 0.48046875, 9.09375, 1.6005859375, 7.8203125, 0.7119140625, 0.3974609375, 0.60400390625, 2.4140625, 4.77734375, 5.48046875, 8.625, 5.75390625, 0.716796875, 0.533203125, 4.703125, 0.65869140625, 0.48583984375, 0.417724609375, 0.099609375, 0.03741455078125, 0.01129150390625, 0.001087188720703125, 7.51171875, 4.51171875, 0.2509765625, 2.490234375, 4.09765625, 4.5390625, 2.779296875, 5.00390625, 0.68359375, 0.060394287109375, 0.0005130767822265625, 0.00945281982421875, 6.359375, 1.0576171875, 0.26123046875, 0.1602783203125, 0.04229736328125, 0.05682373046875, 8.5390625, 5.0, 5.11328125, 6.3125, 6.97265625, 3.080078125, 3.609375, 1.265625, 3.150390625, 13.6875, 3.96484375, 11.453125, 1.85546875, 1.087890625, 2.21875, 5.7734375, 7.39453125, 0.916015625, 0.430419921875, 5.76171875, 2.34375, 1.0439453125, 0.09674072265625, 0.10107421875, 11.046875, 2.166015625, 3.09765625, 0.139892578125, 3.572265625, 3.41796875, 0.0576171875, 0.0341796875, 5.51171875, 2.380859375, 0.927734375, 0.340576171875, 5.76171875, 4.65625, 1.4755859375, 1.6533203125, 7.83203125, 1.58203125, 0.72265625, 0.798828125, 0.0401611328125, 8.25, 1.6279296875, 3.224609375, 1.189453125, 4.0703125, 1.7568359375, 3.447265625, 13.1328125, 5.0234375, 3.404296875, 0.258544921875, 1.859375, 9.0859375, 9.6484375, 0.5537109375, 1.3916015625, 5.09375, 4.890625, 1.0244140625, 0.4853515625, 0.040130615234375, 0.07794189453125, 10.171875, 4.0078125, 4.0390625, 7.48828125, 5.7109375, 2.513671875, 1.0859375, 3.228515625, 0.025726318359375, 0.053131103515625, 8.71875, 8.265625, 13.296875, 6.5078125, 6.39453125, 7.41015625, 4.7578125, 8.0078125, 2.365234375, 4.25390625, 6.87109375, 3.966796875, 4.0390625, 0.405029296875, 3.576171875, 0.174560546875, 0.79541015625, 0.88720703125, 0.0706787109375, 0.1229248046875, 11.046875, 4.96875, 3.974609375, 5.5078125, 0.99658203125, 1.78515625, 0.0192108154296875, 0.0223541259765625, 6.5390625, 1.2587890625, 3.17578125, 0.09735107421875, 3.2578125, 6.18359375, 3.361328125, 3.650390625, 0.0870361328125, 13.5390625, 1.0673828125, 6.2734375, 5.171875, 4.3671875, 1.7138671875]",-1.0293769890766198
