idx,membership,cut_T,cut_T_rep1_diff,cut_T_rep2_diff,cal_T,cal_T_rep1_diff,cal_T_rep2_diff,ppl_T,ppl_T_rep1_diff,ppl_T_rep2_diff,calppl_T,calppl_T_rep1_diff,calppl_T_rep2_diff,cut_200,cut_200_rep1_diff,cut_200_rep2_diff,cal_200,cal_200_rep1_diff,cal_200_rep2_diff,ppl_200,ppl_200_rep1_diff,ppl_200_rep2_diff,calppl_200,calppl_200_rep1_diff,calppl_200_rep2_diff,cut_300,cut_300_rep1_diff,cut_300_rep2_diff,cal_300,cal_300_rep1_diff,cal_300_rep2_diff,ppl_300,ppl_300_rep1_diff,ppl_300_rep2_diff,calppl_300,calppl_300_rep1_diff,calppl_300_rep2_diff,cb_const1,cb_const1_rep1_diff,cb_const1_rep2_diff,cb_const2,cb_const2_rep1_diff,cb_const2_rep2_diff,cb_const3,cb_const3_rep1_diff,cb_const3_rep2_diff,cbm_T,cbm_T_rep1_diff,cbm_T_rep2_diff,cbpm_T,cbm_200,cbm_200_rep1_diff,cbm_200_rep2_diff,cbpm_200,cbm_300,cbm_300_rep1_diff,cbm_300_rep2_diff,cbpm_300,lz_bins3,lz_bins3_rep1_diff,lz_bins3_rep2_diff,lz_bins4,lz_bins4_rep1_diff,lz_bins4_rep2_diff,lz_bins5,lz_bins5_rep1_diff,lz_bins5_rep2_diff,slope_600,slope_800,slope_1000,apen_600,apen_800,apen_1000,nei_delta
259,1,2.4993200355768206,1.048335920863235,1.3176915713227042,5.895454907448853,2.4728394368597484,3.108201882943555,12.174213113884267,7.906901139943667,8.914534961461689,28.716820345103475,18.65098445363182,21.02781482085963,3.1147871017456055,1.3424595361365412,1.8984122210631587,5.876956795746425,2.532942521012342,3.581909851062563,22.528633536142003,16.64409946317904,19.153702532728637,42.50685572856982,31.403961251281206,36.13906138250686,2.9232453167637855,1.288923892642534,1.8046457649603749,5.807772152510832,2.560775945647418,3.5853889370073673,18.60155755564098,13.475579104380223,15.540992517811757,36.956736865511886,26.772673717311708,30.876144075122703,0.7185929648241206,-0.0014070351758793676,-0.0014070351758793676,0.5527638190954773,-0.0022361809045226,-0.0022361809045226,0.4522613065326633,-0.0027386934673366836,-0.0027386934673366836,0.395,0.1053620474406991,0.1359579667644184,0.3408521303258145,0.44221105527638194,0.12140905026385063,0.1784381003515072,0.43434343434343436,0.42140468227424754,0.11422605122249463,0.1855871071908215,0.40604026845637586,22.0,6.0,6.0,35.0,10.0,10.0,43.0,10.0,10.0,0.0003001025884691128,0.0014279281532633174,0.0001400833899784858,-0.025388975313358486,-0.03668200912479325,-0.030453587801233084,-1.403050184249878
259,0,3.8731467723846436,1.8063756429257949,2.421498560835539,7.16128700102369,3.339913298118006,4.477249943211543,48.09348747355122,40.1942113174994,43.82334065002942,88.92285444328482,74.3174219672515,81.02753088937733,3.8681225201592375,1.7250485000507538,2.402964968919192,6.96959012641304,3.1081954955869437,4.32966661066521,47.85245966136966,39.32685439097959,43.52423455755221,86.22064803850388,70.85919710086412,78.42204424784182,3.924974593031765,1.8476418874241678,2.5209720009481558,7.050852562332513,3.3191171630374274,4.528692217272137,50.65179113404189,42.66864404635942,46.58032732887043,90.99124155815909,76.65025876591513,83.67723472252173,0.7587939698492463,-0.001206030150753712,-0.001206030150753712,0.6432160804020101,-0.001783919597989958,-0.001783919597989958,0.5226130653266332,-0.002386934673366814,-0.002386934673366814,0.4463276836158192,0.1261584311475541,0.19706082144573123,0.4504249291784702,0.4371859296482412,0.11387765897154944,0.17508242380516947,0.4444444444444444,0.4347826086956522,0.1142483849894752,0.19229095129854434,0.4530201342281879,24.0,5.0,5.0,35.0,6.0,6.0,45.0,6.0,6.0,-0.00022565549580769309,-6.801476493462933e-05,5.806896756241389e-05,0.0002898441128182938,-0.0001093980471917888,0.00013328373458332265,-1.3693654537200928
16,1,3.3347129166605645,1.5363755156637038,1.9936595875218692,5.617939778518248,2.5883083011631767,3.3586877735728784,28.070323544734357,22.03072586147203,24.247255210199082,47.289644169957874,37.11482645130873,40.84897949826331,2.9510169646248747,1.3320832373556901,1.8439710954264878,5.044473443803205,2.2770653630011797,3.1520873426093807,19.12539369049929,14.077688474842986,16.09998596043381,32.69298066752015,24.064424743321347,27.52134352210907,3.1531180003813675,1.4513719684657633,1.9942067732622526,5.314243820867473,2.446132531122073,3.361022651565594,23.408939992946145,17.925426565497087,20.22247793964329,39.45326965103283,30.211393087916434,34.08282798816285,0.5829145728643217,-0.002085427135678275,-0.002085427135678275,0.4974874371859297,-0.002512562814070307,-0.002512562814070307,0.42713567839195976,-0.002864321608040288,-0.002864321608040288,0.43163538873994634,0.1398013860625702,0.192143697635352,0.467741935483871,0.42713567839195976,0.1489401896701552,0.2234628904119932,0.43434343434343436,0.4247491638795987,0.13259557456407278,0.21117852984177887,0.459731543624161,23.0,1.0,1.0,33.0,1.0,1.0,42.0,2.0,2.0,-0.0002945975955273531,-0.0005716670033727582,-3.95413524504788e-05,-0.009136243574875635,-0.00717565258038011,-0.00829004149539525,-1.518477439880371
16,0,3.4111347083930856,1.57316370434023,2.1537686795749877,6.436830466685257,2.9685687980205464,4.064173666542631,30.299605977658157,24.015830415133912,26.783458130282753,57.1755276640555,45.3180076760154,50.540536810816036,3.9199800922643,1.8083407246563992,2.492616987730629,6.3739513695354475,2.9403914222055274,4.053035752407526,50.39944142931892,42.13766715536678,46.23174651540835,81.95031126718524,68.51653195994598,75.17357156976968,3.5443503362279274,1.65222060413418,2.255576837602602,6.483567688221819,3.022354763660086,4.1260551907364675,34.61718850210026,27.983707316544173,30.988854832758122,63.32412530872,51.18970850587349,56.68692957211852,0.7688442211055276,-0.0011557788944723812,-0.0011557788944723812,0.6231155778894473,-0.0018844221105527303,-0.0018844221105527303,0.5226130653266332,-0.002386934673366814,-0.002386934673366814,0.4084084084084084,0.09956283119701415,0.1706461706461706,0.34337349397590367,0.4120603015075377,0.09376456215916673,0.16164293923708695,0.398989898989899,0.4180602006688964,0.10754267145353746,0.17668089032406875,0.3557046979865772,26.0,8.0,8.0,38.0,7.0,7.0,45.0,4.0,4.0,0.0007838730629033001,0.0005911378315246744,0.0008421354339828537,0.0003727715704986423,-2.805402114880451e-05,0.00018514738865160751,-1.9093875885009766
179,1,3.0184867865853495,1.3612022845064693,1.8719920607174045,5.041688740837151,2.2735757076351297,3.1267326851982595,20.460307435535608,15.215258865401122,17.31316547813242,34.17424323016488,25.413594537345663,28.917665582394154,3.359560412977209,1.5218467405735052,2.1174948059683785,5.290646319649148,2.3966090402732365,3.3346374897139817,28.776538305692824,22.494379549460348,25.31377952437014,45.317383158571374,35.42421976292968,39.86421972341754,2.9824335826280524,1.3334855488446604,1.8388905558916837,5.0265734538675035,2.2474475542325734,3.0992537458848597,19.735786919472346,14.534281779063614,16.597920681950036,33.262562223829796,24.49598052651171,27.974023621264102,0.6532663316582914,-0.0017336683417086274,-0.0017336683417086274,0.5527638190954773,-0.0022361809045226,-0.0022361809045226,0.4723618090452262,-0.0026381909547738003,-0.0026381909547738003,0.4188311688311688,0.14492517207265987,0.1963689658074107,0.32573289902280134,0.42211055276381915,0.11885240740041059,0.1883876813113985,0.3282828282828283,0.4180602006688964,0.14093165308959754,0.19225374905599313,0.31879194630872487,25.0,2.0,2.0,38.0,6.0,6.0,46.0,6.0,6.0,0.0028023965064902286,0.0004711680335530893,0.000312202552626947,-0.02933063302886385,-0.023713332272530252,-0.026773415850093407,-1.990600347518921
179,0,3.219490527298491,1.4714047860359423,2.013713319377733,5.882525901730577,2.6884926954730797,3.679377423060549,25.015372284963675,19.2717748705913,21.676018843261737,45.707099977464495,35.212625689475466,39.60556529386095,3.6195920052839883,1.585421933402472,2.237532264383194,6.134901703871167,2.687155819326224,3.792427566751176,37.32233739885089,29.676433457948097,33.339240066280425,63.258198981103206,50.29903975923406,56.50718655301767,3.219490527298491,1.4714047860359423,2.013713319377733,5.882525901730577,2.6884926954730797,3.679377423060549,25.015372284963675,19.2717748705913,21.676018843261737,45.707099977464495,35.212625689475466,39.60556529386095,0.728643216080402,-0.001356783919598037,-0.001356783919598037,0.6080402010050252,-0.001959798994974782,-0.001959798994974782,0.4723618090452262,-0.0026381909547738003,-0.0026381909547738003,0.43050847457627117,0.13101608878946913,0.19713756138574134,0.34013605442176875,0.4120603015075377,0.09877709348748753,0.16665128648249594,0.3535353535353535,0.43050847457627117,0.13101608878946913,0.19713756138574134,0.34013605442176875,21.0,11.0,11.0,31.0,14.0,14.0,40.0,15.0,15.0,0.0018972858698856256,0.0005382311469484318,0.0002353037730163471,-0.005024194023570239,-0.0033727742913383096,-0.004210266054954559,-1.3324236869812012
235,1,3.190504106490508,1.393857721883983,1.9327184702320956,5.2920337574722796,2.3119675985740313,3.2057665643969484,24.300674483659822,18.271281228711494,20.783050924898326,40.30710677828605,30.30625688834182,34.47248566584932,2.9613441648195735,1.2091344183703587,1.7278408726992147,4.627100257530584,1.8892725287036858,2.699751363592523,19.323928851625116,13.556595902631813,15.890692729850647,30.19363883066424,21.182181097862205,24.829207390391634,3.190504106490508,1.393857721883983,1.9327184702320956,5.2920337574722796,2.3119675985740313,3.2057665643969484,24.300674483659822,18.271281228711494,20.783050924898326,40.30710677828605,30.30625688834182,34.47248566584932,0.6733668341708543,-0.001633165829145744,-0.001633165829145744,0.5025125628140703,-0.0024874371859296973,-0.0024874371859296973,0.3869346733668342,-0.0030653266331658324,-0.0030653266331658324,0.39492753623188404,0.07847184002935237,0.13589139165357078,0.3745454545454545,0.3869346733668342,0.08618279366758608,0.13651731109638343,0.3232323232323232,0.39492753623188404,0.07847184002935237,0.13589139165357078,0.3745454545454545,24.0,6.0,6.0,36.0,8.0,8.0,45.0,9.0,9.0,-9.823938044960391e-05,0.0003245109524135796,0.00026743584181194817,-0.00022489431977135155,0.00019273690668875076,4.029903692170933e-05,-1.4540128707885742
235,0,4.102865261655626,1.9255150031739503,2.6326470213452198,6.205583708254133,2.9123414423005998,3.9818786197846445,60.513426235002186,51.69052937313677,56.1632418119302,91.5265571804408,78.18192567686935,84.94690324054443,4.156211799113595,1.9199776462886384,2.642239227934846,5.8538194353712605,2.704193868012167,3.721463701316685,63.82926594936734,54.471241989291904,59.2845166285224,89.90037457657372,76.72005913984776,83.49931919510198,4.102865261655626,1.9255150031739503,2.6326470213452198,6.205583708254133,2.9123414423005998,3.9818786197846445,60.513426235002186,51.69052937313677,56.1632418119302,91.5265571804408,78.18192567686935,84.94690324054443,0.7839195979899498,-0.0010804020100502187,-0.0010804020100502187,0.6633165829145728,-0.0016834170854271857,-0.0016834170854271857,0.5879396984924623,-0.002060301507537776,-0.002060301507537776,0.4730290456431535,0.137625318935079,0.22061525253970526,0.4708333333333333,0.48743718592964824,0.15159758693215453,0.2303420273319855,0.48484848484848486,0.4730290456431535,0.137625318935079,0.22061525253970526,0.4708333333333333,27.0,4.0,4.0,36.0,1.0,1.0,52.0,7.0,7.0,3.447648538805409e-05,5.0230579236455064e-05,-3.9578218224305935e-05,1.765294534639139e-05,-6.285548396256502e-05,-8.431204445269458e-05,-0.7681722640991211
478,1,3.858912273261786,1.8177244078976456,2.4795072080712814,6.148816259592956,2.8963740565402047,3.9508631337399542,47.41375010615516,39.7140000710131,43.44121258268931,75.5493820372802,63.280549563702195,69.2195145548346,4.043606168660686,1.8477614993186449,2.5469395743870504,5.860298795160415,2.6779152164038336,3.6912167744739866,57.03163812428857,48.044048731518814,52.564863470250764,82.65454800621532,69.62905613263595,76.18096155108806,3.858912273261786,1.8177244078976456,2.4795072080712814,6.148816259592956,2.8963740565402047,3.9508631337399542,47.41375010615516,39.7140000710131,43.44121258268931,75.5493820372802,63.280549563702195,69.2195145548346,0.8442211055276382,-0.0007788944723617908,-0.0007788944723617908,0.7085427135678393,-0.0014572864321606982,-0.0014572864321606982,0.5678391959798995,-0.0021608040201005485,-0.0021608040201005485,0.4394463667820069,0.08082567712683442,0.16619722786122615,0.3715277777777778,0.44221105527638194,0.07971105527638189,0.16600473248104086,0.38888888888888884,0.4394463667820069,0.08082567712683442,0.16619722786122615,0.3715277777777778,24.0,0.0,0.0,38.0,0.0,0.0,45.0,0.0,0.0,0.0011792335159406745,0.0005425880343687395,0.00020733040361946606,-0.0003149833039568506,0.00014238108104080993,-5.260203672641239e-06,-0.797065019607544
478,0,3.3843200728548095,1.5594700437509132,2.1309896648631543,6.506628269101505,2.998206922824336,4.096999484704645,29.497929453183744,23.29606460305536,25.995942851361875,56.71214823902423,44.78856291426128,49.97929657874735,3.4404405756811403,1.4806794729856274,2.0833592883878573,5.782253068371665,2.4885369293876094,3.5014441821644664,31.200701410894084,24.103070153267,27.31586339852168,52.438153631754766,40.50936160212942,45.90901411516249,3.3843200728548095,1.5594700437509132,2.1309896648631543,6.506628269101505,2.998206922824336,4.096999484704645,29.497929453183744,23.29606460305536,25.995942851361875,56.71214823902423,44.78856291426128,49.97929657874735,0.7386934673366834,-0.0013065326633165952,-0.0013065326633165952,0.6030150753768844,-0.0019849246231156137,-0.0019849246231156137,0.49246231155778897,-0.002537688442211028,-0.002537688442211028,0.44107744107744107,0.1267917267917268,0.19807632125661245,0.42229729729729726,0.4522613065326633,0.1289530358559715,0.18681890252598543,0.4292929292929293,0.44107744107744107,0.1267917267917268,0.19807632125661245,0.42229729729729726,28.0,15.0,15.0,38.0,13.0,13.0,47.0,13.0,13.0,0.00029222528836574547,0.00015680961085005773,1.5350930724732958e-05,0.0005149329265217162,0.00011139288064487829,-3.329665942342075e-05,-1.3099677562713623
228,1,4.400091880705299,2.105782540145381,2.8448642742181347,7.200150350245034,3.4458259747833506,4.655232448720584,81.4583527720455,71.54076879869447,76.72218838781646,133.29548635425627,117.06671257968185,125.5453991800633,4.271189624939732,1.9788897086675563,2.718782926424631,6.621999418511212,3.0680460599497,4.215167327790126,71.60677016973426,61.709094821358825,66.8839472430147,111.0182483251694,95.67301522691291,103.69604223723209,4.400091880705299,2.105782540145381,2.8448642742181347,7.200150350245034,3.4458259747833506,4.655232448720584,81.4583527720455,71.54076879869447,76.72218838781646,133.29548635425627,117.06671257968185,125.5453991800633,0.7688442211055276,-0.0011557788944723812,-0.0011557788944723812,0.6231155778894473,-0.0018844221105527303,-0.0018844221105527303,0.5678391959798995,-0.0021608040201005485,-0.0021608040201005485,0.4773519163763066,0.14517800333282838,0.2316972234446727,0.513986013986014,0.48743718592964824,0.16663518091711693,0.2420281709046065,0.5252525252525253,0.4773519163763066,0.14517800333282838,0.2316972234446727,0.513986013986014,25.0,3.0,3.0,38.0,4.0,4.0,45.0,3.0,3.0,3.5734063148183494e-05,-0.0007584639954747893,-7.984270528950165e-05,-0.00030112346023614123,0.00015012813114179124,1.7489102663859057e-06,-0.758908748626709
228,0,3.383147610558404,1.5585749015209098,2.1358373432566102,5.672343299139839,2.6131794756039204,3.581044647376353,29.463364510083743,23.26321932306785,25.982397027789116,49.39965307079909,39.004200062628726,43.56330040587397,3.643450020545691,1.6556655267097447,2.29226955825775,6.2818103802511915,2.8545957357064564,3.9521888935478446,38.22348130239594,30.92413720945177,34.36149953762928,65.90255396964818,53.31747794733065,59.24396472005049,3.383147610558404,1.5585749015209098,2.1358373432566102,5.672343299139839,2.6131794756039204,3.581044647376353,29.463364510083743,23.26321932306785,25.982397027789116,49.39965307079909,39.004200062628726,43.56330040587397,0.7537688442211055,-0.0012311557788945438,-0.0012311557788945438,0.6180904522613065,-0.0019095477386934512,-0.0019095477386934512,0.48743718592964824,-0.002562814070351749,-0.002562814070351749,0.42652329749103945,0.11525317226742582,0.17980100905242202,0.3776978417266187,0.42211055276381915,0.09880228208712738,0.1700237414115654,0.4040404040404041,0.42652329749103945,0.11525317226742582,0.17980100905242202,0.3776978417266187,20.0,5.0,5.0,29.0,3.0,3.0,39.0,6.0,6.0,0.0008076170284690678,0.00017632833453999402,0.00021662137553689532,-0.0002456840853515274,0.00018111633153772289,2.978536601450088e-05,-1.294349193572998
90,1,3.7123520873313725,1.7434209406303491,2.3850233998552435,6.047164720873116,2.8399120982594996,3.885038116745334,40.950011344474014,33.78699516274657,37.17905482687046,66.7047354604954,55.03667765504001,60.562108177103454,3.7230770839518637,1.699517398015316,2.346138685378907,5.863113518034431,2.6764053512052217,3.6947065911478845,41.39156366887081,33.82635684880676,37.42881299569031,65.18356483286742,53.2698533052075,58.94301259163828,3.7123520873313725,1.7434209406303491,2.3850233998552435,6.047164720873116,2.8399120982594996,3.885038116745334,40.950011344474014,33.78699516274657,37.17905482687046,66.7047354604954,55.03667765504001,60.562108177103454,0.7537688442211055,-0.0012311557788945438,-0.0012311557788945438,0.6080402010050252,-0.001959798994974782,-0.001959798994974782,0.5175879396984925,-0.002412060301507535,-0.002412060301507535,0.46899224806201545,0.15177754786859188,0.2254355470310876,0.4669260700389105,0.4522613065326633,0.1389780985126131,0.20017449518040953,0.4494949494949495,0.46899224806201545,0.15177754786859188,0.2254355470310876,0.4669260700389105,21.0,2.0,2.0,32.0,1.0,1.0,41.0,2.0,2.0,-0.00020089781087404612,6.435134541582541e-05,7.223081789732176e-05,-0.00010015572628230274,-0.00015629801580718805,0.00010338106235963096,-0.8361456394195557
90,0,5.023916389002944,2.361954335276734,3.222658854050997,8.11791367735232,3.81657255395326,5.207345099533624,152.00545205759056,137.68108533572075,145.94819216459985,245.61856582476526,222.4724854510122,235.83092026596927,5.174626144332502,2.448982652647261,3.3366034991241085,7.781392698244364,3.682680680672573,5.017448870863321,176.73053021391107,161.46429575216598,170.44643014157668,265.7601958103926,242.80345225889621,256.3104212655288,5.023916389002944,2.361954335276734,3.222658854050997,8.11791367735232,3.81657255395326,5.207345099533624,152.00545205759056,137.68108533572075,145.94819216459985,245.61856582476526,222.4724854510122,235.83092026596927,0.8894472361809045,-0.0005527638190955253,-0.0005527638190955253,0.7839195979899498,-0.0010804020100502187,-0.0010804020100502187,0.7085427135678393,-0.0014572864321606982,-0.0014572864321606982,0.46212121212121215,0.09161081514578684,0.18252423479123736,0.43726235741444863,0.457286432160804,0.07884031687258342,0.18349678274511116,0.4444444444444444,0.46212121212121215,0.09161081514578684,0.18252423479123736,0.43726235741444863,29.0,4.0,4.0,38.0,2.0,2.0,47.0,0.0,0.0,-5.9427794759960485e-05,0.0004546887888249031,9.053118647845203e-05,-0.000141735257445319,-0.00018927773293242467,8.23537205478786e-05,-0.6269874572753906
342,1,3.4884991769008,1.573786987900796,2.1760144999351114,6.156175018060235,2.777271155119052,3.840025588120785,32.73677870480107,25.95179298237218,29.02138489840292,57.770785949648946,45.79728173359796,51.21420864424045,3.5603400726414205,1.5403517070019994,2.1729807701318133,5.651333448637176,2.4450027095269835,3.449175825606053,35.1751572199724,27.63691998939073,31.170895185407822,55.83358288884508,43.86812696728688,49.47761140540925,3.528808634416714,1.593979751395291,2.2023336613777977,6.1908923410819545,2.7964557042022644,3.8637432655750836,34.0833377015188,27.160478366273058,30.31559913013741,59.79532930091018,47.649962046093094,53.185261631820026,0.7035175879396984,-0.001482412060301641,-0.001482412060301641,0.6030150753768844,-0.0019849246231156137,-0.0019849246231156137,0.5125628140703518,-0.0024371859296482556,-0.0024371859296482556,0.45592705167173253,0.129675154858379,0.20516870991237968,0.4207317073170732,0.4522613065326633,0.1189279731993299,0.19349669885319754,0.40909090909090906,0.4548494983277592,0.13097637645797622,0.20679610566924977,0.42281879194630867,21.0,0.0,0.0,34.0,1.0,1.0,44.0,0.0,0.0,0.0009391852565530129,6.889138279441844e-05,9.308473194257337e-06,0.00038856727672431646,-1.255992094950642e-05,-0.00014544248242298607,-1.0072693824768066
342,0,3.30099176595927,1.4707521972239557,2.0266402136411186,6.008154325343857,2.676924634100745,3.6886996481087024,27.13954165140653,20.904161369633364,23.563160089706912,49.39683771472935,38.047785773300944,42.88744481936073,3.4086001314709535,1.4770944827575907,2.0801231810690997,5.777288358425345,2.5035499707755773,3.5256325102866093,30.222906536973912,23.32301530005667,26.44761748283718,51.22526531690494,39.53053440687572,44.82647030989352,3.3952275550485056,1.5330694414399304,2.116303235598772,5.787319696105407,2.613186547908972,3.607335060679725,29.821438721835055,23.383823826764242,26.228665751595287,50.83199782130975,39.85879061380268,44.70795298567378,0.6934673366834171,-0.0015326633165829717,-0.0015326633165829717,0.5778894472361809,-0.002110552763819218,-0.002110552763819218,0.4824120603015075,-0.0025879396984924696,-0.0025879396984924696,0.45189504373177847,0.14330697968519912,0.2133808697337335,0.41812865497076024,0.44221105527638194,0.12140905026385063,0.19680204025134018,0.398989898989899,0.4548494983277592,0.14266252003059732,0.21680722913977257,0.4261744966442953,24.0,4.0,4.0,36.0,3.0,3.0,45.0,3.0,3.0,0.00018909867058681788,0.00022449524858829346,0.00020852409992396038,-0.004540869055867702,-0.006333893052545392,-0.005302084501668247,-1.6648690700531006
368,1,3.1240204910369456,1.4087536526464068,1.9471198775801501,4.859587430501915,2.1913945707832996,3.028853142902456,22.737612487072376,17.17945404251767,19.493309232850347,35.36961942433481,26.723595177249713,30.322925473322762,3.38942907563406,1.5096137819013191,2.0986093383636604,4.984454522991265,2.22002026750194,3.0861902034759714,29.649020089336176,23.096725588781453,26.013254382154305,43.601500131376724,33.9657729246786,38.254785856109265,3.1240204910369456,1.4087536526464068,1.9471198775801501,4.859587430501915,2.1913945707832996,3.028853142902456,22.737612487072376,17.17945404251767,19.493309232850347,35.36961942433481,26.723595177249713,30.322925473322762,0.7587939698492463,-0.001206030150753712,-0.001206030150753712,0.5678391959798995,-0.0021608040201005485,-0.0021608040201005485,0.4824120603015075,-0.0025879396984924696,-0.0025879396984924696,0.41979522184300344,0.11996557959428111,0.17121406406774808,0.3904109589041096,0.4371859296482412,0.12390272162819105,0.17174352564156337,0.4242424242424242,0.41979522184300344,0.11996557959428111,0.17121406406774808,0.3904109589041096,24.0,7.0,7.0,36.0,9.0,9.0,45.0,8.0,8.0,0.0011195452165027326,9.027203233105924e-06,9.05586732245936e-05,-0.005018232032962366,-0.0033694417977789826,-0.004207478917314766,-1.246037483215332
368,0,3.5706435189629993,1.6336326414093338,2.246208918698876,6.502827600760429,2.975158784023621,4.090777832067489,35.5394561084068,28.60147463973768,31.77939729078444,64.7241750318667,52.08877831740306,57.87638579447498,3.8509763748801533,1.7340891143809976,2.400431253367207,6.211252217548634,2.7969179264209636,3.8716633118825916,47.03896848478128,38.73372333887474,42.77352942065483,75.86930400771175,62.47374732076571,68.98956358170135,3.5706435189629993,1.6336326414093338,2.246208918698876,6.502827600760429,2.975158784023621,4.090777832067489,35.5394561084068,28.60147463973768,31.77939729078444,64.7241750318667,52.08877831740306,57.87638579447498,0.7738693467336684,-0.0011306532663316604,-0.0011306532663316604,0.6482412060301508,-0.0017587939698492372,-0.0017587939698492372,0.5326633165829145,-0.0023366834170853723,-0.0023366834170853723,0.42700729927007297,0.10642442131014584,0.16972574587201472,0.41025641025641024,0.44221105527638194,0.10386519061472776,0.1734297531060981,0.43939393939393945,0.42700729927007297,0.10642442131014584,0.16972574587201472,0.41025641025641024,24.0,8.0,8.0,39.0,7.0,7.0,44.0,4.0,4.0,0.0008394187898818571,0.0006599655256331132,-0.00010048805482469813,-0.004886563517612963,-0.0050440092116437185,-0.0041408923349086635,-0.8673124313354492
266,1,3.2499937826936893,1.4541027576309205,1.9964263073488238,5.632188178385399,2.519937239664056,3.4597754331542445,25.7901795712484,19.765338956381726,22.287362664316632,44.69397611561896,34.25302196105943,38.6236494339728,2.8835392034415044,1.2874550221940142,1.773165609224652,4.904481209272302,2.1897739266376823,3.0158970618436385,17.877433218742976,12.943758047115654,14.841940993776204,30.406916329314978,22.015451721162524,25.243985109072348,3.249238572790471,1.4686994498252905,2.0182716332462176,5.570123267640807,2.5177704854147835,3.459894228422087,25.770709924990616,19.837655722702124,22.346170666679658,44.17835987141248,34.007409810346495,38.307721142879416,0.6262626262626263,0.0012626262626262985,0.0012626262626262985,0.48484848484848486,-0.00015151515151512474,-0.00015151515151512474,0.38383838383838387,-0.0011616161616161413,-0.0011616161616161413,0.406060606060606,0.11407876037225506,0.1681573802541544,0.39209726443769,0.38888888888888884,0.10173523649594174,0.1607009694258016,0.31472081218274117,0.39799331103678925,0.10417027263946033,0.16106338890108296,0.3825503355704698,23.0,0.0,0.0,36.0,0.0,0.0,43.0,0.0,0.0,0.0001570614269927949,-2.5959319083495867e-06,-0.00023678314533793774,-0.00428301283828425,-0.0035083476680810577,-0.004332925548859556,-1.72178316116333
266,0,3.695847100849393,1.7046962872042968,2.3240779460246843,6.581929949265493,3.035891702493046,4.138947802751826,40.27967909047933,32.955721665991916,36.337359988061195,71.73403523416825,58.69080768606426,64.71316357424382,3.7985193693458137,1.7437687209882982,2.4037206897233485,5.889177316815215,2.7035173968810824,3.726698743757129,44.63504752355649,36.83015605608699,40.60088519176553,69.20162406752944,57.10101714122014,62.94710882444268,3.660866587457051,1.6922014334250521,2.3103928056103964,6.498579741048019,3.0039078699852992,4.1012890040421235,38.89503421977046,31.73392309445871,35.035780677877156,69.04443944337952,56.33240785998588,62.193693511024534,0.7135678391959799,-0.0014321608040201994,-0.0014321608040201994,0.6080402010050252,-0.001959798994974782,-0.001959798994974782,0.5376884422110553,-0.0023115577889447625,-0.0023115577889447625,0.439873417721519,0.1254974303597497,0.19566289140572957,0.4571428571428572,0.4522613065326633,0.13647183284845277,0.2151995369166365,0.48484848484848486,0.43143812709030105,0.11758169971133614,0.18894646969319318,0.44966442953020136,28.0,6.0,6.0,39.0,6.0,6.0,47.0,6.0,6.0,-4.846204126181469e-06,-0.00011224245493448441,0.00017804437269120803,0.00043990332195509296,3.7795904697546234e-05,-9.98832418286355e-05,-1.08292818069458
109,1,3.1773141597179655,1.4279347989155278,1.9663935483836845,5.165091983777974,2.3212733184341094,3.196600349589241,23.982254468613736,18.23122221650801,20.625681138566627,38.98593090956913,29.63696222388002,33.52943239274378,3.3084672827217445,1.3962599651901875,1.9788599868511625,4.595093448224645,1.9392499516530384,2.748416648404392,27.3431839673704,20.57517249406004,23.563625119641884,37.976644399125554,28.576628463972277,32.72725711061373,3.247622057745688,1.4384616713640452,1.9948188758332903,5.074409465227637,2.24759636150632,3.116904493489516,25.729084837536462,19.623765667003763,22.22894408774686,40.20169505865072,30.66213385469338,34.73272513710447,0.6633165829145728,-0.0016834170854271857,-0.0016834170854271857,0.5376884422110553,-0.0023115577889447625,-0.0023115577889447625,0.4974874371859297,-0.002512562814070307,-0.002512562814070307,0.44680851063829785,0.146353275433442,0.20515026999117958,0.4359756097560976,0.46733668341708545,0.1690910693819977,0.2252665665556497,0.46464646464646464,0.45150501672240806,0.14432638567065514,0.20567631816845922,0.44630872483221473,27.0,13.0,13.0,36.0,9.0,9.0,44.0,10.0,10.0,0.00014762266024901755,0.00011529427790800142,0.0001704943804524569,0.00038856727672431646,-1.255992094950642e-05,-0.00014544248242298607,-0.8531506061553955
109,0,3.7679576000451167,1.75825567530265,2.3991316496723023,6.037546095978725,2.8173219592568777,3.8442226433345663,43.29155580957087,35.83046276097136,39.36082269994939,69.36775609252877,57.41255436553305,63.06938841980194,3.7280866153276144,1.6480852058376074,2.2912306641123448,6.213477692212691,2.7468086763960122,3.8187177735205746,41.599436243132516,33.59495604660927,37.39198966065616,69.3323937385542,55.99159341101545,62.31998276776027,3.7679576000451167,1.75825567530265,2.3991316496723023,6.037546095978725,2.8173219592568777,3.8442226433345663,43.29155580957087,35.83046276097136,39.36082269994939,69.36775609252877,57.41255436553305,63.06938841980194,0.7839195979899498,-0.0010804020100502187,-0.0010804020100502187,0.6281407035175879,-0.0018592964824121205,-0.0018592964824121205,0.542713567839196,-0.0022864321608039306,-0.0022864321608039306,0.46886446886446886,0.13431236648786926,0.2106427879874896,0.4375,0.457286432160804,0.11894056749914983,0.18683568090871716,0.4040404040404041,0.46886446886446886,0.13431236648786926,0.2106427879874896,0.4375,26.0,0.0,0.0,37.0,-1.0,-1.0,48.0,0.0,0.0,3.3856431804873774e-05,0.00020981884343326633,6.698328836733685e-05,-0.00020410455418851114,0.00020435748183800229,5.0812707827141423e-05,-1.0056242942810059
181,1,3.091014575492287,1.3353836173150773,1.8556474125904718,5.633328338767009,2.4337168883612064,3.3818899590406235,21.999386695496217,16.21228868843298,18.55974549796603,40.09355681782743,29.546656307913363,33.8248616175949,3.295940284153924,1.4191160937106029,1.9791801003801506,5.732070059398128,2.468027989061918,3.442052348487218,27.00279243443077,20.470067242008888,23.271479429447872,46.961378146836125,35.600116942624155,40.472138138170216,3.113528885570258,1.3429461521214208,1.876029145682541,5.660961610127742,2.4417202765844013,3.4109620830591654,22.500305470170964,16.626029969160694,19.05332114587457,40.90964630940175,30.229145398473985,34.64240208340831,0.6080402010050252,-0.001959798994974782,-0.001959798994974782,0.4974874371859297,-0.002512562814070307,-0.002512562814070307,0.4120603015075377,-0.0029396984924623393,-0.0029396984924623393,0.39413680781758953,0.10633192976880901,0.1633675770483588,0.3594771241830066,0.3869346733668342,0.10873918464502963,0.16155904732342852,0.3535353535353535,0.3913043478260869,0.1024896566741671,0.1621608550563428,0.35906040268456374,18.0,0.0,0.0,29.0,0.0,0.0,37.0,0.0,0.0,0.0007121353186713427,0.0001195709921762685,0.00012675397638767008,-0.024388609003989536,-0.02196261142739875,-0.02439331305577941,-1.5079171657562256
181,0,3.492060839729821,1.5547761472818329,2.133817764663442,5.38209376844957,2.3962787012230313,3.288719132135924,32.853583959645896,25.913702508204196,28.964229967172983,50.63516290687692,39.939160051304405,44.64074618651919,3.416401077155492,1.4265308390306157,2.0098362360681374,5.061334929119247,2.1133790207860974,2.977535164545389,30.45959578899299,23.14501124247461,26.377686503496818,45.125327094804426,34.28890554440683,39.07805407925454,3.492060839729821,1.5547761472818329,2.133817764663442,5.38209376844957,2.3962787012230313,3.288719132135924,32.853583959645896,25.913702508204196,28.964229967172983,50.63516290687692,39.939160051304405,44.64074618651919,0.7688442211055276,-0.0011557788944723812,-0.0011557788944723812,0.6482412060301508,-0.0017587939698492372,-0.0017587939698492372,0.4824120603015075,-0.0025879396984924696,-0.0025879396984924696,0.43624161073825507,0.11295852866120315,0.18066125359539797,0.4242424242424242,0.44723618090452266,0.09134645659374574,0.16509928607981483,0.4191919191919192,0.43624161073825507,0.11295852866120315,0.18066125359539797,0.4242424242424242,23.0,3.0,3.0,36.0,3.0,3.0,47.0,6.0,6.0,0.00035932761339958915,0.0002250820497488758,0.00011034740422643626,0.0005109839999661858,0.00010751935559483172,-3.6801216390713876e-05,-1.3077747821807861
350,1,3.2104453737383447,1.4695408378509685,2.019022911956162,5.20805582850887,2.3839218036249044,3.275303834951107,24.790124636779296,19.087625431074933,21.498364354890384,40.21509107744197,30.96437014374378,34.875124397933284,3.320268675310528,1.465491218188012,2.0359526279063616,5.147703372574462,2.2720794080434294,3.156515702180405,27.667783210232663,21.277507228268718,24.0555866692855,42.895787922841336,32.98838329964142,37.295483208194575,3.2104453737383447,1.4695408378509685,2.019022911956162,5.20805582850887,2.3839218036249044,3.275303834951107,24.790124636779296,19.087625431074933,21.498364354890384,40.21509107744197,30.96437014374378,34.875124397933284,0.7035175879396984,-0.001482412060301641,-0.001482412060301641,0.5879396984924623,-0.002060301507537776,-0.002060301507537776,0.4522613065326633,-0.0027386934673366836,-0.0027386934673366836,0.42611683848797255,0.12251478016893314,0.18497398134511545,0.403448275862069,0.40703517587939697,0.088739436531026,0.16162616085435522,0.398989898989899,0.42611683848797255,0.12251478016893314,0.18497398134511545,0.403448275862069,20.0,8.0,8.0,31.0,11.0,11.0,40.0,12.0,12.0,0.0004583367201775571,0.0003082192913770329,2.3438611455598344e-05,-0.00032884314767755995,0.00013463403094249315,-1.2269317609892028e-05,-1.610215187072754
350,0,3.1222554803385165,1.4227901930437958,1.9651581265206903,6.143793041956435,2.799683928247469,3.8669240554116806,22.697515753766908,17.226494568848395,19.51682830012876,44.66285357999295,33.89729576450813,38.404081493801755,3.213344926211103,1.3950348608340757,1.9641183883219504,5.842445320383823,2.536427019698319,3.5711243424035457,24.86210921506723,18.70067199438805,21.374464861868237,45.20383493648587,34.00122180797827,38.86266338521497,3.1222554803385165,1.4227901930437958,1.9651581265206903,6.143793041956435,2.799683928247469,3.8669240554116806,22.697515753766908,17.226494568848395,19.51682830012876,44.66285357999295,33.89729576450813,38.404081493801755,0.6683417085427136,-0.0016582914572863539,-0.0016582914572863539,0.5276381909547738,-0.002361809045226204,-0.002361809045226204,0.4321608040201005,-0.002839195979899567,-0.002839195979899567,0.41975308641975306,0.1363855299515806,0.18856293594095686,0.3429752066115702,0.4120603015075377,0.1213334844649312,0.17499853189151093,0.3282828282828283,0.41975308641975306,0.1363855299515806,0.18856293594095686,0.3429752066115702,26.0,5.0,5.0,40.0,9.0,9.0,42.0,2.0,2.0,0.0002522727825037249,0.00016924709154991538,0.0003359979729303461,-0.004671735939937527,-0.005318341891435985,-0.00567764051104902,-0.8713932037353516
461,1,3.178240638205459,1.4621102162889814,1.9475896673092572,5.565797020076876,2.5604759397450936,3.4106570271415766,24.0044838073725,18.441523355581786,20.581026425172727,42.03712042364258,32.295155534896885,36.041895056765895,3.11933160906461,1.3665587364553067,1.9088842942800077,4.690724224157308,2.0549755435418144,2.870502698165425,22.631248065770418,16.860666466105354,19.276263014406105,34.03195197860213,25.35438566331632,28.98686167579865,3.1213772815206777,1.4254831900450906,1.9634099580646975,5.231358572381024,2.3890779721426094,3.290631214633571,22.67759157224092,17.22607362962791,19.49413581309338,38.00713671325294,28.870514463063536,32.67173599959784,0.6381909547738693,-0.0018090452261306789,-0.0018090452261306789,0.5025125628140703,-0.0024874371859296973,-0.0024874371859296973,0.4321608040201005,-0.002839195979899567,-0.002839195979899567,0.4189944134078212,0.12331798384017822,0.18243527362287493,0.4201680672268907,0.42211055276381915,0.11383987607208979,0.1917265794750045,0.398989898989899,0.4280936454849499,0.13260115800581795,0.19783780566292541,0.4093959731543624,20.0,2.0,2.0,32.0,6.0,6.0,38.0,1.0,1.0,0.0004055709345988388,-0.0003894660428758642,0.00026957877278025746,-0.005768985214602118,-0.006391995928293426,-0.007383865900282949,-1.7066986560821533
461,0,3.321832742009844,1.5074040937489948,2.076002213845316,5.865407527320238,2.6616449426767965,3.665626766161158,27.711091328159476,21.573522863104568,24.23527096055124,48.92986983086444,38.09267751256749,42.792564153201894,3.9045373878287313,1.7767093299827001,2.4514014173898713,6.197678393378938,2.8201735396550793,3.8911133609363033,49.627116492893464,41.23050645189953,45.35061199230181,78.77320078237058,65.44524833634847,71.98509840047906,3.349991417250107,1.512884653033055,2.08571165828012,5.91174955985313,2.669796446528921,3.6806676322590355,28.502489012982952,22.22414179358603,24.961947238871634,50.298510022911096,39.219073753387114,44.05049512742053,0.7537688442211055,-0.0012311557788945438,-0.0012311557788945438,0.6331658291457287,-0.0018341708542712887,-0.0018341708542712887,0.5276381909547738,-0.002361809045226204,-0.002361809045226204,0.41233766233766234,0.10115451809130904,0.1671972735687638,0.3648208469055375,0.42713567839195976,0.09380234505862639,0.17337941795790301,0.4292929292929293,0.41137123745819393,0.10252315732463801,0.16665488595652544,0.3691275167785235,20.0,0.0,0.0,34.0,0.0,0.0,41.0,0.0,0.0,0.0020616538529680847,0.00011387784917589951,0.0002780217979793406,-0.004204034307158544,-0.00342754467352524,-0.004260047271844591,-1.6981611251831055
484,1,2.992988633453299,1.3099041298863534,1.8098916118274737,5.546329219054701,2.427392963857197,3.3539234388667305,19.945202404800316,14.56307080649812,16.68073371126633,36.960601066522614,26.986933471928715,30.91119015421105,3.652240956847991,1.6114561598726809,2.2509670825587857,5.2550229594935125,2.3186419566513394,3.2388015576385403,38.56098279531797,30.86433566063442,34.50061372180092,55.4834284824719,44.40911605846679,49.641170822735134,3.181560213749225,1.418316787682618,1.953311581357445,5.581684585524957,2.488275066109856,3.4268624234341143,24.084300910916728,18.252980699601956,20.669057961329962,42.25315949283637,32.02277315719642,36.26150519531573,0.7537688442211055,-0.0012311557788945438,-0.0012311557788945438,0.6381909547738693,-0.0018090452261306789,-0.0018090452261306789,0.507537688442211,-0.0024623115577889765,-0.0024623115577889765,0.4036697247706422,0.10748651866377201,0.16664022324470118,0.3159509202453987,0.40703517587939697,0.07620810821022406,0.15327891544534022,0.38383838383838387,0.4247491638795987,0.1209094309914518,0.18448220058705145,0.3422818791946308,26.0,5.0,5.0,38.0,8.0,8.0,49.0,10.0,10.0,0.0015300268601959148,0.0005537758208565936,0.0007985401791208429,-0.017387778270075316,-0.020080788665768345,-0.02420341166074369,-1.2436060905456543
484,0,3.531563243695668,1.5959897314389322,2.1882419155828465,6.204760421215305,2.8040652920420124,3.844619476683751,34.17735340863045,27.249337190187013,30.345604519010358,60.04771119710767,47.87557159109246,53.315541272983474,3.4926550202633266,1.477007072624473,2.0738001494034384,5.821091700438878,2.4616784543741215,3.456333582339064,32.87311072032665,25.367521685649002,28.740725105736715,54.788517867211084,42.279202809415,47.901208509561194,3.531563243695668,1.5959897314389322,2.1882419155828465,6.204760421215305,2.8040652920420124,3.844619476683751,34.17735340863045,27.249337190187013,30.345604519010358,60.04771119710767,47.87557159109246,53.315541272983474,0.7587939698492463,-0.001206030150753712,-0.001206030150753712,0.5879396984924623,-0.002060301507537776,-0.002060301507537776,0.4723618090452262,-0.0026381909547738003,-0.0026381909547738003,0.39682539682539686,0.07603331761747611,0.13825019893621482,0.3904382470119522,0.40703517587939697,0.0787143738743844,0.13658442462731013,0.38888888888888884,0.39682539682539686,0.07603331761747611,0.13825019893621482,0.3904382470119522,22.0,4.0,4.0,34.0,3.0,3.0,43.0,7.0,7.0,-0.0003439036673781126,4.504225822526002e-05,0.00012219590414876217,-5.857619511928647e-05,-0.00012331829868550415,0.00012440840417138332,-0.8383264541625977
189,1,3.2745577618272192,1.498261473347535,1.9994073450605427,6.107983389936782,2.794684613497993,3.729464477833137,26.431533862274343,20.52359930003921,22.852294114991302,49.30234295553763,38.28236138867417,42.6260408362532,3.5672684602401965,1.6528792987024334,2.259206537111263,5.530648775566196,2.562603563879742,3.5026457939709505,35.41971054488746,28.636916205220363,31.72071272626621,54.9142799145542,44.39831969801607,49.17939957560653,3.3753616889583626,1.5772608208271994,2.1494922142184985,5.819589118893729,2.719415208322758,3.706021058997412,29.23485579376952,23.196686504917103,25.827728587434898,50.404923782361244,39.99428707744328,44.53056653006017,0.6934673366834171,-0.0015326633165829717,-0.0015326633165829717,0.5979899497487438,-0.0020100502512562235,-0.0020100502512562235,0.48743718592964824,-0.002562814070351749,-0.002562814070351749,0.4178272980501393,0.12158251362732986,0.17833560694554496,0.36592178770949724,0.42713567839195976,0.11635873603607005,0.1950822560213421,0.36868686868686873,0.43143812709030105,0.13093729236576013,0.19895759316371597,0.37583892617449666,22.0,5.0,5.0,36.0,5.0,5.0,44.0,4.0,4.0,0.0011633756603341536,0.0002379864819078343,0.00043519740260844394,-0.008500045448810667,-0.008436676122740572,-0.009032633158559733,-1.8176600933074951
189,0,3.140529183193027,1.335787821163596,1.7341353815980345,6.014113385814646,2.5580336775282864,3.3208692557602357,23.116096272272415,17.03769713189058,19.034885094764583,44.26732436140167,32.62719000757046,36.45180495647417,3.4144381320837773,1.4821078191867414,2.046839982683348,5.908462506823232,2.564690921897057,3.5419231004694454,30.39986391992125,23.494280242976583,26.473954006665434,52.60498191360286,40.655319724802965,45.81145084631672,3.47736002051312,1.5705991440278972,2.1641011718348366,6.2843855792405785,2.838432188002224,3.9110262141593437,32.37414208984156,25.642891991816647,28.655870816974495,58.50748570453295,46.34257588882527,51.78771834392981,0.7525252525252525,0.002525252525252486,0.002525252525252486,0.601010101010101,0.0010101010101010166,0.0010101010101010166,0.505050505050505,5.0505050504967564e-05,5.0505050504967564e-05,0.4345549738219895,0.1195222940834274,0.1588951497750687,0.3910761154855643,0.4545454545454546,0.12205175177467376,0.18273337400854184,0.4314720812182741,0.4448160535117057,0.11259568623290772,0.1856391903303931,0.43624161073825507,23.0,-1.0,-1.0,36.0,0.0,0.0,46.0,0.0,0.0,-6.373441322744184e-05,0.0007460534040684911,6.357533400303782e-05,-0.002158490351036768,-0.00371418552720737,-0.0027280014610209236,-1.4306035041809082
272,1,3.4785805595299553,1.4978803933753393,2.0790678804374676,6.241708379865806,2.687686095914616,3.730526054969357,32.41368011734302,25.165864232948284,28.360455852786718,58.16071680629634,45.15577057401359,50.88791014719886,3.5378981930526656,1.4991390182516113,2.091424230178102,6.612893818790029,2.8021290060777786,3.9092041685572,34.3945524577406,26.71348004258643,30.146443372224443,64.28888309858056,49.931738397357805,56.34849228453166,3.4785805595299553,1.4978803933753393,2.0790678804374676,6.241708379865806,2.687686095914616,3.730526054969357,32.41368011734302,25.165864232948284,28.360455852786718,58.16071680629634,45.15577057401359,50.88791014719886,0.7437185929648241,-0.0012814070351758744,-0.0012814070351758744,0.5979899497487438,-0.0020100502512562235,-0.0020100502512562235,0.46733668341708545,-0.002663316582914521,-0.002663316582914521,0.4365079365079365,0.11373565928021379,0.18584830590107637,0.40637450199203184,0.44221105527638194,0.12140905026385063,0.19346314208773419,0.41414141414141414,0.4365079365079365,0.11373565928021379,0.18584830590107637,0.40637450199203184,24.0,9.0,9.0,36.0,7.0,7.0,43.0,7.0,7.0,0.00016495715020129088,0.00019970984209516618,0.0003037862069606073,-5.857619511928647e-05,-0.00012331829868550415,0.00012440840417138332,-1.1911497116088867
272,0,3.3348508599863154,1.491705440100869,2.0617920529807705,6.349921500521889,2.840370632520833,3.9258780186894136,28.07419592559743,21.75782122730754,24.50243472727778,53.456345666548536,41.4292760355582,46.65532091906318,3.4951806284075406,1.5524049705075453,2.1263791759268487,6.29762275388746,2.7971260729865675,3.8313138304988255,32.956240248606214,25.978147334972725,29.02560343248091,59.38061306055173,46.80747267562653,52.29838456302866,3.3348508599863154,1.491705440100869,2.0617920529807705,6.349921500521889,2.840370632520833,3.9258780186894136,28.07419592559743,21.75782122730754,24.50243472727778,53.456345666548536,41.4292760355582,46.65532091906318,0.7537688442211055,-0.006231155778894548,-0.006231155778894548,0.6080402010050252,-0.006959798994974786,-0.006959798994974786,0.457286432160804,-0.007713567839195967,-0.007713567839195967,0.41877256317689526,0.09805184245617449,0.16307028226453035,0.39855072463768115,0.42713567839195976,0.09881487638694719,0.16169327438528192,0.41414141414141414,0.41877256317689526,0.09805184245617449,0.16307028226453035,0.39855072463768115,27.0,0.0,0.0,38.0,0.0,0.0,47.0,0.0,0.0,0.00041023579700366956,0.0003707680530315928,-8.238906694454974e-05,-0.00023182424163081805,0.0001888633816387042,3.6794479953528025e-05,-1.204535961151123
148,1,3.492334355102029,1.5471014479784357,2.123583109475656,5.994305236369155,2.6554726345898527,3.644956083428365,32.86257114890217,25.86731023748832,28.932131672732922,56.40590570333955,44.39911458673369,49.659628990511735,3.3537292773999163,1.4335348591906778,2.014193469075501,5.3233798053966925,2.27545215744552,3.1971324905960326,28.60922669181842,21.78694197507763,24.791955543267505,45.41147093939432,34.5824475794883,39.352310386138896,3.487239506332372,1.5358819432610333,2.117102274566056,5.910575434461648,2.603189734340735,3.5883089399424684,32.69556711012738,25.657331163050287,28.75967632247184,55.416215440893865,43.487001971271674,48.74521410588448,0.6381909547738693,-0.0018090452261306789,-0.0018090452261306789,0.5326633165829145,-0.0023366834170853723,-0.0023366834170853723,0.4170854271356784,-0.0029145728643216184,-0.0029145728643216184,0.42441860465116277,0.12978870624767946,0.18492691354656843,0.39358600583090375,0.4120603015075377,0.11381468747244994,0.16999018464610194,0.3535353535353535,0.4247491638795987,0.12925667640046679,0.18003281237793023,0.38590604026845643,24.0,1.0,1.0,33.0,2.0,2.0,43.0,2.0,2.0,0.00015117240706618082,-3.496554160764858e-05,0.00012963943370251552,-0.004346195663182506,-0.004314115929423323,-0.004030219773056842,-1.3048505783081055
148,0,3.6993512563538133,1.697271152592295,2.340726971293976,5.924135928007155,2.718007649955493,3.7484368980861573,40.421072938012614,33.01663083900591,36.53023600229124,64.73024966996425,52.872786448477996,58.49946884283003,3.7921317354518567,1.740980779799921,2.4009205905396334,5.745654144624025,2.6378496663635165,3.637758470514596,44.35084384200723,36.57399707897892,40.33112827797329,67.19824824546549,55.415147089361994,61.107770118141346,3.6993512563538133,1.697271152592295,2.340726971293976,5.924135928007155,2.718007649955493,3.7484368980861573,40.421072938012614,33.01663083900591,36.53023600229124,64.73024966996425,52.872786448477996,58.49946884283003,0.7638190954773869,-0.001180904522613102,-0.001180904522613102,0.6080402010050252,-0.001959798994974782,-0.001959798994974782,0.5175879396984925,-0.002412060301507535,-0.002412060301507535,0.4473684210526315,0.13008176897385693,0.1878932023937394,0.44493392070484583,0.4623115577889447,0.14401581844057376,0.20521639919128198,0.46464646464646464,0.4473684210526315,0.13008176897385693,0.1878932023937394,0.44493392070484583,24.0,5.0,5.0,36.0,4.0,4.0,45.0,5.0,5.0,-0.0002798433479918861,-9.362464827680466e-05,9.572075450943561e-05,0.00010774192953277861,8.600569800343294e-06,-2.5414557059733056e-05,-0.6056437492370605
282,1,3.2416086970491613,1.4558149284280373,1.9851650314929734,5.628069087514802,2.527580519908801,3.4466362203221563,25.574830827342897,19.610518474233814,22.061924650336707,44.40292714195117,34.047709989007174,38.303832368376,3.737371270980068,1.6558187980528505,2.3108816363945683,5.377512620115207,2.382473090723526,3.325009548769163,41.987471282308896,33.97056599565846,37.82341513525067,60.413627744329354,48.87851222396902,54.4221800507204,3.2416086970491613,1.4558149284280373,1.9851650314929734,5.628069087514802,2.527580519908801,3.4466362203221563,25.574830827342897,19.610518474233814,22.061924650336707,44.40292714195117,34.047709989007174,38.303832368376,0.7537688442211055,-0.0012311557788945438,-0.0012311557788945438,0.6381909547738693,-0.0018090452261306789,-0.0018090452261306789,0.5477386934673367,-0.002261306532663321,-0.002261306532663321,0.45035460992907805,0.14415991966359132,0.19917536464605923,0.37722419928825623,0.4623115577889447,0.11895316179896975,0.20354695010947899,0.4292929292929293,0.45035460992907805,0.14415991966359132,0.19917536464605923,0.37722419928825623,23.0,6.0,6.0,34.0,8.0,8.0,43.0,9.0,9.0,0.0014218660540901808,0.0006376467898406949,0.00010453817240950457,-0.00026647385093347964,0.00016949575638847136,1.9271695109068787e-05,-1.4232029914855957
282,0,3.874587924909392,1.7340800653329218,2.4174670263734743,6.9917376088590535,3.1291670351872276,4.362346513756645,48.162847491625676,39.65909224566632,43.86926742824361,86.91040148864784,71.56527924030013,79.1625878404396,3.9257240582950153,1.71928231018265,2.4045088544875854,6.827346188339157,2.9900561916219996,4.181754529543627,50.689767121082234,41.606429103734094,46.11198236315774,88.15611673231693,72.35900713692887,80.1947519359265,3.874587924909392,1.7340800653329218,2.4174670263734743,6.9917376088590535,3.1291670351872276,4.362346513756645,48.162847491625676,39.65909224566632,43.86926742824361,86.91040148864784,71.56527924030013,79.1625878404396,0.7587939698492463,-0.001206030150753712,-0.001206030150753712,0.6231155778894473,-0.0018844221105527303,-0.0018844221105527303,0.5125628140703518,-0.0024371859296482556,-0.0024371859296482556,0.4393305439330544,0.11782741240904604,0.18202873586629498,0.4285714285714286,0.42713567839195976,0.1088399390435888,0.17170996887610002,0.4292929292929293,0.4393305439330544,0.11782741240904604,0.18202873586629498,0.4285714285714286,20.0,3.0,3.0,30.0,0.0,0.0,42.0,3.0,3.0,5.1209137801787265e-05,1.918995050657017e-05,0.00013193484174319134,3.151278906887711e-05,-5.1862244922595835e-05,-7.525089254567519e-05,-0.5988779067993164
288,1,3.4615314745975483,1.563865584310534,2.1474430132249878,6.453702749249667,2.915681597867098,4.003707312792351,31.86574073702357,25.195433707459543,28.14438345919032,59.410703069026994,46.97453742068728,52.47257933069381,3.616537586528452,1.581175021399428,2.1985338847229805,6.129724722929581,2.6799576633888615,3.726328618174544,37.20851327326466,29.553486204988467,33.07964352092194,63.06527673434688,50.090654584726224,56.06719240834228,3.5532391470012854,1.5979932997052473,2.2075924827828284,6.460434812729609,2.905442363100449,4.013804514150596,34.92626576983651,27.86060988725161,31.085596408647902,63.502301399702745,50.655654340457474,56.51926619754163,0.6984924623115578,-0.0015075376884421399,-0.0015075376884421399,0.592964824120603,-0.0020351758793969443,-0.0020351758793969443,0.48743718592964824,-0.002562814070351749,-0.002562814070351749,0.4285714285714286,0.10383698244092787,0.17073523039144878,0.41158536585365857,0.4170854271356784,0.09628342212314711,0.15832081945621268,0.41414141414141414,0.4347826086956522,0.10757058866226321,0.17783043961890022,0.42281879194630867,26.0,1.0,1.0,38.0,4.0,4.0,49.0,4.0,4.0,0.0006339834118811028,0.0005725597704275456,0.0001447960415164509,0.00038856727672431646,-1.255992094950642e-05,-0.00014544248242298607,-1.1470940113067627
288,0,4.066734178798405,1.872464318375255,2.56381934471347,6.605205194863651,3.0412637018196818,4.16416517771933,58.36603795451667,49.392591158815144,53.87126644681378,94.7983419006481,80.22363532164243,87.49791684036633,4.137925536189247,1.8627367280349043,2.5625412835327657,6.269584145741283,2.822328375810461,3.882638308382978,62.67267430833195,52.942918411933846,57.840076108246706,94.95859743686658,80.21654304838461,87.63647895188893,4.066734178798405,1.872464318375255,2.56381934471347,6.605205194863651,3.0412637018196818,4.16416517771933,58.36603795451667,49.392591158815144,53.87126644681378,94.7983419006481,80.22363532164243,87.49791684036633,0.8442211055276382,-0.0007788944723617908,-0.0007788944723617908,0.7085427135678393,-0.0014572864321606982,-0.0014572864321606982,0.5829145728643217,-0.002085427135678275,-0.002085427135678275,0.44881889763779526,0.09911359311913126,0.1752586882137115,0.44664031620553357,0.4623115577889447,0.10391556781400735,0.1768357648006309,0.46464646464646464,0.44881889763779526,0.09911359311913126,0.1752586882137115,0.44664031620553357,28.0,11.0,11.0,39.0,8.0,8.0,49.0,9.0,9.0,-0.0001788940615760473,-3.823165365873943e-05,7.850990574989612e-05,-7.243603883999583e-05,-0.00013431153772813786,0.00011739929023413254,-0.7810502052307129
271,1,3.1359578201899656,1.4101684861115034,1.9272803188329621,5.857732532052955,2.634088304246016,3.6000141804615713,23.010665370063244,17.393712437359333,19.661612765082108,42.98218625728794,32.490142099973085,36.726408749870345,3.5499881266349522,1.6126688532957738,2.21473215111866,5.634901788309448,2.5597918306282126,3.515447858918508,34.81290413882889,27.87278269595231,31.011935361980253,55.2585779981411,44.24251221579732,49.22529422536549,3.1359578201899656,1.4101684861115034,1.9272803188329621,5.857732532052955,2.634088304246016,3.6000141804615713,23.010665370063244,17.393712437359333,19.661612765082108,42.98218625728794,32.490142099973085,36.726408749870345,0.7035175879396984,-0.001482412060301641,-0.001482412060301641,0.6030150753768844,-0.0019849246231156137,-0.0019849246231156137,0.5025125628140703,-0.0024874371859296973,-0.0024874371859296973,0.44256756756756754,0.14071259286267712,0.19537655633161244,0.4067796610169492,0.457286432160804,0.13397816148411223,0.20686906989035325,0.4444444444444444,0.44256756756756754,0.14071259286267712,0.19537655633161244,0.4067796610169492,22.0,1.0,1.0,37.0,5.0,5.0,42.0,0.0,0.0,0.0013756967136000452,0.00013285927514068368,0.0002463923041215484,-0.00036349275698022154,0.0001152664056931485,-2.979210245257491e-05,-1.6238746643066406
271,0,3.545801803123119,1.628720185130408,2.239409673509569,6.154207727259667,2.8268591718930076,3.8867915022982187,34.667470687852,27.866389362373344,30.974644277878706,60.169977860524746,48.36580222664799,53.76058949378948,4.139659191495809,1.9012496486974109,2.6022796444626426,6.786326543435753,3.116802702782641,4.266032204037119,62.781421360437875,53.40301789021431,58.1290384275014,102.92036288596373,87.54593096756443,95.29350561885474,3.545579062257722,1.6319084228948455,2.237405199995637,6.148402998134778,2.8298989992396164,3.8798934103970586,34.65974968535318,27.881827183355526,30.960337780946816,60.103612171132674,48.3499893352986,53.68844701898291,0.7738693467336684,-0.0011306532663316604,-0.0011306532663316604,0.6281407035175879,-0.0018592964824121205,-0.0018592964824121205,0.5326633165829145,-0.0023366834170853723,-0.0023366834170853723,0.43853820598006643,0.1400307432934993,0.20096914520658582,0.3533333333333334,0.4371859296482412,0.1213964559640307,0.18342966921418447,0.38888888888888884,0.4381270903010034,0.13595680649465947,0.19674777995617576,0.3523489932885906,26.0,0.0,0.0,37.0,1.0,1.0,48.0,2.0,2.0,0.0026769314994974243,0.0004982161550577778,0.0003675716490951151,-0.004176391821266279,-0.0034004299981758024,-0.004235515373064658,-1.528527021408081
429,1,2.2961708245212082,0.9462428132010132,1.2764013159365881,5.252490761092264,2.1645304351973174,2.9197680102049453,9.936062590340866,6.078914740620229,7.163506950303719,22.72874317540473,13.905517469168773,16.386522148819758,2.2186548362425222,0.917727485846918,1.2928175232480252,4.070926305032151,1.6839036437558126,2.3721422444917897,9.194953824538398,5.522252854956431,6.670973086836498,16.871474907409905,10.132574045791616,12.240317590525684,2.258961064361011,0.9216348846002866,1.3057608971357577,4.806300136938321,1.9609252863835884,2.7782146747569314,9.573138124038968,5.764292414879404,6.979140507065257,20.368378987316955,12.264451946551926,14.84923512141544,0.5376884422110553,-0.0023115577889447625,-0.0023115577889447625,0.4170854271356784,-0.0029145728643216184,-0.0029145728643216184,0.3316582914572864,-0.0033417085427135396,-0.0033417085427135396,0.40821917808219177,0.1250454434720687,0.16188486723175188,0.40934065934065933,0.40201005025125625,0.12130829586529135,0.1699566278806386,0.3939393939393939,0.39799331103678925,0.12253421253929342,0.15883869479652224,0.3993288590604027,19.0,4.0,4.0,32.0,8.0,8.0,38.0,5.0,5.0,-0.00014653984770686716,-0.0002072218261924888,2.1490594576856357e-05,-0.010863961957334745,-0.010636578602064795,-0.011654841729196619,-1.2775671482086182
429,0,3.104376801469708,1.3822209486586183,1.837268831615124,6.513807970713897,2.900267077243228,3.855078531076821,22.295320234085846,16.698739361480282,18.744750887831298,46.78151008655007,35.03839530761469,39.33147151608533,3.8658619693775274,1.7585354827230786,2.429828157665024,6.723238207613091,3.0583225786488324,4.225788100286998,47.74440891938244,39.51818996629155,43.54042002340223,83.03375464240425,68.72728689789837,75.72246960591693,3.3282094846999764,1.542500854873703,2.104844104649368,6.400402855192262,2.9663477978340436,4.047777124325707,27.888362432636484,21.924557852277367,24.48975632217678,53.63146621660862,42.162611254379556,47.09568523495535,0.728643216080402,-0.001356783919598037,-0.001356783919598037,0.6180904522613065,-0.0019095477386934512,-0.0019095477386934512,0.5226130653266332,-0.002386934673366814,-0.002386934673366814,0.42817679558011046,0.1467974852352829,0.19357269000826294,0.3656509695290858,0.4522613065326633,0.13145930152013197,0.22187733324384862,0.4494949494949495,0.4548494983277592,0.1643653580940364,0.2334924349239772,0.38926174496644295,25.0,1.0,1.0,39.0,3.0,3.0,47.0,3.0,3.0,0.0004187991801805473,0.0007581193576541,0.00042829111529186673,-0.01092338532422854,-0.01687182123162323,-0.017140572967365486,-1.430039882659912
468,1,3.678350831245209,1.634766939466493,2.2568701581094963,5.645383361322861,2.5089738589672916,3.463752595601205,39.58106436289271,31.862843403706577,35.43781366221025,60.74740894197972,48.90179709552827,54.388516155370816,3.94666222591496,1.6614851683666858,2.3262800719867798,5.9797912513863025,2.5174017702525537,3.5246667757375443,51.76230729081121,41.934881200857255,46.70728554690565,78.42773831941092,63.537698789177654,70.76861446500855,3.678350831245209,1.634766939466493,2.2568701581094963,5.645383361322861,2.5089738589672916,3.463752595601205,39.58106436289271,31.862843403706577,35.43781366221025,60.74740894197972,48.90179709552827,54.388516155370816,0.7537688442211055,-0.0012311557788945438,-0.0012311557788945438,0.6432160804020101,-0.001783919597989958,-0.001783919597989958,0.5477386934673367,-0.002261306532663321,-0.002261306532663321,0.4125874125874126,0.08274448065023987,0.1567734590990405,0.4035087719298246,0.44723618090452266,0.11390284757118929,0.17845487873423882,0.4545454545454546,0.4125874125874126,0.08274448065023987,0.1567734590990405,0.4035087719298246,26.0,5.0,5.0,37.0,2.0,2.0,48.0,8.0,8.0,0.0007763938746531367,-0.00022808308480579205,0.00011064316707398368,-0.00029419353837489837,0.00015400165618917327,5.253467235455389e-06,-0.9797167778015137
468,0,3.4615933418273928,1.5510278866948914,2.156789642611259,6.2406189824493845,2.796219288689382,3.88829682048227,31.867712243115097,25.110803796044284,28.180746974623776,57.45165024110891,45.270181491460114,50.80472694016681,3.3732907472543383,1.4702092405395533,2.0659211644142195,5.717441944498879,2.4918800687111076,3.501561295617322,29.174374759658903,22.46784591256105,25.477937019930586,49.448092812981194,38.081094767052626,43.18294410157726,3.4615933418273928,1.5510278866948914,2.156789642611259,6.2406189824493845,2.796219288689382,3.88829682048227,31.867712243115097,25.110803796044284,28.180746974623776,57.45165024110891,45.270181491460114,50.80472694016681,0.7487437185929648,-0.0012562814070351536,-0.0012562814070351536,0.5628140703517588,-0.0021859296482411583,-0.0021859296482411583,0.4773869346733668,-0.0026130653266331905,-0.0026130653266331905,0.43529411764705883,0.11631173017152063,0.17844926758186974,0.4173228346456693,0.44221105527638194,0.12642158159217143,0.1884547948423252,0.4040404040404041,0.43529411764705883,0.11631173017152063,0.17844926758186974,0.4173228346456693,24.0,7.0,7.0,38.0,13.0,13.0,46.0,9.0,9.0,8.084351123853713e-05,-7.63947632304806e-05,6.403747237792646e-05,-7.936596070123869e-05,-0.0001398081572467902,0.00011389473326595123,-1.179840326309204
186,1,3.131971922575259,1.3557582429971218,1.872871008573794,5.5259504610954275,2.392056210345496,3.30443333121928,22.919129760823544,17.01168322641501,19.39687650608617,40.43777492283235,30.014866382237976,34.223224640048585,3.154184464833245,1.3449989629076164,1.8732693915913123,5.170794204644665,2.2049163326354373,3.0709334288382175,23.433918112075425,17.328445601204947,19.83398569143359,38.41625920012365,28.40728787082778,32.514730641694406,3.1117514439649807,1.3431694000226742,1.854560363692319,5.49132607758526,2.3702989412164834,3.272753582986445,22.460348012640356,16.597813364166875,18.94481525641017,39.635908257600626,29.290258877941547,33.43202692307677,0.6733668341708543,-0.001633165829145744,-0.001633165829145744,0.5175879396984925,-0.002412060301507535,-0.002412060301507535,0.40201005025125625,-0.002989949748743781,-0.002989949748743781,0.38888888888888884,0.0985136849737176,0.14758454106280183,0.3836065573770492,0.3869346733668342,0.08868905933174642,0.13651731109638343,0.36868686868686873,0.3913043478260869,0.1008202075923641,0.1499250374812593,0.3825503355704698,24.0,0.0,0.0,36.0,0.0,0.0,43.0,0.0,0.0,0.0004544578049939138,0.00019739457727982292,-0.00012845504723680459,-0.008871665495609804,-0.0076632507561535945,-0.008441238643674076,-1.1237034797668457
186,0,3.6799200302448827,1.693129427955783,2.320828725948412,6.534216976780978,3.0063900739984097,4.120958699280194,39.6432236869165,32.35113074633741,35.75056923112416,70.39213436715302,57.44399497907348,63.4801774168038,3.941301115793199,1.843540126838287,2.525485388054613,5.9716683572624225,2.7932426164216464,3.8264930122039593,51.485546396960075,43.337640175090215,47.36570062883931,78.00840363175769,65.6630911743791,71.76621307399895,3.6799200302448827,1.693129427955783,2.320828725948412,6.534216976780978,3.0063900739984097,4.120958699280194,39.6432236869165,32.35113074633741,35.75056923112416,70.39213436715302,57.44399497907348,63.4801774168038,0.7939698492462312,-0.001030150753768888,-0.001030150753768888,0.6733668341708543,-0.001633165829145744,-0.001633165829145744,0.542713567839196,-0.0022864321608039306,-0.0022864321608039306,0.44565217391304346,0.11834656812642497,0.19264012572027234,0.42181818181818187,0.44221105527638194,0.10637145627888822,0.1801075494333102,0.43939393939393945,0.44565217391304346,0.11834656812642497,0.19264012572027234,0.42181818181818187,24.0,2.0,2.0,37.0,3.0,3.0,45.0,2.0,2.0,0.0006247693222380129,0.00036288297540611224,3.574585898160908e-05,-0.00022489431977135155,0.00019273690668875076,4.029903692170933e-05,-1.166229486465454
268,1,2.5937612887791226,1.1203168058696629,1.527917066414818,5.9117546257238445,2.5534493432483876,3.482460326698709,13.380003131977924,9.015761294485078,10.476714160751232,30.49598116444319,20.548910482884818,23.878744613140796,2.5372256513816027,1.052994149489207,1.49721868822172,4.742477853049724,1.9682133635312278,2.7985396041527473,12.644541895876898,8.232968072281325,9.815305181166337,23.63465774930261,15.388725368750139,18.346364824609974,2.5173385613738093,1.1110376916454408,1.5345861260417963,5.721224003122294,2.525085662830547,3.4876957410040825,12.395562694787012,8.31473077422919,9.723762607263016,28.17173339724321,18.89711539597543,22.099460471052307,0.6733668341708543,-0.001633165829145744,-0.001633165829145744,0.44723618090452266,-0.0027638190954772934,-0.0027638190954772934,0.36180904522613067,-0.0031909547738693256,-0.0031909547738693256,0.4,0.10185449358059917,0.14780058651026395,0.3553008595988538,0.4120603015075377,0.10629589047996879,0.15162624474626896,0.3282828282828283,0.4046822742474916,0.10585088860475367,0.16330296390266397,0.3389261744966443,22.0,5.0,5.0,32.0,7.0,7.0,43.0,9.0,9.0,0.0009257187619910679,-0.00016308666956986126,0.0003932573720266743,-0.025434528554204583,-0.020432536570279325,-0.024224227784300112,-0.35363316535949707
268,0,3.972485857771377,1.8484512969362643,2.5245295656454965,6.513889853736916,3.031000884417228,4.139601275344168,53.11640669182224,44.751588826034116,48.861995840453815,87.09771035180789,73.3814872675342,80.12153355204848,4.105186893712336,1.8600150680237517,2.5829498656875067,6.173213374003512,2.7970151398853407,3.88413513637219,60.65407935442982,51.21204155269824,56.07161451447427,91.20914188636063,77.01058880104998,84.3182173149989,3.972485857771377,1.8484512969362643,2.5245295656454965,6.513889853736916,3.031000884417228,4.139601275344168,53.11640669182224,44.751588826034116,48.861995840453815,87.09771035180789,73.3814872675342,80.12153355204848,0.8190954773869347,-0.0009045226130653949,-0.0009045226130653949,0.6582914572864322,-0.0017085427135676845,-0.0017085427135676845,0.5527638190954773,-0.0022361809045226,-0.0022361809045226,0.4524714828897338,0.12040317169428794,0.19709853725130144,0.44656488549618323,0.457286432160804,0.11894056749914983,0.19685237539953526,0.46464646464646464,0.4524714828897338,0.12040317169428794,0.19709853725130144,0.44656488549618323,28.0,5.0,5.0,39.0,9.0,9.0,51.0,12.0,12.0,-4.9267604989020436e-05,0.00016373814290298073,-3.442432763721845e-06,-0.00013480533558407615,-0.00018378111340844328,8.585827751517172e-05,-0.7930843830108643
2,1,3.919991391604064,1.7699619105373037,2.4544744599247306,6.669429798215247,3.0113935283447177,4.176015574177493,50.40001091294892,41.81489942125677,46.07023005015441,85.75001856717003,71.14340526533269,78.38337751588769,3.848901432363232,1.722469024295715,2.3907580878566357,6.258376312785743,2.800762641131244,3.887411524970139,46.94146651958858,38.55656703172234,42.643494257560654,76.3275878367294,62.69360492962983,69.33901505294416,3.919991391604064,1.7699619105373037,2.4544744599247306,6.669429798215247,3.0113935283447177,4.176015574177493,50.40001091294892,41.81489942125677,46.07023005015441,85.75001856717003,71.14340526533269,78.38337751588769,0.7989949748743719,-0.0010050251256281673,-0.0010050251256281673,0.6432160804020101,-0.001783919597989958,-0.001783919597989958,0.542713567839196,-0.0022864321608039306,-0.0022864321608039306,0.4426229508196722,0.11133460726139,0.18785455844909993,0.42798353909465026,0.44221105527638194,0.11138398760720902,0.1901242439241282,0.4191919191919192,0.4426229508196722,0.11133460726139,0.18785455844909993,0.42798353909465026,22.0,6.0,6.0,37.0,9.0,9.0,45.0,6.0,6.0,0.00019010937845476906,-0.0001257029865743739,-1.3567900240873955e-05,-3.136820234672655e-06,-7.934534252473924e-05,-9.790377231322367e-05,-0.611149787902832
2,0,3.421513346108523,1.5503079400895814,2.108001400592073,6.446631853338619,2.921007033461467,3.9717831267253074,30.615712149265686,24.119590002792787,26.896499674593432,57.684482037335954,45.444837261359574,50.67694146005714,3.738017663284762,1.6673792501662228,2.311033933657984,6.5009002839734995,2.8997900002890833,4.019189449839972,42.014620434195464,34.08473638999644,37.84850633927432,73.06890510294863,59.27780241738512,65.82348928569448,3.4114070353300674,1.5580172400139858,2.145712931998931,6.3566590720436045,2.903137714311775,3.998222854656394,30.307858500186896,23.926443910405993,26.762305637915144,56.47427049724267,44.58343585789937,49.867650256984746,0.7487437185929648,-0.0012562814070351536,-0.0012562814070351536,0.6030150753768844,-0.0019849246231156137,-0.0019849246231156137,0.46733668341708545,-0.002663316582914521,-0.002663316582914521,0.4025974025974026,0.09951798606579809,0.1585369274354156,0.3843648208469055,0.42211055276381915,0.10130854775128784,0.1633459450843534,0.4191919191919192,0.4013377926421404,0.0974980597539935,0.16552021755871438,0.3825503355704698,25.0,8.0,8.0,36.0,6.0,6.0,44.0,5.0,5.0,0.0013449598573979469,0.00015974220425816858,0.0002554372123354247,-0.002743204971727309,-0.0034231301169853623,-0.004255825295548021,-1.5669419765472412
58,1,3.7262903514661287,1.712863512167258,2.359403981433103,5.922140022865812,2.722229510408678,3.7497670419204674,41.52477975060424,34.03584294228268,37.601663224767265,65.99473924649602,54.09267896184211,59.75978619650512,3.7930092931392805,1.704481655224972,2.369062348916854,5.746983777483758,2.582547962462079,3.589488407449779,44.38978134841972,36.3167613475259,40.23629965731706,67.2572444673026,55.02539598109984,60.96409038987433,3.7262903514661287,1.712863512167258,2.359403981433103,5.922140022865812,2.722229510408678,3.7497670419204674,41.52477975060424,34.03584294228268,37.601663224767265,65.99473924649602,54.09267896184211,59.75978619650512,0.7437185929648241,-0.0012814070351758744,-0.0012814070351758744,0.6231155778894473,-0.0018844221105527303,-0.0018844221105527303,0.5326633165829145,-0.0023366834170853723,-0.0023366834170853723,0.4473684210526315,0.1265429051051643,0.20236842105263153,0.43018867924528303,0.4371859296482412,0.11387765897154944,0.18342966921418447,0.4292929292929293,0.4473684210526315,0.1265429051051643,0.20236842105263153,0.43018867924528303,22.0,5.0,5.0,34.0,8.0,8.0,46.0,10.0,10.0,0.00013092300630336933,5.917990355137961e-05,-2.1214120899789868e-05,-0.004831124142729237,-0.005013021011245122,-0.004738710511125177,-1.2217681407928467
58,0,3.328174749253288,1.5702760615037066,2.1318095560756087,5.506299585152036,2.5979436410218386,3.5269728781146195,27.887393734734157,22.087157262769882,24.579322889793847,46.138305864795775,36.542103115367965,40.66526718939715,3.3780399542957094,1.537334665016699,2.1306281292716824,5.6300665904928495,2.562224441694499,3.551046882119471,29.31325944070279,23.01227873232466,25.831938421327585,48.85543240117132,38.35379788720777,43.053230702212645,3.330098656906332,1.566018415260417,2.1370951408629457,5.519500536308837,2.5956106330283153,3.542146642314275,27.941098149565992,22.104896156359768,24.644129299627185,46.311212402595565,36.63794943043055,40.84662314855335,0.6984924623115578,-0.0015075376884421399,-0.0015075376884421399,0.5678391959798995,-0.0021608040201005485,-0.0021608040201005485,0.4371859296482412,-0.002814070351758735,-0.002814070351758735,0.43174603174603177,0.1163736070233693,0.1952096009118185,0.42038216560509556,0.40201005025125625,0.08872684223120608,0.16494828063522948,0.38888888888888884,0.4280936454849499,0.10922887086057598,0.19450076450608444,0.4161073825503355,21.0,1.0,1.0,33.0,2.0,2.0,42.0,4.0,4.0,0.0006448190225541627,0.00021525998686470967,2.054351174634298e-05,0.00044385224850973515,4.166942974936916e-05,-9.637868485956602e-05,-0.9233729839324951
249,1,3.4418833168926617,1.602784040531275,2.1670560638356187,6.028269624384257,2.8071882328380133,3.7954796956196097,31.24574843643427,24.954879062827036,27.667665182667193,54.725212579419555,43.707100323910936,48.458396244787046,3.6673930218471353,1.6467772126025157,2.2886170522765488,5.276824491866382,2.3694636152554183,3.29297417593748,39.14971026798625,31.60674173450213,35.17967106455288,56.33051837120324,45.47732623669371,50.618231747558106,3.45071676742273,1.6052650279475245,2.1738854483001187,6.053889065653913,2.8162544349956575,3.81383411982477,31.52297885744221,25.192019768781453,27.937717698350617,55.30347167972318,44.1965259101429,49.01353982166775,0.728643216080402,-0.001356783919598037,-0.001356783919598037,0.5829145728643217,-0.002085427135678275,-0.002085427135678275,0.49246231155778897,-0.002537688442211028,-0.002537688442211028,0.4139072847682119,0.11803951617317066,0.17161653586953352,0.3820598006644518,0.4371859296482412,0.1314215186206723,0.19177691462319946,0.4191919191919192,0.4147157190635451,0.12089268066621617,0.17333640871871747,0.3825503355704698,26.0,8.0,8.0,39.0,10.0,10.0,48.0,9.0,9.0,0.0007106108815259819,1.4649304137056712e-05,0.0002511021777343436,0.0004951882937413998,9.202525539642181e-05,-5.081944426521545e-05,-0.9325582981109619
249,0,3.170955831576616,1.3882637636695734,1.7683382479335428,5.584881667326383,2.4450951873639784,3.114505652891961,23.830251180627734,17.884409679068263,19.764422483954558,41.97129825056506,31.499117948268882,34.81031167219024,3.7361491025991773,1.628568171334821,2.2816059823232244,5.454232266568142,2.3774717829705416,3.3308116530266054,41.93618686799251,33.70787453151533,37.65366044891236,61.22071075619344,49.20857595841653,54.96884737067498,3.4594518261210974,1.5579659859732542,2.1454281769191894,5.6099218801963735,2.5264313286052764,3.479072719328415,31.799540058778152,25.103704062161036,28.078423962372018,51.56682171693754,40.708709289990864,45.53257939844111,0.7537688442211055,-0.0012311557788945438,-0.0012311557788945438,0.6030150753768844,-0.0019849246231156137,-0.0019849246231156137,0.5175879396984925,-0.002412060301507535,-0.002412060301507535,0.41025641025641024,0.08887356774680721,0.14046168884878563,0.377892030848329,0.42713567839195976,0.11134620470774925,0.17004051979429702,0.45959595959595956,0.4180602006688964,0.10754267145353746,0.17000680801038692,0.40604026845637586,24.0,3.0,3.0,37.0,5.0,5.0,43.0,1.0,1.0,0.00019649028755558818,0.0011405942278463138,6.589799126248558e-05,0.00014768275679433174,-0.0002488449489845834,4.4374613323405754e-05,-1.1709620952606201
445,1,3.26802031443133,1.4775016057845973,2.023352970818107,5.549163207177951,2.508826984079787,3.4356934108446078,26.259302689576796,20.26674263651381,22.787522992045183,44.588815953093274,34.41333031843682,38.69366527857177,3.450634679602618,1.50767591025847,2.1000391090367563,5.188924330229501,2.267181819937549,3.157953547423693,31.520391311028845,24.541020511730334,27.66066772696724,47.399084678238864,36.90379024320351,41.59498906310863,3.2985508095061897,1.4810816922667487,2.0461770707717672,5.320243241139016,2.3888414391399175,3.30028559801898,27.073375998670123,20.917118049092107,23.574738037743167,43.66673548172601,33.73728717595502,38.023771028618015,0.7236180904522613,-0.0013819095477386467,-0.0013819095477386467,0.5527638190954773,-0.0022361809045226,-0.0022361809045226,0.457286432160804,-0.0027135678391959628,-0.0027135678391959628,0.42105263157894735,0.1042643104110641,0.17080825230231,0.39882697947214074,0.42713567839195976,0.1188650017002304,0.16837107071249402,0.4040404040404041,0.4180602006688964,0.10921212053534046,0.17000680801038692,0.3926174496644296,23.0,1.0,1.0,35.0,0.0,0.0,45.0,0.0,0.0,0.0005686722163982867,0.000229041089873932,0.0002580426569314833,0.0003372312314926518,-6.291574659478272e-05,0.0001629201083366283,-1.4568240642547607
445,0,3.5731110514460744,1.6018467494787867,1.902842883714492,6.88985539068077,3.0887627904747896,3.669158923754401,35.62725915466885,28.447511032497374,30.313666614473213,68.69830240586369,54.85394504024156,58.452361633289144,3.6898916857925492,1.631654703800712,2.280649544366641,5.765455759050858,2.5494604746886127,3.5635149130728765,40.04050976631999,32.20836035568213,35.94765734121277,62.56329650987499,50.32556305575332,56.16821459564495,3.557428902208207,1.602764946500625,2.204487276037091,6.314962548298592,2.845144875444896,3.913291022551048,35.07290525095915,28.0113596181234,31.20411591052229,62.25959512004583,49.72430701442023,55.39192173465495,0.6683417085427136,-0.0016582914572863539,-0.0016582914572863539,0.592964824120603,-0.0020351758793969443,-0.0020351758793969443,0.5226130653266332,-0.002386934673366814,-0.002386934673366814,0.4475524475524476,0.12392031716828,0.16016241822693444,0.4228971962616822,0.4723618090452262,0.15907860102517601,0.23530003942919941,0.43434343434343436,0.4548494983277592,0.13765417278518832,0.2156948820874922,0.412751677852349,26.0,2.0,2.0,42.0,7.0,7.0,50.0,7.0,7.0,0.0008053421506317481,0.0004758838686348362,5.1032251173204274e-05,-0.016922218018384783,-0.01883301336358567,-0.01594288271404576,-0.8858480453491211
232,1,2.9699970560819926,1.3308139420253162,1.8322131392547518,5.309994736631442,2.379334017560414,3.275775006546375,19.491862213502486,14.340902167216935,16.372015354925733,34.84908698777718,25.6397947838121,29.271178967897523,2.9462413769870546,1.2782141884421716,1.7934903561113371,4.790636385344804,2.0783970543775148,2.916244481481849,19.034276439202014,13.732578216858425,15.867383313136731,30.95004299057238,22.329395474566546,25.800623273393057,2.9699970560819926,1.3308139420253162,1.8322131392547518,5.309994736631442,2.379334017560414,3.275775006546375,19.491862213502486,14.340902167216935,16.372015354925733,34.84908698777718,25.6397947838121,29.271178967897523,0.6381909547738693,-0.0018090452261306789,-0.0018090452261306789,0.5226130653266332,-0.002386934673366814,-0.002386934673366814,0.40201005025125625,-0.002989949748743781,-0.002989949748743781,0.41496598639455784,0.12294561288012662,0.18532797734478412,0.39249146757679176,0.40703517587939697,0.11129582750846967,0.1683039571815672,0.3787878787878788,0.41496598639455784,0.12294561288012662,0.18532797734478412,0.39249146757679176,22.0,7.0,7.0,34.0,7.0,7.0,43.0,7.0,7.0,0.0006578531500803754,0.00026657443196064114,-1.4563459745544783e-05,-0.01437622003794825,-0.014609426013798554,-0.013839093709751005,-1.4930369853973389
232,0,3.877500739590875,1.8016199675232207,2.4718650571678764,6.230742567756372,2.895016913330417,3.97203143669045,48.30334145801033,40.33177695872969,44.22522315241024,77.61847282563039,64.80899331988977,71.06535858283853,4.115803895883225,1.9156780208523823,2.629472217292116,6.097487253160333,2.8380415123738993,3.89551439598832,61.30147446301945,52.275324868231216,56.88062581890301,90.81699920447326,77.44492573071291,84.26759380578224,3.877500739590875,1.8016199675232207,2.4718650571678764,6.230742567756372,2.895016913330417,3.97203143669045,48.30334145801033,40.33177695872969,44.22522315241024,77.61847282563039,64.80899331988977,71.06535858283853,0.8090452261306533,-0.0009547738693467256,-0.0009547738693467256,0.6381909547738693,-0.0018090452261306789,-0.0018090452261306789,0.5376884422110553,-0.0023115577889447625,-0.0023115577889447625,0.43534482758620685,0.11706525769373377,0.17746517142574836,0.4242424242424242,0.4522613065326633,0.12644677019181116,0.18848835160778854,0.4494949494949495,0.43534482758620685,0.11706525769373377,0.17746517142574836,0.4242424242424242,28.0,17.0,17.0,40.0,17.0,17.0,47.0,14.0,14.0,0.00022067708671542525,0.0001318757911425673,0.00015680499071307172,8.002224209047171e-05,-1.3385908281371428e-05,-4.3536860872883665e-05,-0.5783312320709229
45,1,3.19789531677463,1.4198857253774895,1.974858204365694,5.676737248712361,2.5205072048121115,3.505665451536735,24.480951289997787,18.56288597019094,21.08346064885468,43.45730998224459,32.951868586137756,37.42626150684262,3.20297382105535,1.3737596613479723,1.9244020364595358,5.294171605050165,2.2706771261949954,3.180829812329811,24.60559413764715,18.37660439408979,21.01408752187145,40.67040353330108,30.37455271750379,34.734028961770996,3.19789531677463,1.4198857253774895,1.974858204365694,5.676737248712361,2.5205072048121115,3.505665451536735,24.480951289997787,18.56288597019094,21.08346064885468,43.45730998224459,32.951868586137756,37.42626150684262,0.6231155778894473,-0.0018844221105527303,-0.0018844221105527303,0.5175879396984925,-0.002412060301507535,-0.002412060301507535,0.457286432160804,-0.0027135678391959628,-0.0027135678391959628,0.4046822742474916,0.11753703217737477,0.17108939326862616,0.38926174496644295,0.4321608040201005,0.141433986977494,0.20511572889489182,0.40909090909090906,0.4046822742474916,0.11753703217737477,0.17108939326862616,0.38926174496644295,24.0,12.0,12.0,32.0,11.0,11.0,42.0,13.0,13.0,-0.00024684980832413733,-5.7105515475530895e-05,0.00014118814767146419,-0.024000702220354775,-0.0251615363039992,-0.026517905273259146,-1.3395240306854248
45,0,3.400205082453965,1.5809167506861956,2.1423377837973243,5.584694381237239,2.5965895234734164,3.5187000471308005,29.97024578873591,23.802778091879922,26.45233496066915,49.22487297144333,39.09506569280836,43.446851834842064,3.6448709377691375,1.6402925825081787,2.2693163835176593,5.695110840264277,2.562957160169029,3.545806849246343,38.277832310315645,30.854868926952385,34.32056167451782,59.80911298486819,48.210732698363095,53.62587761643409,3.400205082453965,1.5809167506861956,2.1423377837973243,5.584694381237239,2.5965895234734164,3.5187000471308005,29.97024578873591,23.802778091879922,26.45233496066915,49.22487297144333,39.09506569280836,43.446851834842064,0.7738693467336684,-0.0011306532663316604,-0.0011306532663316604,0.592964824120603,-0.0020351758793969443,-0.0020351758793969443,0.4974874371859297,-0.002512562814070307,-0.002512562814070307,0.40614334470989766,0.089277927333407,0.1496166704760724,0.3835616438356164,0.4120603015075377,0.09627082782332719,0.14661789750085985,0.40909090909090906,0.40614334470989766,0.089277927333407,0.1496166704760724,0.3835616438356164,27.0,11.0,11.0,38.0,11.0,11.0,49.0,15.0,15.0,0.0008854098380393618,0.0001539495628462237,6.894158584880091e-05,-0.0003427029913991575,0.00012688698084151184,-1.9278431547142816e-05,-1.2287921905517578
132,1,3.0478058413096836,1.354076028629114,1.8392223763562434,6.009999158987072,2.67011621375741,3.626781202814839,21.069064797065206,15.629332700607083,17.720327110139273,41.546301931291495,30.819639201758903,34.94289222280272,3.0048985025990547,1.3399488464686775,1.8487304463482421,5.225910439302704,2.3303458199455265,3.215183384953465,20.18416735149163,14.898760196277653,17.00643432997967,35.10289974172458,25.91088729787418,29.57640753039943,3.145769075406435,1.4113981398660684,1.945318708067637,5.789759034490371,2.5976652880970583,3.5803411804925833,23.237540023348767,17.57217721912456,19.91592749162779,42.768478570580555,32.34143046464643,36.65508127293458,0.6381909547738693,-0.0018090452261306789,-0.0018090452261306789,0.5276381909547738,-0.002361809045226204,-0.002361809045226204,0.44221105527638194,-0.0027889447236180143,-0.0027889447236180143,0.4057142857142857,0.10756877929488484,0.16035749197039517,0.4097421203438395,0.44221105527638194,0.13394037858465258,0.20347983657855218,0.4494949494949495,0.41137123745819393,0.10419260640644101,0.16887958006108605,0.43288590604026844,19.0,0.0,0.0,30.0,-1.0,-1.0,38.0,0.0,0.0,-0.00017197223444371132,-0.00019870983763205496,-0.00010644757493769868,-0.0029144993112968365,-0.004337357079720938,-0.003245617266768086,-1.1585712432861328
132,0,4.383079327135531,2.084963759776357,2.8264119563450105,6.669903323901894,3.1727709387901086,4.301061672698928,80.08425973894681,70.12885526064272,75.34127148309793,121.8673517766582,106.71782322271719,114.64976095254033,4.6098022119483755,2.1629477373978747,2.955322815386229,6.314797550614213,2.962942106024486,4.048387418337301,100.46427703755971,88.9123244884571,95.2339207657473,137.62229731172565,121.79770477870838,130.45742570650316,4.383079327135531,2.084963759776357,2.8264119563450105,6.669903323901894,3.1727709387901086,4.301061672698928,80.08425973894681,70.12885526064272,75.34127148309793,121.8673517766582,106.71782322271719,114.64976095254033,0.7688442211055276,-0.0011557788944723812,-0.0011557788944723812,0.6783919597989949,-0.0016080402010050232,-0.0016080402010050232,0.5879396984924623,-0.002060301507537776,-0.002060301507537776,0.4623655913978495,0.1206840171581357,0.213259512732772,0.46402877697841727,0.4723618090452262,0.13652221004773246,0.22528334493838142,0.5101010101010102,0.4623655913978495,0.1206840171581357,0.213259512732772,0.46402877697841727,27.0,4.0,4.0,39.0,5.0,5.0,49.0,11.0,11.0,0.000885142598627105,-0.00015497247585483844,1.4092703953763122e-05,-0.0002456840853515274,0.00018111633153772289,2.978536601450088e-05,-1.0269737243652344
352,1,2.8123588530732313,1.2601747328839032,1.7287190148275076,5.201351857296729,2.330645742537972,3.1972007586057134,16.64914482213145,11.927372976453569,13.693727583947217,30.79196676781301,22.05922744032273,25.3260338111712,3.2732023833385067,1.4460302916082501,2.022031217743237,5.322280298111393,2.351268766842683,3.287855638606889,26.395733396924655,20.17945069511517,22.901300275213035,42.91989170231651,32.812114951406784,37.23788662636266,2.9026736603134053,1.2820065999644616,1.7775453323751176,5.092409930374396,2.2491343859025648,3.1185005831142423,18.2228018771493,13.166339719910045,15.142189724989887,31.9698278546479,23.098841613877273,26.565245131561205,0.7035175879396984,-0.001482412060301641,-0.001482412060301641,0.5678391959798995,-0.0021608040201005485,-0.0021608040201005485,0.46733668341708545,-0.002663316582914521,-0.002663316582914521,0.4110787172011662,0.10976867353304387,0.1696319918834731,0.35672514619883045,0.4321608040201005,0.12138386166421078,0.18341289083145274,0.4040404040404041,0.40802675585284276,0.11253426837371083,0.16219805729889392,0.3557046979865772,25.0,14.0,14.0,41.0,19.0,19.0,48.0,20.0,20.0,0.001233972987517938,0.00020176924908405847,0.0006411954207223696,0.0003332823049371214,-6.678927164482928e-05,0.00016045041052237252,-1.4623184204101562
352,0,3.762478176331678,1.7240868057159946,2.370933662697555,5.757731754689385,2.638375263292658,3.6282469686735306,43.054991741343514,35.37674393728804,39.03393590647982,65.88718433144992,54.13713844948623,59.73375040234032,4.015551092636645,1.8223596673920341,2.5223545070960647,5.90522219505389,2.6799406873412264,3.7093448633765655,55.45384719014818,46.49007245885923,51.00254542211799,81.54977527962967,68.36775361596945,75.00374326782057,3.754372815224638,1.7111234899420524,2.3560870992813214,5.775958177268674,2.6324976768339265,3.6247493835097253,42.70742596172558,34.99178682876177,38.65917180428456,65.70373224880859,53.83351819809503,59.47564892966856,0.7688442211055276,-0.0011557788944723812,-0.0011557788944723812,0.6633165829145728,-0.0016834170854271857,-0.0016834170854271857,0.5527638190954773,-0.0022361809045226,-0.0022361809045226,0.4403973509933775,0.10155437578676596,0.1793841351343467,0.4053156146179402,0.4723618090452262,0.134015944383572,0.21192775228395744,0.43939393939393945,0.4381270903010034,0.10089837577679639,0.17783788006741053,0.40268456375838924,22.0,2.0,2.0,35.0,7.0,7.0,45.0,5.0,5.0,0.0010666985556668832,7.844875854549614e-05,0.0001348503252456805,0.0004951882937413998,9.202525539642181e-05,-5.081944426521545e-05,-1.3848211765289307
392,1,3.5592060524319846,1.5922005599154632,2.0610091555125774,6.516613980056628,2.915188464772756,3.773538502122062,35.135290489926035,27.986054528055323,30.661675085943205,64.32983138010611,51.240167469241385,56.139008973780065,3.508068967704198,1.5071568027197073,2.1160084705348945,5.315256011673027,2.2835709132116775,3.206073440204385,33.383740420877764,25.98794120875691,29.3606092520362,50.58142488011782,39.37566849811653,44.485771593994244,3.653227944039182,1.6699059352168637,2.2909827284492534,6.055073940396434,2.7677998926246357,3.797208942181083,38.599060779566926,31.33221732949677,34.69410985613376,63.97634383353633,51.931851927342706,57.50404948530456,0.6432160804020101,-0.001783919597989958,-0.001783919597989958,0.5527638190954773,-0.0022361809045226,-0.0022361809045226,0.4723618090452262,-0.0026381909547738003,-0.0026381909547738003,0.41534391534391535,0.11943902762925218,0.16412201896072864,0.4190981432360743,0.4321608040201005,0.12890265865669193,0.20177683073128583,0.43434343434343436,0.4347826086956522,0.1359512230529143,0.19674033950766556,0.4429530201342282,20.0,2.0,2.0,33.0,3.0,3.0,39.0,0.0,0.0,-0.0002090704393684731,0.0002672963327121278,-9.142001583226648e-05,0.00019506987546957788,-0.00020236264838668916,7.401098707493503e-05,-0.9767975807189941
392,0,3.364316620260982,1.4638796299071188,2.039715541743709,6.223985747482817,2.70817731532817,3.7734737522258617,28.913731487763776,22.22491473564218,25.153046650009795,53.49040325236298,41.11609226093803,46.533136302518116,3.564323156922307,1.5148273571238913,2.136569486933576,6.253198520916329,2.6575918546033184,3.748367520936099,35.31554223284183,27.551556716635133,31.14621924335631,61.95709163656462,48.336064415149366,54.642489900625115,3.364316620260982,1.4638796299071188,2.039715541743709,6.223985747482817,2.70817731532817,3.7734737522258617,28.913731487763776,22.22491473564218,25.153046650009795,53.49040325236298,41.11609226093803,46.533136302518116,0.7035175879396984,-0.001482412060301641,-0.001482412060301641,0.5979899497487438,-0.0020100502512562235,-0.0020100502512562235,0.5025125628140703,-0.0024874371859296973,-0.0024874371859296973,0.41355932203389834,0.10053055722848381,0.1644048688208205,0.37074829931972786,0.4371859296482412,0.1213964559640307,0.18342966921418447,0.3787878787878788,0.41355932203389834,0.10053055722848381,0.1644048688208205,0.37074829931972786,26.0,14.0,14.0,35.0,14.0,14.0,46.0,15.0,15.0,0.0010336158838134583,0.0004365019631677047,-6.765312479919632e-06,-0.00035656283511986686,0.00011913993074319507,-2.6287545484393604e-05,-1.2143404483795166
183,1,4.015153138378587,1.8856795896409446,2.5671342687731005,6.521582067184614,3.062800788022868,4.169648388067824,55.43178348599681,47.021345525922655,51.17710639598991,90.03465438937664,76.37406424816528,83.12402735833513,3.844099749272792,1.7690774832481573,2.4281377192966715,6.006405858238738,2.764183567575246,3.7939651864010497,46.71660875345728,38.751884953660515,42.59616019858889,72.994701177277,60.54982024009455,66.55650031029514,4.015153138378587,1.8856795896409446,2.5671342687731005,6.521582067184614,3.062800788022868,4.169648388067824,55.43178348599681,47.021345525922655,51.17710639598991,90.03465438937664,76.37406424816528,83.12402735833513,0.7537688442211055,-0.0012311557788945438,-0.0012311557788945438,0.6281407035175879,-0.0018592964824121205,-0.0018592964824121205,0.5125628140703518,-0.0024371859296482556,-0.0024371859296482556,0.45318352059925093,0.1372956701319612,0.1991361980587777,0.4699248120300752,0.44723618090452266,0.12142164456367055,0.19181047138866292,0.4545454545454546,0.45318352059925093,0.1372956701319612,0.1991361980587777,0.4699248120300752,26.0,3.0,3.0,41.0,3.0,3.0,48.0,2.0,2.0,-0.0001699419350810436,-0.0003529258516387312,-5.0476743149472714e-05,-0.009811095636375278,-0.0069897738758797345,-0.007614544765996101,-0.771824836730957
183,0,3.5585068944371194,1.6639638961280896,2.2688737646006376,6.538756418528206,3.057533659135364,4.1690555424536715,35.11073395612687,28.461225082775808,31.47927991692657,64.51597364438312,52.297501089600544,57.84317684735257,4.245903293092047,1.983697747924769,2.7169714898743322,6.960497201790241,3.251963521188146,4.454051622744807,69.81879850694428,60.21455007890464,65.20555217243168,114.45704673269553,98.71237717853218,106.89434782365849,3.5585068944371194,1.6639638961280896,2.2688737646006376,6.538756418528206,3.057533659135364,4.1690555424536715,35.11073395612687,28.461225082775808,31.47927991692657,64.51597364438312,52.297501089600544,57.84317684735257,0.8090452261306533,-0.0009547738693467256,-0.0009547738693467256,0.7035175879396984,-0.001482412060301641,-0.001482412060301641,0.6381909547738693,-0.0018090452261306789,-0.0018090452261306789,0.4402730375426621,0.1302219302172788,0.20758291268454632,0.3835616438356164,0.4723618090452262,0.1139658190702888,0.21359720136576044,0.4747474747474747,0.4402730375426621,0.1302219302172788,0.20758291268454632,0.3835616438356164,26.0,3.0,3.0,39.0,1.0,1.0,48.0,3.0,3.0,0.0025315381122697923,0.0003882120040260857,0.0003073810269032648,-0.013391132322492894,-0.009632131022139667,-0.011710527784630997,-1.448432445526123
43,1,2.4502487642723216,1.0609349892114308,1.4662583423428566,4.900497528544643,2.1218699784228616,2.932516684685713,11.591229844456814,7.579133936606141,8.916120055973384,23.182459688913628,15.158267873212282,17.832240111946767,2.60377704558061,1.099749083792289,1.5315773401335102,4.4509009326164275,1.8799129637475027,2.618080923305146,13.51468734560898,9.01490979755627,10.592887810961624,23.10202965061364,15.410102218044905,18.10750053155833,2.4502487642723216,1.0609349892114308,1.4662583423428566,4.900497528544643,2.1218699784228616,2.932516684685713,11.591229844456814,7.579133936606141,8.916120055973384,23.182459688913628,15.158267873212282,17.832240111946767,0.592964824120603,-0.0020351758793969443,-0.0020351758793969443,0.4723618090452262,-0.0026381909547738003,-0.0026381909547738003,0.35678391959798994,-0.0032160804020100464,-0.0032160804020100464,0.3894736842105263,0.11977140750299564,0.16310262236688566,0.3345070422535211,0.3869346733668342,0.11375171597335043,0.1665673945688375,0.33838383838383834,0.3894736842105263,0.11977140750299564,0.16310262236688566,0.3345070422535211,26.0,15.0,15.0,36.0,11.0,11.0,42.0,12.0,12.0,0.0007716138017593853,0.0008029179942215438,6.0547852945828924e-05,-0.01429015718186566,-0.014555962723360238,-0.01254317750420686,-1.6254382133483887
43,0,3.2616636398472365,1.4668449541408553,2.0135488188147628,5.649985649352864,2.5409281446046514,3.4879506861436056,26.09291025912961,20.074526855190747,22.609141024531723,45.199194274011404,34.77390717538506,39.164468332112335,3.235118507140845,1.3891960920217787,1.9511916040339135,5.483251707018382,2.354569647494541,3.307104413616803,25.40938279373696,19.075443175454566,21.798591645006283,43.06675049785925,32.33125961941452,36.94676550001064,3.233646186299149,1.440412797845775,1.995363217775909,5.640080557498515,2.512347903219375,3.4802846821672833,25.371999556687687,19.363149520818947,21.92231439801496,44.25348759887387,33.77293521073072,38.23659488025865,0.6633165829145728,-0.0016834170854271857,-0.0016834170854271857,0.5778894472361809,-0.002110552763819218,-0.002110552763819218,0.5025125628140703,-0.0024874371859296973,-0.0024874371859296973,0.4873417721518988,0.1777051212830204,0.24313124583610934,0.4634920634920635,0.46733668341708545,0.15154720973287494,0.2252665665556497,0.4292929292929293,0.4816053511705686,0.17108782195520966,0.24245073493030156,0.4563758389261745,29.0,6.0,6.0,38.0,2.0,2.0,47.0,2.0,2.0,0.0006491248008057464,0.00020210666008918464,-8.205856578983562e-05,-0.00599247708661288,-0.004773785766978733,-0.00586467185330708,-1.1594455242156982
354,1,3.0616149922102194,1.395369523149782,1.8601317299607678,5.0516647371468615,2.30235971319714,3.0692173544352666,21.362028828950944,16.06976833544139,18.03698364807305,35.247347567769054,26.515117753478286,29.76102301932053,3.1491462944740025,1.436602596292219,1.9810404372728705,4.435417316160567,2.0233839384397454,2.790197798975874,23.316150955050606,17.773107565695152,20.10025545442852,32.839649232465646,25.032545867176275,28.31021894989933,3.028468427849454,1.3980090824076261,1.8951643115239905,4.964702340736809,2.2918181678813543,3.106826740203263,20.665557546860434,15.559337848199355,17.559655721002468,33.87796319157448,25.50711122655632,28.786320854102403,0.6231155778894473,-0.0018844221105527303,-0.0018844221105527303,0.5276381909547738,-0.002361809045226204,-0.002361809045226204,0.44723618090452266,-0.0027638190954772934,-0.0027638190954772934,0.4475138121546961,0.15096208801676503,0.20899963815665112,0.4127423822714681,0.44221105527638194,0.15148423823377544,0.21850487831477927,0.38888888888888884,0.4247491638795987,0.1376039218094819,0.20339210047581668,0.3825503355704698,18.0,0.0,0.0,30.0,-1.0,-1.0,39.0,-1.0,-1.0,0.0004898575567878019,-0.00023947733959770313,0.00022044468550730384,-0.012790176630725014,-0.00989940425057334,-0.011577723201005696,-2.1067957878112793
354,0,3.3704446020757177,1.5278319200387345,2.1007293370385463,5.955991146133803,2.699867365547901,3.7122477325749657,29.091458305702602,22.778447683114777,25.53161949823648,51.40819344432378,40.252325357832966,45.11751938729461,3.54271899156235,1.5592445606798075,2.188006120601509,5.714062889616693,2.514910581741625,3.529042130002434,34.560761974371495,27.292810812633654,30.685113988596072,55.743164474792735,44.020662601022025,49.49211933644528,3.3704446020757177,1.5278319200387345,2.1007293370385463,5.955991146133803,2.699867365547901,3.7122477325749657,29.091458305702602,22.778447683114777,25.53161949823648,51.40819344432378,40.252325357832966,45.11751938729461,0.7537688442211055,-0.0012311557788945438,-0.0012311557788945438,0.6030150753768844,-0.0019849246231156137,-0.0019849246231156137,0.4974874371859297,-0.002512562814070307,-0.002512562814070307,0.4202334630350194,0.09984511352045633,0.1653822340570117,0.37890625,0.4321608040201005,0.11135879900756918,0.17673509450424074,0.38888888888888884,0.4202334630350194,0.09984511352045633,0.1653822340570117,0.37890625,28.0,9.0,9.0,40.0,12.0,12.0,46.0,7.0,7.0,0.0005283608578814795,0.0004722042388629646,0.00019557380631494476,-9.322580442105988e-05,-0.00015080139628764755,0.00010688561932692409,-1.1179687976837158
54,1,3.5970442801450204,1.6465809791095414,2.274397293057434,6.3296825704877495,2.8974719554873327,4.002233996310369,36.490220024294615,29.458275291008327,32.73687673318902,64.21147244585177,51.83743016324722,57.60675208088301,3.5328944244576457,1.6204425286028201,2.2333463372420628,6.14416421644808,2.8181609193092525,3.8840805865079355,34.222879939281306,27.453212954630104,30.555241099111054,59.51805206831532,47.7447181819654,53.139549737584446,3.5970442801450204,1.6465809791095414,2.274397293057434,6.3296825704877495,2.8974719554873327,4.002233996310369,36.490220024294615,29.458275291008327,32.73687673318902,64.21147244585177,51.83743016324722,57.60675208088301,0.778894472361809,-0.0011055276381910506,-0.0011055276381910506,0.6683417085427136,-0.0016582914572863539,-0.0016582914572863539,0.542713567839196,-0.0022864321608039306,-0.0022864321608039306,0.4690265486725663,0.1202406767078864,0.2043206663196252,0.4311111111111111,0.4824120603015075,0.1365473986473722,0.22030855445843578,0.4242424242424242,0.4690265486725663,0.1202406767078864,0.2043206663196252,0.4311111111111111,28.0,13.0,13.0,43.0,16.0,16.0,50.0,14.0,14.0,3.177225332954787e-05,0.00010606547609375831,8.540182319383824e-05,0.0001216017732525998,1.9593808842977012e-05,-1.635340515360184e-05,-0.4324462413787842
54,0,3.534872356802225,1.6176074916464196,2.1964588478110825,6.1382580790417025,2.8089535496833102,3.8141211073476238,34.29063746825177,27.48830974971873,30.477648037431894,59.545228576626386,47.733078416741314,52.92402395689188,3.783757248116498,1.7406481206631028,2.390637474713464,6.1028342711556425,2.8074969688114564,3.855866894699136,43.98097913719427,36.26642164426414,39.953584103213565,70.93706312450688,58.494228458490554,64.44126468260251,3.534872356802225,1.6176074916464196,2.1964588478110825,6.1382580790417025,2.8089535496833102,3.8141211073476238,34.29063746825177,27.48830974971873,30.477648037431894,59.545228576626386,47.733078416741314,52.92402395689188,0.7889447236180904,-0.001055276381909609,-0.001055276381909609,0.6482412060301508,-0.0017587939698492372,-0.0017587939698492372,0.5376884422110553,-0.0023115577889447625,-0.0023115577889447625,0.4453125,0.11977643762183232,0.19466314935064932,0.403921568627451,0.4522613065326633,0.11140917620684876,0.18848835160778854,0.4191919191919192,0.4453125,0.11977643762183232,0.19466314935064932,0.403921568627451,23.0,5.0,5.0,39.0,8.0,8.0,47.0,6.0,6.0,0.00041333534482723493,0.0005824020957505106,0.00017687802147774533,-8.629588256159337e-05,-0.00014530477676810705,0.00011039017629776993,-0.8570153713226318
76,1,3.106628674930996,1.4056270561119182,1.9288579606092353,6.252832237440732,2.8291601893717595,3.882287360207124,22.345583045537552,16.866150098328966,19.098455691800268,44.975823199935455,33.947155611923264,38.440203812795446,3.2568350940493485,1.4187981625023414,1.98321004698974,5.664061033129302,2.4674750652214636,3.449060951286505,25.96722313416077,19.683033284403567,22.393438888876023,45.16038805941004,34.231362233745344,38.94511111108874,3.086076224528029,1.3972043465106607,1.9170460370029003,6.13127726727423,2.7759026751867437,3.808700735767352,21.891013814898624,16.477643497805754,18.672144390314198,43.49208042695091,32.73704006186574,37.096975609895765,0.6783919597989949,-0.0016080402010050232,-0.0016080402010050232,0.5678391959798995,-0.0021608040201005485,-0.0021608040201005485,0.4522613065326633,-0.0027386934673366836,-0.0027386934673366836,0.43492063492063493,0.14015042889844798,0.20577596754999083,0.3853503184713376,0.42713567839195976,0.1238775330285512,0.185065561530524,0.36363636363636365,0.4347826086956522,0.1426290193801263,0.2034144218213474,0.3791946308724832,28.0,8.0,8.0,38.0,6.0,6.0,48.0,10.0,10.0,0.001601081673713703,6.251123422426189e-06,0.00010390086298580291,-0.011634317142101835,-0.011003478303475589,-0.010918497910024527,-0.44097900390625
76,0,3.138185469914746,1.397714377186202,1.9130895063578848,5.762849681116169,2.5667118562873887,3.513128002584479,23.061982209191832,17.361954177161078,19.65748943484057,42.350185511424996,31.882861307150343,36.09829878034359,3.392759706506777,1.4867236014344878,2.0766509081629083,5.472193075010931,2.3979412926362706,3.3494369486498523,29.747934663519683,23.021561415624863,26.019051390030885,47.980539779870455,37.13155067036268,41.96621191940465,3.1220070641973745,1.4105462606910042,1.9273177589364479,5.676376480358862,2.564629564892735,3.5042141071571775,22.69187802477028,17.154833918704515,19.389346492856408,41.25796004503687,31.1906071249173,35.25335725973892,0.7889447236180904,-0.001055276381909609,-0.001055276381909609,0.6130653266331658,-0.001934673366834172,-0.001934673366834172,0.49246231155778897,-0.002537688442211028,-0.002537688442211028,0.42384105960264906,0.12632039844562426,0.17163841643084288,0.3853820598006644,0.42713567839195976,0.09630861072278685,0.15835437622167592,0.40909090909090906,0.42140468227424754,0.11923439846790362,0.16667720730205626,0.3825503355704698,23.0,9.0,9.0,32.0,4.0,4.0,42.0,6.0,6.0,0.0013641248461168994,0.0002423177100277098,0.00017957578685914074,-0.004180340747820921,-0.004151427877332914,-0.004864874562000132,-1.547156810760498
233,1,3.1391933033033474,1.388644072487652,1.9005993509062498,5.408115195789925,2.3923175110183315,3.2742998718582914,23.085236561157423,17.32747241192016,19.63447843920197,39.770605560805855,29.85128910568423,33.8257351328826,3.5497668981552124,1.6010009821196247,2.1938772440354692,5.378434694174564,2.4257590638176136,3.3240564303567717,34.80520338481539,27.78518444484481,30.924991917172804,52.735156643659685,42.098764310370925,46.856048359352734,2.996383656626162,1.3204396481332958,1.8261653829106348,5.050084814538475,2.225460081123532,3.077806825130283,20.013031905363913,14.669194508740535,16.790335913771848,33.72982905398412,24.723361531585166,28.298318955795246,0.7085427135678393,-0.0014572864321606982,-0.0014572864321606982,0.5829145728643217,-0.002085427135678275,-0.002085427135678275,0.4773869346733668,-0.0026130653266331905,-0.0026130653266331905,0.3976945244956772,0.112802438164742,0.16211290181728033,0.361271676300578,0.4170854271356784,0.10630848477978871,0.17835420843784866,0.3939393939393939,0.39799331103678925,0.11251751804847543,0.16884981826704515,0.3355704697986577,29.0,14.0,14.0,40.0,14.0,14.0,50.0,16.0,16.0,0.0011497394278424853,0.00011856741323797982,0.0007576627145900141,0.00031748659871144724,-8.228337184501555e-05,0.00015057161927245488,-1.4856274127960205
233,0,3.7292424610682895,1.730794344597609,2.367727013123887,5.962321779073253,2.7671981437578537,3.785527619784897,41.64754657303237,34.26994853547093,37.74544431688146,66.58619721556673,54.79087580222,60.34750678207993,3.699333718074626,1.6411382657310751,2.291027282602644,5.562907846728761,2.467877091324925,3.4451538084250286,40.42036402816693,32.588539877185404,36.3313395182616,60.78250229799538,49.005323123587075,54.633593260543755,3.7292424610682895,1.730794344597609,2.367727013123887,5.962321779073253,2.7671981437578537,3.785527619784897,41.64754657303237,34.26994853547093,37.74544431688146,66.58619721556673,54.79087580222,60.34750678207993,0.7889447236180904,-0.001055276381909609,-0.001055276381909609,0.6432160804020101,-0.001783919597989958,-0.001783919597989958,0.507537688442211,-0.0024623115577889765,-0.0024623115577889765,0.4172932330827067,0.08708685409583994,0.1572932330827067,0.4226415094339623,0.4170854271356784,0.08375209380234505,0.14329577771998558,0.4191919191919192,0.4172932330827067,0.08708685409583994,0.1572932330827067,0.4226415094339623,23.0,11.0,11.0,33.0,10.0,10.0,42.0,10.0,10.0,-0.00023315510124853866,-8.737966434541183e-05,1.712186441953274e-05,-0.00015559510116602837,0.0002314721571865519,7.534460660885145e-05,-0.8983147144317627
256,1,3.2809977752332107,1.501985592740442,2.059736447097468,5.538888717329184,2.5356100866693483,3.4771894859602415,26.602302580905448,20.678300886124536,23.210839796540544,44.90926349679737,34.90852945291992,39.18389083932114,3.391871102491216,1.4933327155798382,2.090760178504415,5.426993763985946,2.3893323449277415,3.3452162856070644,29.7215122705839,23.04538288102774,26.04813702820811,47.55441963293424,36.87261260964439,41.677019245132975,3.236692813726572,1.4855249406162545,2.0323572912605425,5.548616252102694,2.5466141839135785,3.484041070732358,25.44941645676966,19.68808920907916,22.114873843668754,43.62757106874799,33.751010072707125,37.91121230343215,0.7437185929648241,-0.0012814070351758744,-0.0012814070351758744,0.6080402010050252,-0.001959798994974782,-0.001959798994974782,0.44723618090452266,-0.0027638190954772934,-0.0027638190954772934,0.40894568690095845,0.09156131688500946,0.15708596320276502,0.3685897435897436,0.4371859296482412,0.1113713933073891,0.18009077105057847,0.3737373737373737,0.4046822742474916,0.08247860145951158,0.1477301051707396,0.35906040268456374,27.0,8.0,8.0,38.0,7.0,7.0,46.0,7.0,7.0,0.0010895573779310572,9.461381906983248e-05,0.00010131893730650529,0.00045175010162257223,4.941647984857411e-05,-8.936957092231523e-05,-0.9063844680786133
256,0,3.618974434789465,1.631964685169608,2.2407818348619006,5.69543517606211,2.568337865184957,3.5264763302744675,37.299295340266816,30.005604181867977,33.33157146177553,58.70053037156745,47.22193445015289,52.456243611974614,3.637940543380814,1.5536077793814869,2.181977004418082,5.1238599202546675,2.1881799709598404,3.073207048476172,38.01346896531789,29.974243334324036,33.72485524344961,53.54009713425055,42.21724413285076,47.49979611753467,3.618974434789465,1.631964685169608,2.2407818348619006,5.69543517606211,2.568337865184957,3.5264763302744675,37.299295340266816,30.005604181867977,33.33157146177553,58.70053037156745,47.22193445015289,52.456243611974614,0.7236180904522613,-0.0013819095477386467,-0.0013819095477386467,0.5728643216080402,-0.0021356783919597166,-0.0021356783919597166,0.48743718592964824,-0.002562814070351749,-0.002562814070351749,0.4355400696864111,0.129453113164672,0.18061538834226276,0.43356643356643354,0.42211055276381915,0.11133361040792944,0.1783709868205804,0.4242424242424242,0.4355400696864111,0.129453113164672,0.18061538834226276,0.43356643356643354,24.0,6.0,6.0,36.0,4.0,4.0,46.0,8.0,8.0,0.00017274592724703,2.1190106353815002e-05,3.117443946720112e-07,-0.00030112346023614123,0.00015012813114179124,1.7489102663859057e-06,-1.2122642993927002
476,1,3.5669999198881466,1.661496806758587,2.26173993242654,5.565266890715537,2.592282975989837,3.528787957398475,35.41020020036102,28.6874110999654,31.72155222908666,55.247328061296244,44.758369150731355,49.49226473438652,3.473401078626738,1.52335296360633,2.1290323961459245,5.033914606705418,2.2077579182700435,3.085554197312934,32.24622811175787,25.21720233758617,28.41046392084656,46.73366393008388,36.54667005447271,41.174585392531256,3.5669999198881466,1.661496806758587,2.26173993242654,5.565266890715537,2.592282975989837,3.528787957398475,35.41020020036102,28.6874110999654,31.72155222908666,55.247328061296244,44.758369150731355,49.49226473438652,0.6884422110552764,-0.0015577889447235815,-0.0015577889447235815,0.5678391959798995,-0.0021608040201005485,-0.0021608040201005485,0.4723618090452262,-0.0026381909547738003,-0.0026381909547738003,0.42760942760942766,0.10660102424808315,0.1756497411592597,0.43918918918918914,0.42713567839195976,0.1138524703719096,0.180057214285115,0.43434343434343436,0.42760942760942766,0.10660102424808315,0.1756497411592597,0.43918918918918914,25.0,9.0,9.0,35.0,6.0,6.0,46.0,9.0,9.0,-0.000654656948559985,-0.00038373000208997456,6.0243852363832225e-05,0.0005149329265217162,0.00011139288064487829,-3.329665942342075e-05,-1.1340179443359375
476,0,3.174088529918505,1.4378676784934523,1.973318691079967,5.257592795711164,2.3816987700173593,3.268625319070919,23.905021223835096,18.229168275015887,20.582347362053728,39.59652233486531,30.19498129656478,34.09281127150438,3.7602419553689623,1.70042939883687,2.3529995292768433,5.259079657858689,2.3782229354361824,3.2909084325550255,42.958818838270446,35.11431956591667,38.8741427749939,60.08226410946916,49.11093645582751,54.369430454536925,3.1673282109774075,1.4288599960332782,1.96916679924116,5.136207909693093,2.3170702638377483,3.193243458228908,23.743960679788994,18.055337682016635,20.429942476825563,38.50372002127945,29.278925970837786,33.12963644890632,0.7386934673366834,-0.0013065326633165952,-0.0013065326633165952,0.6331658291457287,-0.0018341708542712887,-0.0018341708542712887,0.5226130653266332,-0.002386934673366814,-0.002386934673366814,0.40993788819875776,0.12156579517550192,0.18473127662850986,0.3489096573208723,0.4170854271356784,0.09127089079482631,0.16499861578342467,0.398989898989899,0.40802675585284276,0.11921206470092294,0.17888326308309865,0.3422818791946308,21.0,0.0,0.0,33.0,1.0,1.0,43.0,2.0,2.0,0.0018644172634898202,0.0002740866363766325,0.0004897454112723201,-0.006928066658553611,-0.005482046067784019,-0.006708496389246754,-1.600719928741455
383,1,2.6327681178788103,1.102592730646883,1.5437184667051633,6.3993560821433855,2.6800246664628617,3.75224999571401,13.912227335440255,9.293240472857775,10.940778518049694,33.815851844537264,22.588679397530214,26.593279171609844,2.7759710083055738,1.1587747976618723,1.6305713076854351,5.140687052417729,2.1458792549293926,3.0195764957137685,16.054208199193233,11.015265840260486,12.910510555542405,29.730015183691172,20.398640444926826,23.908352880634084,2.5565812400352197,1.077269429922265,1.51054028961969,6.185277193633596,2.6062970078764476,3.654532958757315,12.89166837151492,8.501744831365478,10.045308469932051,31.189520253665126,20.568737495239056,24.303165653061413,0.6030150753768844,-0.0019849246231156137,-0.0019849246231156137,0.4723618090452262,-0.0026381909547738003,-0.0026381909547738003,0.371859296482412,-0.003140703517587995,-0.003140703517587995,0.37951807228915657,0.09831506477035956,0.143045126397373,0.3474320241691843,0.3919597989949749,0.11627057593733081,0.15322858029714514,0.3535353535353535,0.3612040133779264,0.08908381304403656,0.1320605206081823,0.3221476510067114,23.0,7.0,7.0,38.0,14.0,14.0,45.0,13.0,13.0,0.0008820478587527155,3.007765058840077e-05,0.00019957418966527507,-0.006055659911511135,-0.0048357621677759255,-0.005577171525013469,-0.9725751876831055
383,0,3.2273852117457933,1.456330231905036,1.8677302047395405,5.9824701486019585,2.6995389664581158,3.4621340380537826,25.21364236556471,19.336592104010183,21.318792991324774,46.73748340933946,35.843439022067656,39.51776261806543,3.669445967554447,1.6361395840056243,2.276979916600829,5.9184612379910435,2.6389348129122974,3.672548252581982,39.23016505402025,31.59086194020511,35.205401958213656,63.27445976454879,50.95300312936308,56.78290638421557,3.2214895718073766,1.5098415227473638,2.046309712517641,5.684981597307135,2.664426216612995,3.6111347867958363,25.065429143842415,19.527348153814543,21.82670373753544,44.233110253839556,34.460026153790366,38.517712478003716,0.7487437185929648,-0.0012562814070351536,-0.0012562814070351536,0.5829145728643217,-0.002085427135678275,-0.002085427135678275,0.507537688442211,-0.0024623115577889765,-0.0024623115577889765,0.4116094986807388,0.12965956455689165,0.16723022204339766,0.3835978835978836,0.44723618090452266,0.1439780355411141,0.19347992047046592,0.4444444444444444,0.40802675585284276,0.12755931010993793,0.1777709160308183,0.37583892617449666,27.0,10.0,10.0,39.0,10.0,10.0,46.0,7.0,7.0,0.000731345802619474,0.0005192503980804315,0.00034814021029135625,-0.016843161742884583,-0.022191368511951914,-0.019153439920374105,-1.1184608936309814
130,1,3.2188973069950273,1.4329940362463005,1.984818238878815,4.970356135801145,2.2127113794979643,3.064792868856994,25.000537058939226,19.035571565178294,21.56532359301872,38.60377045865616,29.393161975642958,33.2993967245142,3.092869914955829,1.3180027552749154,1.8555901559293002,4.686166537811862,1.9969738716286591,2.811500236256515,22.040240913308054,16.140743520160385,18.594014776195426,33.39430441410311,24.455672000243005,28.17274966090216,3.110953714536584,1.3918810332990432,1.9256477772904161,4.835679349020597,2.163545647615093,2.9932348869799217,22.442437876729674,16.86308565009596,19.17075027726466,34.884618461237835,26.212050233309782,29.799093695230038,0.6532663316582914,-0.0017336683417086274,-0.0017336683417086274,0.5175879396984925,-0.002412060301507535,-0.002412060301507535,0.44221105527638194,-0.0027889447236180143,-0.0027889447236180143,0.4299363057324841,0.14058813403137116,0.19264817013926372,0.40894568690095845,0.4321608040201005,0.12890265865669193,0.18007399266784674,0.38383838383838387,0.4280936454849499,0.14929564882384805,0.19450076450608444,0.3959731543624161,22.0,5.0,5.0,34.0,6.0,6.0,42.0,5.0,5.0,0.0009228533141264296,0.00019799860434563385,-0.00018683380301756083,-0.004227727866497055,-0.004197910177930808,-0.00428107461365812,-1.815114974975586
130,0,3.388706359815237,1.5846527569368345,1.962905637449732,6.102738150255495,2.8538090373794573,3.5350065326017797,29.627600014750726,23.553379911750962,25.466411548953207,53.35649233425696,42.41739911708997,45.862587314404415,3.5795788237796957,1.6524453759366078,2.2476392835359897,5.593091912155774,2.5819458999009495,3.511936380524984,35.85843494606631,28.988645565985,32.07005095628861,56.02880460322861,45.29475869685156,50.109454619200946,3.361309509213553,1.5519187665024397,2.117916552810824,5.828860420601537,2.6911886124319766,3.6726876638337993,28.826915284787237,22.720189553341285,25.35955716090295,49.98887043604723,39.39917263585193,43.97611068364672,0.7688442211055276,-0.0011557788944723812,-0.0011557788944723812,0.5829145728643217,-0.002085427135678275,-0.002085427135678275,0.49246231155778897,-0.002537688442211028,-0.002537688442211028,0.4256926952141058,0.13638451911347682,0.1686056961916229,0.398989898989899,0.40703517587939697,0.10127076485182807,0.15995671177255222,0.38383838383838387,0.4180602006688964,0.11922881502615845,0.18113027853319008,0.3825503355704698,26.0,11.0,11.0,36.0,8.0,8.0,47.0,12.0,12.0,0.0002794416461144648,0.0005746886270116294,0.00012483076759104428,0.00012004027090029012,0.000385540347244806,2.708672863338535e-05,-0.9517276287078857
31,1,3.404158209130491,1.547886727542814,2.117310587160712,5.6852951533931915,2.585130410947793,3.536126960000365,30.088956451416106,23.68912610534631,26.467603780757376,50.25165922813824,39.56328277387735,44.20362693281129,3.5128121190334682,1.5767556386616057,2.1673719136043146,5.204166102271804,2.335934279498675,3.2109213534878727,33.54246067315175,26.61109763563533,29.70258417006049,49.69253433059519,39.423848349089376,44.00382840008961,3.4629038321134638,1.5614777468658445,2.1146160802505167,5.525910370393825,2.491719808828475,3.374387362101888,31.909501946968735,25.21406604740951,28.05867563458859,50.91941800048202,40.23521177778113,44.77448239562008,0.7587939698492463,-0.001206030150753712,-0.001206030150753712,0.6582914572864322,-0.0017085427135676845,-0.0017085427135676845,0.5376884422110553,-0.0023115577889447625,-0.0023115577889447625,0.44272445820433437,0.11505830673601902,0.19555659002719739,0.4161490683229814,0.4371859296482412,0.08881500232994544,0.17508242380516947,0.4191919191919192,0.4381270903010034,0.11258451934941738,0.19229839174705454,0.41946308724832215,25.0,5.0,5.0,39.0,8.0,8.0,45.0,6.0,6.0,0.00048510325452057575,-4.99071521706015e-05,0.0003062511775647493,0.00041226083606016317,1.0681229349884802e-05,-0.0001244151406112337,-1.713444709777832
31,0,3.61058936226234,1.660022016509446,2.269037394805385,7.063050723257716,3.2473423388651934,4.438700889108343,36.987845632640635,29.955169224588907,33.162870494377245,72.35578561713643,58.59843322766298,64.87335249994965,3.976157877313432,1.829456600562939,2.5186079055036625,7.295702527180608,3.356801101950346,4.621298909181031,53.31180971749941,44.75522373523645,49.01638699837411,97.8198343440356,82.1196765784155,89.9383247676589,3.61058936226234,1.660022016509446,2.269037394805385,7.063050723257716,3.2473423388651934,4.438700889108343,36.987845632640635,29.955169224588907,33.162870494377245,72.35578561713643,58.59843322766298,64.87335249994965,0.7939698492462312,-0.001030150753768888,-0.001030150753768888,0.6683417085427136,-0.0016582914572863539,-0.0016582914572863539,0.5477386934673367,-0.002261306532663321,-0.002261306532663321,0.44569288389513106,0.12793587454933664,0.19538155139201774,0.37969924812030076,0.44221105527638194,0.10887772194304857,0.1817769985151132,0.41414141414141414,0.44569288389513106,0.12793587454933664,0.19538155139201774,0.37969924812030076,27.0,2.0,2.0,40.0,6.0,6.0,50.0,5.0,5.0,0.0008158325353792419,0.0007703779928896564,7.253456834412341e-05,-0.00016252502302549487,0.00022759863213561715,7.184004964067014e-05,-1.0730421543121338
495,1,3.0343323140530973,1.3701575751900321,1.886337343983255,5.851926605673831,2.642446752152205,3.6379363062534202,20.787094014403646,15.505781025933885,17.635227032066915,40.08939559920703,29.904006264301064,34.010794990414766,3.1794319248678695,1.3980602071041457,1.9585050907996349,5.627313141359061,2.474442844432116,3.4663806916807696,24.033097068684654,18.095100979318605,20.642768518793368,42.5364549888224,32.02672739702408,36.535873484590034,3.0343323140530973,1.3701575751900321,1.886337343983255,5.851926605673831,2.642446752152205,3.6379363062534202,20.787094014403646,15.505781025933885,17.635227032066915,40.08939559920703,29.904006264301064,34.010794990414766,0.7236180904522613,-0.0013819095477386467,-0.0013819095477386467,0.5678391959798995,-0.0021608040201005485,-0.0021608040201005485,0.42713567839195976,-0.002864321608040288,-0.002864321608040288,0.3986486486486487,0.08836197073971108,0.15595201943516557,0.3864406779661017,0.40703517587939697,0.09375196785934681,0.15828726269074922,0.40909090909090906,0.3986486486486487,0.08836197073971108,0.15595201943516557,0.3864406779661017,23.0,6.0,6.0,32.0,9.0,9.0,41.0,8.0,8.0,0.0006215235764575156,0.00012300220483118295,6.247000298552122e-05,-0.005039021798542542,-0.0051292267627376376,-0.004843847220187492,-0.6477594375610352
495,0,3.417247279049599,1.5013690094383383,2.085585777162966,6.257834079759578,2.749381998533957,3.819228954429682,30.485381665133314,23.692479487690523,26.69805084499853,55.82635517427538,43.386853061833264,48.89080560990355,3.6348718602453642,1.5309686039820138,2.1616484811054564,6.32151627868759,2.6625540938817633,3.7593886627920976,37.89699647416873,29.698889619254835,33.53371948032817,65.90781995507606,51.65024281609537,58.31951213970118,3.417247279049599,1.5013690094383383,2.085585777162966,6.257834079759578,2.749381998533957,3.819228954429682,30.485381665133314,23.692479487690523,26.69805084499853,55.82635517427538,43.386853061833264,48.89080560990355,0.7688442211055276,-0.0011557788944723812,-0.0011557788944723812,0.6432160804020101,-0.001783919597989958,-0.001783919597989958,0.5025125628140703,-0.0024874371859296973,-0.0024874371859296973,0.43150684931506844,0.1101393279475471,0.1843542297250912,0.36426116838487976,0.44221105527638194,0.09384012795808616,0.1684214058606891,0.3787878787878788,0.43150684931506844,0.1101393279475471,0.1843542297250912,0.36426116838487976,26.0,2.0,2.0,42.0,6.0,6.0,51.0,5.0,5.0,0.0013183424588369315,0.0004078081628368829,0.0002475665319121586,-0.000335773069539691,0.00013076050589333477,-1.577387457896151e-05,-1.2562074661254883
80,1,3.125268617319682,1.3390442714420632,1.861387817817312,4.623935439660115,1.98115906827393,2.7539831456595323,22.76600961673965,16.799128613419192,19.226880093555437,33.68304346804171,24.854851106403835,28.446787506839332,3.1924060061948385,1.307920581285462,1.843087469024059,4.660446724372027,1.9093731113656376,2.690638640911035,24.34693590762478,17.763969767700896,20.4921381735689,35.542972127919384,25.93280258058525,29.915530180392555,3.125268617319682,1.3390442714420632,1.861387817817312,4.623935439660115,1.98115906827393,2.7539831456595323,22.76600961673965,16.799128613419192,19.226880093555437,33.68304346804171,24.854851106403835,28.446787506839332,0.592964824120603,-0.0020351758793969443,-0.0020351758793969443,0.48743718592964824,-0.002562814070351749,-0.002562814070351749,0.4371859296482412,-0.002814070351758735,-0.002814070351758735,0.42460317460317465,0.14143485777149145,0.18581689491979736,0.4183266932270916,0.4321608040201005,0.13892772131333353,0.19509903440407372,0.4292929292929293,0.42460317460317465,0.14143485777149145,0.18581689491979736,0.4183266932270916,23.0,3.0,3.0,32.0,1.0,1.0,42.0,1.0,1.0,-0.0001448165127598433,-0.00017776742110330824,2.9149631030658287e-05,-5.857619511928647e-05,-0.00012331829868550415,0.00012440840417138332,-1.8767602443695068
80,0,3.7092667069879024,1.6759432211759338,2.3043221078963123,6.769918470677373,3.0588253326380426,4.205702645012941,40.82385969738879,33.18442593308434,36.74855873775067,74.50912097774784,60.56611071939983,67.07113999130449,4.272135109158617,1.9133353603076726,2.663620088356671,6.424263322043032,2.8771960305378528,4.005443741889731,71.67450525707723,61.09625798066775,66.67911758657048,107.78121091289809,91.87407215138008,100.26934975424133,3.7231818800387173,1.7068735124878467,2.3346224286809107,6.531898035155645,2.994514934189205,4.095828822247212,41.395901570065625,33.88535405777961,37.386830940094434,72.62438871941339,59.44798957505195,65.59093147384989,0.7688442211055276,-0.0011557788944723812,-0.0011557788944723812,0.6582914572864322,-0.0017085427135676845,-0.0017085427135676845,0.5628140703517588,-0.0021859296482411583,-0.0021859296482411583,0.4264264264264265,0.11908009958984478,0.1846681846681847,0.37650602409638556,0.4321608040201005,0.10885253334340872,0.16504895093161964,0.4242424242424242,0.4247491638795987,0.1108927365006338,0.17892046532564987,0.37248322147651003,28.0,2.0,2.0,41.0,6.0,6.0,52.0,11.0,11.0,0.001152490748022367,0.0003287184124719173,0.0006488665911464067,-0.002847367559841274,-0.0035243827997710753,-0.004003053097116016,-1.0743699073791504
454,1,2.4846030938530475,0.982412535684775,1.3085032121047473,5.726707130953976,2.264341088346616,3.0159403303389913,11.996357881601861,7.504840650013731,8.754651404067996,27.650141946618927,17.297742473812136,20.178403845961604,2.5361382781560695,1.0728217697529703,1.5227761952623287,4.653464730561595,1.9684803114733396,2.794084761949226,12.63080003219152,8.310536045570611,9.875952543974158,23.17577987558077,15.248689991872682,18.12101384215442,2.356447849784009,0.99393452035451,1.374482924411581,5.315295901768441,2.2419575647094208,3.1003374234847687,10.553397540000763,6.647399504815872,7.883700693385432,23.804656105264876,14.994134221389182,17.782783518914506,0.6080402010050252,-0.001959798994974782,-0.001959798994974782,0.457286432160804,-0.0027135678391959628,-0.0027135678391959628,0.3417085427135679,-0.003291457286432098,-0.003291457286432098,0.3687002652519894,0.09320357651026756,0.12627602282774697,0.375,0.3869346733668342,0.11124545030919009,0.14820345466900442,0.398989898989899,0.3712374581939799,0.10579505418730206,0.15321743594703885,0.3557046979865772,25.0,14.0,14.0,35.0,15.0,15.0,41.0,14.0,14.0,-0.0007464011698520267,-0.00020389899875014502,-8.561194119227111e-05,-0.026565957630335646,-0.027459124967734283,-0.027504890329815623,-1.2188115119934082
454,0,3.917023908094581,1.7874817033154433,2.458161428461527,6.854791839165517,3.1280929808020264,4.301782499807674,50.25067140254398,41.83965599526985,45.9496072060638,87.93867495445197,73.21939799172223,80.41181261061166,3.9766974521042715,1.8050305888348959,2.468817416160971,6.573053639841771,2.9835216344378446,4.080689944067721,53.340583188098606,44.56768811147096,48.82343873542252,88.16625320346877,73.66560018424953,80.69989873623557,3.917023908094581,1.7874817033154433,2.458161428461527,6.854791839165517,3.1280929808020264,4.301782499807674,50.25067140254398,41.83965599526985,45.9496072060638,87.93867495445197,73.21939799172223,80.41181261061166,0.7437185929648241,-0.0012814070351758744,-0.0012814070351758744,0.6130653266331658,-0.001934673366834172,-0.001934673366834172,0.5577889447236181,-0.00221105527638199,-0.00221105527638199,0.43027888446215135,0.11218743316990487,0.1812722619455951,0.404,0.4321608040201005,0.10634626767924837,0.17840454358604374,0.40909090909090906,0.43027888446215135,0.11218743316990487,0.1812722619455951,0.404,25.0,7.0,7.0,38.0,9.0,9.0,46.0,7.0,7.0,0.00023619699869024513,0.00039679672443115643,0.00031934584902610106,-5.164627325804361e-05,-0.00011782167916685182,0.0001279129611404528,-0.5338356494903564
214,1,3.8839489567163326,1.8253780815252254,2.4880697687914424,6.431485369186185,3.02266908123532,4.120029509611635,48.61581826805713,40.7810533193645,44.57729463458632,80.50361304603008,67.52991624927024,73.81616530888488,4.088719334434624,1.8666898121865447,2.5834638661329627,6.3886239600541,2.916702831541476,4.036662290832753,59.663433850880274,50.437397527009296,55.15812940512126,93.22411539200043,78.80843363595203,86.18457719550197,3.917445300813503,1.8257068964774237,2.50066694467828,6.493003261016855,3.026033530073078,4.144751842008199,50.27185113177239,42.17286889229925,46.14803757367821,83.32351016315864,69.89978269441863,76.48846006686996,0.8040201005025126,-0.0009798994974873354,-0.0009798994974873354,0.6884422110552764,-0.0015577889447235815,-0.0015577889447235815,0.5879396984924623,-0.002060301507537776,-0.002060301507537776,0.4592833876221498,0.1292020868091417,0.21009595533612602,0.4411764705882353,0.46733668341708545,0.12648455309127093,0.2102415248194227,0.45959595959595956,0.46488294314381273,0.13433202494681773,0.21238016227618206,0.44630872483221473,26.0,8.0,8.0,39.0,10.0,10.0,48.0,9.0,9.0,0.0005135077262239392,0.00010311748924333525,-6.853045999469362e-06,0.0004754436609601953,7.265763014618898e-05,-6.834222911056287e-05,-0.9003880023956299
214,0,4.0374343296674295,1.8837196480120855,2.5642272923371316,6.091986710444938,2.8422988771779987,3.869100352343009,56.6807320181387,48.06392430092123,52.31752632755744,85.5241814474874,72.52248932979239,78.94064623388844,4.22635570123567,1.9606924873385005,2.689947020727418,6.215228972405397,2.8833713049095593,3.9558044422462024,68.46726180954487,58.82974759414746,63.81939352754271,100.6871497199189,86.51433469727567,93.85204930520985,4.0374343296674295,1.8837196480120855,2.5642272923371316,6.091986710444938,2.8422988771779987,3.869100352343009,56.6807320181387,48.06392430092123,52.31752632755744,85.5241814474874,72.52248932979239,78.94064623388844,0.8291457286432161,-0.0008542713567838423,-0.0008542713567838423,0.728643216080402,-0.001356783919598037,-0.001356783919598037,0.6030150753768844,-0.0019849246231156137,-0.0019849246231156137,0.4409448818897638,0.09320421391333944,0.17654697613060144,0.4031620553359684,0.457286432160804,0.09137164519338548,0.18516623182691416,0.4292929292929293,0.4409448818897638,0.09320421391333944,0.17654697613060144,0.4031620553359684,28.0,11.0,11.0,38.0,6.0,6.0,47.0,7.0,7.0,0.000410178497064982,0.0002613276946718041,0.00027102540428708497,-7.243603883999583e-05,-0.00013431153772813786,0.00011739929023413254,-0.9337959289550781
248,1,3.2301077220090635,1.403837922547638,1.936591734062238,5.355178591751868,2.327415503171084,3.21066524331371,25.28238029307847,19.071703965417313,21.636798422677693,41.91552522273536,31.61887762687607,35.87153422707091,3.2270488571282008,1.334594956872247,1.874859714093828,4.889467965345759,2.022113571018556,2.8406965365057997,25.20516306663434,18.569531169095956,21.339283829896473,38.18964101005203,28.135653286509022,32.33224822711587,3.2360541126799824,1.410493782330447,1.9476197704505234,5.305006742098332,2.3122848890663064,3.19281929582053,25.433167077643752,19.22689547030975,21.806063772217218,41.69371652072746,31.519500770999592,35.74764552822495,0.6683417085427136,-0.0016582914572863539,-0.0016582914572863539,0.5628140703517588,-0.0021859296482411583,-0.0021859296482411583,0.44221105527638194,-0.0027889447236180143,-0.0027889447236180143,0.42356687898089174,0.10878150537198872,0.17144823491309513,0.4249201277955271,0.4321608040201005,0.11386506467172952,0.18341289083145274,0.43939393939393945,0.4280936454849499,0.11590666718778797,0.17781555872187982,0.4295302013422819,22.0,9.0,9.0,33.0,10.0,10.0,42.0,12.0,12.0,0.00016176812239798095,0.00011772943728344513,-0.00021380284631684624,0.0004478011750661537,4.5542954798527546e-05,-9.287412789138472e-05,-1.2480435371398926
248,0,3.4648977410639814,1.5284443447650808,2.1307074026816144,5.63045882922897,2.483722060243257,3.462399529357623,31.973190061557958,25.03907530959234,28.176269580792404,51.95643385003168,40.688497378087554,45.78643806878766,3.378068046953211,1.408442307427777,2.004393246075632,5.4049088751251375,2.253507691884443,3.207029193721011,29.314082939627596,22.146089649927553,25.36424400958355,46.902532703404155,35.43374343988408,40.58279041533368,3.4648977410639814,1.5284443447650808,2.1307074026816144,5.63045882922897,2.483722060243257,3.462399529357623,31.973190061557958,25.03907530959234,28.176269580792404,51.95643385003168,40.688497378087554,45.78643806878766,0.7437185929648241,-0.0012814070351758744,-0.0012814070351758744,0.6231155778894473,-0.0018844221105527303,-0.0018844221105527303,0.4974874371859297,-0.002512562814070307,-0.002512562814070307,0.45493562231759654,0.10161656450175072,0.18532078636895177,0.4612068965517241,0.44221105527638194,0.08882759662976536,0.1584047113698711,0.43939393939393945,0.45493562231759654,0.10161656450175072,0.18532078636895177,0.4612068965517241,19.0,5.0,5.0,30.0,3.0,3.0,40.0,6.0,6.0,-6.085281347910508e-06,-5.419119283718502e-05,-4.4497053659956494e-05,7.309232023011702e-05,-1.888252780091193e-05,-4.806743682639336e-05,-0.6143550872802734
123,1,2.5633747810964653,1.1199836728393398,1.358496361954034,5.666407410844818,2.475753382065909,3.0029919580036544,12.979546614188838,8.744513665112251,9.643193197490806,28.69162935768059,19.329977575511293,21.31653233129547,3.2372741842988746,1.478599009394527,2.041210650848667,5.179638694878199,2.3657584150312427,3.2659370413578666,25.464216300259785,19.65947427015279,22.157143216569256,40.74274608041566,31.455158832244464,35.45142914651081,2.660942294525861,1.237256183612207,1.6938104914132155,5.430494478624206,2.5250126196167493,3.4567561049249305,14.309766762602624,10.15736829659565,11.679377607106792,29.20360563796454,20.729323054276833,23.835464504299576,0.6432160804020101,-0.001783919597989958,-0.001783919597989958,0.507537688442211,-0.0024623115577889765,-0.0024623115577889765,0.40703517587939697,-0.00296482412060306,-0.00296482412060306,0.3556085918854416,0.0969673523145238,0.11904945210049533,0.32296650717703346,0.39698492462311563,0.12129570156547154,0.16993984949790697,0.38383838383838387,0.36454849498327757,0.11747003087643282,0.17878653725246552,0.325503355704698,24.0,0.0,0.0,35.0,0.0,0.0,42.0,0.0,0.0,-0.00032936151788124236,0.000933216208533375,-0.00016585754118179054,-0.06381329316807971,-0.0758879851080696,-0.06492244197393582,-1.3693342208862305
123,0,4.046003549749201,1.8664034193376282,2.5608044522052458,6.867831666497361,3.1681001630807946,4.346801403486853,57.168528718871926,48.32575912184497,52.75268420981297,97.03991285100825,82.02987830425994,89.54429986383639,4.212740222413336,1.8673993409820242,2.6078223922740866,6.431664461699749,2.8509913602778996,3.9814082324795215,67.54136482536222,57.104534982629865,62.56391423584842,103.11658751963698,87.18249615668681,95.5174263142724,4.050405330083841,1.8453108523157051,2.5474467627742756,6.713379000138962,3.0585262745564177,4.2222874521120595,57.42072667714497,48.34961813168197,52.925758594291665,95.1724751554889,80.13748861604746,87.72225181374309,0.7889447236180904,-0.001055276381909609,-0.001055276381909609,0.6733668341708543,-0.001633165829145744,-0.001633165829145744,0.5728643216080402,-0.0021356783919597166,-0.0021356783919597166,0.42727272727272725,0.09595653967817352,0.16719208211143688,0.42553191489361697,0.44221105527638194,0.09133386229392582,0.1650825076970831,0.4444444444444444,0.4247491638795987,0.09085934751899771,0.15667352428004366,0.4261744966442953,27.0,3.0,3.0,39.0,2.0,2.0,49.0,5.0,5.0,0.00033115713215780505,6.4135748403082e-05,0.00015936126968994378,0.0003846183501678979,-1.6433446000441165e-05,-0.0001489470393902792,-0.9950237274169922
464,1,3.554197508529578,1.649013944525704,2.1920003584129026,5.4296038534558235,2.519131940786076,3.3486303347669453,34.95975380353571,28.239112621318327,31.054990568905996,53.406602619018386,43.13975077043949,47.44145367760533,3.7067372631188014,1.7337921618397363,2.376459524253094,5.148246198776113,2.408044669221856,3.300638228129297,40.720728523009406,33.52890253774689,36.93863484689275,56.55656739306862,46.56792019131512,51.30365950957326,3.70652346786448,1.726139161028471,2.361230866241963,5.3978497104822525,2.513794894701657,3.4386857275368397,40.71202355507224,33.46649659935539,36.872713790542434,59.28935469185278,48.73761640682823,53.69812687943073,0.6934673366834171,-0.0015326633165829717,-0.0015326633165829717,0.5678391959798995,-0.0021608040201005485,-0.0021608040201005485,0.49246231155778897,-0.002537688442211028,-0.002537688442211028,0.4078212290502793,0.1051712987852863,0.16344195241293813,0.3893557422969187,0.42211055276381915,0.1288774700570522,0.19506547763861048,0.3939393939393939,0.42140468227424754,0.11255660214069163,0.1833624130862609,0.40268456375838924,23.0,6.0,6.0,32.0,1.0,1.0,44.0,6.0,6.0,0.0004294603118215029,0.00029571264241401804,0.00020935781509883922,0.00027404840659261964,-0.00012489214739197507,0.00012340494333251684,-1.367023229598999
464,0,3.2455253100116894,1.4334784680384496,1.9885793791951574,5.855563146734377,2.5862758374399997,3.5877865722542,25.675193954742294,19.552226593445045,22.160522923825244,46.323077205059526,35.276045182579175,39.98192247795044,3.327721437617163,1.4370073476451282,2.0238544557541824,5.73745075451235,2.477598875250221,3.4894042340589357,27.874754919530428,21.25065772560013,24.191241678347225,48.059922275052465,36.63906504413816,41.709037376460735,3.2455253100116894,1.4334784680384496,1.9885793791951574,5.855563146734377,2.5862758374399997,3.5877865722542,25.675193954742294,19.552226593445045,22.160522923825244,46.323077205059526,35.276045182579175,39.98192247795044,0.7487437185929648,-0.0012562814070351536,-0.0012562814070351536,0.6381909547738693,-0.0018090452261306789,-0.0018090452261306789,0.46733668341708545,-0.002663316582914521,-0.002663316582914521,0.41634241245136183,0.08236182992708996,0.15114189498693753,0.37890625,0.42211055276381915,0.07624589110968383,0.1466514542663233,0.38888888888888884,0.41634241245136183,0.08236182992708996,0.15114189498693753,0.37890625,23.0,11.0,11.0,35.0,13.0,13.0,43.0,12.0,12.0,0.00022375662210470776,0.0002577596946377374,0.00010362831220499142,-9.322580442105988e-05,-0.00015080139628764755,0.00010688561932692409,-0.9921493530273438
102,1,3.5615153595344307,1.6618566431756112,2.269767364975279,5.875494265446632,2.741594010210613,3.744474974987466,35.216522424442445,28.532909379239094,31.577380224358063,58.09731383015364,47.07124033185206,52.093757206285616,3.87306576098629,1.7814779250027648,2.445210651454677,6.34928813276441,2.9204556147586307,4.008542051565044,48.08959151069012,39.99182862982943,43.91984556553457,78.83539591916413,65.56037480299906,71.99974682874519,3.5615153595344307,1.6618566431756112,2.269767364975279,5.875494265446632,2.741594010210613,3.744474974987466,35.216522424442445,28.532909379239094,31.577380224358063,58.09731383015364,47.07124033185206,52.093757206285616,0.8140703517587939,-0.0009296482412060048,-0.0009296482412060048,0.6834170854271358,-0.0015829145728643024,-0.0015829145728643024,0.5175879396984925,-0.002412060301507535,-0.002412060301507535,0.4226804123711341,0.09677989779137419,0.17125184094256263,0.3620689655172413,0.42211055276381915,0.07875215677384417,0.1549986996753383,0.3737373737373737,0.4226804123711341,0.09677989779137419,0.17125184094256263,0.3620689655172413,28.0,1.0,1.0,41.0,0.0,0.0,51.0,1.0,1.0,0.0012396076351081414,0.0002964449285190178,0.00025587190285051946,-0.00032884314767755995,0.00013463403094249315,-1.2269317609892028e-05,-1.4940109252929688
102,0,3.2914142819233123,1.4772062735626372,2.035198494038741,5.597164393858895,2.512040614935394,3.4609257813065226,26.880853890856002,20.744639468911075,23.368748135527458,45.711826402632134,35.27698048723916,39.73936848715365,3.556113621697354,1.6032944452122875,2.2208276999716685,5.556427533902116,2.5051475706441995,3.4700432812057325,35.026804866338274,27.97827421758765,31.225722263178426,54.729382603653555,43.7160534649807,48.79019103621629,3.3712665424697774,1.5551551398308119,2.1253165025170824,5.746477061028029,2.6508326247116107,3.6226985838359353,29.115379579990233,22.96747440009286,25.639143786050838,49.6284879204379,39.14910409106738,43.70308599895029,0.7537688442211055,-0.0012311557788945438,-0.0012311557788945438,0.6080402010050252,-0.001959798994974782,-0.001959798994974782,0.49246231155778897,-0.002537688442211028,-0.002537688442211028,0.42586750788643535,0.12035569686281333,0.18347506297562732,0.3987341772151899,0.4120603015075377,0.09877709348748753,0.16999018464610194,0.41414141414141414,0.43143812709030105,0.12259004695674514,0.19117116379775378,0.40604026845637586,22.0,8.0,8.0,32.0,7.0,7.0,45.0,11.0,11.0,0.0002815622952235149,0.00036583215803328293,0.0002852962761162072,0.00043595439539778624,3.3922379648387846e-05,-0.00010338779879681681,-1.2179360389709473
347,1,3.227144408531678,1.35121114586785,1.7537187842240287,6.405144485968965,2.6818454722554788,3.480731191023326,25.20757157040635,18.680663972421133,20.84341203563646,50.031271492532404,37.076850828510985,41.369411705248005,3.52850595371208,1.5949045674458353,2.186916165945469,5.930262107079126,2.6805118780602273,3.6754893545301996,34.073022893972386,27.15865613272735,30.247903091229226,57.26558469575191,45.64480022307119,50.83681191803232,3.3012427474344057,1.4618499086617769,2.017840217913104,6.0022595407898285,2.6579089248395946,3.6688003962056444,27.14635402845917,20.853637620973217,23.53745578689148,49.35700732447122,37.91570476540585,42.79537415798451,0.6884422110552764,-0.0015577889447235815,-0.0015577889447235815,0.5829145728643217,-0.002085427135678275,-0.002085427135678275,0.4974874371859297,-0.002512562814070307,-0.002512562814070307,0.4307692307692308,0.11578843691519747,0.1521768554026619,0.3753213367609255,0.4522613065326633,0.14399062984093391,0.21353008783483352,0.3787878787878788,0.4481605351170569,0.13931245498350098,0.19788244835398683,0.3825503355704698,28.0,11.0,11.0,39.0,12.0,12.0,50.0,12.0,12.0,0.0014188058241492798,0.0007185804152143039,0.0005102097669682183,-0.0071049786335111165,-0.0064992066069802235,-0.0074468844643460486,-0.5535504817962646
347,0,3.767477704588056,1.7641298206784262,2.041350688591401,6.838446925974958,3.2021179938364708,3.7053088129053995,43.2707853728265,35.85695011614754,37.651935376397844,78.54192975235735,65.08488424443586,68.34300875043643,4.220461749551284,1.9583896411080648,2.6845838307920324,6.493018076232745,3.012907140166253,4.13012897044928,68.06490597417876,58.461939020086646,63.41950394831997,104.71523996027501,89.94144464628715,97.56846761279995,3.9251643941553938,1.8526219964302295,2.5184455310245846,6.615445608127068,3.1223966231970164,4.244571119704356,50.66140581332254,42.71640900930552,46.57886777539739,85.38439182020652,71.99394776849245,78.50370973381582,0.7638190954773869,-0.001180904522613102,-0.001180904522613102,0.6582914572864322,-0.0017085427135676845,-0.0017085427135676845,0.5678391959798995,-0.0021608040201005485,-0.0021608040201005485,0.44547563805104406,0.13724852333493742,0.17079333111067263,0.4418604651162791,0.4824120603015075,0.14406619563985334,0.24201139252187476,0.505050505050505,0.46488294314381273,0.13934037219222672,0.22795302100810644,0.4664429530201343,31.0,10.0,10.0,41.0,8.0,8.0,49.0,10.0,10.0,0.00014476997937381506,0.0002942963461315601,0.000239603814893541,-0.0023440898991786696,-0.0020914244242220548,-0.002843387352116089,-1.318342924118042
191,1,2.9350282188035175,1.2768062480889653,1.7774660057103295,4.872716751605839,2.1197462953710002,2.9509387085093817,18.82203426297738,13.57206631879666,15.639867893557156,31.248231640477005,22.532265441885713,25.96521757085702,3.1988071940053047,1.3696745077225467,1.9072980166747653,4.810236381962864,2.059660913868491,2.8681173183079176,24.503285093360187,18.274802826255954,20.865011879362,36.84704525317321,27.48090650564805,31.375957713326315,3.057398719532434,1.3223836673436182,1.8485729328007694,4.904917731870215,2.1214711240806707,2.965625025883587,21.27215029979795,15.603137165579081,17.922601042474295,34.12644433122666,25.03177085387018,28.752835897017583,0.7085427135678393,-0.0014572864321606982,-0.0014572864321606982,0.592964824120603,-0.0020351758793969443,-0.0020351758793969443,0.4824120603015075,-0.0025879396984924696,-0.0025879396984924696,0.43988269794721413,0.1324156408461893,0.18768328445747806,0.3764705882352941,0.4522613065326633,0.12143423886349036,0.18681890252598543,0.398989898989899,0.4347826086956522,0.11758728315308131,0.17004401025293814,0.38926174496644295,22.0,4.0,4.0,32.0,2.0,2.0,39.0,3.0,3.0,0.0004141447366402715,0.00025154223255239146,0.0004380129555519799,-0.001996584362233378,-0.003555371000167895,-0.003223389986453107,-1.6483256816864014
191,0,3.3780402390050215,1.5591350281329144,2.125926117532214,5.63006706500837,2.5985583802215246,3.5432101958870237,29.31326778646191,23.14816252277626,25.81553801444589,48.85544631076985,38.58027087129376,43.02589669074315,3.77150952636297,1.728132261066187,2.371611691271492,5.986523057719,2.74306708105744,3.7644630020182417,43.44559763664994,35.72897130155593,39.39081194777622,68.96126608992054,56.71265285961259,62.52509832980353,3.3780402390050215,1.5591350281329144,2.125926117532214,5.63006706500837,2.5985583802215246,3.5432101958870237,29.31326778646191,23.14816252277626,25.81553801444589,48.85544631076985,38.58027087129376,43.02589669074315,0.7185929648241206,-0.0014070351758793676,-0.0014070351758793676,0.6432160804020101,-0.001783919597989958,-0.001783919597989958,0.5376884422110553,-0.0023115577889447625,-0.0023115577889447625,0.46478873239436624,0.15020173766677403,0.22591285417422569,0.43462897526501765,0.4623115577889447,0.1314844901197718,0.21690254276390297,0.4797979797979798,0.46478873239436624,0.15020173766677403,0.22591285417422569,0.43462897526501765,25.0,0.0,0.0,37.0,2.0,2.0,46.0,-2.0,-2.0,0.0009544485640707482,0.00010329589109192373,9.668426570921015e-05,-0.004940067029992612,-0.004070988635697326,-0.004167493952001777,-1.5215263366699219
160,1,3.4962733076329817,1.601691627928045,2.1895918550509688,5.464121125590343,2.503190194466781,3.421985084943044,32.99227052885902,26.342504438247907,29.29837554481271,51.56169055329879,41.169159941742635,45.78871806457068,3.7225548274553,1.6450230080997823,2.2918807587384897,5.474345334493088,2.4191514824996796,3.370412880497779,41.36995229967201,33.385215499391144,37.18843542779826,60.83816514657648,49.09590514616344,54.68887562911509,3.4962733076329817,1.601691627928045,2.1895918550509688,5.464121125590343,2.503190194466781,3.421985084943044,32.99227052885902,26.342504438247907,29.29837554481271,51.56169055329879,41.169159941742635,45.78871806457068,0.7537688442211055,-0.0012311557788945438,-0.0012311557788945438,0.6080402010050252,-0.001959798994974782,-0.001959798994974782,0.4974874371859297,-0.002512562814070307,-0.002512562814070307,0.4280701754385965,0.11808768857344765,0.1783618907244775,0.4154929577464789,0.4371859296482412,0.1163839246357099,0.17508242380516947,0.43939393939393945,0.4280701754385965,0.11808768857344765,0.1783618907244775,0.4154929577464789,27.0,9.0,9.0,39.0,11.0,11.0,46.0,7.0,7.0,0.0002174491112283053,0.0004977304535467484,-6.659009360840229e-05,-0.0002872636165145437,0.00015787518124010802,8.758024202748516e-06,-1.6560075283050537
160,0,3.525160928424314,1.6002904508797589,2.1962570760995774,5.494524575588736,2.494307462544429,3.423216336490403,33.9592381832254,27.10497735551514,30.182337106868808,52.93087962636809,42.2474228055236,47.04397794869496,3.584236312751195,1.5760058354037851,2.2054613239208067,5.120337589644564,2.251436907719693,3.1506590341725813,36.02583474010436,28.575712224175213,32.05579943024612,51.465478200149086,40.822446034536014,45.79399918606588,3.525160928424314,1.6002904508797589,2.1962570760995774,5.494524575588736,2.494307462544429,3.423216336490403,33.9592381832254,27.10497735551514,30.182337106868808,52.93087962636809,42.2474228055236,47.04397794869496,0.7437185929648241,-0.0012814070351758744,-0.0012814070351758744,0.5829145728643217,-0.002085427135678275,-0.002085427135678275,0.4974874371859297,-0.002512562814070307,-0.002512562814070307,0.44244604316546765,0.12826291928755018,0.18168049292623323,0.4115523465703971,0.44723618090452266,0.1339529728844725,0.18346322597964793,0.40909090909090906,0.44244604316546765,0.12826291928755018,0.18168049292623323,0.4115523465703971,26.0,11.0,11.0,37.0,10.0,10.0,42.0,8.0,8.0,3.4533269884210164e-05,0.0002766588766617452,0.00025118131342858957,-0.00023875416349117273,0.00018498985658865763,3.328992298534672e-05,-1.394244909286499
421,1,2.6635282931627926,1.174070515336792,1.389531054392068,4.305703631804514,1.8979335398301522,2.2462344112352977,14.346819688704779,9.912129409133666,10.771705062983694,23.192227316327273,16.023367089952917,17.412906680763115,2.8592558871561558,1.2667560788948868,1.7646526559203395,4.143849111820516,1.835878375209981,2.5574676172758544,17.44853842317249,12.53251572812353,14.460541518842733,25.287736845177523,18.163066272642798,20.95730654904744,2.7092584419409964,1.241833981377082,1.7020512908240004,4.125774277067507,1.8911177381376882,2.5919562804426404,15.018134565837174,10.680086638657674,12.280190901659074,22.870255684016,16.264091327905085,18.700798327399603,0.6331658291457287,-0.0018341708542712887,-0.0018341708542712887,0.5025125628140703,-0.0024874371859296973,-0.0024874371859296973,0.4120603015075377,-0.0029396984924623393,-0.0029396984924623393,0.4125874125874126,0.13668520071314016,0.16332055041732463,0.3761682242990654,0.4170854271356784,0.12886487575723227,0.18503200476506076,0.3535353535353535,0.4180602006688964,0.14760944941680954,0.20448956663107654,0.3691275167785235,27.0,5.0,5.0,35.0,5.0,5.0,45.0,4.0,4.0,0.0006116379989158479,0.00043776594476251074,-2.5701765736822735e-05,-0.00701961893974179,-0.006249253173420399,-0.008428344571909996,-2.2541663646698
421,0,3.2865322277727853,1.5023335788288557,2.062464065812189,6.573064455545571,3.0046671576577113,4.124928131624378,26.749939931090534,20.795133786191304,23.348944502250696,53.49987986218107,41.59026757238261,46.69788900450139,3.4380253427591754,1.5435759145497894,2.1447772961405054,5.927629901308923,2.661337783706533,3.6978918898974227,31.12543537874523,24.476548671493504,27.480830179541574,53.6645437564573,42.20094598533363,47.38074168886479,3.2865322277727853,1.5023335788288557,2.062464065812189,6.573064455545571,3.0046671576577113,4.124928131624378,26.749939931090534,20.795133786191304,23.348944502250696,53.49987986218107,41.59026757238261,46.69788900450139,0.7487437185929648,-0.0012562814070351536,-0.0012562814070351536,0.6080402010050252,-0.001959798994974782,-0.001959798994974782,0.5025125628140703,-0.0024874371859296973,-0.0024874371859296973,0.4257028112449799,0.11708557677604203,0.1840472705240186,0.3870967741935484,0.44221105527638194,0.12140905026385063,0.19847148933314318,0.40909090909090906,0.4257028112449799,0.11708557677604203,0.1840472705240186,0.3870967741935484,24.0,14.0,14.0,35.0,19.0,19.0,45.0,18.0,18.0,0.0004631075653592176,6.718885958772256e-05,0.00029288963231376554,-3.7786429536446065e-05,-0.00010682844012599446,0.00013492207507859177,-0.7207663059234619
162,1,3.1819824043966274,1.4458280753186035,1.9950163965545127,5.789155084128058,2.6304743047732018,3.629642734376598,24.09447122426506,18.41899583394722,20.81734788180683,43.83639280801773,33.51068919466527,37.87414259786791,3.4993280957092594,1.5189726501055805,2.1484853612991692,5.689964383267089,2.4698742278139525,3.4934721321937716,33.09320901783197,25.847891173934304,29.232531331746763,53.81009596395442,42.02909133973057,47.532571271132944,3.1819824043966274,1.4458280753186035,1.9950163965545127,5.789155084128058,2.6304743047732018,3.629642734376598,24.09447122426506,18.41899583394722,20.81734788180683,43.83639280801773,33.51068919466527,37.87414259786791,0.7688442211055276,-0.0011557788944723812,-0.0011557788944723812,0.6432160804020101,-0.001783919597989958,-0.001783919597989958,0.507537688442211,-0.0024623115577889765,-0.0024623115577889765,0.4341637010676157,0.11444789289710056,0.18564299100844406,0.3678571428571429,0.44221105527638194,0.09634639362224662,0.1700908549424921,0.3939393939393939,0.4341637010676157,0.11444789289710056,0.18564299100844406,0.3678571428571429,22.0,7.0,7.0,36.0,10.0,10.0,46.0,10.0,10.0,0.0005688309260804312,0.0007288364621816904,0.00019338296345256263,-0.004935072970636334,-0.0033229594971819765,-0.004165424233688597,-0.9819393157958984
162,0,3.3420290712929943,1.4605688068081155,2.0264571311044888,6.505020870909578,2.8428928561086537,3.944354058756952,28.276443455541035,21.71336175228949,24.54956152618098,55.03807744024951,42.26350769642061,47.78396797060226,3.8224693039553848,1.6618882861600226,2.3153372517742237,6.478761532127771,2.8167598070508855,3.924300426735972,45.71695812231233,37.04078091467117,41.203191157027746,77.48636969883445,62.78098460113757,69.83591721530127,3.4353344926866,1.5259978069502893,2.1056107889712257,6.401244396310435,2.843474174441533,3.9234983645426573,31.041794082260026,24.293183218549558,27.261795238622792,57.8418523271926,45.26680102835322,50.79837622103626,0.7537688442211055,-0.0012311557788945438,-0.0012311557788945438,0.6130653266331658,-0.001934673366834172,-0.001934673366834172,0.457286432160804,-0.0027135678391959628,-0.0027135678391959628,0.3742331288343558,0.07714277661383506,0.1262739451608864,0.34153846153846157,0.37688442211055273,0.06360121409050257,0.11144201810387488,0.38383838383838387,0.3712374581939799,0.06405882714222699,0.11873467732634924,0.3489932885906041,20.0,2.0,2.0,32.0,3.0,3.0,39.0,5.0,5.0,0.001064097720377528,7.876786476983342e-06,0.0004864269211479143,-0.01245741683888113,-0.013111602355693641,-0.015844262568644574,-1.0750889778137207
154,1,3.3341635291686686,1.5062583921760464,2.0751971711362165,5.913422108336884,2.671477148387705,3.680538378996308,28.054906295495137,21.83406510651698,24.533126949073246,49.75775833540647,38.72456830212446,43.51158364552614,3.6862921906476043,1.6592235864436127,2.299098309237015,5.898067505036167,2.6547577383097805,3.6785572947792238,39.89664322460647,32.30484408428018,35.893043524684835,63.83462915937035,51.68775053484828,57.42886963949574,3.3341635291686686,1.5062583921760464,2.0751971711362165,5.913422108336884,2.671477148387705,3.680538378996308,28.054906295495137,21.83406510651698,24.533126949073246,49.75775833540647,38.72456830212446,43.51158364552614,0.7185929648241206,-0.0014070351758793676,-0.0014070351758793676,0.592964824120603,-0.0020351758793969443,-0.0020351758793969443,0.4723618090452262,-0.0026381909547738003,-0.0026381909547738003,0.4270462633451957,0.12331624558320631,0.18444271304933768,0.36071428571428577,0.42211055276381915,0.10381481341544818,0.1767015377387774,0.35858585858585856,0.4270462633451957,0.12331624558320631,0.18444271304933768,0.36071428571428577,27.0,8.0,8.0,40.0,9.0,9.0,46.0,7.0,7.0,0.001076561092750561,0.001150944438716718,8.902290948704373e-05,-0.018751317026723058,-0.020578456527912792,-0.01655409407339903,-1.3759868144989014
154,0,3.298829056442359,1.4273958031693976,1.978857079626661,5.14617332805008,2.2267374529442603,3.0870170442175913,27.080910130719477,20.583307692019872,23.33759365457595,42.24621980392238,32.109959999550995,36.40664610113848,3.3567018682633214,1.4659147125574368,2.026975343201805,5.16415672040511,2.2552534039345185,3.118423604925854,28.694396742833707,22.069815536698705,24.91438723449627,44.145225758205704,33.95356236415186,38.32982651460965,3.2641031594579437,1.417590833043864,1.9649109544362202,5.126863601242843,2.2265824602783204,3.086247572412911,26.156642131376213,19.818964948263595,22.490308306333088,41.083731096402424,31.129264316644388,35.325091580627884,0.6984924623115578,-0.0015075376884421399,-0.0015075376884421399,0.5829145728643217,-0.002085427135678275,-0.002085427135678275,0.4723618090452262,-0.0026381909547738003,-0.0026381909547738003,0.4340836012861736,0.11787172327654283,0.1795381467407191,0.4193548387096774,0.42713567839195976,0.1088399390435888,0.16336272346708502,0.40909090909090906,0.43143812709030105,0.11257335246592715,0.17448595801354905,0.4161073825503355,24.0,0.0,0.0,34.0,2.0,2.0,44.0,0.0,0.0,0.0007771292015387738,0.00013854128219671698,-2.162109714638086e-05,0.00045964795473452114,5.716352994689089e-05,-8.236045698506445e-05,-1.5120258331298828
164,1,3.030854119520921,1.335895226685471,1.8573014692527723,5.04111450491745,2.2219481831605283,3.0891850968183867,20.71491805144717,15.268495977804506,17.48145844290107,34.45440451414172,25.39555963655239,29.076303328498714,3.1209849700256806,1.3992341937539083,1.940563809090519,4.623681437075082,2.0729395463020865,2.874909346800769,22.66869663729498,17.074382349200203,19.41295153045732,33.58325427747404,25.29538125807437,28.759928193270106,3.007591837624642,1.3309354324272822,1.8462283629728855,4.877175952904825,2.158273674206403,2.993883831847922,20.23860335066654,14.89095766554743,17.04431771489582,32.81935678486466,24.147498917103942,27.639434132263492,0.6733668341708543,-0.001633165829145744,-0.001633165829145744,0.48743718592964824,-0.002562814070351749,-0.002562814070351749,0.40201005025125625,-0.002989949748743781,-0.002989949748743781,0.4,0.1050691244239631,0.16356192425793248,0.37037037037037035,0.3919597989949749,0.10624551328068921,0.15990637662435725,0.3484848484848485,0.39799331103678925,0.10917861988486943,0.16440043005792382,0.36241610738255037,24.0,11.0,11.0,32.0,7.0,7.0,41.0,9.0,9.0,0.0010240976047361425,0.0003272240643649184,1.9536887024794423e-05,-0.004271166058614995,-0.0042405189534768795,-0.004319624740314332,-1.7499594688415527
164,0,3.586222219331312,1.6870608349102252,2.2587206124833124,6.407869143170669,3.0144437253218235,4.035886576619928,36.09744976921129,29.417159871812494,32.32584112379422,64.49899654194098,52.56264098922842,57.759878556221146,4.1813004172627055,1.878706189663086,2.594696737144011,6.636984789305882,2.9820733169255336,4.118566249434938,65.45091139149534,55.4508200450224,60.56378891279406,103.89033554205609,88.01717467463872,96.13299827427628,3.727938451097163,1.7408760175709697,2.3721508321598668,6.427480088098558,3.0015103751223617,4.08991522786184,41.593273151260505,34.29919772259749,37.71345758150485,71.71253991596639,59.136547797581876,65.0232027267325,0.7487437185929648,-0.0012562814070351536,-0.0012562814070351536,0.6683417085427136,-0.0016582914572863539,-0.0016582914572863539,0.542713567839196,-0.0022864321608039306,-0.0022864321608039306,0.4330484330484331,0.12294885979096515,0.19453425905038813,0.36857142857142855,0.4522613065326633,0.1139154418710091,0.18848835160778854,0.40909090909090906,0.4347826086956522,0.11925673223488431,0.19674033950766556,0.37583892617449666,30.0,6.0,6.0,42.0,7.0,7.0,49.0,6.0,6.0,0.0015619852861041051,0.00048317384043260355,0.0007766870671056917,0.0003016908924857731,-9.777747204431364e-05,0.00014069282802076089,-1.3065905570983887
325,1,3.8265741716457318,1.7804412645391303,2.431727634407059,6.188898022508657,2.87959122887196,3.9329472454440686,45.905005878138766,38.16708595961514,41.870650476335314,74.24432073147953,61.72941963876531,67.71936837244027,3.9938152687034414,1.8104412372589014,2.5055781134036894,5.960918311497673,2.70215110038642,3.7396688259756554,54.261517210717926,45.38531282626749,49.832236711677325,80.98733912047452,67.7392728750261,74.37647270399601,3.942638247308125,1.829769266217395,2.5080207569693234,6.192625519332133,2.8739831406555942,3.939299618276424,51.55443539016856,43.28249607892437,47.35639647897659,80.97555296885113,67.98297813443618,74.38177457430878,0.7839195979899498,-0.0010804020100502187,-0.0010804020100502187,0.6783919597989949,-0.0016080402010050232,-0.0016080402010050232,0.5628140703517588,-0.0021859296482411583,-0.0021859296482411583,0.4715189873417721,0.12554742336072944,0.21783477681545638,0.43492063492063493,0.4773869346733668,0.13402853868339182,0.21695287791209805,0.4494949494949495,0.4816053511705686,0.13435994215554348,0.2268778761983773,0.4563758389261745,23.0,0.0,0.0,35.0,0.0,0.0,46.0,0.0,0.0,0.0003811635336847662,0.0002834144039735824,0.00024746374864439757,0.00043990332195509296,3.7795904697546234e-05,-9.98832418286355e-05,-0.9885380268096924
325,0,3.815354726531289,1.8146553155190421,2.455803423824454,6.019255282850605,2.862872361129421,3.8743731034249156,45.392855577577045,37.9986296837457,41.49841009501979,71.61357339568056,59.94814869361123,65.46954139214303,3.9128451347351074,1.8075548948201918,2.491288317463832,5.754184021669275,2.6581689629708696,3.6636592903879874,50.041123367394576,41.831637983206186,45.89755717045766,73.58988730499202,61.51711468118556,67.4964076036142,3.815354726531289,1.8146553155190421,2.455803423824454,6.019255282850605,2.862872361129421,3.8743731034249156,45.392855577577045,37.9986296837457,41.49841009501979,71.61357339568056,59.94814869361123,65.46954139214303,0.8090452261306533,-0.0009547738693467256,-0.0009547738693467256,0.6733668341708543,-0.001633165829145744,-0.001633165829145744,0.5376884422110553,-0.0023115577889447625,-0.0023115577889447625,0.4347826086956522,0.0935597290112341,0.17722676112666402,0.44047619047619047,0.44221105527638194,0.09634639362224662,0.1784381003515072,0.4545454545454546,0.4347826086956522,0.0935597290112341,0.17722676112666402,0.44047619047619047,27.0,12.0,12.0,37.0,8.0,8.0,47.0,11.0,11.0,8.542529225325906e-05,5.4432044986931284e-05,-1.6058181535695884e-05,-6.550611697964115e-05,-0.000128814918206821,0.00012090384720320202,-1.0628719329833984
466,1,3.805382826971629,1.7650576104800058,2.4198793851685703,8.023015460198518,3.7213297954286784,5.101912370397069,44.9424520029275,37.24934128436072,40.94561442941787,94.75366963950549,78.53402787452718,86.32700375535602,3.8149001059220664,1.7634511130040567,2.4180408949237986,7.3363463575424355,3.391252140392417,4.650078644084228,45.37222374010462,37.593058841500145,41.32974032026656,87.25427642327811,72.29434392596181,79.48026984666646,3.805382826971629,1.7650576104800058,2.4198793851685703,8.023015460198518,3.7213297954286784,5.101912370397069,44.9424520029275,37.24934128436072,40.94561442941787,94.75366963950549,78.53402787452718,86.32700375535602,0.7688442211055276,-0.0011557788944723812,-0.0011557788944723812,0.6633165829145728,-0.0016834170854271857,-0.0016834170854271857,0.5175879396984925,-0.002412060301507535,-0.002412060301507535,0.4365079365079365,0.10383466918120388,0.18980608954223732,0.43426294820717126,0.4321608040201005,0.09882747068676712,0.18007399266784674,0.4292929292929293,0.4365079365079365,0.10383466918120388,0.18980608954223732,0.43426294820717126,20.0,4.0,4.0,35.0,7.0,7.0,43.0,4.0,4.0,4.3230039358090664e-05,-0.00022501580546971134,-2.5925929841335137e-05,-5.857619511928647e-05,-0.00012331829868550415,0.00012440840417138332,-0.6868982315063477
466,0,4.216848504954371,1.9936724645100488,2.721572881135507,7.11975146126354,3.3661281466002997,4.595119429743283,67.81941459770805,58.58279438916375,63.35884877608983,114.50669276279693,98.91152965706634,106.97544757122414,4.33407922485965,2.02747357120439,2.7808674590449467,7.047283292454716,3.2967049938282766,4.521735705764142,76.25471311028053,66.21442657069929,71.52808646234051,123.99140343135046,107.66573426129965,116.30583164608214,4.216848504954371,1.9936724645100488,2.721572881135507,7.11975146126354,3.3661281466002997,4.595119429743283,67.81941459770805,58.58279438916375,63.35884877608983,114.50669276279693,98.91152965706634,106.97544757122414,0.8291457286432161,-0.0008542713567838423,-0.0008542713567838423,0.6984924623115578,-0.0015075376884421399,-0.0015075376884421399,0.592964824120603,-0.0020351758793969443,-0.0020351758793969443,0.47413793103448276,0.1365035224323322,0.21769093963047126,0.4502164502164502,0.4773869346733668,0.14405360134003342,0.22029177607570405,0.4696969696969697,0.47413793103448276,0.1365035224323322,0.21769093963047126,0.4502164502164502,27.0,11.0,11.0,38.0,9.0,9.0,47.0,8.0,8.0,0.0006278266574116947,1.617193209752419e-05,7.383085669828836e-05,8.002224209047171e-05,-1.3385908281371428e-05,-4.3536860872883665e-05,-0.45661306381225586
253,1,3.012986021657144,1.3043767759310445,1.5331363218853782,6.271047461343817,2.7148511843540883,3.1909775120580846,20.348069075404176,14.826791680011763,15.9557836056077,42.3512442478508,30.859590338780468,33.2094060690878,3.6572542765631746,1.6032250442846712,2.253046740069577,5.541294358429052,2.4291288549767747,3.4137071819236016,38.75478672522186,30.955523801446873,34.682488410791976,58.71937382609373,46.90230879007102,52.54922486483633,3.196342072757989,1.4702256182960107,2.0125653418026124,5.955916905760229,2.739550841545362,3.750121754911701,24.442955914568554,18.8241652615056,21.176267576936603,45.54588058615259,35.0760843382092,39.45888368373281,0.7638190954773869,-0.001180904522613102,-0.001180904522613102,0.6030150753768844,-0.0019849246231156137,-0.0019849246231156137,0.49246231155778897,-0.002537688442211028,-0.002537688442211028,0.4032258064516129,0.10748357400051967,0.1295210166177908,0.3464203233256351,0.39698492462311563,0.07618291961058432,0.1348814187800439,0.38383838383838387,0.4046822742474916,0.09917309227754167,0.17665112853002773,0.3557046979865772,21.0,0.0,0.0,30.0,0.0,0.0,40.0,0.0,0.0,0.0003804211104590266,0.0009605616175727676,8.026473511664855e-05,-0.03415038976983098,-0.039327195351401834,-0.040872469937752065,-1.141777753829956
253,0,3.62167260283274,1.6951093466449634,2.3077416834036986,5.856761980580946,2.7412339720029983,3.7319479794471246,37.400071000685685,30.534197600646973,33.67929994653189,60.481257675394566,49.37815954847482,54.464239342105856,3.983039093976045,1.8425123080896677,2.538730431123664,6.2234985843375705,2.878925481390106,3.9667662986307253,53.679924918513876,45.17600872632431,49.44100431219768,83.87488268517794,70.58751363488174,77.25156923780888,3.62167260283274,1.6951093466449634,2.3077416834036986,5.856761980580946,2.7412339720029983,3.7319479794471246,37.400071000685685,30.534197600646973,33.67929994653189,60.481257675394566,49.37815954847482,54.464239342105856,0.7889447236180904,-0.001055276381909609,-0.001055276381909609,0.6683417085427136,-0.0016582914572863539,-0.0016582914572863539,0.5628140703517588,-0.0021859296482411583,-0.0021859296482411583,0.43262411347517726,0.1122701311742923,0.1873410946072528,0.39145907473309605,0.44723618090452266,0.10387778491454769,0.18680212414325392,0.4444444444444444,0.43262411347517726,0.1122701311742923,0.1873410946072528,0.39145907473309605,25.0,6.0,6.0,38.0,10.0,10.0,46.0,8.0,8.0,0.0007356246809585502,0.00018972495857641193,0.00020967863863204802,-0.00026647385093347964,0.00016949575638847136,1.9271695109068787e-05,-1.2075557708740234
260,1,3.928667820733169,1.8125552766032702,2.475053420979324,6.83246577518812,3.1522700462665565,4.304440732137954,50.83920560130828,42.5403921730668,46.5606546060854,88.41600974140572,73.98329073576836,80.97505148884419,3.849726650583085,1.7008401340048698,2.358220149869272,6.259718131029407,2.7655937138290567,3.8345043087305237,46.980219460644506,38.40491484099669,42.53643441645215,76.39060074901546,62.44701600162064,69.16493401049131,3.903005904975942,1.7985515846351405,2.46805380039367,6.6908672656730435,3.0832312879459556,4.230949372103435,49.5511715839578,41.348545801858194,45.35172771410503,84.94486557249908,70.88322137461404,77.74581893846576,0.7085427135678393,-0.0014572864321606982,-0.0014572864321606982,0.5979899497487438,-0.0020100502512562235,-0.0020100502512562235,0.4974874371859297,-0.002512562814070307,-0.002512562814070307,0.4482758620689655,0.13841670713938803,0.21365646686562867,0.46540880503144655,0.42211055276381915,0.11634614173625024,0.1783709868205804,0.43434343434343436,0.4347826086956522,0.1292734267257023,0.20230207476906714,0.4530201342281879,24.0,9.0,9.0,35.0,8.0,8.0,41.0,5.0,5.0,-0.0002867123684478029,-0.0003373786988836065,-0.00014790169701902364,0.0004280565422867255,2.617532955007107e-05,-0.00011039691273584396,-1.4496233463287354
260,0,3.313072915790843,1.499900886880114,2.0656140880795046,6.108478188489367,2.76544226018521,3.808475974896587,27.46940708522901,21.339546363605937,23.987922430564886,50.64671931339099,39.344788607898444,44.227731981354005,3.664817142726189,1.6056320537009063,2.2498678024312726,6.3186502460796365,2.7683311270705286,3.8790824179849537,39.04899511743094,31.20941646955033,34.93271718616583,67.325853650743,53.80933874060401,60.22882273476867,3.313072915790843,1.499900886880114,2.0656140880795046,6.108478188489367,2.76544226018521,3.808475974896587,27.46940708522901,21.339546363605937,23.987922430564886,50.64671931339099,39.344788607898444,44.227731981354005,0.7336683417085428,-0.001331658291457205,-0.001331658291457205,0.6331658291457287,-0.0018341708542712887,-0.0018341708542712887,0.5175879396984925,-0.002412060301507535,-0.002412060301507535,0.4217687074829932,0.10088585519097282,0.17855603779973528,0.40273037542662116,0.4371859296482412,0.09382753365826624,0.17007407655976037,0.4545454545454546,0.4217687074829932,0.10088585519097282,0.17855603779973528,0.40273037542662116,21.0,2.0,2.0,30.0,0.0,0.0,40.0,0.0,0.0,0.0010840699217179145,-7.560628637233721e-05,0.00021726269508309153,-0.0003496329132595122,0.00012301345579235345,-2.278298851532412e-05,-1.342621088027954
161,1,3.593454991187249,1.6728949603582373,2.2928485412339037,5.48575309824862,2.553834327780926,3.500252826245374,36.35948085118927,29.53470136502855,32.68795826389091,55.50622874623043,45.08754942427231,49.90129798796113,3.7098876914786336,1.6547593011497077,2.3001318810053144,5.337967901408106,2.380948634747781,3.3095422748277903,40.84921855402609,33.041378294560836,36.754263217258384,58.77585403456992,47.54155150296524,52.88383196727826,3.593454991187249,1.6728949603582373,2.2928485412339037,5.48575309824862,2.553834327780926,3.500252826245374,36.35948085118927,29.53470136502855,32.68795826389091,55.50622874623043,45.08754942427231,49.90129798796113,0.7738693467336684,-0.0011306532663316604,-0.0011306532663316604,0.6281407035175879,-0.0018592964824121205,-0.0018592964824121205,0.49246231155778897,-0.002537688442211028,-0.002537688442211028,0.4405594405594405,0.11246170932034805,0.18590827776874286,0.39649122807017545,0.42713567839195976,0.10132114205110765,0.17004051979429702,0.3939393939393939,0.4405594405594405,0.11246170932034805,0.18590827776874286,0.39649122807017545,30.0,8.0,8.0,40.0,9.0,9.0,48.0,7.0,7.0,0.0007644844138887426,0.0004567758596676645,3.6268396839304506e-05,-0.00029419353837489837,0.00015400165618917327,5.253467235455389e-06,-1.0693814754486084
161,0,3.697872727122528,1.7228966200138363,2.348646688104653,6.259527577196233,2.9164115970066606,3.9756421591939093,40.3613533595642,33.15490589066682,36.5069121706884,68.32117356395503,56.12255019481589,61.79661669116527,3.7620480791408215,1.650900376354861,2.3137981888101837,5.743584853650109,2.5204585898547496,3.5325163187941735,43.036477892005905,34.77876464341762,38.78081776986636,65.70454640000901,53.09735060063757,59.207355373841764,3.680675477885881,1.7035557715759846,2.3288752939224233,6.203385636886316,2.8711614127685134,3.9250707200939723,39.67318338179793,32.45127160914967,35.808807521461354,66.86491581201898,54.693154397443266,60.35192278897981,0.7839195979899498,-0.0010804020100502187,-0.0010804020100502187,0.6231155778894473,-0.0018844221105527303,-0.0018844221105527303,0.5276381909547738,-0.002361809045226204,-0.002361809045226204,0.4304635761589404,0.10153795632422968,0.17936225457303734,0.41860465116279066,0.42211055276381915,0.09629601642296703,0.1700237414115654,0.41414141414141414,0.43143812709030105,0.09754831072970005,0.1755983050658294,0.41946308724832215,18.0,0.0,0.0,29.0,0.0,0.0,39.0,0.0,0.0,0.00042271977698488453,2.3865166275859593e-05,-7.925723406718594e-05,-0.007877711995790904,-0.007729926442239687,-0.008856591025425686,-0.9622802734375
171,1,3.18273623830723,1.4887231103666927,2.0240324260175493,5.762427715672038,2.695372368242854,3.664563971315984,24.112641301481684,18.67136782757293,20.9268400991246,43.65657161952473,33.805002803605724,37.88859470578349,3.302601013950367,1.4990244569893267,2.078185169958086,5.370082949512792,2.4374381414460595,3.3791628779806278,27.183251064498183,21.111927952345948,23.781072965073154,44.2004082349564,34.328338133895855,38.66841132532221,3.2428329493289807,1.5029598686295886,2.064213040387247,5.790773123801751,2.6838569082671224,3.686094714977227,25.60616004580983,19.909539680094454,22.35627407785899,45.725285796088976,35.55274942874009,39.92191799617676,0.6834170854271358,-0.0015829145728643024,-0.0015829145728643024,0.5628140703517588,-0.0021859296482411583,-0.0021859296482411583,0.4522613065326633,-0.0027386934673366836,-0.0027386934673366836,0.42274052478134105,0.1228860851889102,0.192046487635691,0.38888888888888884,0.4170854271356784,0.11132101610810952,0.18503200476506076,0.3787878787878788,0.42140468227424754,0.11589550030429763,0.1933735365567837,0.3959731543624161,21.0,4.0,4.0,30.0,6.0,6.0,39.0,4.0,4.0,0.00065190869049445,-1.167893167771023e-05,0.0003559619669715648,0.0003332823049371214,-6.678927164482928e-05,0.00016045041052237252,-1.618109941482544
171,0,3.49549925281627,1.6104857641233243,2.206319955350842,6.187978407012586,2.85099506892102,3.9057826236616258,32.96674258423076,26.38029930030381,29.336936242509932,58.360044304516606,46.700259572159446,51.93430605092974,3.4524649902803812,1.5308108737406532,2.1358469437825205,5.754108317133969,2.5513514562344226,3.5597449063042013,31.578136249280586,24.74588578320433,27.84735356527371,52.63022708213431,41.24314297200722,46.412255942122854,3.49549925281627,1.6104857641233243,2.206319955350842,6.187978407012586,2.85099506892102,3.9057826236616258,32.96674258423076,26.38029930030381,29.336936242509932,58.360044304516606,46.700259572159446,51.93430605092974,0.7437185929648241,-0.0012814070351758744,-0.0012814070351758744,0.6080402010050252,-0.001959798994974782,-0.001959798994974782,0.48743718592964824,-0.002562814070351749,-0.002562814070351749,0.4252873563218391,0.1097997846201183,0.1883446811626035,0.42692307692307696,0.4371859296482412,0.11889019029987025,0.19010746554139646,0.43434343434343436,0.4252873563218391,0.1097997846201183,0.1883446811626035,0.42692307692307696,21.0,7.0,7.0,34.0,11.0,11.0,43.0,9.0,9.0,-9.442850440201081e-05,9.211602660738632e-05,1.0536370813546651e-05,-0.00012094549186336678,-0.00017278787436758591,9.286739145242251e-05,-0.9497179985046387
226,1,3.436623420579578,1.5736659116725646,2.1614558986570316,5.768617884544292,2.6415106374503767,3.6281581156028753,31.081830512994053,24.639067361371083,27.50252954173362,52.17307264681145,41.35843449944432,46.164960302195716,3.6377002486032457,1.5979968507806865,2.2152313196627387,5.774127378735311,2.5365029377471218,3.5162401899408553,38.004335624639246,30.316007138945515,33.85698830848253,60.324342261332134,48.12064625229446,53.741251283305594,3.436623420579578,1.5736659116725646,2.1614558986570316,5.768617884544292,2.6415106374503767,3.6281581156028753,31.081830512994053,24.639067361371083,27.50252954173362,52.17307264681145,41.35843449944432,46.164960302195716,0.7236180904522613,-0.0013819095477386467,-0.0013819095477386467,0.592964824120603,-0.0020351758793969443,-0.0020351758793969443,0.48743718592964824,-0.002562814070351749,-0.002562814070351749,0.43060498220640564,0.12509876551013566,0.19628545557918675,0.4035714285714286,0.42713567839195976,0.1138524703719096,0.178387765203312,0.4040404040404041,0.43060498220640564,0.12509876551013566,0.19628545557918675,0.4035714285714286,28.0,10.0,10.0,39.0,10.0,10.0,50.0,12.0,12.0,0.0008230747065978146,0.00030862277877992226,7.997405355536765e-05,-0.00025954392907312496,0.0001733692814402943,2.277625207813827e-05,-1.200890302658081
226,0,4.014641557421003,1.8267243287921957,2.5104751563575936,6.290457472137367,2.862255954668026,3.933610754547567,55.4034328935504,46.48681041817636,50.9030323564338,86.81047447014905,72.83920613293876,79.75889146294723,4.043484560808345,1.8235820194039651,2.531071127927631,6.1264917588005225,2.7630030597029775,3.834956254435805,57.02470305094902,47.818269474877354,52.48703410175156,86.40106522871064,72.45192344678387,79.52580924507811,4.014641557421003,1.8267243287921957,2.5104751563575936,6.290457472137367,2.862255954668026,3.933610754547567,55.4034328935504,46.48681041817636,50.9030323564338,86.81047447014905,72.83920613293876,79.75889146294723,0.7939698492462312,-0.001030150753768888,-0.001030150753768888,0.6733668341708543,-0.001633165829145744,-0.001633165829145744,0.5226130653266332,-0.002386934673366814,-0.002386934673366814,0.42040816326530617,0.0925059229394406,0.17481793260044864,0.44672131147540983,0.4170854271356784,0.07372703114570345,0.15832081945621268,0.4494949494949495,0.42040816326530617,0.0925059229394406,0.17481793260044864,0.44672131147540983,23.0,0.0,0.0,34.0,0.0,0.0,44.0,1.0,1.0,-0.00010028197731779586,-3.8120370538317674e-05,6.738281199645933e-05,-1.0066742095027337e-05,-8.484196204427974e-05,-0.00010243434826673337,-0.606956958770752
69,1,3.5991285374102073,1.5995572193631384,2.2209421770189492,6.517340865040104,2.89649550533325,4.02170610433161,36.56635434468228,29.18046512191061,32.59865522287095,66.21474975928953,52.84030170724354,59.02999729546902,3.456761978379446,1.5031073073055898,2.1076064520510807,5.959934445481804,2.5915643229406724,3.6338042276742772,31.714119073990737,24.659696955221214,27.85994966254773,54.67951564481162,42.51671888831244,48.03439596990989,3.5991285374102073,1.5995572193631384,2.2209421770189492,6.517340865040104,2.89649550533325,4.02170610433161,36.56635434468228,29.18046512191061,32.59865522287095,66.21474975928953,52.84030170724354,59.02999729546902,0.7537688442211055,-0.0012311557788945438,-0.0012311557788945438,0.6080402010050252,-0.001959798994974782,-0.001959798994974782,0.4824120603015075,-0.0025879396984924696,-0.0025879396984924696,0.4382022471910112,0.10923028457418882,0.17543761456336482,0.4398496240601504,0.42211055276381915,0.09880228208712738,0.1566681487571413,0.40909090909090906,0.4382022471910112,0.10923028457418882,0.17543761456336482,0.4398496240601504,24.0,0.0,0.0,33.0,0.0,0.0,43.0,0.0,0.0,-0.00038146895705115305,-0.00023643056518646527,3.234182256399053e-05,-0.00016252502302549487,0.00022759863213561715,7.184004964067014e-05,-1.0000088214874268
69,0,3.6468863001938074,1.7026693200663192,2.230002498176066,6.028861586356429,2.814773155244771,3.686535661399172,38.35505380376236,31.36689595804419,34.230805383581405,63.40677813504858,51.85428295766764,56.58876385483953,3.8582003050713083,1.7401039662948894,2.41868916156683,5.511714721530441,2.4858628089926995,3.455270230809757,47.38000503842116,39.06471212797848,43.16137203174017,67.6857214834588,55.806731611397836,61.65910290248597,3.797817824676284,1.7608441842789686,2.416338689596852,5.754269431327702,2.6679457337560124,3.661119226661897,44.60374502522638,36.93637519227064,40.62295963092691,67.58143185640361,55.964204836773696,61.54993883473774,0.7587939698492463,-0.001206030150753712,-0.001206030150753712,0.6633165829145728,-0.0016834170854271857,-0.0016834170854271857,0.5326633165829145,-0.0023366834170853723,-0.0023366834170853723,0.43715846994535523,0.11246542765340439,0.17127381696392807,0.41369863013698627,0.44723618090452266,0.10387778491454769,0.17511598057063282,0.4444444444444444,0.4381270903010034,0.11091507026761438,0.18117492122425138,0.4295302013422819,28.0,6.0,6.0,38.0,2.0,2.0,47.0,4.0,4.0,-0.00024163789589722528,0.00040618476943481846,2.2547731700429017e-06,0.00024245699414393584,-0.00015588034778968307,0.00010364736082912884,-0.9813199043273926
220,1,3.444013412312681,1.5603873796324608,2.1228595654534543,5.995134458470222,2.7162298830639133,3.695348132456013,31.312375798200467,24.73506457797697,27.56463259305642,54.50672824131192,43.05733463573769,47.98287895828339,3.6364543665593594,1.6328122759794397,2.2622757504065785,5.912933929364812,2.6549793105356745,3.678497155132648,37.95701618863336,30.540999411276214,34.005186768024096,61.71872550997295,49.660161644351575,55.29298661467333,3.444013412312681,1.5603873796324608,2.1228595654534543,5.995134458470222,2.7162298830639133,3.695348132456013,31.312375798200467,24.73506457797697,27.56463259305642,54.50672824131192,43.05733463573769,47.98287895828339,0.7537688442211055,-0.0012311557788945438,-0.0012311557788945438,0.6180904522613065,-0.0019095477386934512,-0.0019095477386934512,0.4974874371859297,-0.002512562814070307,-0.002512562814070307,0.44483985765124556,0.12512404948073041,0.1892185558760976,0.41428571428571426,0.457286432160804,0.12896563015579143,0.20686906989035325,0.4444444444444444,0.44483985765124556,0.12512404948073041,0.1892185558760976,0.41428571428571426,26.0,13.0,13.0,40.0,14.0,14.0,48.0,10.0,10.0,0.00071504198947448,0.0002690712991531292,0.00013524795355392282,-0.00025954392907312496,0.0001733692814402943,2.277625207813827e-05,-0.9131824970245361
220,0,3.4632663081089654,1.6131353658155372,2.1995739044709053,5.957642637163636,2.7749769090517273,3.7837908237624496,31.921070471982567,25.56041812550191,28.382607643360558,54.911841466684294,43.97000498970269,48.82484291030477,4.042687588600657,1.7866754440577814,2.4781056413456417,6.737812647667762,2.977792406762969,4.130176068909403,56.97927405269485,47.43432476165965,52.198598109313636,94.96545675449141,79.05720793609942,86.99766351552272,3.4632663081089654,1.6131353658155372,2.1995739044709053,5.957642637163636,2.7749769090517273,3.7837908237624496,31.921070471982567,25.56041812550191,28.382607643360558,54.911841466684294,43.97000498970269,48.82484291030477,0.7638190954773869,-0.001180904522613102,-0.001180904522613102,0.6432160804020101,-0.001783919597989958,-0.001783919597989958,0.5527638190954773,-0.0022361809045226,-0.0022361809045226,0.4131944444444444,0.10816844791064895,0.17762862458301254,0.3623693379790941,0.42713567839195976,0.10132114205110765,0.16169327438528192,0.4242424242424242,0.4131944444444444,0.10816844791064895,0.17762862458301254,0.3623693379790941,25.0,4.0,4.0,39.0,8.0,8.0,47.0,5.0,5.0,0.0012962341306209557,0.0002333864871818113,0.0002881571141258564,-0.0003080533820964959,0.0001462546060908565,-1.7556467044599344e-06,-1.1901206970214844
417,1,3.571954994009744,1.6171360449294199,2.229803527356272,6.3939967848572214,2.894762864956531,3.9914715075327742,35.58609579497553,28.52345558454142,31.758826899706005,63.7010775556468,51.05856137785315,56.85005478179417,3.2400770732505837,1.3415067349631347,1.9228232551525697,5.142979481350133,2.129375769782753,3.0521004050040785,25.535689790126845,18.859347085642028,21.802534426281827,40.53284093670928,29.935471564511154,34.607197502034644,3.558911149318402,1.625472856789571,2.231076008098267,6.136053705721383,2.8025394082578816,3.8466827725832187,35.124930511034016,28.21169134775134,31.352063694685498,60.560225019024166,48.64084715129542,54.05528223221637,0.6331658291457287,-0.0018341708542712887,-0.0018341708542712887,0.5326633165829145,-0.0023366834170853723,-0.0023366834170853723,0.42713567839195976,-0.002864321608040288,-0.002864321608040288,0.4117647058823529,0.10419129011728334,0.17798509723147748,0.39751552795031053,0.4120603015075377,0.11130842180828959,0.16498183740069294,0.3535353535353535,0.4180602006688964,0.11755936594435545,0.18669201379459155,0.40268456375838924,25.0,8.0,8.0,34.0,3.0,3.0,44.0,7.0,7.0,3.607590317282747e-05,6.634461238541575e-05,-0.00026828942368898456,0.00041226083606016317,1.0681229349884802e-05,-0.0001244151406112337,-1.2950737476348877
417,0,3.988931350461368,1.8764069091510303,2.552817066174563,6.413143773393691,3.0167646992428168,4.104252852247502,53.997154485417475,45.7280646954121,49.792827270015934,86.81310472517396,73.51860125063493,80.05366152251182,4.1894341042293375,1.909969150405244,2.643508640650004,6.495246673223779,2.9611924812484403,4.098463008759696,65.98543951174828,56.213988678528395,61.29312732952143,102.30300699495858,87.15347081942387,95.02810438685493,3.988931350461368,1.8764069091510303,2.552817066174563,6.413143773393691,3.0167646992428168,4.104252852247502,53.997154485417475,45.7280646954121,49.792827270015934,86.81310472517396,73.51860125063493,80.05366152251182,0.8140703517587939,-0.0009296482412060048,-0.0009296482412060048,0.6884422110552764,-0.0015577889447235815,-0.0015577889447235815,0.592964824120603,-0.0020351758793969443,-0.0020351758793969443,0.45862068965517244,0.12299246246068019,0.2017399557102183,0.45328719723183386,0.44221105527638194,0.09133386229392582,0.1834464475969162,0.48484848484848486,0.45862068965517244,0.12299246246068019,0.2017399557102183,0.45328719723183386,26.0,13.0,13.0,33.0,8.0,8.0,46.0,14.0,14.0,0.000300306706195155,-0.0001927265672427833,7.485678852108179e-05,-0.00032191322581809345,0.00013850755599076336,-8.764760639934366e-06,-1.0677039623260498
400,1,2.5195967743710646,1.1131038773573803,1.4908653992249425,5.567997810029883,2.459822148728038,3.2946284748304286,12.423586145123704,8.341970518246256,9.626071559082433,27.454591604656084,18.43472497242074,21.272429741675992,2.5736369415743265,1.0853955361589709,1.5201716550153506,5.199266548635003,2.1927182548666075,3.0710538485158594,13.113430598979097,8.684131274944331,10.24585972343167,26.491778987836557,17.54369954534208,20.69870651198317,2.5014297595390906,1.1240623384748571,1.5468370937511593,5.600215879565129,2.5165574741974415,3.463068120338417,12.199924455392427,8.235473308301113,9.602312184349275,27.31326370610245,18.43762680962936,21.49771384555808,0.6030150753768844,-0.0019849246231156137,-0.0019849246231156137,0.4522613065326633,-0.0027386934673366836,-0.0027386934673366836,0.31658291457286436,-0.003417085427135591,-0.003417085427135591,0.3697478991596639,0.08163601104777574,0.134166276481267,0.3595505617977528,0.38190954773869346,0.0836639337036057,0.1431783290408637,0.36868686868686873,0.3745819397993311,0.09244504497462325,0.14543844702958697,0.3557046979865772,20.0,5.0,5.0,31.0,7.0,7.0,37.0,5.0,5.0,0.00025962422862512574,-2.0388791615810414e-05,3.526780413148206e-05,-0.01608091488761154,-0.015421586629883244,-0.018203515427633654,-1.4335899353027344
400,0,3.4021981085048,1.5640312503736602,2.1382984163874488,6.138357433863159,2.8218764887694086,3.857988148085292,30.03003683210471,23.745030445982543,26.490840444877428,54.18117756480268,42.8415628681484,47.795643342344995,3.4071106431472242,1.539534675626226,2.123752226653597,5.925409814169086,2.677451609784741,3.693482133310603,30.17792337983813,23.705335774751024,26.56918433418711,52.48334500841415,41.22667091261048,46.207277102934114,3.485359598561673,1.594311778336688,2.1840672784470536,6.043976182476889,2.764702505786164,3.78739990482148,32.63416019720064,26.007851972714878,28.960118558340817,56.59102924370054,45.100321339968,50.21985877168928,0.6733668341708543,-0.001633165829145744,-0.001633165829145744,0.5477386934673367,-0.002261306532663321,-0.002261306532663321,0.5025125628140703,-0.0024874371859296973,-0.0024874371859296973,0.4323529411764706,0.13426189859203597,0.1965408081040636,0.3893805309734514,0.4623115577889447,0.16406594375385697,0.22858868633652407,0.38383838383838387,0.44147157190635455,0.13429294085460164,0.20009226156152693,0.40268456375838924,29.0,16.0,16.0,41.0,16.0,16.0,49.0,18.0,18.0,0.0008980687982860891,-6.995270555574921e-05,0.0002571635852542531,-0.0028750100457335392,-0.0035514974751178485,-0.0032209202886397392,-1.0791499614715576
255,1,3.5346587774081106,1.635799709441047,2.2045496463399155,5.786976230919325,2.678146501038365,3.6093091884262796,34.28331447672538,27.605043835637634,30.501858437336665,56.12896137584806,45.19523455881138,49.937926371825604,3.573554355894501,1.5897256185710555,2.21471045039464,5.033175149147185,2.239050167001487,3.119310493513578,35.64305637836843,28.37252967848388,31.751364841486662,50.20148785685694,39.96130940631532,44.72023217110798,3.5500071252070144,1.635968770760043,2.2448862047615967,5.489701740010847,2.529848614577386,3.4714735125179335,34.813565540579695,28.03315023594676,31.125430502905576,53.83541062976242,43.350232323629015,48.132109025111724,0.6834170854271358,-0.0015829145728643024,-0.0015829145728643024,0.5678391959798995,-0.0021608040201005485,-0.0021608040201005485,0.49246231155778897,-0.002537688442211028,-0.002537688442211028,0.4387464387464387,0.13860419123577017,0.19925474764184437,0.4485714285714286,0.44221105527638194,0.13644664424881303,0.20181038749674918,0.45959595959595956,0.4448160535117057,0.1426457697053618,0.20677378432371907,0.4563758389261745,27.0,5.0,5.0,35.0,1.0,1.0,48.0,6.0,6.0,-0.0002443510579550397,2.80655244762419e-05,-0.00017494246761724764,0.0003016908924857731,-9.777747204431364e-05,0.00014069282802076089,-1.2564618587493896
255,0,3.8907809235294413,1.7863638933280392,2.4382079078592955,6.411848154591885,2.943854783392636,4.018067113462003,48.949097103692715,40.74677719294893,44.67499940417946,80.66611410455484,67.14902568021687,73.62257554872431,4.39109733236495,2.0814602181460495,2.8402077989351593,6.410361069145912,3.0386280556876635,4.146288757569575,80.72895689102047,70.65818743821639,76.01329383362418,117.85249181170872,103.15063859593633,110.9683121658747,3.9345558353718495,1.857382741317287,2.5099328128506686,6.393653232479255,3.018246954640591,4.078640820882336,51.13943058529057,43.157557598429555,46.98313986589775,83.10157470109716,70.13103109744802,76.34760228208383,0.8291457286432161,-0.0008542713567838423,-0.0008542713567838423,0.7236180904522613,-0.0013819095477386467,-0.0013819095477386467,0.6080402010050252,-0.001959798994974782,-0.001959798994974782,0.45341614906832295,0.12473397852568724,0.2023830912170833,0.4080996884735203,0.457286432160804,0.11392803617082903,0.18516623182691416,0.45959595959595956,0.46308724832214765,0.12807887311276744,0.20973903403643335,0.42087542087542085,24.0,0.0,0.0,37.0,0.0,0.0,47.0,0.0,0.0,0.0015438630998142395,-9.519032985239438e-06,0.0005834976523724884,0.0004162097626174699,1.455475439904319e-05,-0.00012091058364038787,-1.5063447952270508
413,1,2.9008846434440403,1.252296537222874,1.6891302233910486,5.785830360275751,2.497712324241227,3.36897951148874,18.190230121581454,12.990596809356328,14.830856884295443,36.280513923813565,25.909816713166748,29.580225543951904,3.0523043769088822,1.230017926733169,1.7587127263297513,4.923071575659487,1.9838998818276918,2.836633429564115,21.16405824059326,14.97807199878116,17.518200525436445,34.13557780740848,24.15818064319542,28.255162137800713,3.041632386752993,1.34346638871604,1.868368207220924,5.496926000156011,2.427951304908506,3.376569049194441,20.93939654533944,15.475479183515633,17.706869560742874,37.84228291326405,27.967733464184878,32.00036667604134,0.6432160804020101,-0.001783919597989958,-0.001783919597989958,0.5125628140703518,-0.0024371859296482556,-0.0024371859296482556,0.39698492462311563,-0.0030150753768843908,-0.0030150753768843908,0.39226519337016574,0.1067479519908554,0.14886343383937395,0.3795013850415513,0.39698492462311563,0.10375184191634867,0.1398897660254529,0.38888888888888884,0.3946488294314381,0.11251193460673026,0.16550533666169398,0.38590604026845643,23.0,4.0,4.0,35.0,4.0,4.0,42.0,6.0,6.0,-0.00021484193320564412,0.0003170069098131172,-0.00010520183032380527,-0.008289576348400551,-0.01191372358073206,-0.009751918696544237,-0.937328577041626
413,0,3.3300006732866456,1.5442212505914488,2.1101258133509297,5.23865959578021,2.429323674710937,3.3195881697837786,27.938360513755207,21.974133723615605,24.551596626503965,43.95181105212709,34.56906402861479,38.62385322950014,3.5485201409114664,1.6346618332785803,2.2546846651442705,5.105784375412182,2.352031414789324,3.2441505973298854,34.7618367848041,27.982642162451665,31.115090009320983,50.01703134504188,40.26279447834772,44.769913682476236,3.3300006732866456,1.5442212505914488,2.1101258133509297,5.23865959578021,2.429323674710937,3.3195881697837786,27.938360513755207,21.974133723615605,24.551596626503965,43.95181105212709,34.56906402861479,38.62385322950014,0.7437185929648241,-0.0012814070351758744,-0.0012814070351758744,0.5879396984924623,-0.002060301507537776,-0.002060301507537776,0.5025125628140703,-0.0024874371859296973,-0.0024874371859296973,0.4552529182879378,0.14263155906463687,0.2055763335531383,0.4140625,0.4623115577889447,0.15153461543305502,0.20855529735488798,0.4292929292929293,0.4552529182879378,0.14263155906463687,0.2055763335531383,0.4140625,17.0,0.0,0.0,33.0,0.0,0.0,40.0,0.0,0.0,0.0003999766517107157,0.0005987771275297929,0.00031097262883418575,-9.322580442105988e-05,-0.00015080139628764755,0.00010688561932692409,-1.2865769863128662
450,1,3.202912791391437,1.4594879225849364,1.999824235437866,5.684639921145067,2.5903494255149866,3.5493569211744904,24.604092512328855,18.887202983569992,21.27370537079545,43.66819068413333,33.52165827547521,37.75730489651113,3.5201464999261214,1.5950984506949004,2.2002721163547703,5.7707319670920025,2.61491549294246,3.60700346943405,33.78937824268583,26.933900184249882,30.046427071115907,55.39242334866529,44.15393472827849,49.256437821501486,3.202912791391437,1.4594879225849364,1.999824235437866,5.684639921145067,2.5903494255149866,3.5493569211744904,24.604092512328855,18.887202983569992,21.27370537079545,43.66819068413333,33.52165827547521,37.75730489651113,0.7236180904522613,-0.0013819095477386467,-0.0013819095477386467,0.6030150753768844,-0.0019849246231156137,-0.0019849246231156137,0.46733668341708545,-0.002663316582914521,-0.002663316582914521,0.41947565543071164,0.12601771150547803,0.18784427311439778,0.37593984962406013,0.4321608040201005,0.12138386166421078,0.19176013624046773,0.40909090909090906,0.41947565543071164,0.12601771150547803,0.18784427311439778,0.37593984962406013,22.0,7.0,7.0,34.0,6.0,6.0,40.0,5.0,5.0,0.0007124360423838708,0.000772831594509314,0.0001479648690597157,-0.00016252502302549487,0.00022759863213561715,7.184004964067014e-05,-1.475071907043457
450,0,3.6619096225307834,1.6806562784823467,2.3078280587793483,5.807742012803599,2.6654994480388807,3.6601859021404946,38.93562426939851,31.68379794433675,35.06242223598271,61.75140409605242,50.25009992445765,55.608555011208246,3.6998612149875965,1.6778845522298949,2.3267978411433035,5.3235413165289165,2.4142223773092018,3.3479105627961205,40.44169126994549,32.88845087356838,36.49426664004099,58.18948384164818,47.32151204829982,52.50973617272086,3.6619096225307834,1.6806562784823467,2.3078280587793483,5.807742012803599,2.6654994480388807,3.6601859021404946,38.93562426939851,31.68379794433675,35.06242223598271,61.75140409605242,50.25009992445765,55.608555011208246,0.7939698492462312,-0.001030150753768888,-0.001030150753768888,0.6331658291457287,-0.0018341708542712887,-0.0018341708542712887,0.5175879396984925,-0.002412060301507535,-0.002412060301507535,0.4395161290322581,0.11758453949503478,0.16605768399204368,0.4331983805668016,0.457286432160804,0.1364844271482727,0.18850512999052016,0.4545454545454546,0.4395161290322581,0.11758453949503478,0.16605768399204368,0.4331983805668016,29.0,11.0,11.0,44.0,12.0,12.0,50.0,10.0,10.0,-0.00012845821009264022,3.099109236749357e-05,7.972442718231264e-06,-0.0047063855492393,-0.00534582498903724,-0.005700293390816569,-0.9342713356018066
333,1,3.015817047576227,1.2879375073215695,1.7965568718271543,5.061197916476936,2.161439678128773,3.015013760145571,20.40575660527703,14.77705080418172,17.021073868540494,34.24530440192532,24.79911001295843,28.565069512055583,3.3261602332244564,1.4037611712613822,1.9894304153484208,4.7858420621934625,2.019800246419255,2.8624898062567206,27.831270682427654,20.993928666407587,24.02469574650509,40.04499378766569,30.207091606341848,34.56790754892819,2.9652296029604397,1.2970753613157602,1.7985510702178875,4.997577982517595,2.186082069633304,3.031265848681833,19.39915683401189,14.09678497168185,16.187848185452296,32.69520814721105,23.75862635676716,27.282890200200494,0.7185929648241206,-0.0014070351758793676,-0.0014070351758793676,0.6180904522613065,-0.0019095477386934512,-0.0019095477386934512,0.4623115577889447,-0.002688442211055242,-0.002688442211055242,0.41124260355029585,0.0951421604188335,0.15336858780226437,0.3649851632047477,0.42211055276381915,0.09378975075880658,0.1716931904933684,0.38383838383838387,0.41137123745819393,0.08916756467021392,0.16443019185196484,0.3523489932885906,22.0,12.0,12.0,33.0,17.0,17.0,42.0,18.0,18.0,0.001364400052526658,5.4809040649152796e-05,0.0004460632245752256,-0.012204832998427229,-0.010527578869179877,-0.012383358605119632,-1.5589804649353027
333,0,3.9022306439447543,1.8373707354152393,2.4962050687103066,6.440574849229207,3.032553640976609,4.119950113405361,49.512771378593776,41.628578066543255,45.43306273397137,81.72010810059167,68.7073618574015,74.98660839587507,4.318353010781446,2.027093327318237,2.7782618960128462,5.997712514974231,2.815407399053108,3.8586970777956204,75.0648953532459,65.17751053829717,70.39988004983155,104.25679910173042,90.5243201920794,97.7776111803216,4.103691662434351,1.9534490183536177,2.6488234651258526,6.5484441421824755,3.1172058803515177,4.226845954988063,60.56345524672606,51.976513531732,56.27953645036312,96.64381156392456,82.94124499744468,89.80777093143051,0.7537688442211055,-0.0012311557788945438,-0.0012311557788945438,0.6683417085427136,-0.0016582914572863539,-0.0016582914572863539,0.5678391959798995,-0.0021608040201005485,-0.0021608040201005485,0.415929203539823,0.09192331252362274,0.17844147046818415,0.37573964497041423,0.4623115577889447,0.126471958791451,0.21523309368209997,0.4242424242424242,0.4347826086956522,0.10590113958046021,0.19896503361222617,0.40268456375838924,25.0,0.0,0.0,39.0,0.0,0.0,48.0,0.0,0.0,0.0006321847440633514,0.0004390208320270597,0.0005571733714634182,0.0003490780111610192,-5.1295171446419374e-05,0.00017032920177317834,-0.9951772689819336
106,1,3.7915787798097234,1.7484969158128831,2.3935800901227315,6.893779599654042,3.1790853014779694,4.351963800223148,44.32632657177757,36.611979401483424,40.279234202832136,80.59332103959558,66.56723527542441,73.23497127787661,4.092669875178505,1.8368427754214176,2.5613355333125574,6.87843676500589,3.0871307149939793,4.304765602205979,59.89960286773683,50.3564196563916,55.27525970567097,100.67160145838123,84.63263807796908,92.89959614398482,3.7915787798097234,1.7484969158128831,2.3935800901227315,6.893779599654042,3.1790853014779694,4.351963800223148,44.32632657177757,36.611979401483424,40.279234202832136,80.59332103959558,66.56723527542441,73.23497127787661,0.8140703517587939,-0.0009296482412060048,-0.0009296482412060048,0.6683417085427136,-0.0016582914572863539,-0.0016582914572863539,0.5829145728643217,-0.002085427135678275,-0.002085427135678275,0.44787644787644787,0.12417702591113,0.20397400885205763,0.4147286821705426,0.4623115577889447,0.12396569312729055,0.201877501027676,0.4494949494949495,0.44787644787644787,0.12417702591113,0.20397400885205763,0.4147286821705426,25.0,3.0,3.0,37.0,5.0,5.0,47.0,3.0,3.0,0.0005412294792075749,0.0004389447498732134,0.0002681192668074878,-0.00010708564814265742,-0.00016179463533028127,9.987650539144965e-05,-1.2032389640808105
106,0,3.0788160723906297,1.4088365238997216,1.924035847647135,5.120887957139517,2.343268912200557,3.200182073127378,21.732657266056833,16.42059810961273,18.559331343691078,36.147174840482286,27.31181114149873,30.869091928792304,3.0557866581720323,1.3362174077162572,1.8680718072097708,5.314411579429622,2.323856361245665,3.248820534277863,21.237885913813685,15.655762464611568,17.958307601007476,36.935453763154236,27.227412981933163,31.231839306099957,3.229734740129681,1.4917724293100076,2.036682263014428,5.072881790779603,2.343098056507865,3.1989773764624516,25.272952181728147,19.58720635394539,21.975821904708745,39.695736411091325,30.76524558211317,34.51699775608703,0.6984924623115578,-0.0015075376884421399,-0.0015075376884421399,0.5226130653266332,-0.002386934673366814,-0.002386934673366814,0.42713567839195976,-0.002864321608040288,-0.002864321608040288,0.43692307692307697,0.1358478081058727,0.19127312810014963,0.4228395061728395,0.4120603015075377,0.10629589047996879,0.14995679566446596,0.38383838383838387,0.4448160535117057,0.1409763206235588,0.19676266085319627,0.4429530201342282,19.0,3.0,3.0,29.0,1.0,1.0,37.0,3.0,3.0,-0.0005489734292569758,0.00021625259867464737,-3.830282301036881e-06,-0.0052754245387118814,-0.00849764430187161,-0.010318406000529023,-1.184882402420044
362,1,3.175431903790344,1.4699146937768666,1.9744209940759203,5.604637310189957,2.594399434516169,3.484853054543999,23.93715618455355,18.432924409632715,20.613681226317407,42.24908066573702,32.534111583001746,36.383147364450224,3.5542088225858297,1.5966559402216092,2.2296674834916965,5.041430954022454,2.2647601988959,3.1626489127541797,34.96014934239437,27.878173926278826,31.199689159072772,49.588864315453,39.54350911528911,44.25487823981953,3.2696019383178507,1.5335217767996838,2.090669860160016,5.389453744479973,2.527783148570907,3.446159110153873,26.300867891547423,20.625813421780794,23.049967250874996,43.35307894211113,33.99859355238592,37.99445151243131,0.728643216080402,-0.001356783919598037,-0.001356783919598037,0.592964824120603,-0.0020351758793969443,-0.0020351758793969443,0.4623115577889447,-0.002688442211055242,-0.002688442211055242,0.40056818181818177,0.10127740167633781,0.16009897360703806,0.36467236467236464,0.4170854271356784,0.10630848477978871,0.16165971761981868,0.38383838383838387,0.40802675585284276,0.10418702296469584,0.17554622192625768,0.37583892617449666,24.0,10.0,10.0,35.0,11.0,11.0,45.0,11.0,11.0,0.0005900009403449322,0.00036332817552567256,0.0004259667460374895,0.0002977419659311309,-0.00010165099709258385,0.00013822313020828148,-1.462040662765503
362,0,3.4177660861711825,1.5725508059146438,2.1501887683205068,6.026061257196559,2.7726553683231874,3.791122302038788,30.50120180169028,24.17173954969165,26.948965611693794,53.77843475561181,42.618593416561595,47.515281473249594,3.369261209689193,1.496466774850169,2.087620714486019,5.759420871263578,2.558062862991742,3.568582417924819,29.057052057492083,22.550599179968746,25.454507219375387,49.67017445725143,38.548032786271364,43.51197815277844,3.4177660861711825,1.5725508059146438,2.1501887683205068,6.026061257196559,2.7726553683231874,3.791122302038788,30.50120180169028,24.17173954969165,26.948965611693794,53.77843475561181,42.618593416561595,47.515281473249594,0.7185929648241206,-0.0014070351758793676,-0.0014070351758793676,0.5778894472361809,-0.002110552763819218,-0.002110552763819218,0.4723618090452262,-0.0026381909547738003,-0.0026381909547738003,0.43445692883895126,0.13352234939969898,0.19410823643546438,0.4135338345864662,0.4371859296482412,0.1264089872923515,0.18342966921418447,0.4040404040404041,0.43445692883895126,0.13352234939969898,0.19410823643546438,0.4135338345864662,24.0,7.0,7.0,34.0,6.0,6.0,45.0,8.0,8.0,-0.00014233782287975146,0.0001026539277608618,0.0001466907388776667,-0.00016252502302549487,0.00022759863213561715,7.184004964067014e-05,-0.9998664855957031
376,1,2.6011086283327773,1.0789035460816763,1.4488142206075596,4.934061727971454,2.0465799224642103,2.7482661504308346,13.478672593360034,8.89635414145113,10.31322518225099,25.56779131111594,16.875558371412453,19.56323127354827,2.6442700103299703,1.1269693504786475,1.5770589382154174,4.299626033056862,1.8324704885831666,2.564323476773036,14.073168065210131,9.513268218468133,11.165908020866326,22.883200106032735,15.46872881051729,18.15594800140866,2.6162563949125666,1.0926514701422176,1.5336525486161139,4.5632378981033135,1.9057874479224726,2.6749753754932217,13.684398590582003,9.09566112270985,10.732041555416716,23.868137076596515,15.864525214028804,18.71867713154078,0.6532663316582914,-0.0017336683417086274,-0.0017336683417086274,0.48743718592964824,-0.002562814070351749,-0.002562814070351749,0.3517587939698492,-0.0032412060301507672,-0.0032412060301507672,0.40871934604904636,0.07810710115108721,0.12719441936282938,0.3497267759562842,0.4120603015075377,0.10629589047996879,0.16832073556429894,0.31818181818181823,0.4147157190635451,0.10252874076638319,0.15665120293451285,0.34563758389261745,22.0,4.0,4.0,34.0,8.0,8.0,42.0,8.0,8.0,0.0013933694594602435,-2.749922464046921e-05,0.00022683857333515543,-0.0044370209739748034,-0.0036560826514620004,-0.004087022822750974,-1.6263055801391602
376,0,3.128601609016287,1.428994687511713,1.9527201690767355,5.293157373393834,2.417659616662258,3.3037300534961043,22.842015130268774,17.37021900671003,19.601016699624957,38.64550234248961,29.387986807864056,33.162185230179425,3.3672242188573485,1.444723860667792,2.0319663288279255,5.755938835653588,2.469613437038961,3.4734467159451716,28.997923351611814,22.15988870356644,25.196947297751578,49.56909974634498,37.8801516300281,43.07170478248133,3.128601609016287,1.428994687511713,1.9527201690767355,5.293157373393834,2.417659616662258,3.3037300534961043,22.842015130268774,17.37021900671003,19.601016699624957,38.64550234248961,29.387986807864056,33.162185230179425,0.7839195979899498,-0.0010804020100502187,-0.0010804020100502187,0.592964824120603,-0.0020351758793969443,-0.0020351758793969443,0.5025125628140703,-0.0024874371859296973,-0.0024874371859296973,0.4413793103448276,0.14189566146358834,0.19481967731730465,0.38754325259515576,0.44723618090452266,0.1339529728844725,0.17177708240702683,0.40909090909090906,0.4413793103448276,0.14189566146358834,0.19481967731730465,0.38754325259515576,25.0,14.0,14.0,37.0,16.0,16.0,47.0,17.0,17.0,0.0007012070612679468,4.166541359756538e-05,0.00013906573063157793,-0.00032191322581809345,0.00013850755599076336,-8.764760639934366e-06,-1.3978519439697266
289,1,3.355607391749225,1.5260557373066346,1.7581378829265126,5.601089029837053,2.547250929940398,2.93463616548636,28.663008579449603,22.43191622985882,23.722493915184785,47.843518079983546,37.442747391192924,39.59694473060919,3.500246514028041,1.5239100091467968,2.1411498834412352,5.4691351781688144,2.38110938929187,3.3455466928769306,33.12361638842694,25.90735861299825,29.230941199171575,51.755650606917094,40.480247832809766,45.673345623705586,3.48428982237111,1.5924012671882724,2.1953952779171226,5.149196781829227,2.353302365302866,3.2444265190893447,32.5992676165763,25.96738608061409,28.97049472599608,48.17625756144281,38.37544740977452,42.8135390039351,0.6482412060301508,-0.0017587939698492372,-0.0017587939698492372,0.5778894472361809,-0.002110552763819218,-0.002110552763819218,0.4974874371859297,-0.002512562814070307,-0.002512562814070307,0.4379232505643341,0.13014422012464977,0.1603083923043146,0.4321266968325792,0.457286432160804,0.13899069281243304,0.21855521346297424,0.45959595959595956,0.4581939799331104,0.1443375525541455,0.22460109895424496,0.459731543624161,22.0,0.0,0.0,30.0,0.0,0.0,38.0,0.0,0.0,0.0005810045597021773,0.00032067801287670504,0.0002571487577862889,-0.010780173013442251,-0.009479427012695218,-0.009726111355600864,-1.3982009887695312
289,0,3.1006965605927626,1.3802149094476381,1.9041045625838406,5.526630139087619,2.4600721702071895,3.393844401703841,22.21341888598084,16.626199979299667,18.904597669500077,39.592829516981396,29.634263175539306,33.6952414420105,3.338929006202736,1.4320436317439258,2.0194084642617507,5.299887311432914,2.273085129752263,3.2054102607329376,28.188920374026978,21.456832196836654,24.447293380113578,44.744318054011075,34.05846380450262,38.805227587481866,3.1892718874092485,1.4203524069453513,1.955917597524819,5.562683524551015,2.4773588493232874,3.4114841817293358,24.270749169931328,18.406235954356738,20.83802456990559,42.33270204057789,32.10389992038965,36.34539169169579,0.7386934673366834,-0.0013065326633165952,-0.0013065326633165952,0.6331658291457287,-0.0018341708542712887,-0.0018341708542712887,0.4974874371859297,-0.002512562814070307,-0.002512562814070307,0.4431486880466472,0.12873820769730226,0.1997469285158554,0.41812865497076024,0.4723618090452262,0.1390284757118928,0.20524995595674533,0.4545454545454546,0.4548494983277592,0.12763747829437022,0.19900967630328759,0.43288590604026844,23.0,12.0,12.0,35.0,12.0,12.0,41.0,10.0,10.0,-0.00012247840049640677,0.0006608166499029541,0.0002107790876780915,-0.0043422467366260875,-0.004310242404373277,-0.004027750075244363,-1.3188133239746094
348,1,3.614861087879892,1.6471255425956401,2.274279951146296,5.815211315285044,2.6497236989582036,3.658624269235346,37.14618551184944,29.991728324824567,33.32492197500649,59.75690712775779,48.24756295732648,53.609657090227834,3.9796772057087577,1.8424255558258986,2.523197441564866,5.939816724938444,2.749888889292386,3.7659663306938302,53.49976202219292,45.02365175315023,49.20893383839782,79.85039107789987,67.19948022858244,73.44616990805645,3.614861087879892,1.6471255425956401,2.274279951146296,5.815211315285044,2.6497236989582036,3.658624269235346,37.14618551184944,29.991728324824567,33.32492197500649,59.75690712775779,48.24756295732648,53.609657090227834,0.7185929648241206,-0.0014070351758793676,-0.0014070351758793676,0.6281407035175879,-0.0018592964824121205,-0.0018592964824121205,0.5376884422110553,-0.0023115577889447625,-0.0023115577889447625,0.44067796610169496,0.1259571539189538,0.2016700743316837,0.3945578231292517,0.44221105527638194,0.12391531592801097,0.20514928566035517,0.40909090909090906,0.44067796610169496,0.1259571539189538,0.2016700743316837,0.3945578231292517,20.0,0.0,0.0,30.0,0.0,0.0,41.0,0.0,0.0,0.0012349446898787895,0.000403870926206444,0.00016009676014244102,-0.00035656283511986686,0.00011913993074319507,-2.6287545484393604e-05,-1.2580032348632812
348,0,3.869295145818579,1.7770983120924475,2.445481709071661,6.271798667732076,2.880525368620438,3.9639180643775944,47.90860559607942,39.805909693957176,43.755678388817216,77.65577900540977,64.52199741242731,70.92423686553379,3.94819090474191,1.8087927066619667,2.4807130772239754,6.266969690066524,2.8710995343840744,3.937639805117422,51.8414957454367,43.347171555641985,47.50321630367537,82.28808848482016,68.80503421530474,75.40193064075457,3.869295145818579,1.7770983120924475,2.445481709071661,6.271798667732076,2.880525368620438,3.9639180643775944,47.90860559607942,39.805909693957176,43.755678388817216,77.65577900540977,64.52199741242731,70.92423686553379,0.778894472361809,-0.0011055276381910506,-0.0011055276381910506,0.6683417085427136,-0.0016582914572863539,-0.0016582914572863539,0.5678391959798995,-0.0021608040201005485,-0.0021608040201005485,0.43724696356275305,0.10189342820921765,0.1761433296461985,0.4065040650406504,0.4522613065326633,0.11140917620684876,0.19015780068959154,0.41414141414141414,0.43724696356275305,0.10189342820921765,0.1761433296461985,0.4065040650406504,25.0,2.0,2.0,36.0,2.0,2.0,46.0,3.0,3.0,0.0006302722640259254,6.315851487676111e-05,0.0002139121286822552,-2.39265858157367e-05,-9.583520108336074e-05,-0.00011149550017286458,-1.038449764251709
310,1,3.3328845849511217,1.5341997418599227,2.10343903426933,6.1132588911135555,2.814066906192265,3.858179619007381,28.019048570217592,21.977352111906946,24.599715406541915,51.39322812612104,40.31139986301648,45.121403125368325,3.4243590771852426,1.5586454246724604,2.1531738289408566,5.435490598706735,2.4740403566229534,3.4177362364140587,30.702960316295588,24.24241549104203,27.13788475753686,48.73485764491363,38.48002458895561,43.07600755164581,3.3246864937619622,1.5259937359851001,2.1000004535307646,5.832783322389408,2.677181992956316,3.6842113219837977,27.790284849169662,21.748540572541444,24.387187369817138,48.754885700297656,38.155334337792006,42.78453924529323,0.7487437185929648,-0.0012562814070351536,-0.0012562814070351536,0.5879396984924623,-0.002060301507537776,-0.002060301507537776,0.5025125628140703,-0.0024874371859296973,-0.0024874371859296973,0.41812865497076024,0.10717974986127121,0.170816827013771,0.4369501466275659,0.42713567839195976,0.1088399390435888,0.17337941795790301,0.46464646464646464,0.4180602006688964,0.10587322237173447,0.17000680801038692,0.4395973154362416,16.0,-1.0,-1.0,26.0,0.0,0.0,34.0,-1.0,-1.0,-0.00036472139032177526,5.007451780429118e-05,-0.00011148080937013738,0.0003372312314926518,-6.291574659478272e-05,0.0001629201083366283,-1.2504041194915771
310,0,4.190598740989779,1.9457484956452138,2.671698298116212,6.311766004947569,2.9306335366508156,4.024039411977505,66.06233334826048,56.62333143212669,61.49513281295878,99.50129220355282,85.28452388542539,92.62229880470335,4.168898824471325,1.9103844419846712,2.628024280779808,6.041882354306269,2.7686731043256105,3.808730841709867,64.6442282573927,55.07536532573789,59.97555681408793,93.68728732955464,79.8193700373013,86.9210968320115,4.190598740989779,1.9457484956452138,2.671698298116212,6.311766004947569,2.9306335366508156,4.024039411977505,66.06233334826048,56.62333143212669,61.49513281295878,99.50129220355282,85.28452388542539,92.62229880470335,0.8090452261306533,-0.0009547738693467256,-0.0009547738693467256,0.6934673366834171,-0.0015326633165829717,-0.0015326633165829717,0.592964824120603,-0.0020351758793969443,-0.0020351758793969443,0.4526748971193416,0.11181247412139506,0.1845490421261815,0.4669421487603306,0.44221105527638194,0.09634639362224662,0.1634130586152801,0.45959595959595956,0.4526748971193416,0.11181247412139506,0.1845490421261815,0.4669421487603306,28.0,7.0,7.0,39.0,9.0,9.0,50.0,8.0,8.0,-0.00023715655359074893,0.00013524592826051187,5.665319014470614e-05,3.793101625682027e-06,-7.384872300431056e-05,-9.33731963588258e-05,-0.7009243965148926
499,1,3.5430600086325095,1.6259059587983067,2.2277801147782554,5.8730070795267135,2.6951158556167583,3.692787690257434,34.5725497939721,27.77097583580797,30.846756127898317,57.307759169355926,46.03341103218169,51.13185119026623,3.596106539419548,1.6029196849399423,2.1870949819949423,5.895256621999259,2.627737188426135,3.585401609827774,36.45601769785992,29.11713320608341,32.36410891024358,59.763963439114626,47.73300525587444,53.05591624630095,3.5475093891788085,1.627547911817948,2.227347221375079,5.815589162588211,2.668111330849095,3.6513888875001297,34.72671894874007,27.906023235709952,30.982690459830373,56.92904745695094,45.74757907493435,50.7912958357875,0.7386934673366834,0.003693467336683409,-0.0013065326633165952,0.6281407035175879,-0.006859296482412125,0.013140703517587893,0.4974874371859297,-0.007512562814070312,-0.002512562814070307,0.4276315789473685,0.10086639011321408,0.17270816538062883,0.3993399339933993,0.42211055276381915,0.09128348509464623,0.1633459450843534,0.3939393939393939,0.4247491638795987,0.09586769476440671,0.17113403595968768,0.40268456375838924,23.0,11.0,11.0,37.0,13.0,15.0,45.0,15.0,15.0,0.0005586275999903527,7.005898482862127e-05,9.640369827328136e-05,0.00048729044062767457,8.427820529455232e-05,-5.782855820246624e-05,-1.5946409702301025
499,0,3.460399163607793,1.5683025143723515,2.161187273950818,6.305616253685311,2.857795692856284,3.9381634769770457,31.8296792288643,25.196417494196297,28.16327323266679,58.00074881704161,45.913471878313246,51.319742335081706,3.8187737189345623,1.7053498259071254,2.3832483782270097,5.83018888386956,2.6035875204688934,3.638547142331312,45.54831901868081,37.27178823575969,41.34646718579599,69.539418349131,56.903493489709454,63.12437738289462,3.5819994231131562,1.66662344272163,2.272942406321453,6.4347295025984845,2.993934328242449,4.083130071236143,35.945338987294754,29.155847954624065,32.242658487383075,64.57246524663728,52.37577476878574,57.92094339050852,0.7688442211055276,-0.0011557788944723812,-0.006155778894472386,0.6432160804020101,-0.001783919597989958,-0.001783919597989958,0.5226130653266332,-0.017386934673366827,-0.007386934673366818,0.43730886850152906,0.1273852043793916,0.19722748498169185,0.3834355828220859,0.4170854271356784,0.09127089079482631,0.16332916670162168,0.38383838383838387,0.4247491638795987,0.1209094309914518,0.18781924174389242,0.3791946308724832,17.0,5.0,4.0,32.0,9.0,9.0,38.0,9.0,8.0,0.0014728638619573827,-0.0001949182444089544,0.0006007455704127666,-0.004279063911727832,-0.003501141649471684,-0.0043266338542515825,-1.5350871086120605
40,1,3.0857677322310453,1.351430802635371,1.8805143074383355,6.536955327489451,2.8628994634775626,3.9837210986522638,21.884261647312957,16.219091495827243,18.54665684460859,46.36008059496561,34.35886487931824,39.28962831555241,3.222670363421416,1.3817782815512438,1.92338802316629,6.78456918615035,2.9090069085289345,4.049237943507979,25.095043673230858,18.792885878407258,21.428379367438925,52.83167089101234,39.56397027033107,45.112377615660904,3.1803315933731486,1.4174896532479873,1.9598170267055304,6.446618094675301,2.873289837664839,3.972602081159859,24.05472861835459,18.225749130209568,20.665797502323798,48.75958503720525,36.94408607474912,41.89013007227797,0.7185929648241206,-0.0014070351758793676,-0.0014070351758793676,0.5527638190954773,-0.0022361809045226,-0.0022361809045226,0.44221105527638194,-0.0027889447236180143,-0.0027889447236180143,0.4112149532710281,0.11261464222903739,0.1708004454990073,0.375,0.42211055276381915,0.11383987607208979,0.1600070469207474,0.3737373737373737,0.42140468227424754,0.11923439846790362,0.17446363666801845,0.38926174496644295,23.0,11.0,11.0,36.0,13.0,13.0,45.0,15.0,15.0,0.0008398122583150294,0.00021813609416190268,0.00043167011121050694,0.00042015868917300025,1.8428279449089757e-05,-0.00011740602667131839,-1.1715044975280762
40,0,3.3357103954661977,1.4957075612326631,2.0651773820623314,5.777537613062369,2.5906045995206255,3.5769412172975024,28.098337066661994,21.801780959750154,24.535586016246704,48.66705439650607,37.76125460348883,42.49627643336847,3.542850518346432,1.616984569698051,2.200315232946003,5.623572251343543,2.5666421741238903,3.492563861819052,34.565307939200935,27.704220495612923,30.73656978443313,54.8655681574618,43.974953167639555,48.78820600703671,3.3357103954661977,1.4957075612326631,2.0651773820623314,5.777537613062369,2.5906045995206255,3.5769412172975024,28.098337066661994,21.801780959750154,24.535586016246704,48.66705439650607,37.76125460348883,42.49627643336847,0.7437185929648241,-0.0012814070351758744,-0.0012814070351758744,0.6281407035175879,-0.0018592964824121205,-0.0018592964824121205,0.507537688442211,-0.0024623115577889765,-0.0024623115577889765,0.43939393939393945,0.1048003666151115,0.18120754140905282,0.4106463878326996,0.44221105527638194,0.10887772194304857,0.1901242439241282,0.4292929292929293,0.43939393939393945,0.1048003666151115,0.18120754140905282,0.4106463878326996,21.0,0.0,0.0,31.0,0.0,0.0,41.0,0.0,0.0,0.0006307335438517901,0.0004019703044092863,0.00011738225478765032,-0.000141735257445319,-0.00018927773293242467,8.23537205478786e-05,-1.1500537395477295
100,1,2.9852438641421366,1.3310074937912453,1.8267282434676975,5.367251921540525,2.39305492407027,3.2843248729704198,19.791328043160792,14.56224273057218,16.60612632546706,35.58337218122692,26.181856101080555,29.856610543715387,3.378611071025906,1.5202910532208302,2.1074234431730474,5.320647355946308,2.394159138930441,3.3187770758630664,29.33000551511242,22.91705144717319,25.76492147285959,46.18898506316916,36.08984479869794,40.574679484818255,3.0866115348394896,1.3692819183008194,1.8981785468487762,5.173091957831547,2.294885896593552,3.181304827120854,21.902735437394853,16.333099911790505,18.620801092088673,36.70849514647182,27.373910466687995,31.208046523053643,0.7035175879396984,-0.001482412060301641,-0.001482412060301641,0.5577889447236181,-0.00221105527638199,-0.00221105527638199,0.44221105527638194,-0.0027889447236180143,-0.0027889447236180143,0.3988439306358381,0.10302863482054225,0.1613072737443425,0.3449275362318841,0.40201005025125625,0.10125817055200814,0.1599399333898205,0.36868686868686873,0.39799331103678925,0.10250082355765733,0.15883869479652224,0.3422818791946308,24.0,3.0,3.0,33.0,4.0,4.0,43.0,4.0,4.0,0.0009511636224385013,0.00028754984595495063,0.0005366367623395249,0.0003214355252678658,-7.840984679496898e-05,0.0001530413170849343,-1.688666820526123
100,0,3.737237417234549,1.682196702001821,2.3151817169638034,5.896530147192288,2.654132574269539,3.6528422645428895,41.981851478137195,34.174695741809536,37.83621761074751,66.23803233217201,53.92007550374393,59.69714334140162,3.6956498694779287,1.536270354045155,2.173468895690987,5.434779219820483,2.259221108889934,3.1962777877808635,40.27173545752274,31.605976437303077,35.689527476942345,59.22314037870991,46.479377113681,52.48459923079757,3.737237417234549,1.682196702001821,2.3151817169638034,5.896530147192288,2.654132574269539,3.6528422645428895,41.981851478137195,34.174695741809536,37.83621761074751,66.23803233217201,53.92007550374393,59.69714334140162,0.7135678391959799,-0.0014321608040201994,-0.0014321608040201994,0.5778894472361809,-0.002110552763819218,-0.002110552763819218,0.5125628140703518,-0.0024371859296482556,-0.0024371859296482556,0.4558303886925795,0.1313153975109217,0.1961359116067981,0.44326241134751776,0.4321608040201005,0.11386506467172952,0.18174344174964974,0.4191919191919192,0.4558303886925795,0.1313153975109217,0.1961359116067981,0.44326241134751776,20.0,2.0,2.0,32.0,1.0,1.0,40.0,-2.0,-2.0,-0.00010085333130725934,0.0001735424865195323,2.2949590892210233e-05,-0.0002734037727947225,0.00016562223134020115,1.5767138139999304e-05,-1.0745782852172852
353,1,3.0027841963209547,1.3759812013912651,1.8913392669388895,4.775856769386662,2.188465339355632,3.0081300721789965,20.141536922514835,15.053953262158007,17.102790925354654,32.03463491485693,23.942954236003693,27.201581757468833,2.7337522542656365,1.1716730281016432,1.6561217859432775,4.020223903331818,1.7230485707377103,2.4354732146224665,15.390527984781102,10.621801780243633,12.452817685000642,22.63312938938397,15.6202967356524,18.31296718382447,2.8623925658771427,1.3005403947307308,1.7952405936135223,4.472488384183036,2.032094366766767,2.805063427521129,17.503354808107137,12.735711243867772,14.596266577321446,27.3489918876674,19.899548818543394,22.806666527064756,0.5728643216080402,-0.0021356783919597166,-0.0021356783919597166,0.457286432160804,-0.0027135678391959628,-0.0027135678391959628,0.37688442211055273,-0.003115577889447274,-0.003115577889447274,0.42342342342342343,0.11757634696165431,0.1896571896571897,0.42771084337349397,0.40201005025125625,0.12632082719361215,0.18164277145325958,0.3737373737373737,0.41137123745819393,0.117548199060865,0.1800030505838891,0.4093959731543624,25.0,11.0,11.0,38.0,13.0,13.0,42.0,8.0,8.0,8.897261734684635e-05,-0.00014944805446288448,-0.0002850801082841488,-0.008978286512626887,-0.007767835932497746,-0.008191253582882752,-1.7924342155456543
353,0,3.2040234376131957,1.4385205955224478,1.9678466533369396,5.611191305250053,2.5192744108113336,3.446280667501998,24.631434135342058,18.78692365015319,21.189007003154,43.13691573961459,32.90145178109729,37.10820915578265,3.5564280562664394,1.6203733210110187,2.22059498121592,5.471427778871445,2.492882032324644,3.416299971101415,35.03782023634867,28.106469294857295,31.234657289122847,53.904338825151804,43.24072199208815,48.053318906342845,3.2373419190728945,1.4446032483751012,1.998983564133127,5.278274868053633,2.3553313832202742,3.259212332825751,25.465941171612705,19.460063085348597,22.015995943735,41.5205562580642,31.728363726111844,35.8956455604375,0.7537688442211055,-0.0012311557788945438,-0.0012311557788945438,0.6080402010050252,-0.001959798994974782,-0.001959798994974782,0.4723618090452262,-0.0026381909547738003,-0.0026381909547738003,0.4065281899109793,0.0983800417628311,0.16467231626833367,0.35416666666666663,0.4120603015075377,0.07622070251004398,0.14661789750085985,0.3737373737373737,0.40802675585284276,0.09583977755568085,0.16442275140345453,0.3557046979865772,26.0,3.0,3.0,39.0,6.0,6.0,48.0,7.0,7.0,0.001965773372313128,0.0001308541928500924,0.0005245797340933983,-0.010745494161649383,-0.00834704401510411,-0.009773498523547808,-1.766371250152588
51,1,3.4809153307463236,1.5335525116372342,1.8830256879516298,6.3919462931846205,2.8160366917232396,3.4577684092917096,32.48944705951732,25.479270979687172,27.54685628111047,59.65982535265348,46.78715688747866,50.583829011773645,3.921856391369997,1.7461588289801928,2.432897120723938,5.853517002044771,2.606207207433123,3.631189732423788,50.49409462728685,41.68576728976977,46.061614521721346,75.3643203392341,62.217563119059356,68.74867839062887,3.3187741495693808,1.5146255087934615,2.0730823846975266,6.034134817398874,2.7538645614426573,3.7692406994500485,27.626463880116653,21.551666468576588,24.15112579532502,50.22993432748482,39.184848124684706,43.91113780968185,0.6934673366834171,-0.0015326633165829717,-0.0015326633165829717,0.592964824120603,-0.0020351758793969443,-0.0020351758793969443,0.507537688442211,-0.0024623115577889765,-0.0024623115577889765,0.39855072463768115,0.10301393332284403,0.14244124272174763,0.3728813559322034,0.42713567839195976,0.128890064356872,0.183396112448721,0.398989898989899,0.3913043478260869,0.12252304565580308,0.1721719785268656,0.34563758389261745,26.0,7.0,7.0,38.0,8.0,8.0,46.0,7.0,7.0,-2.3518375554492975e-05,0.0003670723987764606,-1.9237550904783417e-05,-0.03762542411581826,-0.04921021074214327,-0.04509651888984134,-0.7438204288482666
51,0,3.6600854417516127,1.6943525745338464,2.301525166903952,6.222145250977741,2.8803993767075387,3.9125927837367183,38.864663394391044,31.72451994416484,34.974075503996666,66.06992777046477,53.93168390508022,59.455928356794324,3.9396540459676004,1.804681402832415,2.470067028389246,6.458449255684591,2.9584941030039587,4.049290210474174,51.400815904708736,42.94400075296061,47.05337655046714,84.26363263067006,70.40000123436165,77.13668286961826,3.6600854417516127,1.6943525745338464,2.301525166903952,6.222145250977741,2.8803993767075387,3.9125927837367183,38.864663394391044,31.72451994416484,34.974075503996666,66.06992777046477,53.93168390508022,59.455928356794324,0.8190954773869347,-0.0009045226130653949,-0.0009045226130653949,0.6532663316582914,-0.0017336683417086274,-0.0017336683417086274,0.5326633165829145,-0.0023366834170853723,-0.0023366834170853723,0.4340277777777778,0.11513696321971889,0.19037881703874782,0.3972125435540069,0.4321608040201005,0.09130867369428597,0.16504895093161964,0.41414141414141414,0.4340277777777778,0.11513696321971889,0.19037881703874782,0.3972125435540069,26.0,-1.0,-1.0,40.0,0.0,0.0,50.0,0.0,0.0,0.0011535872181690293,0.0002359737698242912,0.00014104966511015285,-0.0003080533820964959,0.0001462546060908565,-1.7556467044599344e-06,-1.519500970840454
231,1,3.844426506293748,1.7990776029485063,2.4584977157671872,6.439414398042029,3.013454984938748,4.117983673910039,46.73187622760407,39.00002048992076,42.733338242726234,78.27589268123683,65.32503432061728,71.57834155656646,3.718277936005712,1.651395883787306,2.308908086603273,6.095537600009364,2.707206366864436,3.785095223939792,41.1933953310351,33.29324291687596,37.10002018264917,67.53015628038541,54.57908674897699,60.81970521745765,3.9257085028300716,1.8337359467715988,2.5025594223202026,6.506699175961444,3.0393413482402187,4.147888545282103,50.68897862431951,42.588099772166466,46.53880952386529,84.01488169776714,70.58801067209912,77.13614838209716,0.7386934673366834,-0.0013065326633165952,-0.0013065326633165952,0.6080402010050252,-0.001959798994974782,-0.001959798994974782,0.5276381909547738,-0.002361809045226204,-0.002361809045226204,0.44610778443113774,0.11426921940871626,0.19909583223990268,0.43843843843843844,0.42713567839195976,0.10132114205110765,0.176718316121509,0.41414141414141414,0.4381270903010034,0.10423727394040239,0.1833996153288121,0.4429530201342282,29.0,11.0,11.0,38.0,6.0,6.0,49.0,12.0,12.0,-0.00011979859756876161,0.000224549560214996,-3.73741414524343e-05,0.00036882264394222375,-3.19275461979629e-05,0.00018267769083823993,-0.7233240604400635
231,0,3.058545380050599,1.3529980042780854,1.7428039800683741,5.525579625280092,2.4443313001816356,3.1485562470103177,21.296556224664286,15.792158407909671,17.569042685146513,38.47443883984161,28.530172972780207,31.740298813259972,3.53353224028295,1.5682689578369133,2.1730608067723844,5.196370941592574,2.3062778791719314,3.195677657018213,34.24471479626252,27.107923461555707,30.34668426534954,50.35987470038606,39.86459332581721,44.627476860808144,3.118920473350729,1.397057127919562,1.9239320653522143,5.286305887035134,2.3678934371518,3.260901805681719,22.621945463887847,17.027001393089883,19.3184259880108,38.34228044726754,28.859324395067596,32.74309489493356,0.6984924623115578,-0.0015075376884421399,-0.0015075376884421399,0.5678391959798995,-0.0021608040201005485,-0.0021608040201005485,0.5125628140703518,-0.0024371859296482556,-0.0024371859296482556,0.4267015706806283,0.13389111316428848,0.1725471229777935,0.3727034120734908,0.4623115577889447,0.15404088109721537,0.21690254276390297,0.4292929292929293,0.4247491638795987,0.12424832915505779,0.1833698535347711,0.3691275167785235,26.0,2.0,2.0,36.0,2.0,2.0,46.0,2.0,2.0,0.0005277942858071353,0.0006190374882980857,0.0002772626548750071,-0.004690928265003613,-0.006480545972946672,-0.006835282272299459,-1.404724359512329
251,1,4.335150633999739,2.0442368486459483,2.779180293912476,7.773373550620223,3.6655281423996318,4.983357768394784,76.33645688957833,66.4524915109218,71.59677349024193,136.87916407786457,119.15619167475631,128.3804214307786,4.405115290502807,2.0369886041484784,2.7948730986452,6.937189433862688,3.2078560695251626,4.401374958496378,81.86858096895803,71.19120949730039,76.86455795424338,128.92689916371341,112.11214094063052,121.04654795943837,4.335150633999739,2.0442368486459483,2.779180293912476,7.773373550620223,3.6655281423996318,4.983357768394784,76.33645688957833,66.4524915109218,71.59677349024193,136.87916407786457,119.15619167475631,128.3804214307786,0.8391959798994975,-0.0008040201005025116,-0.0008040201005025116,0.7135678391959799,-0.0014321608040201994,-0.0014321608040201994,0.5879396984924623,-0.002060301507537776,-0.002060301507537776,0.4633204633204633,0.12420678316632072,0.20016256858362114,0.43410852713178294,0.46733668341708545,0.12397828742711048,0.1985553812468016,0.4494949494949495,0.4633204633204633,0.12420678316632072,0.20016256858362114,0.43410852713178294,29.0,1.0,1.0,41.0,0.0,0.0,48.0,1.0,1.0,0.0003939302222616849,0.0005094260684355335,0.00037168154904589843,-0.00010708564814265742,-0.00016179463533028127,9.987650539144965e-05,-0.7316937446594238
251,0,3.699337234420161,1.7070893013068018,2.3415848893772035,6.352654974969793,2.931484386382025,4.02106646520637,40.42050616038338,33.08850907019038,36.533060322453636,69.41176575127905,56.820956955016584,62.736082898558315,3.7539046469645285,1.7311783693048182,2.3830363338709133,5.958578804705601,2.7479021734997113,3.782597355350656,42.68743638002828,35.12853183939336,38.74866708402796,67.75783552385441,55.75957434824342,61.505820768298335,3.699337234420161,1.7070893013068018,2.3415848893772035,6.352654974969793,2.931484386382025,4.02106646520637,40.42050616038338,33.08850907019038,36.533060322453636,69.41176575127905,56.820956955016584,62.736082898558315,0.7939698492462312,-0.001030150753768888,-0.001030150753768888,0.6130653266331658,-0.001934673366834172,-0.001934673366834172,0.5527638190954773,-0.0022361809045226,-0.0022361809045226,0.45967741935483875,0.1337216849484001,0.21034766064170196,0.4331983805668016,0.46733668341708545,0.14653467840455414,0.2152498720648317,0.4494949494949495,0.45967741935483875,0.1337216849484001,0.21034766064170196,0.4331983805668016,24.0,4.0,4.0,39.0,5.0,5.0,47.0,4.0,4.0,0.00019973493954145627,-1.1931504033265669e-05,7.288353187935101e-05,-0.005695905604293117,-0.005339203154226979,-0.005694664089086032,-0.7943975925445557
493,1,3.242432666636842,1.4940850511044608,2.0406595471238775,5.74070045896359,2.645265336381669,3.6129710014652265,25.59591239424697,19.85081068253571,22.269903285177843,45.317353091453654,35.1456976018665,39.42868122621651,3.3161214703890547,1.4646345756691732,2.048088191186636,5.181439797482898,2.288491524483083,3.200137798729119,27.553276848329887,21.18399390985247,23.999420606606083,43.05199507551545,33.099990484144485,37.49909469782201,3.266435513129601,1.5098259295917558,2.062277798147945,5.63178536746483,2.6031481544685446,3.5556513761171464,26.21771987144728,20.424955691431784,22.88377011227145,45.20296529559876,35.21544084729618,39.45477605564043,0.7889447236180904,-0.001055276381909609,-0.001055276381909609,0.6381909547738693,-0.0018090452261306789,-0.0018090452261306789,0.457286432160804,-0.0027135678391959628,-0.0027135678391959628,0.43343653250773995,0.1088615711476163,0.17802973539136513,0.43167701863354035,0.42211055276381915,0.08627095376632543,0.1466514542663233,0.43434343434343436,0.4180602006688964,0.08583983339009837,0.15999568453986412,0.4295302013422819,28.0,15.0,15.0,42.0,15.0,15.0,49.0,14.0,14.0,0.0001614917720328341,0.00012882589494249462,-8.34954147799378e-05,-0.004263268205502158,-0.005233811939081789,-0.004312615626377081,-1.0919251441955566
493,0,3.31874928642826,1.4925763387658217,2.063453045207911,5.895146758787041,2.6512869175445517,3.665344225040368,27.625777007985473,21.415702166371602,24.116899313384938,49.07210389576367,38.04104990079166,42.83922904351272,3.4254110188939464,1.5057568748123908,2.09105194740438,5.480657630230314,2.409210999699825,3.3456831158470077,30.73527503445299,23.91667522611637,26.93771383344309,49.176440055124786,38.2666803617862,43.100342133508946,3.31874928642826,1.4925763387658217,2.063453045207911,5.895146758787041,2.6512869175445517,3.665344225040368,27.625777007985473,21.415702166371602,24.116899313384938,49.07210389576367,38.04104990079166,42.83922904351272,0.6783919597989949,-0.0016080402010050232,-0.0016080402010050232,0.5628140703517588,-0.0021859296482411583,-0.0021859296482411583,0.4522613065326633,-0.0027386934673366836,-0.0027386934673366836,0.41263940520446096,0.11022753136401564,0.1716010862922236,0.39925373134328357,0.42211055276381915,0.10882734474376898,0.1800404359023834,0.4040404040404041,0.41263940520446096,0.11022753136401564,0.1716010862922236,0.39925373134328357,22.0,11.0,11.0,34.0,8.0,8.0,43.0,10.0,10.0,0.0005294522016468892,0.0005447939338544854,0.000156631746341982,-0.019583369630092662,-0.02156989513417784,-0.01950164049427805,-1.0399105548858643
227,1,3.4370505085421934,1.5389359202691466,2.1113953354706556,5.8429858645217285,2.6161910644575492,3.5893720703001146,31.095108023792903,24.421807369331983,27.330456978619562,52.861683640447936,41.51707252786437,46.461776863653256,3.3273924696984603,1.4194686562466599,1.9913588925834698,5.687850375552924,2.426442147430188,3.4040322950144786,27.8655865275563,21.126503856449467,24.061660961857303,47.633481243685985,36.11368180589653,41.13104437924326,3.4370505085421934,1.5389359202691466,2.1113953354706556,5.8429858645217285,2.6161910644575492,3.5893720703001146,31.095108023792903,24.421807369331983,27.330456978619562,52.861683640447936,41.51707252786437,46.461776863653256,0.6683417085427136,-0.0016582914572863539,-0.0016582914572863539,0.5326633165829145,-0.0023366834170853723,-0.0023366834170853723,0.4522613065326633,-0.0027386934673366836,-0.0027386934673366836,0.42708333333333337,0.11685803004043904,0.1822796381832179,0.4181184668989547,0.42713567839195976,0.1238775330285512,0.186735010612327,0.4040404040404041,0.42708333333333337,0.11685803004043904,0.1822796381832179,0.4181184668989547,27.0,8.0,8.0,38.0,8.0,8.0,45.0,7.0,7.0,-0.00025224811325819644,0.00020940714486910984,8.951753754657873e-05,-0.0003080533820964959,0.0001462546060908565,-1.7556467044599344e-06,-1.1159088611602783
227,0,4.1790238309789585,1.9280651210065556,2.653849508885897,6.990836161699368,3.225343504893682,4.439464301901716,65.30207622669255,55.805240041771754,60.70613155251783,109.23989294712149,93.35321019333423,101.55161512797736,4.315736569351887,1.9488935047258287,2.7054588260601116,6.796435542286436,3.069123629489494,4.260565080409625,74.86874916554157,64.20507460719732,69.8645482474698,117.90354199297886,101.11035371212176,110.0229106259367,4.1790238309789585,1.9280651210065556,2.653849508885897,6.990836161699368,3.225343504893682,4.439464301901716,65.30207622669255,55.805240041771754,60.70613155251783,109.23989294712149,93.35321019333423,101.55161512797736,0.7537688442211055,-0.0012311557788945438,-0.0012311557788945438,0.6130653266331658,-0.001934673366834172,-0.001934673366834172,0.5326633165829145,-0.0023366834170853723,-0.0023366834170853723,0.42592592592592593,0.11538988156363383,0.17592592592592593,0.4052044609665427,0.42713567839195976,0.11134620470774925,0.181726663366918,0.40909090909090906,0.42592592592592593,0.11538988156363383,0.17592592592592593,0.4052044609665427,23.0,0.0,0.0,34.0,0.0,0.0,43.0,0.0,0.0,0.0004614500247781044,0.00031228233641462504,-9.973382903909713e-06,-0.0001833147886074471,0.00021597805698636563,6.13263787334617e-05,-0.5861325263977051
110,1,2.85448215717456,1.2651419078088824,1.7580931661019021,5.4199028300782786,2.4021681793839536,3.338151581206143,17.365442309175044,12.464927565319503,14.372104792874989,32.972358814889326,23.667583984783867,27.288806568749976,3.0020748790185054,1.284188786947259,1.817003403301722,5.220999789597401,2.2333718033865373,3.160005918785603,20.127255247596132,14.554519493575791,16.856334643090435,35.003922169732405,25.31220781491442,29.315364596679018,2.85448215717456,1.2651419078088824,1.7580931661019021,5.4199028300782786,2.4021681793839536,3.338151581206143,17.365442309175044,12.464927565319503,14.372104792874989,32.972358814889326,23.667583984783867,27.288806568749976,0.6381909547738693,-0.0018090452261306789,-0.0018090452261306789,0.5175879396984925,-0.002412060301507535,-0.002412060301507535,0.4321608040201005,-0.002839195979899567,-0.002839195979899567,0.4280936454849499,0.14094840341483306,0.203399540924327,0.41946308724832215,0.4321608040201005,0.12890265865669193,0.19509903440407372,0.4242424242424242,0.4280936454849499,0.14094840341483306,0.203399540924327,0.41946308724832215,20.0,10.0,10.0,33.0,12.0,12.0,38.0,9.0,9.0,3.440343124233962e-05,-0.00017436961766302027,0.0001868836528818256,-0.0041605961150406046,-0.0051342255030784045,-0.004849508012949144,-1.4870905876159668
110,0,3.861358276760305,1.7764968801524064,2.441481522778962,6.725412097933511,3.094163440265449,4.252381725105078,47.529866257155575,39.486389705856965,43.39325566910787,82.78380679226434,68.77430789828067,75.5789817283137,3.7846884344091367,1.7032918379355766,2.348420182006145,6.204407269523175,2.792281701533732,3.849869150829746,44.021952696151175,36.00629695887594,39.81697809857162,72.16713556746095,59.02671632602613,65.27373458782233,3.861358276760305,1.7764968801524064,2.441481522778962,6.725412097933511,3.094163440265449,4.252381725105078,47.529866257155575,39.486389705856965,43.39325566910787,82.78380679226434,68.77430789828067,75.5789817283137,0.8040201005025126,-0.0009798994974873354,-0.0009798994974873354,0.6582914572864322,-0.0017085427135676845,-0.0017085427135676845,0.507537688442211,-0.0024623115577889765,-0.0024623115577889765,0.42366412213740456,0.09414031261359501,0.1647808734064401,0.4176245210727969,0.42211055276381915,0.09128348509464623,0.1549986996753383,0.41414141414141414,0.42366412213740456,0.09414031261359501,0.1647808734064401,0.4176245210727969,25.0,11.0,11.0,39.0,16.0,16.0,45.0,14.0,14.0,-0.0001670507708534375,-0.00020005608414897113,7.208025403940629e-05,-0.00012787541372372146,-0.00017828449388890277,8.936283448512938e-05,-0.8155407905578613
64,1,2.8832668931019017,1.276064461174913,1.7643843297362594,5.389743226309805,2.385370498446286,3.2981957072910757,17.872565671603738,12.883730590010959,14.811134335901473,33.40951196566835,24.08379184155458,27.686722707452184,3.079537295815933,1.3252770273894536,1.8806796844877187,5.264166317634073,2.265430816050348,3.214837067500374,21.74833702119488,15.96916589616734,18.432010796782208,37.176644480675016,27.297719480627936,31.507710763730273,2.881818359113457,1.2617942073989603,1.7542146412607045,5.506659284930173,2.411071733883363,3.352002499224276,17.84669539427924,12.793483035446961,14.758448079764788,34.10196572155269,24.446145927605656,28.200856203372204,0.6984924623115578,-0.0015075376884421399,-0.0015075376884421399,0.5678391959798995,-0.0021608040201005485,-0.0021608040201005485,0.44723618090452266,-0.0027638190954772934,-0.0027638190954772934,0.4085365853658537,0.10564465233693432,0.17222826893583343,0.36085626911314983,0.44723618090452266,0.12142164456367055,0.19347992047046592,0.3787878787878788,0.40802675585284276,0.11086481929190783,0.1699844866648561,0.3557046979865772,21.0,11.0,11.0,33.0,18.0,18.0,41.0,18.0,18.0,0.0007804814390450198,-0.00019675852545167162,0.0004112164260279419,-0.023256776522827316,-0.017704316976542955,-0.021347028519453026,-1.850743293762207
64,0,3.561697528439183,1.6108767908323298,2.2160194318899897,6.4028204123964505,2.8958536528835523,3.9837112330507902,35.22293836413631,28.188479707377137,31.382148279860797,63.31984873552828,50.674087797654856,56.41530702333357,4.088411652263085,1.7986734707234397,2.48797676765997,6.5414586436209365,2.877877553157504,3.980762828255952,59.64507929982042,49.77272672119847,54.68989240944712,95.43212687971267,79.63636275391754,87.50382785511539,3.566784344389287,1.6114259760617848,2.218048542488833,6.369257757838012,2.8775463858246155,3.9608009687300583,35.40256745153449,28.336116489330955,31.55001538969846,63.21887044916872,50.600208016662414,56.3393131958901,0.778894472361809,-0.0011055276381910506,-0.0011055276381910506,0.6683417085427136,-0.0016582914572863539,-0.0016582914572863539,0.5376884422110553,-0.0023115577889447625,-0.0023115577889447625,0.4354838709677419,0.11503298529946493,0.1865568323411324,0.3689320388349514,0.42713567839195976,0.09630861072278685,0.15668492713987292,0.3939393939393939,0.4347826086956522,0.1142483849894752,0.18672921603714276,0.3657718120805369,23.0,7.0,7.0,34.0,8.0,8.0,45.0,11.0,11.0,0.002240230692312819,2.2162396853167647e-05,0.00031339911099222763,0.0004635968812909397,6.103705499693746e-05,-7.885590001688314e-05,-1.3043403625488281
29,1,2.629078908949285,1.0854346318687684,1.533900815414108,5.498848140548857,2.270240039894537,3.208229170267536,13.860996780340528,9.1793764376355,10.871281695428562,28.990958054655895,19.19911832378693,22.73782157424143,2.816859881482532,1.1126305723359662,1.5970670205072823,5.469630837830159,2.1604477132737205,3.101101010693752,16.724251998933433,11.227104565942916,13.337765811414592,32.474275726084336,21.800203040665856,25.898574391096293,2.629078908949285,1.0854346318687684,1.533900815414108,5.498848140548857,2.270240039894537,3.208229170267536,13.860996780340528,9.1793764376355,10.871281695428562,28.990958054655895,19.19911832378693,22.73782157424143,0.592964824120603,-0.0020351758793969443,-0.0020351758793969443,0.48743718592964824,-0.002562814070351749,-0.002562814070351749,0.38190954773869346,-0.0030904522613065533,-0.0030904522613065533,0.40878378378378377,0.11367417164213112,0.16608715457030065,0.3627118644067797,0.4120603015075377,0.13386481278573314,0.16999018464610194,0.3484848484848485,0.40878378378378377,0.11367417164213112,0.16608715457030065,0.3627118644067797,18.0,8.0,8.0,28.0,12.0,12.0,34.0,11.0,11.0,0.0011580664165633278,0.0006333778885787022,9.465714431425073e-05,-0.020400851070813353,-0.021116146889651688,-0.017990317546715318,-1.1836543083190918
29,0,3.8947330067928574,1.743439824554005,2.399530469762876,6.841406005353243,3.0624896918152587,4.214964706754525,49.14293078224399,40.54696341725201,44.682690957145105,86.32343762407332,71.22394231846242,78.48867424709042,4.111074167280341,1.8595459732042046,2.565403984324658,6.37375839888425,2.883017012719697,3.9773705183328034,61.01221971331123,51.50997369088534,56.32110523458287,94.59258870280811,79.86042432695402,87.3195429993533,3.8947330067928574,1.743439824554005,2.399530469762876,6.841406005353243,3.0624896918152587,4.214964706754525,49.14293078224399,40.54696341725201,44.682690957145105,86.32343762407332,71.22394231846242,78.48867424709042,0.778894472361809,-0.0011055276381910506,-0.0011055276381910506,0.6532663316582914,-0.0017336683417086274,-0.0017336683417086274,0.5778894472361809,-0.002110552763819218,-0.002110552763819218,0.4548872180451128,0.12843318427400585,0.19613721804511275,0.41132075471698115,0.4723618090452262,0.13652221004773246,0.21526665044756343,0.4292929292929293,0.4548872180451128,0.12843318427400585,0.19613721804511275,0.41132075471698115,27.0,0.0,0.0,33.0,0.0,0.0,45.0,-1.0,-1.0,0.0006113881625253728,0.0006820637253169385,0.00021889364415657208,-0.004831124142729237,-0.005013021011245122,-0.004112855879157884,-1.1144862174987793
237,1,3.428991508219955,1.5670892225439788,2.1447214476456047,5.86594773733225,2.6808067203268062,3.668957445028959,30.845519605623906,24.409551421616243,27.233489174324877,52.76717819326856,41.757220042010175,46.5881072667696,3.75283614355116,1.6911992591414777,2.328878809612256,6.004537829681857,2.7059188146263646,3.72620609537961,42.641849067984786,34.78302579505866,38.48832422316079,68.22695850877565,55.65284127209386,61.581318757057254,3.428991508219955,1.5670892225439788,2.1447214476456047,5.86594773733225,2.6808067203268062,3.668957445028959,30.845519605623906,24.409551421616243,27.233489174324877,52.76717819326856,41.757220042010175,46.5881072667696,0.7638190954773869,-0.001180904522613102,-0.001180904522613102,0.6381909547738693,-0.0018090452261306789,-0.0018090452261306789,0.5326633165829145,-0.0023366834170853723,-0.0023366834170853723,0.4391143911439115,0.1223556434459373,0.18880764267765382,0.38148148148148153,0.4371859296482412,0.1063588619790683,0.18509911829598746,0.41414141414141414,0.4391143911439115,0.1223556434459373,0.18880764267765382,0.38148148148148153,27.0,9.0,9.0,38.0,7.0,7.0,46.0,8.0,8.0,0.0010883360787049719,0.0006279747563035348,0.00011339613780948507,-0.00954130279359422,-0.007527677379412623,-0.00831857914976819,-1.1883800029754639
237,0,3.5644279151943556,1.658723899859205,2.2728960438226817,5.830827167630073,2.713403836185867,3.71809006012612,35.319242021810965,28.595102162576683,31.680886239753903,57.77656353856938,46.77695902895492,51.8248023459558,3.516582093646179,1.562023193819307,2.1797000791407255,5.626531349833886,2.499237110110891,3.487520126625161,33.66915356277206,26.608349747865088,29.86199923488499,53.8706457004353,42.57335959658414,47.779198775815985,3.5644279151943556,1.658723899859205,2.2728960438226817,5.830827167630073,2.713403836185867,3.71809006012612,35.319242021810965,28.595102162576683,31.680886239753903,57.77656353856938,46.77695902895492,51.8248023459558,0.7336683417085428,-0.001331658291457205,-0.001331658291457205,0.6080402010050252,-0.001959798994974782,-0.001959798994974782,0.507537688442211,-0.0024623115577889765,-0.0024623115577889765,0.46808510638297873,0.13534174355112027,0.22280208751505426,0.4733096085409253,0.4522613065326633,0.13145930152013197,0.2151995369166365,0.45959595959595956,0.46808510638297873,0.13534174355112027,0.22280208751505426,0.4733096085409253,26.0,13.0,13.0,37.0,11.0,11.0,46.0,13.0,13.0,0.00018288506089021245,-2.892068617125322e-07,1.8021113261706175e-05,-0.00026647385093347964,0.00016949575638847136,1.9271695109068787e-05,-0.9103226661682129
203,1,2.7651966046751215,1.2407222428394653,1.674130926362956,5.336082096589288,2.394258598344265,3.2306202200625687,15.882162191021951,11.289433369848442,12.904716809587907,30.64828055240452,21.785555205599422,24.902615681204768,2.9223928020228094,1.262460151303738,1.7844277901475103,5.6745491301413775,2.451378934570365,3.464908330383515,18.585706211332063,13.326749565761062,15.465294312777093,36.08874992491663,25.877183622837016,30.0296976947128,2.7768297897134735,1.2489458112741807,1.7171468025555012,5.142277388358284,2.3128626134707053,3.1799014862138915,16.068001176441765,11.45958618410537,13.182545058823568,29.755557734151413,21.221455896491424,24.4121204793029,0.6331658291457287,-0.0018341708542712887,-0.0018341708542712887,0.4824120603015075,-0.0025879396984924696,-0.0025879396984924696,0.3668341708542714,-0.0031658291457286047,-0.0031658291457286047,0.3792134831460674,0.09730604976598323,0.15145199732006542,0.3661971830985915,0.371859296482412,0.09115754209644711,0.13813642502999135,0.36363636363636365,0.3846153846153846,0.11416463336329774,0.17326944468212535,0.3691275167785235,21.0,4.0,4.0,33.0,8.0,8.0,43.0,9.0,9.0,-0.00020602831145483284,-0.00017182222822854635,0.00012193424930222253,-0.029406677451414787,-0.03304367256634766,-0.034740460683313046,-1.5452654361724854
203,0,3.229152886018361,1.447217704645156,2.008493384558105,5.734192700626544,2.5699078027941256,3.5665973434880294,25.25825128789852,19.316908411014936,21.86882896224334,44.852531074874335,34.302146451075,38.83373870265029,3.6595476548276356,1.6228529175223172,2.2649141473378753,6.255637016799377,2.7741075513202,3.8716481151074795,38.84376810572288,31.178536427738155,34.810272050101304,66.3996035995263,53.29664346621908,59.504738547181724,3.229152886018361,1.447217704645156,2.008493384558105,5.734192700626544,2.5699078027941256,3.5665973434880294,25.25825128789852,19.316908411014936,21.86882896224334,44.852531074874335,34.302146451075,38.83373870265029,0.7537688442211055,-0.0012311557788945438,-0.0012311557788945438,0.6281407035175879,-0.0018592964824121205,-0.0018592964824121205,0.507537688442211,-0.0024623115577889765,-0.0024623115577889765,0.40753424657534243,0.10497014401123983,0.16379848347739256,0.36426116838487976,0.4371859296482412,0.1063588619790683,0.18342966921418447,0.41414141414141414,0.40753424657534243,0.10497014401123983,0.16379848347739256,0.36426116838487976,26.0,7.0,7.0,40.0,11.0,11.0,48.0,9.0,9.0,0.0016754041334882438,0.0001355339491565097,0.0002651473364015898,-0.008742671091808596,-0.006161826204378329,-0.00755783496443474,-1.3693997859954834
144,1,2.9528266981508606,1.327741985599738,1.8412749254944574,5.819815410890358,2.6168868204552975,3.6290244171082615,19.160036894687604,14.081187633452782,16.120966210610206,37.76309597266917,27.753038417095887,31.773299682539882,2.874747880140142,1.2532696401461405,1.7624260378462353,5.528361307961811,2.4101339233579626,3.389280842011991,17.720955753322055,12.660390232847481,14.679543871857808,34.07876106408087,24.346904293937463,28.229892061265012,3.0168190863618882,1.3695461066860604,1.8878425561870982,5.876920298107574,2.6679469610767406,3.6776153691956455,20.426214212792612,15.233414581799686,17.333724402902618,39.79132638855704,29.675482951557832,33.76699559007004,0.6683417085427136,-0.0016582914572863539,-0.0016582914572863539,0.49246231155778897,-0.002537688442211028,-0.002537688442211028,0.3869346733668342,-0.0030653266331658324,-0.0030653266331658324,0.4023668639053254,0.11137720363944648,0.17008339933839622,0.41839762611275966,0.40201005025125625,0.11629576453697055,0.16494828063522948,0.4191919191919192,0.4013377926421404,0.1108536524084176,0.16885725871555535,0.4295302013422819,16.0,2.0,2.0,23.0,1.0,1.0,33.0,2.0,2.0,-0.0004190357860813366,-7.470158550000158e-05,-9.833095477340603e-06,0.0003530269377165496,-4.742164639548463e-05,0.0001727988995874341,-1.1301724910736084
144,0,3.3502118445359743,1.4708173537850995,2.0431516755513734,5.98907733851979,2.6293378721774725,3.6524834747870445,28.50877243176958,21.959234576235858,24.81347824416943,50.96431236090316,39.25589194792849,44.358341244713856,3.4924287885876755,1.5603245254971259,2.1641438005664617,6.073789197543784,2.713607870429784,3.7637283488112376,32.86567462257667,25.96165177506661,29.09111021235996,57.15769499578552,45.15069873924628,50.59323515193037,3.3502118445359743,1.4708173537850995,2.0431516755513734,5.98907733851979,2.6293378721774725,3.6524834747870445,28.50877243176958,21.959234576235858,24.81347824416943,50.96431236090316,39.25589194792849,44.358341244713856,0.7939698492462312,-0.001030150753768888,-0.001030150753768888,0.6080402010050252,-0.001959798994974782,-0.001959798994974782,0.49246231155778897,-0.002537688442211028,-0.002537688442211028,0.4307692307692308,0.11407057433928836,0.1622270312807398,0.4092664092664092,0.42211055276381915,0.09128348509464623,0.1466514542663233,0.4242424242424242,0.4307692307692308,0.11407057433928836,0.1622270312807398,0.4092664092664092,24.0,8.0,8.0,38.0,8.0,8.0,45.0,7.0,7.0,0.000280535907296921,0.00032305943180554255,3.626500631486441e-05,-0.004789544611566221,-0.00541178442327972,-0.004091828537344355,-0.7512691020965576
128,1,3.2932690059437473,1.5343192906131045,2.0939069384016027,5.735216772255778,2.6720118258296246,3.646531811093948,26.930756719939588,21.124420834702292,23.61275713212179,46.89982122656146,36.78810703186249,41.121536230089646,3.8711008115030414,1.807035344058165,2.475124756854516,6.14460446270324,2.8683100699335955,3.928769455324629,47.99519066951727,40.11725839721017,43.956275818546096,76.18284233256709,63.67818793207964,69.77186637864459,3.2932690059437473,1.5343192906131045,2.0939069384016027,5.735216772255778,2.6720118258296246,3.646531811093948,26.930756719939588,21.124420834702292,23.61275713212179,46.89982122656146,36.78810703186249,41.121536230089646,0.8090452261306533,-0.0009547738693467256,-0.0009547738693467256,0.6884422110552764,-0.0015577889447235815,-0.0015577889447235815,0.5577889447236181,-0.00221105527638199,-0.00221105527638199,0.4549019607843138,0.14374736195848203,0.2176138251910934,0.3976377952755905,0.44723618090452266,0.09385272225790608,0.18179377689784482,0.4696969696969697,0.4549019607843138,0.14374736195848203,0.2176138251910934,0.3976377952755905,18.0,0.0,0.0,31.0,0.0,0.0,42.0,0.0,0.0,0.0008790723427511874,0.0008134730303392504,0.00044639968568658525,-0.015514053169505715,-0.017468550686469797,-0.018347569530945407,-1.3348438739776611
128,0,3.30381331087529,1.4976063463523903,2.0342626868603615,5.9742530854687885,2.7081068128341155,3.678537190229359,27.21622521936794,21.128911030686943,23.656972459157068,49.21483213243218,38.20720181196758,42.77867040541874,4.080168436520064,1.8647910125237481,2.577508116241266,6.6888007156066625,3.057034446760243,4.225423141379125,59.15543294605241,49.99056544620651,54.66180527418647,96.97611958369248,81.95174663312544,89.60951684292866,3.5423139074574346,1.6284245789513978,2.219389434195628,5.970191978860845,2.744535807221457,3.7405439902173505,34.54676479425091,27.767359872100208,30.792379857760523,58.224884484692545,46.79892113275315,51.89726942319189,0.7587939698492463,-0.001206030150753712,-0.001206030150753712,0.6683417085427136,-0.0016582914572863539,-0.0016582914572863539,0.5628140703517588,-0.0021859296482411583,-0.0021859296482411583,0.4224137931034483,0.10821006283085144,0.17216941382681095,0.33429394812680113,0.44723618090452266,0.10889031624286849,0.19347992047046592,0.398989898989899,0.4381270903010034,0.12093176475843248,0.19229839174705454,0.36241610738255037,26.0,7.0,7.0,38.0,8.0,8.0,50.0,8.0,8.0,0.0014448786349695508,0.0007329600548436083,0.00088577032283354,-0.004354093515294366,-0.007069985341056295,-0.00662262544641834,-1.735769510269165
359,1,3.193844670481726,1.465373444401234,2.0076580714132364,5.200028508724016,2.385834150683416,3.2687498248135105,24.381988182992792,18.749950970980063,21.10741806408825,39.6973073934154,30.52755836481176,34.36584649630449,3.1008564371559486,1.3402978997826807,1.8792770247688586,4.593861388379183,1.9856265181965633,2.784114110768679,22.21697057495729,16.401285810235727,18.82442884810344,32.91403048141821,24.298201200349226,27.888042737931023,3.2338370790449673,1.4734678617884944,2.0292015955079448,5.079325255044451,2.3143474268929234,3.1872276369234736,25.37684334965773,19.562259506838444,22.041300353552845,39.8589162560069,30.726062052625828,34.61984348725578,0.6683417085427136,-0.0016582914572863539,-0.0016582914572863539,0.542713567839196,-0.0022864321608039306,-0.0022864321608039306,0.44723618090452266,-0.0027638190954772934,-0.0027638190954772934,0.4489164086687306,0.13052382752499025,0.2007186743741889,0.4658385093167702,0.4371859296482412,0.12390272162819105,0.18342966921418447,0.4545454545454546,0.4548494983277592,0.13598472370338532,0.20568375861696941,0.4731543624161074,22.0,6.0,6.0,35.0,9.0,9.0,43.0,8.0,8.0,-0.000491131568958431,2.7778655745881295e-05,-0.00015438130574849316,-0.004263268205502158,-0.005233811939081789,-0.004312615626377081,-1.703037977218628
359,0,3.484662218044882,1.6021879272297077,2.2013168315571336,5.901768958885262,2.713532154209852,3.728241801423354,32.61140970349484,26.041669487205105,29.002717679428457,55.232040711699355,44.10525525867685,49.120209711401955,3.634638622178504,1.6208091303887269,2.226854109852905,5.7692676542515935,2.572712905378931,3.5346890632585795,37.88815848268938,30.39620562813919,33.801267572485926,60.139934099506945,48.24794544149077,53.65280567061258,3.484662218044882,1.6021879272297077,2.2013168315571336,5.901768958885262,2.713532154209852,3.728241801423354,32.61140970349484,26.041669487205105,29.002717679428457,55.232040711699355,44.10525525867685,49.120209711401955,0.7386934673366834,-0.0013065326633165952,-0.0013065326633165952,0.592964824120603,-0.0020351758793969443,-0.0020351758793969443,0.4824120603015075,-0.0025879396984924696,-0.0025879396984924696,0.4486301369863014,0.12726261561878005,0.2026164695603333,0.415807560137457,0.44723618090452266,0.1289404415561517,0.1968188186340719,0.40909090909090906,0.4486301369863014,0.12726261561878005,0.2026164695603333,0.415807560137457,22.0,10.0,10.0,37.0,14.0,14.0,42.0,7.0,7.0,0.0011639795415362036,0.0006407058989905064,-0.00015556097917343082,-0.000335773069539691,0.00013076050589333477,-1.577387457896151e-05,-1.4500195980072021
465,1,3.236089771044882,1.4010570623467546,1.824560687289523,5.956281172792753,2.578757201710693,3.3582493809531795,25.434073998965527,19.16873492579688,21.331850745210982,46.8134405488206,35.28158457356817,39.26297166147528,3.01417826827447,1.290039250108136,1.7931758328290825,5.065845829032723,2.168133193459052,3.0137408955110634,20.37234345957925,14.764652628878551,16.98175858649152,34.23923270517521,24.814542233409334,28.540770733599196,3.1747361070735,1.3922066295894608,1.9345816262984796,5.7722474674063635,2.531284781071747,3.5174211387245085,23.92050658291056,17.97563173964912,20.464359251066636,43.491830150746466,32.682966799362035,37.207925911030244,0.5527638190954773,-0.0022361809045226,-0.0022361809045226,0.4773869346733668,-0.0026130653266331905,-0.0026130653266331905,0.4170854271356784,-0.0029145728643216184,-0.0029145728643216184,0.4368421052631579,0.12803790026972828,0.17584503781447758,0.43271767810026385,0.4120603015075377,0.13386481278573314,0.19002357362773803,0.38383838383838387,0.42140468227424754,0.13092054204052472,0.20115996592274588,0.412751677852349,25.0,4.0,4.0,33.0,0.0,0.0,40.0,2.0,2.0,0.0008304447055409688,8.745796501088597e-05,0.00013914536640667128,-0.007708496149546384,-0.007202767255728659,-0.0075079086869180856,-1.1985101699829102
465,0,3.124906781306519,1.4433943109276732,1.9627155635084936,6.061566166148791,2.7998371573416314,3.807195249697199,22.75777354472789,17.384096189004914,19.56084276631662,44.144596875917955,33.72095766782881,37.943321510565966,3.699955971396748,1.6662135883863427,2.3187191572974664,6.271111815926692,2.824090827773462,3.9300324699957057,40.44552356095445,32.802888988890594,36.46570267760815,68.55173484907534,55.598116930323044,61.80627572475958,3.0874447862440126,1.4399783081987354,1.9563208757527397,6.01450283034548,2.805152548439095,3.811014693024818,21.920993528194465,16.727189001720383,18.82185583134157,42.70323414583338,32.58543312023451,36.66595291819787,0.7336683417085428,-0.001331658291457205,-0.001331658291457205,0.6180904522613065,-0.0019095477386934512,-0.0019095477386934512,0.48743718592964824,-0.002562814070351749,-0.002562814070351749,0.42056074766355145,0.12973648638827928,0.19983535906251515,0.375,0.4321608040201005,0.11135879900756918,0.18341289083145274,0.4292929292929293,0.41137123745819393,0.117548199060865,0.1900141740544119,0.36241610738255037,24.0,7.0,7.0,36.0,9.0,9.0,43.0,9.0,9.0,0.0021061105744494377,0.00020478958819426183,0.0005645065628123603,-0.007592272775516662,-0.006274158430819909,-0.007659467116529761,-1.19240403175354
4,1,3.093777674805458,1.3963138662030241,1.917068345614682,6.227996887843666,2.8108802012453027,3.859196408165503,22.060257242720887,16.600175239208003,18.816574513315377,44.408883861163616,33.4173462331769,37.87911732092246,3.1907060302082617,1.3707107341769504,1.9162306780133116,6.318229762788637,2.714278681538516,3.794516194085766,24.30558186163681,18.133752443913874,20.72875751693279,48.129865072548135,35.90842068101757,41.047044587985724,3.062659097355744,1.373927647284425,1.8919504143916863,6.125318194711488,2.74785529456885,3.7839008287833726,21.38434468119086,15.97173449919947,18.160067862084784,42.76868936238172,31.94346899839894,36.32013572416957,0.7085427135678393,-0.0014572864321606982,-0.0014572864321606982,0.5778894472361809,-0.002110552763819218,-0.002110552763819218,0.44723618090452266,-0.0027638190954772934,-0.0027638190954772934,0.4267100977198697,0.11614099202881278,0.18402320714565512,0.3921568627450981,0.42713567839195976,0.10132114205110765,0.16503217254888802,0.38383838383838387,0.4247491638795987,0.1175705328278458,0.18448220058705145,0.3825503355704698,24.0,13.0,13.0,40.0,20.0,20.0,47.0,18.0,18.0,0.0009312680833349274,0.00023304050771248848,6.236683058034111e-05,-0.005834116500113673,-0.005092155338830118,-0.006259992927206248,-0.9600138664245605
4,0,4.044688420690549,1.8601875357565922,2.537767857223071,6.467395190444279,2.97441154194582,4.057852157488666,57.09339414217511,48.20718193822711,52.58058168672229,91.2914677907876,77.08254979970324,84.07554939755087,4.315588924753007,1.9390086404001186,2.6783955275430875,6.489607405643619,2.9158024667670954,4.027662447433214,74.85769601509142,64.08967973977997,69.71697473128992,112.5679639324683,96.37545825530822,104.83755598690215,4.0784625831655035,1.8729052043822536,2.558674695853222,6.372597786196099,2.9264143818472714,3.99792921227066,59.05460847265337,49.97929992981994,54.48335300163718,92.2728257385209,78.09265614034365,85.13023906505809,0.7688442211055276,-0.0011557788944723812,-0.0011557788944723812,0.6733668341708543,-0.001633165829145744,-0.001633165829145744,0.5879396984924623,-0.002060301507537776,-0.002060301507537776,0.46178343949044587,0.13268963980841086,0.20754615135485266,0.43450479233226835,0.4723618090452262,0.1290034130552512,0.21359720136576044,0.4494949494949495,0.4682274247491639,0.1343376083885629,0.2090505615678513,0.4395973154362416,28.0,8.0,8.0,41.0,10.0,10.0,48.0,7.0,7.0,0.0008075579185905774,-0.00022365466694744822,0.00011324936891705532,-0.00793299696757721,-0.006221560826102035,-0.007600144971505962,-1.199537754058838
351,1,2.776638633173865,1.212815741464894,1.5987385994449308,5.853028027883545,2.5565604550197483,3.370068297693576,16.064929966488737,11.287881444814737,12.8173826690142,33.86414214526887,23.794341000149245,27.018460057978796,3.7755029698712144,1.6899844113498959,2.3410277027984634,5.8084661074941755,2.599976017461378,3.6015810812284053,43.6194420644113,35.570677909456116,39.422000169568484,67.10683394524816,54.72411986070172,60.649231030105355,3.0086635096017336,1.3833618874115925,1.8847232351011254,5.8610328109124685,2.694860819632973,3.6715387696775172,20.260304120709574,15.18035308862683,17.1833497271711,39.4681249104732,29.57211640641591,33.47405791007358,0.7587939698492463,-0.001206030150753712,-0.001206030150753712,0.6582914572864322,-0.0017085427135676845,-0.0017085427135676845,0.5527638190954773,-0.0022361809045226,-0.0022361809045226,0.4,0.12199730094466943,0.17419354838709677,0.2872628726287263,0.40703517587939697,0.0737018425460636,0.14159277187271913,0.38383838383838387,0.4247491638795987,0.14595116721849688,0.21229087689405923,0.3087248322147651,27.0,13.0,13.0,40.0,15.0,15.0,50.0,15.0,15.0,0.0015666371266791336,0.0011552721608486568,0.0007395649226243764,-0.02859269009219645,-0.0403238544501523,-0.041009565967498496,-1.7090904712677002
351,0,3.4989508399457643,1.5647944160146785,2.1626180737707945,6.100144556484392,2.728095527920328,3.7703538786135566,33.080726768645704,26.162521208179125,29.27566293976302,57.67363548480994,45.612290264259656,51.03980709892895,3.864019345997566,1.7093639620557437,2.379388586745632,6.605161275209515,2.921989678727767,4.067330917513901,47.65651495784797,39.03159757611682,43.24317942927274,81.46412813307346,66.72067961729373,73.91996483636368,3.4989508399457643,1.5647944160146785,2.1626180737707945,6.100144556484392,2.728095527920328,3.7703538786135566,33.080726768645704,26.162521208179125,29.27566293976302,57.67363548480994,45.612290264259656,51.03980709892895,0.7587939698492463,-0.001206030150753712,-0.001206030150753712,0.6281407035175879,-0.0018592964824121205,-0.0018592964824121205,0.5276381909547738,-0.002361809045226204,-0.002361809045226204,0.428030303030303,0.13313427278455625,0.19503282192199067,0.3954372623574145,0.44723618090452266,0.1289404415561517,0.1968188186340719,0.4444444444444444,0.428030303030303,0.13313427278455625,0.19503282192199067,0.3954372623574145,22.0,8.0,8.0,35.0,9.0,9.0,44.0,12.0,12.0,0.0007834834673324167,0.0008946889673210735,0.0002281940741189284,-0.000141735257445319,-0.00018927773293242467,8.23537205478786e-05,-1.1150469779968262
34,1,3.580120137597941,1.5856911598274896,2.1911833568440526,6.0047517651775,2.6595984003455784,3.675159386876004,35.8778508669823,28.529844912031567,31.86726721137488,60.176077909171376,47.851644640814854,53.449331777808666,3.682540420910821,1.5566922100669385,2.1970854291275765,5.622199115894382,2.3766293283464703,3.3543288994314144,39.74724064324522,31.36723815983277,35.330266000423606,60.68281014235911,47.88891322111873,53.93933740522687,3.633773245141658,1.6256506608830832,2.245381332296254,6.02282858310772,2.6944486091984805,3.721626517618101,37.85538512307175,30.40606638051147,33.846986110567556,62.74373224818521,50.39679510582011,56.09997697884125,0.7135678391959799,-0.0014321608040201994,-0.0014321608040201994,0.6231155778894473,-0.0018844221105527303,-0.0018844221105527303,0.49246231155778897,-0.002537688442211028,-0.002537688442211028,0.43354430379746833,0.09547163397124403,0.16722851432378416,0.4095238095238095,0.4321608040201005,0.10384000201508792,0.17172674725883175,0.4191919191919192,0.43143812709030105,0.09420941256609405,0.17003656980442783,0.41946308724832215,17.0,0.0,0.0,27.0,0.0,0.0,36.0,0.0,0.0,0.0001648086761949392,0.0001207106503922171,-2.836280371003631e-06,-0.004235625719608116,-0.00520669726373324,-0.004288083727594483,-1.0216498374938965
34,0,3.110255099054593,1.389420515955043,1.9097927759379876,5.3631962926005485,2.3958597358455553,3.293168312354607,22.42676471756865,16.837573554783308,19.105112473148882,38.671793006576706,29.034021065619935,32.94407214921185,3.6275995909868173,1.592093308452899,2.2008383490803443,6.148473883028505,2.698463234665931,3.7302344899666853,37.62239899531385,29.966271687353114,33.45721170651491,63.766777958159075,50.79029099551376,56.70713848561849,3.110255099054593,1.389420515955043,1.9097927759379876,5.3631962926005485,2.3958597358455553,3.293168312354607,22.42676471756865,16.837573554783308,19.105112473148882,38.671793006576706,29.034021065619935,32.94407214921185,0.7839195979899498,-0.0010804020100502187,-0.0010804020100502187,0.6180904522613065,-0.0019095477386934512,-0.0019095477386934512,0.5276381909547738,-0.002361809045226204,-0.002361809045226204,0.4477611940298507,0.13491203201867752,0.19962223621347353,0.3707865168539326,0.457286432160804,0.1264593644916311,0.18516623182691416,0.43434343434343436,0.4477611940298507,0.13491203201867752,0.19962223621347353,0.3707865168539326,26.0,2.0,2.0,38.0,5.0,5.0,48.0,5.0,5.0,0.0012655945507475314,0.0010805774951136704,0.00011329051285501767,-0.025301978802244385,-0.024833821666682354,-0.022467892706402814,-1.701068639755249
377,1,3.166215605566872,1.4313612150592194,1.887638098267227,5.3448043249936195,2.4162427850540955,3.186471652120824,23.717557711435507,18.049455297236456,20.12603054247233,40.036978155083794,30.468805272399152,33.97421669554962,3.685133031864262,1.6962929723352895,2.309133998114661,5.419313282153326,2.494548488728367,3.3957852913450894,39.850423473377354,32.543370375262185,35.89139352095227,58.60356393143728,47.85789761067967,52.78146106022392,3.1495926276497217,1.4347172830087,1.963698588280323,5.338292589236817,2.4317242084893222,3.328302692000548,23.326560049541218,17.770577163389838,20.052947797761824,39.536542456849524,30.119622310830234,33.98804711485055,0.6934673366834171,-0.0015326633165829717,-0.0015326633165829717,0.6231155778894473,-0.0018844221105527303,-0.0018844221105527303,0.5226130653266332,-0.002386934673366814,-0.002386934673366814,0.4386920980926431,0.13665128176611252,0.19138027013565384,0.3770491803278688,0.4321608040201005,0.10133373635092757,0.18007399266784674,0.4040404040404041,0.4247491638795987,0.13092612548226978,0.20005505931897583,0.3489932885906041,26.0,4.0,4.0,40.0,4.0,4.0,48.0,5.0,5.0,0.0011344056570213269,0.0006159402007909298,0.0006019865024357784,-0.010392169263580442,-0.014166639565089234,-0.013354495931864996,-1.493039846420288
377,0,3.190181142111686,1.4240818210854491,1.9595319238335371,6.296410148904643,2.810687804773913,3.867497218092508,24.292827498636772,18.444829846147716,20.86937611644495,47.94637006309889,36.40426943318628,41.1895581245624,3.5261835548745926,1.5842698246548017,2.194463250664076,6.411242827044713,2.8804905902814575,3.9899331830255926,33.993983561166175,27.021902667634514,30.20643003062997,61.80724283848395,49.130732122971835,54.92078187387267,3.190181142111686,1.4240818210854491,1.9595319238335371,6.296410148904643,2.810687804773913,3.867497218092508,24.292827498636772,18.444829846147716,20.86937611644495,47.94637006309889,36.40426943318628,41.1895581245624,0.7386934673366834,-0.0013065326633165952,-0.0013065326633165952,0.5979899497487438,-0.0020100502512562235,-0.0020100502512562235,0.5025125628140703,-0.0024874371859296973,-0.0024874371859296973,0.42140468227424754,0.11422605122249463,0.17446363666801845,0.40604026845637586,0.44221105527638194,0.11639651893552982,0.1884547948423252,0.46464646464646464,0.42140468227424754,0.11422605122249463,0.17446363666801845,0.40604026845637586,15.0,1.0,1.0,28.0,0.0,0.0,34.0,1.0,1.0,0.0010191260455213978,1.5859776929287004e-07,0.00015737322270563539,0.0005070350734097673,0.00010364583054389698,-4.030577335889518e-05,-1.3237419128417969
195,1,2.7809878346423007,1.2744040992280805,1.7524700130763564,6.155253074008292,2.8206810729581515,3.878800295609002,16.134951742519856,11.623659072933505,13.338034511948065,35.712026523443946,25.727032081426152,29.521516386445047,2.675257217943968,1.1628576663802748,1.6297103736159808,5.245602388125428,2.280113071333872,3.1955105365019234,14.516083156496265,9.978477195682839,11.671129311268997,28.462908149992675,19.565641560162426,22.884567276998034,2.774506482790944,1.2567655768095138,1.7304660380954318,5.903205282533923,2.6739693123606676,3.6818426342455997,16.030713610080277,11.468805843119952,13.190042175958792,34.107901298043146,24.401714559829685,28.06391952331658,0.728643216080402,-0.001356783919598037,-0.001356783919598037,0.5276381909547738,-0.002361809045226204,-0.002361809045226204,0.3517587939698492,-0.0032412060301507672,-0.0032412060301507672,0.40785498489425986,0.10167097282789483,0.15760372861285288,0.3727272727272727,0.39698492462311563,0.08370171660306547,0.1332119696982409,0.33333333333333337,0.41137123745819393,0.10586205548824401,0.1599808036428435,0.37248322147651003,16.0,3.0,3.0,29.0,5.0,5.0,37.0,5.0,5.0,0.0003108744262469143,-2.0828373223740387e-05,0.00010527594904120773,-0.007511049821735227,-0.010076381811156665,-0.009762902312968613,-0.8386290073394775
195,0,3.032074977445474,1.3241788735159312,1.7455107850977285,6.301295483853163,2.751924809764952,3.627541966795279,20.740223467322373,15.222882121963288,17.119897049840194,43.10258731756381,31.636380722739343,35.578780461120395,3.3417636821018393,1.5238243507436013,2.0747697719778517,6.24628725626512,2.8482698144740213,3.8780743401455173,28.268940188770618,22.109786799100696,24.718775796404266,52.83914053975816,41.32670429738448,46.20331924561545,3.1083115032285353,1.4373380592037472,1.9563490282952123,6.475648965059449,2.994454290007807,4.075727142281693,22.383218483119588,17.065877070233476,19.21882161344309,46.63170517316581,35.55391056298642,40.03921169467311,0.6884422110552764,-0.0015577889447235815,-0.0015577889447235815,0.5678391959798995,-0.0021608040201005485,-0.0021608040201005485,0.457286432160804,-0.0027135678391959628,-0.0027135678391959628,0.41239892183288407,0.11764791241161898,0.15628943991695055,0.35945945945945945,0.42211055276381915,0.12135867306457104,0.1750320886569744,0.36868686868686873,0.40802675585284276,0.12922875919174093,0.18333265129221987,0.3557046979865772,25.0,0.0,0.0,39.0,3.0,3.0,48.0,2.0,2.0,0.0013955915098985382,0.0003934383701486995,0.0005215984044895828,-0.018386079049256487,-0.016926923533262972,-0.018580284623930687,-1.775151252746582
284,1,3.376474643270298,1.4817989001879064,2.052554815044937,6.251301625254723,2.743444820919324,3.8001586289974836,29.26741096543292,22.617019345944826,25.50928722284998,54.18652087314438,41.873795817635,47.22862320116225,3.3823263010187965,1.4340985545739604,2.0140286463000887,5.368771906379042,2.2763469120221593,3.1968708671429975,29.439175902269554,22.42293390660952,25.510518833437384,46.7288506385231,35.59195858191987,40.492887037202195,3.254734992980957,1.4137525168404554,1.9690474389790162,5.990309803032436,2.6019984972523718,3.624013691372422,25.912746564286923,19.610019064759328,22.295592473072052,47.69217159071213,36.0920596283914,41.03483277252525,0.6582914572864322,-0.0017085427135676845,-0.0017085427135676845,0.5175879396984925,-0.002412060301507535,-0.002412060301507535,0.44723618090452266,-0.0027638190954772934,-0.0027638190954772934,0.4024767801857585,0.1057225297993597,0.16045824259564523,0.3850931677018633,0.40703517587939697,0.11630835883679047,0.16329560993615821,0.3737373737373737,0.3946488294314381,0.09915634195230616,0.15326951908661046,0.35906040268456374,22.0,3.0,3.0,35.0,6.0,6.0,37.0,0.0,0.0,0.0008067556026367684,0.00043292713309563916,-0.00013264293141765072,-0.010703546467182079,-0.012457806281907402,-0.010081626214152095,-1.212604284286499
284,0,3.7923035409352552,1.7630000951599705,2.4053611433103903,6.536146691141352,3.038582516952184,4.145710676411436,44.35846421476481,36.74967963330333,40.35587122866083,76.45311773485935,63.33915372092868,69.55453099998601,3.8551483034488543,1.7265922595682293,2.4142017101403654,5.711330819924228,2.557914458619599,3.576595126133875,47.23562162744845,38.83289674611762,43.01092863648377,69.97869870733103,57.530217401655726,63.71989427627224,3.7923035409352552,1.7630000951599705,2.4053611433103903,6.536146691141352,3.038582516952184,4.145710676411436,44.35846421476481,36.74967963330333,40.35587122866083,76.45311773485935,63.33915372092868,69.55453099998601,0.7587939698492463,-0.001206030150753712,-0.001206030150753712,0.6030150753768844,-0.0019849246231156137,-0.0019849246231156137,0.542713567839196,-0.0022864321608039306,-0.0022864321608039306,0.452054794520548,0.12726846973422323,0.19351265329047962,0.4226804123711341,0.44221105527638194,0.12391531592801097,0.19346314208773419,0.41414141414141414,0.452054794520548,0.12726846973422323,0.19351265329047962,0.4226804123711341,26.0,11.0,11.0,38.0,11.0,11.0,46.0,10.0,10.0,0.0004304046485741529,0.0002474714278636126,4.74874526512179e-05,-0.000335773069539691,0.00013076050589333477,-1.577387457896151e-05,-1.0784101486206055
247,1,3.3546128516366496,1.5260104571706157,2.095836757370839,5.861926580952702,2.666585283406385,3.6623126842717246,28.634516238406782,22.409336008880274,25.113406895247934,50.036603117628346,39.15858199489903,43.88373679118067,3.678690349636365,1.6329416805330919,2.2667433163942525,5.933371531671557,2.633776904085632,3.656037607087504,39.59450514375248,31.859557856992645,35.49056700955274,63.86210507056851,51.38638364031071,57.24285001540764,3.3950896291031087,1.5732437591169457,2.146139034843925,5.820153649891044,2.6969893013433355,3.679095488303872,29.81732585534827,23.634064436231615,26.33064376262121,51.1154157520256,40.51553903353991,45.13824645020778,0.7839195979899498,-0.0010804020100502187,-0.0010804020100502187,0.6582914572864322,-0.0017085427135676845,-0.0017085427135676845,0.5276381909547738,-0.002361809045226204,-0.002361809045226204,0.4349112426035503,0.10994817022541148,0.17703722685551881,0.400593471810089,0.4371859296482412,0.08630873666578509,0.15337958574173038,0.43434343434343436,0.44147157190635455,0.10758175554575355,0.1811823616727617,0.40268456375838924,26.0,8.0,8.0,39.0,9.0,9.0,46.0,7.0,7.0,0.0005372586501413618,0.0001936156244614305,0.0005372177888330748,-0.004182848318595944,-0.006839872238879607,-0.007969965954234048,-1.4996557235717773
247,0,3.2804299745708705,1.4602502028633624,2.025974324024176,7.4156198720933055,3.300988134641826,4.579843366280004,26.587202063327876,20.414233988175663,23.081272659266048,60.10205536850879,46.14766979017175,52.176679743833816,3.395967206164221,1.4666121668305812,2.0516189470806054,6.930545318702492,2.9930860547562887,4.186977443021644,29.843504341682088,22.958436130595647,26.007818489306434,60.90511090139202,46.85395128692989,53.07718059042129,3.215911907097169,1.4457884323121653,2.002310999469092,7.364683756711075,3.310965875524043,4.585445036952119,24.926011757422092,19.054433448927483,21.56042974874782,57.08246967348571,43.63610713494843,49.375029958964475,0.6934673366834171,-0.0015326633165829717,-0.0015326633165829717,0.5226130653266332,-0.002386934673366814,-0.002386934673366814,0.457286432160804,-0.0027135678391959628,-0.0027135678391959628,0.42500000000000004,0.1285881435257411,0.1786382536382537,0.4043887147335423,0.42211055276381915,0.1288774700570522,0.1783709868205804,0.398989898989899,0.4247491638795987,0.14094281997308789,0.1833698535347711,0.3926174496644296,17.0,0.0,0.0,27.0,0.0,0.0,35.0,0.0,0.0,0.0010068907159406328,0.00013863764337717464,-1.5702910693116546e-05,0.0004241076157285306,2.2301804499136324e-05,-0.00011390146970313708,-0.6448206901550293
88,1,3.069105273541592,1.3322285571530998,1.8512655372886002,5.674276028989688,2.463073727759801,3.422688609638226,21.522637184671833,15.843060421739743,18.142758772042615,39.79185246933513,29.291239616937432,33.54300749714856,3.259702959851404,1.4051617591084196,1.9568125106363476,5.300330016018544,2.2848158684689754,3.1818089603843056,26.041800533233342,19.653034116407884,22.361882607232175,42.34439111094852,31.956153034809564,36.360784727206784,3.081902300235021,1.3518954080195917,1.8763671818487557,5.637626158966502,2.4729794049138873,3.432378991186748,21.79983280423268,16.159140019068484,18.461287687203527,39.87774293457198,29.55940247390577,33.770648208299136,0.6834170854271358,-0.0015829145728643024,-0.0015829145728643024,0.5326633165829145,-0.0023366834170853723,-0.0023366834170853723,0.42713567839195976,-0.002864321608040288,-0.002864321608040288,0.3974763406940063,0.11243697061526614,0.15718253166987195,0.370253164556962,0.3919597989949749,0.0962204506240476,0.13987298764272116,0.3787878787878788,0.39799331103678925,0.11084806896667243,0.15327695953512077,0.37248322147651003,22.0,11.0,11.0,31.0,9.0,9.0,42.0,14.0,14.0,0.0011782630474258874,-7.574758591583087e-05,0.00017956093191388476,0.00043595439539778624,3.3922379648387846e-05,-0.00010338779879681681,-1.5504753589630127
88,0,3.7749907490098,1.7452889653832364,2.38942849929297,6.760440949207092,3.1255501733006974,4.279107247099828,43.597104997466865,35.9852889453697,39.60003237136645,78.0758612372936,64.44424294791698,70.91770503107455,3.9444315924716356,1.7450520348166645,2.422288687842939,6.211703295230922,2.748113440656165,3.814627854870771,51.64697323888393,42.62755750326489,47.0649396957839,81.33381612422666,67.13001181616518,74.11801526895103,3.7749907490098,1.7452889653832364,2.38942849929297,6.760440949207092,3.1255501733006974,4.279107247099828,43.597104997466865,35.9852889453697,39.60003237136645,78.0758612372936,64.44424294791698,70.91770503107455,0.7537688442211055,-0.0012311557788945438,-0.0012311557788945438,0.6432160804020101,-0.001783919597989958,-0.001783919597989958,0.5326633165829145,-0.0023366834170853723,-0.0023366834170853723,0.39560439560439564,0.07019306105229328,0.15078100948990114,0.38235294117647056,0.42211055276381915,0.09378975075880658,0.1666848432479594,0.41414141414141414,0.39560439560439564,0.07019306105229328,0.15078100948990114,0.38235294117647056,26.0,11.0,11.0,37.0,6.0,6.0,45.0,9.0,9.0,0.0004122035094014992,0.0006128765443565478,-5.052670634755292e-05,-0.00020410455418851114,0.00020435748183800229,5.0812707827141423e-05,-0.8880064487457275
292,1,4.161653324354405,1.9826165093259829,2.686048793064269,6.658645318967048,3.172186414921573,4.297678068902831,64.17754122611325,55.33975149448088,59.803862226412306,102.6840659617812,88.5436023911694,95.6861795622597,4.264561183488548,1.9851062880602997,2.7292414340671596,6.271413505130218,2.919273953029852,4.013590344216411,71.13369848222844,61.362345933634714,66.49088865383266,104.60838012092417,90.23874402005104,97.78071860857743,4.154647256219667,1.981862552020845,2.6881452062134494,6.5946781844756615,3.145813574636262,4.266897152719761,63.72948040463861,54.94677314361566,59.3954320937392,101.15790540418827,87.21710022796137,94.27846364085589,0.7889447236180904,-0.001055276381909609,-0.001055276381909609,0.6783919597989949,-0.0016080402010050232,-0.0016080402010050232,0.5879396984924623,-0.002060301507537776,-0.002060301507537776,0.457680250783699,0.1274768079041998,0.20741956256680638,0.44025157232704404,0.457286432160804,0.11894056749914983,0.20686906989035325,0.4444444444444444,0.4548494983277592,0.12262913104896123,0.20457141156468917,0.43624161073825507,27.0,5.0,5.0,36.0,2.0,2.0,48.0,6.0,6.0,0.0003890304940754554,0.00017390712889260297,4.7244617978641984e-05,0.0004280565422867255,2.617532955007107e-05,-0.00011039691273584396,-1.2079353332519531
292,0,3.932907857578179,1.8619443400607238,2.5294942001089264,6.991836191250096,3.310123271219065,4.496878577971426,51.05522334419446,43.122760840698255,46.9861566590462,90.76484150079015,76.66268593901913,83.5309451716377,3.854819177982196,1.75268490899923,2.429408770369757,6.424698629970327,2.9211415149987165,4.049014617282928,47.22007773952243,39.036460411685034,43.060513130045244,78.70012956587072,65.0607673528084,71.76752188340875,3.932907857578179,1.8619443400607238,2.5294942001089264,6.991836191250096,3.310123271219065,4.496878577971426,51.05522334419446,43.122760840698255,46.9861566590462,90.76484150079015,76.66268593901913,83.5309451716377,0.7738693467336684,-0.0011306532663316604,-0.0011306532663316604,0.6281407035175879,-0.0018592964824121205,-0.0018592964824121205,0.4974874371859297,-0.002512562814070307,-0.002512562814070307,0.4206642066420664,0.10022221769179018,0.16790347044574738,0.4037037037037037,0.4120603015075377,0.09125829649500639,0.15830404107348095,0.3787878787878788,0.4206642066420664,0.10022221769179018,0.16790347044574738,0.4037037037037037,22.0,9.0,9.0,32.0,7.0,7.0,43.0,11.0,11.0,-0.0004269893878587733,4.485613045850736e-06,0.00014687627299397947,-0.00019024471046957814,0.00021210453193631906,5.782182176528039e-05,-1.1442196369171143
371,1,2.822514936931408,1.1833386141961066,1.6586981377774723,5.788852291031295,2.4269747373958364,3.4019159258875544,16.819096494010022,11.66817142943075,13.616964618271139,34.49521701319253,23.930899364819755,27.9277873062631,2.870351227084596,1.1610709193554531,1.6649702209329094,4.948881426007924,2.001846412681816,2.870638311953292,17.643213886303368,12.118230127982068,14.30518324027829,30.419334286729946,20.893500220658737,24.664109034962568,2.848104856883403,1.218747711776153,1.6992448826088897,5.548256214707928,2.374183854109389,3.3102173037835514,17.25505004532602,12.154455323230248,14.100455505292636,33.613733854531205,23.677510369929053,27.468419815505136,0.6432160804020101,-0.001783919597989958,-0.001783919597989958,0.5226130653266332,-0.002386934673366814,-0.002386934673366814,0.3869346733668342,-0.0030653266331658324,-0.0030653266331658324,0.3800623052959502,0.0814619942539595,0.1303213726534631,0.36250000000000004,0.39698492462311563,0.08871424793138627,0.1398897660254529,0.3737373737373737,0.38795986622073575,0.09246737874160382,0.13434473830082472,0.3691275167785235,22.0,0.0,0.0,35.0,0.0,0.0,40.0,0.0,0.0,0.0002003780543052318,0.00024658114520182225,6.129686846511378e-05,-0.016680989329653784,-0.01730513759994068,-0.015441813477067967,-1.3840718269348145
371,0,3.0692907948067734,1.3562991732692522,1.8194827816589176,5.565027249169857,2.4591485010285936,3.298961205129048,21.526630461959847,15.981103657860222,18.03695754013424,39.030607756785784,28.97583946046374,32.70337250963733,3.931710062913559,1.7443435417642084,2.414446694818059,5.657136781170589,2.5098468226823143,3.4740240213209486,50.994106280225495,42.08239290367734,46.434376476984525,73.37281479169137,60.55020561680193,66.81205248486984,3.3481382761511913,1.5055341689790485,2.0547328435614665,5.488751272379003,2.4680888016049978,3.3684144976417483,28.449718789608124,22.136762300001035,24.80453993553465,46.638883261652666,36.28977426229678,40.663180222187954,0.7688442211055276,-0.0011557788944723812,-0.0011557788944723812,0.6281407035175879,-0.0018592964824121205,-0.0018592964824121205,0.507537688442211,-0.0024623115577889765,-0.0024623115577889765,0.3770949720670391,0.09257614361515631,0.13564824674934606,0.3025210084033614,0.4120603015075377,0.09627082782332719,0.14828734658266296,0.38888888888888884,0.39799331103678925,0.09248412906683934,0.1521646124828404,0.3355704697986577,26.0,13.0,13.0,40.0,14.0,14.0,46.0,13.0,13.0,0.0019617061778320656,0.0009449567029469382,0.0007396002340329219,-0.018233806118204576,-0.020967010159992583,-0.020957138836602773,-1.414607286453247
340,1,2.757768859382437,1.159290288197572,1.5838891126815424,5.223710326237632,2.1959043554218556,3.0001709118518103,15.764630573394554,10.819128105653201,12.530113138748927,29.861046271297617,20.493374930284897,23.734288379217542,2.6033190219246563,1.0581944295857693,1.5206762630966826,4.607644286592312,1.8729104948420696,2.6914624125605,13.508498716479334,8.819942967719882,10.556026795392619,23.908847285804132,15.610518526937847,18.683233266181624,2.827384896102956,1.2234205026575893,1.7087010779180642,4.819406072902766,2.085375856802709,2.9125586555421554,16.901204576466476,11.92849740935089,13.840381625029657,28.808871437158768,20.33266603866629,23.591559588118734,0.592964824120603,-0.0020351758793969443,-0.0020351758793969443,0.44221105527638194,-0.0027889447236180143,-0.0027889447236180143,0.371859296482412,-0.003140703517587995,-0.003140703517587995,0.4061624649859944,0.10826036708389652,0.16471573966830133,0.3960674157303371,0.38190954773869346,0.0936889963602473,0.1515255744498788,0.36363636363636365,0.40802675585284276,0.12088151378272594,0.18110795718765926,0.40268456375838924,22.0,13.0,13.0,33.0,20.0,20.0,41.0,21.0,21.0,-2.47920505109076e-05,-8.382677558622516e-05,-0.00010814445889156739,0.00027799733314992636,-0.0001210186223419285,0.0001258746411432199,-1.4800565242767334
340,0,3.485480081887893,1.5729692704318974,2.160702950557587,6.510235785135433,2.938017315461878,4.035795740983999,32.638092306241624,25.86802647084115,28.87674533105916,60.9619540202789,48.31671610932974,53.9364496126105,3.5614915037874,1.5509597233723884,2.166630321082608,6.303524785464425,2.745061457296263,3.834743931119661,35.21568231801291,27.748395069233027,31.181267830761445,62.32864127081931,49.112203662359335,55.18808465621495,3.4203995892834107,1.5230659730760523,2.1050490029152193,6.494429599905211,2.8918974172330114,3.996928486547885,30.581632672551493,23.91354164493634,26.855575611447122,58.06639115041423,45.40545881949939,50.99159926224138,0.7336683417085428,-0.001331658291457205,-0.001331658291457205,0.5326633165829145,-0.0023366834170853723,-0.0023366834170853723,0.457286432160804,-0.0027135678391959628,-0.0027135678391959628,0.3950617283950617,0.10692613517472271,0.1558420158693944,0.38390092879256965,0.3869346733668342,0.09370159066006722,0.13985620925998943,0.3737373737373737,0.3913043478260869,0.10749800391957609,0.1499250374812593,0.3691275167785235,24.0,0.0,0.0,35.0,-1.0,-1.0,46.0,0.0,0.0,0.0011966773851306855,-0.00019949808847741424,0.00020747608205837263,-0.004267217132057688,-0.0034895210743215443,-0.0043161201833461504,-1.500694990158081
126,1,3.8203474207212462,1.7899676379518978,2.447685068988439,5.654870687107191,2.6495065532060273,3.6230585922155605,45.620054920354555,38.00307631359298,41.67421297764258,67.52671495636639,56.25207830576385,61.686087526312534,3.6347613688090337,1.6358613368253307,2.270316372449681,5.306220976363552,2.3881187398909938,3.3143304707294616,37.892809411917206,30.51187656988557,33.97925899750746,55.31796994440467,44.54288550348257,49.604757660594814,3.8203474207212462,1.7899676379518978,2.447685068988439,5.654870687107191,2.6495065532060273,3.6230585922155605,45.620054920354555,38.00307631359298,41.67421297764258,67.52671495636639,56.25207830576385,61.686087526312534,0.6984924623115578,-0.0015075376884421399,-0.0015075376884421399,0.5728643216080402,-0.0021356783919597166,-0.0021356783919597166,0.5025125628140703,-0.0024874371859296973,-0.0024874371859296973,0.4261744966442953,0.11126662394747788,0.1873352109300096,0.43434343434343436,0.40703517587939697,0.09876449918766761,0.1666345080997642,0.398989898989899,0.4261744966442953,0.11126662394747788,0.1873352109300096,0.43434343434343436,24.0,0.0,0.0,34.0,0.0,0.0,42.0,0.0,0.0,-0.00044460044291245684,-5.2594503794270534e-05,-4.890095310865963e-05,0.0005109839999661858,0.00010751935559483172,-3.6801216390713876e-05,-1.1296796798706055
126,0,3.4143842825871458,1.4629465163563835,2.049018721004197,5.463014852139433,2.3407144261702135,3.278429953606715,30.398226946626984,23.35942648815267,26.481072195045748,48.637163114603176,37.37508238104427,42.3697155120732,3.5355806853903,1.5302697845634992,2.1224291449684176,5.356940432409545,2.3185905826719684,3.2158017348006327,34.31493511141558,26.886532076987546,30.20605077599844,51.99232592638724,40.73716981361749,45.76674359999763,3.4143842825871458,1.4629465163563835,2.049018721004197,5.463014852139433,2.3407144261702135,3.278429953606715,30.398226946626984,23.35942648815267,26.481072195045748,48.637163114603176,37.37508238104427,42.3697155120732,0.778894472361809,-0.0011055276381910506,-0.0011055276381910506,0.6281407035175879,-0.0018592964824121205,-0.0018592964824121205,0.507537688442211,-0.0024623115577889765,-0.0024623115577889765,0.4296577946768061,0.09189688386086681,0.1578499564972865,0.41984732824427484,0.4522613065326633,0.11642170753516956,0.18014110619877344,0.43939393939393945,0.4296577946768061,0.09189688386086681,0.1578499564972865,0.41984732824427484,25.0,0.0,0.0,36.0,0.0,0.0,48.0,0.0,0.0,0.0005644290955644271,0.0006087771591493761,9.742407871394235e-05,-0.00013480533558407615,-0.00018378111340844328,8.585827751517172e-05,-1.183825969696045
246,1,2.6898506603290127,1.1140943308085307,1.4488900567436716,4.8667530551999345,2.0157334636489233,2.621480149178085,14.729476061074745,9.895079428449414,11.270541526767989,26.650075291898027,17.903190221706147,20.391816994943014,2.1176684118395475,0.9018359719604192,1.2659166305733462,4.458249288083258,1.8986020462324618,2.665087643312308,8.311735333864034,4.938634534301803,5.967986340435027,17.498390176555862,10.397125335372216,12.5641817693369,2.4580133120750505,1.089331820559179,1.513200557704969,4.469115112863728,1.9806033101075982,2.7512737412817616,11.681580815970838,7.75141549454931,9.109249140344453,21.239237847219705,14.093482717362383,16.562271164262643,0.4522613065326633,-0.0027386934673366836,-0.0027386934673366836,0.36180904522613067,-0.0031909547738693256,-0.0031909547738693256,0.3015075376884422,-0.0034924623115578646,-0.0034924623115578646,0.4149484536082474,0.12408616274595652,0.15395138615956705,0.4470284237726099,0.36180904522613067,0.11870127580257173,0.17983909530960307,0.3484848484848485,0.38795986622073575,0.11750911496864891,0.1844003556534387,0.4093959731543624,18.0,4.0,4.0,25.0,1.0,1.0,34.0,5.0,5.0,-0.00014932656986251766,-0.0011829465289571726,-0.0002025141227597703,-0.06579956859589586,-0.04962118971173979,-0.059144744545933214,-1.837385892868042
246,0,4.11702873142621,1.8903505736652262,2.598875192564959,6.642813229233701,3.050074851987451,4.193277151193769,61.376604689472316,52.10758004439866,56.81281414095056,99.03096339467007,84.07542056243466,91.66730134398772,4.035724793247242,1.7984637934123162,2.4785791905322068,6.256937663949213,2.7883159587787847,3.8427584349336543,56.58391702039175,47.21627886608517,51.83865997368045,87.72700313239031,73.20353312571343,80.37001546307046,4.11702873142621,1.8903505736652262,2.598875192564959,6.642813229233701,3.050074851987451,4.193277151193769,61.376604689472316,52.10758004439866,56.81281414095056,99.03096339467007,84.07542056243466,91.66730134398772,0.7386934673366834,-0.0013065326633165952,-0.0013065326633165952,0.6030150753768844,-0.0019849246231156137,-0.0019849246231156137,0.542713567839196,-0.0022864321608039306,-0.0022864321608039306,0.45038167938931295,0.13228644129407485,0.199112643856318,0.45977011494252873,0.4371859296482412,0.12891525295651185,0.20179360911401756,0.4444444444444444,0.45038167938931295,0.13228644129407485,0.199112643856318,0.45977011494252873,26.0,17.0,17.0,42.0,26.0,26.0,50.0,25.0,25.0,2.764015193195934e-07,0.00012414377636340914,2.104239164786067e-06,-0.00012787541372372146,-0.00017828449388890277,8.936283448512938e-05,-0.6320710182189941
470,1,2.964799504985982,1.3047363957391283,1.8131448500949345,5.235709764124181,2.304108954177609,3.2019366501676503,19.3908150899636,14.131172323896784,16.22739213516235,34.243354307808055,24.955048997519853,28.656883983371806,2.9952073456653996,1.2663812384275288,1.7942019061379548,5.254749729237544,2.2217214709254893,3.1477226423472895,19.989504197238972,14.355467926648913,16.666047418982547,35.06930560919118,25.185031450261253,29.238679682425524,2.942872482797374,1.299017417540768,1.8103495873790096,5.286597274486301,2.3335642231271283,3.252125007267682,18.97025986897301,13.79517848573882,15.866783491028135,34.07831114186769,24.781757758812255,28.50320387609845,0.6532663316582914,-0.0017336683417086274,-0.0017336683417086274,0.507537688442211,-0.0024623115577889765,-0.0024623115577889765,0.38190954773869346,-0.0030904522613065533,-0.0030904522613065533,0.3867069486404834,0.08052293657411835,0.14349086823847335,0.38787878787878793,0.38190954773869346,0.07614513671112455,0.1415088799590607,0.38383838383838387,0.3846153846153846,0.08244510080904066,0.14101138016599635,0.3825503355704698,22.0,5.0,5.0,31.0,4.0,4.0,42.0,7.0,7.0,3.0002556535828613e-05,9.579907645674421e-05,-9.998062430122674e-06,0.0003806694236105912,-2.030697104693502e-05,0.00019008678427478998,-1.2849645614624023
470,0,3.1667620363882034,1.4352878385293188,1.9795568937789072,5.579533111731597,2.5288404774088002,3.487790717610456,23.73052125749374,18.081545776836002,20.452614147198652,41.8109184060604,31.857961606806292,36.035558259350005,3.2779046446833777,1.5053287709045016,2.071271539182467,5.28694297529577,2.427949630491131,3.340760547068495,26.5201453131769,20.634149880901862,23.177932503456404,42.77442792447887,33.28088690468042,37.38376210234904,3.1667620363882034,1.4352878385293188,1.9795568937789072,5.579533111731597,2.5288404774088002,3.487790717610456,23.73052125749374,18.081545776836002,20.452614147198652,41.8109184060604,31.857961606806292,36.035558259350005,0.7236180904522613,-0.0013819095477386467,-0.0013819095477386467,0.5728643216080402,-0.0021356783919597166,-0.0021356783919597166,0.4321608040201005,-0.002839195979899567,-0.002839195979899567,0.423728813559322,0.1157761908858872,0.17457436034624418,0.41496598639455784,0.42211055276381915,0.11133361040792944,0.1783709868205804,0.40909090909090906,0.423728813559322,0.1157761908858872,0.17457436034624418,0.41496598639455784,24.0,4.0,4.0,34.0,5.0,5.0,45.0,8.0,8.0,0.0006356286977661911,0.00017197166083619922,-3.4433962620140805e-05,-0.005032091876683076,-0.004124313201983476,-0.004214488031250241,-1.4885914325714111
108,1,3.6552878232229324,1.6641954299352102,1.9986560883926223,6.520661752444299,2.9687554067912014,3.565399208530907,38.67865212751664,31.3551225587415,33.43702623607809,68.99878197323943,55.934349988263435,59.64825442961387,4.094754112425761,1.8739799760354576,2.577331180606552,6.448431673111434,2.9511495685597753,4.058789260797719,60.02457804484772,50.81011668945502,55.46412061609047,94.52689455881531,80.01593179441736,87.34507183636295,3.849303949238066,1.7768119123628838,2.4445962018518506,6.524243981759434,3.0115456141743797,4.1433833929692385,46.96036505522675,39.01576835792695,42.886029223270256,79.59383907665551,66.12842094563891,72.68818512418687,0.7738693467336684,-0.0011306532663316604,-0.0011306532663316604,0.6582914572864322,-0.0017085427135676845,-0.0017085427135676845,0.5728643216080402,-0.0021356783919597166,-0.0021356783919597166,0.4571428571428572,0.13728554441990837,0.16877531071079466,0.4009546539379475,0.4522613065326633,0.1139154418710091,0.19015780068959154,0.41414141414141414,0.4548494983277592,0.12262913104896123,0.2012343704078482,0.40268456375838924,25.0,1.0,1.0,36.0,3.0,3.0,48.0,5.0,5.0,0.0002767780256941452,0.0010885146785458441,-4.364514115643275e-05,2.9214960108880916e-05,0.00033477294703487814,-2.971632105985833e-05,-1.1043715476989746
108,0,3.03881814448457,1.388411747449601,1.9060707434515902,5.120660409214331,2.3395888561996037,3.2118871643797515,20.880550852362475,15.671454493972842,17.776377648328168,35.18545861862185,26.407699561666945,29.954669517901056,3.2769391716425145,1.426971880161898,1.998012993351945,5.080525847507774,2.2123595041269732,3.0976945633363484,26.49455318408055,20.13494167835687,22.901773535441464,41.07682664198535,31.216963842413747,35.50662563634335,3.0261337493973035,1.3810985870033483,1.8966959101682417,5.100225420332533,2.3276942477584517,3.1966785002835527,20.61736639226893,15.43617430540607,17.523449659728527,34.74837032404876,26.016024110234945,29.533903920890776,0.6733668341708543,-0.001633165829145744,-0.001633165829145744,0.5376884422110553,-0.0023115577889447625,-0.0023115577889447625,0.4321608040201005,-0.002839195979899567,-0.002839195979899567,0.4046052631578947,0.09754450782127733,0.1693755038581135,0.35973597359735976,0.4120603015075377,0.11130842180828959,0.17332908280970794,0.36363636363636365,0.39799331103678925,0.09081467998503634,0.16440043005792382,0.3523489932885906,23.0,11.0,11.0,34.0,11.0,11.0,43.0,13.0,13.0,0.001536035508354423,0.00041819207058927955,0.0001920388853844321,0.00048729044062767457,8.427820529455232e-05,-5.782855820246624e-05,-1.7844336032867432
275,1,3.202643569310506,1.4210901571984538,1.9080127892955654,6.182643468027233,2.7433879505274956,3.68338297826577,24.597469438922076,18.65839435120521,20.947821236632365,47.48495437139502,36.01968107371701,40.439376825798306,3.540504309400242,1.562831149296614,2.164628636766901,6.000854761695326,2.6488663547400235,3.668862096215086,34.484305565890416,27.258395692493632,30.525763973696616,58.44797553540749,46.20067066524344,51.73858300626546,3.1876260955198155,1.4339274444177845,1.9756570111036795,5.976798929099654,2.6886139582833457,3.704356895819399,24.230837420022986,18.454911066375015,20.870742967613605,45.4328201625431,34.60295824945315,39.13264306427551,0.7386934673366834,-0.0013065326633165952,-0.0013065326633165952,0.6080402010050252,-0.001959798994974782,-0.001959798994974782,0.507537688442211,-0.0024623115577889765,-0.0024623115577889765,0.4194444444444444,0.11153875789798118,0.1652899967416096,0.3927576601671309,0.44221105527638194,0.11639651893552982,0.1851158966787192,0.4242424242424242,0.4180602006688964,0.11588991686255246,0.18446731969003094,0.38590604026845643,24.0,8.0,8.0,39.0,14.0,14.0,47.0,13.0,13.0,-0.00028416008191225784,0.00024264265651146506,0.00032051160586431287,-0.017027056530502627,-0.023877214762996424,-0.024437373448729538,-0.7595243453979492
275,0,3.0382531133191337,1.3921763713044704,1.9044379904654083,6.139803166499083,2.8133564170111174,3.848551772398846,20.868756022916326,15.682164500481935,17.761266655361666,42.17227779631008,31.691040761390575,35.8925596993767,3.0936289648314816,1.3638534688362254,1.8924612010593673,6.007046533653362,2.6482591627887873,3.674681943804597,22.056976906355825,16.417589205179702,18.73298060670066,42.829081371564705,31.878813990640197,36.37471962466147,3.0382531133191337,1.3921763713044704,1.9044379904654083,6.139803166499083,2.8133564170111174,3.848551772398846,20.868756022916326,15.682164500481935,17.761266655361666,42.17227779631008,31.691040761390575,35.8925596993767,0.6633165829145728,-0.0016834170854271857,-0.0016834170854271857,0.5226130653266332,-0.002386934673366814,-0.002386934673366814,0.4321608040201005,-0.002839195979899567,-0.002839195979899567,0.4137931034482759,0.13324232892159782,0.19246282821891814,0.37370242214532867,0.42211055276381915,0.133890001385373,0.1900571303932015,0.3737373737373737,0.4137931034482759,0.13324232892159782,0.19246282821891814,0.37370242214532867,21.0,6.0,6.0,30.0,5.0,5.0,42.0,11.0,11.0,0.0009299864464904682,0.000373564614282383,0.00011508237938749412,-0.00032191322581809345,0.00013850755599076336,-8.764760639934366e-06,-0.8200929164886475
294,1,3.3525088853560963,1.533983793612627,2.1109268809828343,5.70290913650249,2.6094398228301756,3.5908701834110177,28.57433351519215,22.411571280603994,25.11324892828741,48.607426033995345,38.12403158059266,42.71982018779325,3.322637752072895,1.4499861855340006,2.0392975318125934,5.111750387804453,2.230747977744616,3.13738081817322,27.733408016911103,21.227884638850668,24.12473463612034,42.66678156447862,32.65828405977025,37.11497636326206,3.326881789443485,1.5192745572127524,2.097139924517723,5.67082123200594,2.589672540703555,3.5746703258824817,27.8513597556983,21.75551572689536,24.43101324477415,47.47390867448574,37.08326544357164,41.64377257631958,0.6834170854271358,-0.0015829145728643024,-0.0015829145728643024,0.5728643216080402,-0.0021356783919597166,-0.0021356783919597166,0.44723618090452266,-0.0027638190954772934,-0.0027638190954772934,0.4294871794871795,0.11748717948717946,0.19281340549997272,0.4533762057877814,0.42211055276381915,0.10882734474376898,0.1750320886569744,0.4494949494949495,0.43143812709030105,0.12259004695674514,0.19895759316371597,0.44966442953020136,19.0,1.0,1.0,31.0,3.0,3.0,38.0,3.0,3.0,-0.0006013011544875553,-0.0002491336054818996,-5.133840598961865e-05,0.00045569902817899077,5.329000489684432e-05,-8.586501395235757e-05,-1.4184510707855225
294,0,3.6794884213929846,1.7044044405069487,2.336767375998974,6.109339265709107,2.829954542728519,3.8799156431681086,39.62611701261704,32.41889211507862,35.79666756541138,65.79430749264715,53.827594455224876,59.43597633502267,3.851724452109792,1.74209898114287,2.423489875726893,5.582209350883757,2.524781132091116,3.5123041677201345,47.0741704312561,38.82901777403594,42.902841905486625,68.22343540761754,56.273938802950646,62.17803174708207,3.6794884213929846,1.7044044405069487,2.336767375998974,6.109339265709107,2.829954542728519,3.8799156431681086,39.62611701261704,32.41889211507862,35.79666756541138,65.79430749264715,53.827594455224876,59.43597633502267,0.8040201005025126,-0.0009798994974873354,-0.0009798994974873354,0.6633165829145728,-0.0016834170854271857,-0.0016834170854271857,0.5175879396984925,-0.002412060301507535,-0.002412060301507535,0.41825095057034223,0.08997770578855857,0.17172756245403376,0.3854961832061069,0.40703517587939697,0.06618304555358245,0.14994001728173423,0.398989898989899,0.41825095057034223,0.08997770578855857,0.17172756245403376,0.3854961832061069,21.0,0.0,0.0,33.0,2.0,2.0,44.0,3.0,3.0,0.0006295715775851316,0.00033673598610725,0.00011679149679447226,-0.00013480533558407615,-0.00018378111340844328,8.585827751517172e-05,-0.6042897701263428
197,1,3.2946552147358763,1.5556294497649399,2.125117940557591,5.572441536034753,2.6311263533061324,3.594335282177653,26.968114258375465,21.2763186843454,23.747612174152607,45.61273646169677,35.98587234265827,40.1657144180112,3.4250690326019746,1.560822397093258,2.165581900602763,5.480110452163159,2.4973158353492124,3.4649310409644207,30.724765788822623,24.273691744086676,27.20115191375453,49.159625262116194,38.83790679053868,43.52184306200724,3.2946552147358763,1.5556294497649399,2.125117940557591,5.572441536034753,2.6311263533061324,3.594335282177653,26.968114258375465,21.2763186843454,23.747612174152607,45.61273646169677,35.98587234265827,40.1657144180112,0.6582914572864322,-0.0017085427135676845,-0.0017085427135676845,0.542713567839196,-0.0022864321608039306,-0.0022864321608039306,0.44723618090452266,-0.0027638190954772934,-0.0027638190954772934,0.4212454212454212,0.1305690044264084,0.20321862465589624,0.3602941176470589,0.4170854271356784,0.12886487575723227,0.18837090292866676,0.35858585858585856,0.4212454212454212,0.1305690044264084,0.20321862465589624,0.3602941176470589,28.0,8.0,8.0,39.0,9.0,9.0,46.0,9.0,9.0,0.00040497820570846926,0.0006506789463871374,0.0004221671583741668,-0.00020410455418851114,0.00020435748183800229,5.0812707827141423e-05,-1.2964224815368652
197,0,3.469784918417566,1.5835182735032143,2.169416905114642,5.6641894343897565,2.5849865870160578,3.5414265153763345,32.12983116660483,25.535128866461744,28.459183900495663,52.4497784449441,41.68437252795377,46.45769479972806,4.012254583176656,1.8382806658130755,2.5246222558103026,6.07917361087372,2.785273736080417,3.825185236076216,55.271344035252746,46.478186050295164,50.84474167879346,83.74446065947386,70.42149401559874,77.0374873921113,3.482346711350125,1.6069664862561117,2.1893061671245366,5.647048721108311,2.605891599334235,3.5502262169587073,32.53598512276129,26.01268615194729,28.892136109400404,52.76105695582911,42.18273430045506,46.85211260983849,0.7889447236180904,-0.001055276381909609,-0.001055276381909609,0.6683417085427136,-0.0016582914572863539,-0.0016582914572863539,0.5778894472361809,-0.002110552763819218,-0.002110552763819218,0.46843853820598,0.1516889527996782,0.21981975367559325,0.41000000000000003,0.44723618090452266,0.10387778491454769,0.18346322597964793,0.4545454545454546,0.47157190635451507,0.15771547897555016,0.22574320780056623,0.412751677852349,23.0,6.0,6.0,35.0,8.0,8.0,43.0,4.0,4.0,0.0017806936610609593,5.185069954492017e-05,0.00020494043150030893,-0.017963256477568912,-0.013714318223093436,-0.01659334661485179,-1.409374475479126
32,1,3.300694250020405,1.4596426068021775,2.0195117301949637,5.874449885452983,2.597816306153876,3.5942500436207987,27.131468406210857,20.828304950363677,23.530573067183383,48.28755388962528,37.06942369142107,41.87881754218947,3.2619258968075315,1.4107072979804467,1.9764271818032713,5.722677011943039,2.4749250841762227,3.4674161084267925,26.099754203856264,19.732179888612755,22.483283107904334,45.78904246290573,34.61785945370659,39.444356329656735,3.300694250020405,1.4596426068021775,2.0195117301949637,5.874449885452983,2.597816306153876,3.5942500436207987,27.131468406210857,20.828304950363677,23.530573067183383,48.28755388962528,37.06942369142107,41.87881754218947,0.6733668341708543,-0.001633165829145744,-0.001633165829145744,0.5577889447236181,-0.00221105527638199,-0.00221105527638199,0.457286432160804,-0.0027135678391959628,-0.0027135678391959628,0.44966442953020136,0.1414567243375715,0.19743228667305845,0.4175084175084175,0.42211055276381915,0.11133361040792944,0.1750320886569744,0.36868686868686873,0.44966442953020136,0.1414567243375715,0.19743228667305845,0.4175084175084175,25.0,3.0,3.0,34.0,4.0,4.0,45.0,3.0,3.0,0.00041523463324062227,0.00031810695675519516,4.940753501968903e-05,-0.004156647188485074,-0.005130351978028358,-0.004846003455981851,-1.064953088760376
32,0,3.9339256721027827,1.8154359353722582,2.4122722359566087,6.376911477609534,2.942829940900236,3.9103043094273797,51.107214546283046,42.788649773091755,46.527423215397356,82.8450281458013,69.36059666414418,75.4211654861464,3.8987998315437356,1.741395959417111,2.4151619411897127,6.091874736787086,2.7209311865892354,3.7736905331089257,49.34319340997252,40.69453793773565,44.93423757039138,77.09873970308206,63.58521552771195,70.20974620373653,3.9956763791400056,1.8322450620780737,2.510293495095337,6.243244342406259,2.86288290949699,3.9223335860864643,54.36259791870651,45.66165573249997,49.94594176245492,84.94155924797893,71.34633708203121,78.04053400383583,0.7688442211055276,-0.0011557788944723812,-0.0011557788944723812,0.6582914572864322,-0.0017085427135676845,-0.0017085427135676845,0.5376884422110553,-0.0023115577889447625,-0.0023115577889447625,0.4350282485875706,0.10639637270604729,0.175986215351989,0.42209631728045327,0.42713567839195976,0.08377728240198479,0.16336272346708502,0.4040404040404041,0.4247491638795987,0.09586769476440671,0.1677969948028467,0.412751677852349,25.0,6.0,6.0,39.0,6.0,6.0,46.0,5.0,5.0,0.0002964611913352284,-4.56375854221759e-05,0.00011054920547532431,0.0002898441128182938,-0.0001093980471917888,0.00013328373458332265,-1.336397647857666
494,1,3.6754063236302343,1.711065335833812,2.333072361292548,6.291430824567048,2.928941251339054,3.9936709243301847,39.46468903556849,32.33447689088284,35.63672161650641,67.55426181970842,55.349016324981804,61.00168229649037,4.212307263858354,1.9329793448472259,2.674508467903543,6.581730099778678,3.020280226323791,4.178919481099285,67.51212854315187,57.74201664712672,62.85779469475666,105.4877008486748,90.2219010111355,98.21530421055728,3.6754063236302343,1.711065335833812,2.333072361292548,6.291430824567048,2.928941251339054,3.9936709243301847,39.46468903556849,32.33447689088284,35.63672161650641,67.55426181970842,55.349016324981804,61.00168229649037,0.8291457286432161,-0.0008542713567838423,-0.0008542713567838423,0.6783919597989949,-0.0016080402010050232,-0.0016080402010050232,0.5577889447236181,-0.00221105527638199,-0.00221105527638199,0.4,0.0884681583476764,0.16605504587155961,0.38062283737024216,0.4170854271356784,0.0762332968098639,0.15999026853801568,0.4242424242424242,0.4,0.0884681583476764,0.16605504587155961,0.38062283737024216,18.0,0.0,0.0,32.0,0.0,0.0,37.0,0.0,0.0,0.0016756663495660306,0.00019358014127573395,0.0002360713454086753,-0.004997442267381302,-0.0033578212226306192,-0.004196965246407558,-1.248626470565796
494,0,3.5177124804433655,1.5932601222325131,2.183214547743467,6.577640460007115,2.9791781737635348,4.082312133794291,33.70723424832908,26.855838720528734,29.90914567675969,63.02791061502629,50.21673952537222,55.926005272297225,3.4638330469179395,1.5020882989553703,2.1030283261253127,6.130677959146796,2.6585633609829564,3.722174028540376,31.93916650882186,24.827442095253435,28.039836597386365,56.52949824570241,43.942375389829095,49.62802937590507,3.5177124804433655,1.5932601222325131,2.183214547743467,6.577640460007115,2.9791781737635348,4.082312133794291,33.70723424832908,26.855838720528734,29.90914567675969,63.02791061502629,50.21673952537222,55.926005272297225,0.6984924623115578,-0.0015075376884421399,-0.0015075376884421399,0.542713567839196,-0.0022864321608039306,-0.0022864321608039306,0.4773869346733668,-0.0026130653266331905,-0.0026130653266331905,0.4227941176470589,0.1292161359956827,0.18440780957859926,0.4206642066420664,0.42713567839195976,0.1339025956851928,0.180057214285115,0.4191919191919192,0.4227941176470589,0.1292161359956827,0.18440780957859926,0.4206642066420664,24.0,6.0,6.0,35.0,5.0,5.0,43.0,6.0,6.0,-7.284024287867675e-05,2.3829936052205482e-05,4.015319557659833e-05,-0.00019717463232815646,0.00020823100688893703,5.431726479621091e-05,-1.186091423034668
124,1,2.9739488511416265,1.3038938806040252,1.7821850570574114,5.701437852741129,2.4997302572905893,3.4166752198835453,19.569042458113948,14.256582640186947,16.276158400330683,37.516341066107955,27.331680531187132,31.203463894556613,2.8733569401592467,1.241980156209856,1.7219174431700044,5.473060838398565,2.3656764880187735,3.2798427488952466,17.696324102010657,12.58541761117688,14.533581709438089,33.70728400382982,23.972224021289293,27.683012779882073,2.847641328106756,1.2228524415891213,1.7033221251776505,5.657565552529979,2.4295081620975925,3.3840836924059285,17.247053686501907,12.169706658887858,14.106750966462497,34.26566957583161,24.178225150108332,28.026657549263245,0.6432160804020101,-0.001783919597989958,-0.001783919597989958,0.507537688442211,-0.0024623115577889765,-0.0024623115577889765,0.38190954773869346,-0.0030904522613065533,-0.0030904522613065533,0.4046242774566474,0.0987079715403415,0.15731244949965817,0.408695652173913,0.3869346733668342,0.08618279366758608,0.14820345466900442,0.36363636363636365,0.3913043478260869,0.09748130942875799,0.15103738453353965,0.3825503355704698,21.0,8.0,8.0,35.0,14.0,14.0,43.0,10.0,10.0,0.0012521064478325065,-0.0003961482692486682,-0.00010043791063168779,-0.023431399715879486,-0.018590964025687384,-0.021132011309395793,-1.498117446899414
124,0,4.289132734373504,1.9979276573514815,2.736532493137669,6.6546544242401025,3.0998150320119953,4.245771625716625,72.90321462253762,63.01636970774512,68.17947753935796,113.11044208102807,97.77085239504699,105.78149242470084,4.405998303063551,2.0025198679559106,2.7866685482468805,6.479409269211104,2.944882158758692,4.098041982716001,81.94090388060432,70.87931733133175,76.89119923874324,120.50132923618283,104.23429019313491,113.07529299815182,4.289132734373504,1.9979276573514815,2.736532493137669,6.6546544242401025,3.0998150320119953,4.245771625716625,72.90321462253762,63.01636970774512,68.17947753935796,113.11044208102807,97.77085239504699,105.78149242470084,0.7989949748743719,-0.0010050251256281673,-0.0010050251256281673,0.7085427135678393,-0.0014572864321606982,-0.0014572864321606982,0.6331658291457287,-0.0018341708542712887,-0.0018341708542712887,0.4274509803921569,0.08302827980507277,0.16408722550297827,0.42913385826771655,0.44723618090452266,0.09134645659374574,0.17845487873423882,0.4545454545454546,0.4274509803921569,0.08302827980507277,0.16408722550297827,0.42913385826771655,26.0,3.0,3.0,33.0,3.0,3.0,44.0,3.0,3.0,-7.336178920775376e-05,0.0004240354680944831,0.00015535414469206585,-7.936596070123869e-05,-0.0001398081572467902,0.00011389473326595123,-0.739811897277832
245,1,3.327937083244324,1.4916909134040048,2.051835008175127,5.961030160096976,2.671929877855525,3.675264904753249,27.88076663671397,21.607820203352865,24.298119054918907,49.94027430532283,38.704117507104584,43.52300446100859,3.1716648837429795,1.3034901201925437,1.848359928870275,5.375703192784711,2.209305288461939,3.1328134387631783,23.847154063657086,17.37068953818544,20.091340380949536,40.41890519263913,29.441846674890577,34.05311928974498,3.3216122986879637,1.4962894143368988,2.0585173286245113,5.931450533371363,2.6719453827444615,3.6759238011151982,27.704983276398515,21.500185148480277,24.168633812912322,49.4731844221402,38.393187765143345,43.15827466591485,0.6683417085427136,-0.0016582914572863539,-0.0016582914572863539,0.592964824120603,-0.0020351758793969443,-0.0020351758793969443,0.42713567839195976,-0.002864321608040288,-0.002864321608040288,0.4246153846153846,0.10049864114380247,0.17691835288559954,0.4135802469135802,0.40201005025125625,0.06867671691792288,0.1348981971627754,0.3787878787878788,0.4280936454849499,0.10922887086057598,0.18226494693100104,0.4161073825503355,23.0,11.0,11.0,38.0,12.0,12.0,43.0,9.0,9.0,0.00024730040380893366,0.0004099631001068727,-6.800362820932621e-05,-0.002815776147391702,-0.0034933945993707027,-0.004319624740314332,-1.3064117431640625
245,0,3.719692332534498,1.7408417757013877,2.384735590594054,6.247175584128452,2.9237214438061767,4.005132850869501,41.25170034988834,34.01727770336688,37.45186878036469,69.28170186968426,57.13158178385975,62.89993346445865,3.7332697345982844,1.6708387803797762,2.334636810769943,5.833233960309819,2.6106855943434,3.6478700168280356,41.81561082814632,33.95054462259215,37.76595084089777,65.33689191897862,53.04772597280024,59.009298188902775,3.719692332534498,1.7408417757013877,2.384735590594054,6.247175584128452,2.9237214438061767,4.005132850869501,41.25170034988834,34.01727770336688,37.45186878036469,69.28170186968426,57.13158178385975,62.89993346445865,0.7638190954773869,-0.001180904522613102,-0.001180904522613102,0.6381909547738693,-0.0018090452261306789,-0.0018090452261306789,0.5025125628140703,-0.0024874371859296973,-0.0024874371859296973,0.4444444444444444,0.10983641385171017,0.19094125973106857,0.45769230769230773,0.4371859296482412,0.09884006498658704,0.17341297472336648,0.4545454545454546,0.4444444444444444,0.10983641385171017,0.19094125973106857,0.45769230769230773,25.0,10.0,10.0,35.0,10.0,10.0,43.0,9.0,9.0,8.361179816279117e-05,-0.0002041250734040931,-0.00019489109305393488,-0.00012094549186336678,-0.00017278787436758591,9.286739145242251e-05,-0.71868896484375
21,1,3.0922018037225207,1.323761165856082,1.829893450941947,6.298929600175505,2.696550523040167,3.7275607334002623,22.025520498753774,16.16381478968966,18.491951695072945,44.86680101597991,32.92628938640486,37.668790489963406,3.0260071011643914,1.1972821536747988,1.7114687970472238,5.501831093026166,2.1768766430450883,3.11176144917677,20.614755404590024,14.38881221365353,16.891723724604653,37.48137346289095,26.16147675209732,30.712224953826638,3.0922018037225207,1.323761165856082,1.829893450941947,6.298929600175505,2.696550523040167,3.7275607334002623,22.025520498753774,16.16381478968966,18.491951695072945,44.86680101597991,32.92628938640486,37.668790489963406,0.6432160804020101,-0.001783919597989958,-0.001783919597989958,0.4974874371859297,-0.002512562814070307,-0.002512562814070307,0.4170854271356784,-0.0029145728643216184,-0.0029145728643216184,0.4124087591240876,0.10275484291279435,0.15270002126000992,0.38095238095238093,0.4120603015075377,0.10128335915164799,0.14327899933725385,0.3535353535353535,0.4124087591240876,0.10275484291279435,0.15270002126000992,0.38095238095238093,26.0,10.0,10.0,34.0,5.0,5.0,45.0,9.0,9.0,-0.0002745906751664261,0.000185479486002531,0.00030074828491729135,-0.000211034476049754,0.00020048395678795572,4.730815085896012e-05,-1.1704058647155762
21,0,3.8609305370975453,1.8205856530129267,2.482019446067694,6.043195623283115,2.849612326455016,3.8849000025407388,47.50954019563299,39.81627817060781,43.53896451846537,74.36275856707772,62.32113104964701,68.14794446368492,4.0900103890117085,1.9214147233333638,2.595405885042589,5.927551288422767,2.7846590193237164,3.76145780440955,59.74051234580351,50.99451923163491,55.2829390941504,86.58045267507755,73.90510033570277,80.12020158572523,3.8609305370975453,1.8205856530129267,2.482019446067694,6.043195623283115,2.849612326455016,3.8849000025407388,47.50954019563299,39.81627817060781,43.53896451846537,74.36275856707772,62.32113104964701,68.14794446368492,0.7889447236180904,-0.001055276381909609,-0.001055276381909609,0.6633165829145728,-0.0016834170854271857,-0.0016834170854271857,0.5628140703517588,-0.0021859296482411583,-0.0021859296482411583,0.45993031358885017,0.1416694440236328,0.21195812355408772,0.458041958041958,0.48743718592964824,0.15410385259631487,0.2370198236591975,0.4949494949494949,0.45993031358885017,0.1416694440236328,0.21195812355408772,0.458041958041958,26.0,12.0,12.0,38.0,12.0,12.0,48.0,14.0,14.0,0.0004441540285594056,0.00044736539261330143,6.474181888291111e-05,-0.00497665250179935,-0.004093325001585768,-0.004186451575502126,-1.2313451766967773
209,1,3.390762410235049,1.5580867467943846,2.1452635189699905,5.933834217911336,2.7266518068901733,3.7542111581974837,29.688578520158472,23.437989744350443,26.213910671720555,51.95501241027733,41.01648205261328,45.87434367551097,3.453661456179978,1.5480383374997555,2.15362011077631,5.041841541868581,2.2599099817514676,3.1439709646369485,31.615941024027695,24.892345103213597,27.94649264472028,46.15465842923751,36.33918993169868,40.797799481343475,3.437754438074935,1.595964635230717,2.1856306611977834,5.729590730124892,2.659941058717862,3.642717768662972,31.11700449453668,24.80918658025507,27.619240950362382,51.86167415756113,41.348644300425114,46.03206825060397,0.7236180904522613,-0.0013819095477386467,-0.0013819095477386467,0.5728643216080402,-0.0021356783919597166,-0.0021356783919597166,0.4623115577889447,-0.002688442211055242,-0.002688442211055242,0.4208955223880597,0.11389105144916256,0.18157079547644106,0.39820359281437123,0.4170854271356784,0.10380221911562826,0.17000696302883367,0.38888888888888884,0.4280936454849499,0.11924556535139397,0.1933884174538042,0.40604026845637586,23.0,9.0,9.0,33.0,7.0,7.0,41.0,7.0,7.0,0.0005393576470944198,0.00014341732166552772,0.00024200687408218376,0.0003648737173866934,-3.5801071247121286e-05,0.00018020799302398416,-1.138441562652588
209,0,3.224234478715537,1.4435369033616854,1.975996576131107,5.997769514169763,2.685289078296469,3.6757785771041025,25.134325927825866,19.2003315444419,21.65012787911492,46.75525145713844,35.71674577621989,40.27389379663313,3.5024075016903518,1.5407775510785393,2.1586111690794842,5.603852002704563,2.465244081725663,3.4537778705271744,33.19527351196761,26.084365458662283,29.361704092043755,53.11243761914818,41.734984733859655,46.97872654727001,3.1954974490264587,1.4179066394654825,1.9555148665883473,6.029240469861243,2.675295546161288,3.6896506916761274,24.42231953015118,18.506732069728038,20.966766253225728,46.07984817009657,34.918362395713274,39.559936326841,0.7386934673366834,-0.0013065326633165952,-0.0013065326633165952,0.6130653266331658,-0.001934673366834172,-0.001934673366834172,0.46733668341708545,-0.002663316582914521,-0.002663316582914521,0.4057971014492754,0.09320665282409446,0.15262017085298996,0.37790697674418605,0.4170854271356784,0.08876462513066585,0.16165971761981868,0.38888888888888884,0.39799331103678925,0.08747578182143034,0.14660287722143883,0.3657718120805369,21.0,8.0,8.0,32.0,7.0,7.0,40.0,4.0,4.0,0.0005252917942295299,-4.839019188310041e-05,0.00041041463934320544,0.0003253844518242843,-7.453632174492242e-05,0.00015551101489830188,-1.283094882965088
265,1,2.993853820829975,1.3125298605014175,1.6781762190259597,5.549927130123491,2.4331331847974385,3.1109587456471792,19.962466209282155,14.589801750274136,16.23519047075174,37.005892548339084,27.04618909366856,30.09636724059166,2.9745930511148733,1.3499019911012338,1.8565028209580114,5.1286087088187475,2.3274172260366104,3.2008669326862274,19.58165289612774,14.504802543328594,16.522646273421987,33.76147051056507,25.008280247118268,28.48732116107239,2.9156626092151656,1.3053974173281873,1.8049201119831761,5.269269775690058,2.3591519590268444,3.2619038168370653,18.46104080673302,13.456902698018482,15.424428572957423,33.36332675915606,24.319703671117736,27.875473324621847,0.5979899497487438,-0.0020100502512562235,-0.0020100502512562235,0.5025125628140703,-0.0024874371859296973,-0.0024874371859296973,0.40703517587939697,-0.00296482412060306,-0.00296482412060306,0.4285714285714286,0.12666060054595085,0.1636642926965508,0.40409207161125316,0.40703517587939697,0.11630835883679047,0.1900067952450063,0.35858585858585856,0.4280936454849499,0.13927895433303006,0.21007362323800882,0.3926174496644296,24.0,4.0,4.0,33.0,1.0,1.0,43.0,6.0,6.0,0.0003879106198880836,-0.00030079310765778085,5.904417002587278e-05,-0.009470837433787516,-0.01001119544552509,-0.009649899714205823,-1.519751787185669
265,0,3.461914451383963,1.6366624369944602,2.2116858128026813,6.1565938081368845,2.9106050906550127,3.933214229254497,31.87794691319963,25.673588503504625,28.386805837438967,56.69105153752798,45.657354690016334,50.48248173252659,3.508135397829602,1.5867462683032676,2.200856509178157,5.568468885443813,2.518644870322647,3.493423030441519,33.38595818060259,26.555517932319404,29.689855671094115,52.99358441365491,42.15161576558636,47.12675503348272,3.472842028308473,1.638483004383214,2.227023061820584,6.128544755838481,2.8914405959703773,3.9300406973304423,32.22820588580411,25.96708625471939,28.752425704274707,56.87330450436019,45.824269861269514,50.73957477224948,0.6884422110552764,-0.0015577889447235815,-0.0015577889447235815,0.5628140703517588,-0.0021859296482411583,-0.0021859296482411583,0.4623115577889447,-0.002688442211055242,-0.002688442211055242,0.44512195121951215,0.14984036826669633,0.20982783357245327,0.43730886850152906,0.4321608040201005,0.13140892432085238,0.19509903440407372,0.4292929292929293,0.4381270903010034,0.14430405190367446,0.20675890342669856,0.43288590604026844,16.0,2.0,2.0,29.0,2.0,2.0,36.0,3.0,3.0,0.0002594289996717314,2.610635246819956e-05,0.00018117718802123173,0.00039251620327895864,-8.686395899459853e-06,-0.0001419379254530284,-1.0350117683410645
52,1,3.3447864204099327,1.4465066258006258,2.0117944928018656,5.99000966792367,2.590475918100467,3.60282150998504,28.354519073333982,21.68011585624852,24.562146137524042,50.77868121629746,38.825828396157476,43.98711138353979,3.2297129918582477,1.3833617621021481,1.9189127857741635,5.7163061802800845,2.4484278975259257,3.3963058155294927,25.27240254468102,18.935746257948253,21.56326194281438,44.729916008284995,33.51459514681107,38.16506538551217,3.3447864204099327,1.4465066258006258,2.0117944928018656,5.99000966792367,2.590475918100467,3.60282150998504,28.354519073333982,21.68011585624852,24.562146137524042,50.77868121629746,38.825828396157476,43.98711138353979,0.7185929648241206,-0.0014070351758793676,-0.0014070351758793676,0.5276381909547738,-0.002361809045226204,-0.002361809045226204,0.44221105527638194,-0.0027889447236180143,-0.0027889447236180143,0.42490842490842495,0.11412231887551816,0.16303266364167712,0.4154411764705882,0.40703517587939697,0.11129582750846967,0.15494836452714322,0.38888888888888884,0.42490842490842495,0.11412231887551816,0.16303266364167712,0.4154411764705882,20.0,1.0,1.0,32.0,1.0,1.0,42.0,3.0,3.0,-0.00011253761389319372,0.00017713009783065992,8.013954715934356e-05,-0.004879633595750832,-0.00504013568659456,-0.004763242409905999,-1.0249583721160889
52,0,3.683538662951167,1.7184385659844075,2.345008857205804,6.089870452818763,2.8410366241651763,3.876924191058842,39.78693782024206,32.65131101123028,35.97350492534129,65.77840473798813,53.98131317937066,59.47378452481047,3.453163935311476,1.548543910518047,2.1512868966057486,5.153976022852949,2.3112595679373835,3.2108759650832073,31.600215345841818,24.883360441491725,27.924024798339055,47.16450051618182,37.13934394252496,41.67764895274486,3.7930744746855667,1.7891125796201317,2.428098324377609,6.218154876533716,2.9329714420002158,3.980489056356736,44.39267483730733,36.97428600524348,40.47704517298989,72.77487678247104,60.613583615153246,66.35581175899982,0.7236180904522613,-0.0013819095477386467,-0.0013819095477386467,0.5577889447236181,-0.00221105527638199,-0.00221105527638199,0.5025125628140703,-0.0024874371859296973,-0.0024874371859296973,0.41158536585365857,0.11021550283995996,0.1773054469895612,0.4067278287461774,0.44221105527638194,0.13394037858465258,0.19680204025134018,0.3787878787878788,0.4147157190635451,0.11421488433900417,0.17889814398011905,0.41946308724832215,18.0,0.0,0.0,28.0,-1.0,-1.0,36.0,-1.0,-1.0,0.0003539715167576396,-5.4563263507530765e-06,-3.6599619747145536e-05,0.00039251620327895864,-8.686395899459853e-06,-0.0001419379254530284,-1.2751319408416748
283,1,3.5702190246582033,1.6056012697733806,2.219729447260816,6.446942267548267,2.899323156209486,4.008288426348669,35.52437301326372,28.392187187410716,31.66505851185386,64.14832824697262,51.269345208921514,57.17935026241237,3.570512244449788,1.5848919597119882,2.22267020945871,5.805710966585021,2.577060097092664,3.6140979015588783,35.53479098981866,28.251227121758525,31.685680673244025,57.78014795092465,45.93695466952606,51.52143198901468,3.5702190246582033,1.6056012697733806,2.219729447260816,6.446942267548267,2.899323156209486,4.008288426348669,35.52437301326372,28.392187187410716,31.66505851185386,64.14832824697262,51.269345208921514,57.17935026241237,0.7185929648241206,-0.0014070351758793676,-0.0014070351758793676,0.6231155778894473,-0.0018844221105527303,-0.0018844221105527303,0.4723618090452262,-0.0026381909547738003,-0.0026381909547738003,0.42800000000000005,0.09666267465069867,0.1686914893617022,0.4056224899598394,0.4170854271356784,0.08876462513066585,0.16833751394703067,0.38888888888888884,0.42800000000000005,0.09666267465069867,0.1686914893617022,0.4056224899598394,26.0,11.0,11.0,38.0,9.0,9.0,49.0,12.0,12.0,0.0003938259968134785,5.511889817767415e-05,0.00020101356569862422,-4.4716351397688925e-05,-0.00011232505964553496,0.0001314175181095223,-0.4390525817871094
283,0,3.040153824303248,1.35328420791703,1.8708385926150461,5.302173038814593,2.360192100712439,3.2628315930726695,20.908459216909364,15.50591703949576,17.68867214160449,36.46534851520502,27.04305769388249,30.849886532679257,3.006484339584657,1.2700775507945208,1.8024262771315545,5.0529148564448025,2.134584118982388,3.029287860725302,20.216201544391662,14.539293144309676,16.882584005185848,33.976809318305314,24.435786797159118,28.37409076501823,3.040153824303248,1.35328420791703,1.8708385926150461,5.302173038814593,2.360192100712439,3.2628315930726695,20.908459216909364,15.50591703949576,17.68867214160449,36.46534851520502,27.04305769388249,30.849886532679257,0.6733668341708543,-0.001633165829145744,-0.001633165829145744,0.5025125628140703,-0.0024874371859296973,-0.0024874371859296973,0.4170854271356784,-0.0029145728643216184,-0.0029145728643216184,0.4246575342465754,0.11525582484486596,0.17636596249258907,0.39862542955326463,0.4170854271356784,0.11382728177226986,0.16666806486522767,0.3737373737373737,0.4246575342465754,0.11525582484486596,0.17636596249258907,0.39862542955326463,21.0,9.0,9.0,33.0,11.0,11.0,43.0,14.0,14.0,0.00040959195119351767,0.00044727360896914734,-6.238465315752036e-05,-0.005011302111102012,-0.0051137326625383395,-0.00482982899231299,-1.4147799015045166
411,1,3.176185368287443,1.3578260251567613,1.7136022689949229,5.6544645345745055,2.417295659135579,3.0506730977174183,23.955198778273452,17.793457928327733,19.63810215099337,42.64669917028951,31.67714258989287,34.96110562306891,3.18178128836742,1.3115707573047706,1.8812732905377727,5.392849641300712,2.223001283567408,3.1885987975216485,24.089625927136378,17.599963396112404,20.41846479124083,40.829874452773524,29.83044643408882,34.60756744278106,3.198834370211215,1.417488638783263,1.9648232073058882,5.67840420747553,2.516252021508751,3.487851847288559,24.503951008729853,18.566109224119078,21.068970803784282,43.49813788531927,32.957590338672915,37.40053988837447,0.6281407035175879,-0.0018592964824121205,-0.0018592964824121205,0.5276381909547738,-0.002361809045226204,-0.002361809045226204,0.4170854271356784,-0.0029145728643216184,-0.0029145728643216184,0.4292929292929293,0.11529545136102515,0.15363310524600848,0.42784810126582273,0.4120603015075377,0.10378962481580833,0.16832073556429894,0.4040404040404041,0.42140468227424754,0.11422605122249463,0.18225006603398053,0.4161073825503355,29.0,11.0,11.0,36.0,7.0,7.0,47.0,13.0,13.0,1.0104749257293922e-06,7.16717997913498e-05,4.17823327917589e-05,0.00012398919745848502,-0.0002720860992821983,2.955642644586476e-05,-0.6009314060211182
411,0,2.7513366164741937,1.2154179485003889,1.615945634923054,5.673660254311191,2.5063703457776385,3.332317269756581,15.663554063013907,11.017962736814386,12.551163870822897,32.30054933898348,22.720657621114412,25.882343575425747,3.4014721683521367,1.4730617033936972,2.060996491102311,5.765207065003622,2.4967147515147414,3.493214391698833,30.008244733419065,23.129676910802818,26.187384163807334,50.86143175155774,39.20284222169969,44.38539688780904,2.849801740917474,1.2782220519409504,1.7564235196846278,5.624608699179224,2.5228066814624017,3.466625367798607,17.284354720541078,12.470107517144527,14.300015901255126,34.11385800106791,24.612054310153663,28.22371559458248,0.7185929648241206,-0.0014070351758793676,-0.0014070351758793676,0.5879396984924623,-0.002060301507537776,-0.002060301507537776,0.4974874371859297,-0.002512562814070307,-0.002512562814070307,0.40384615384615385,0.130869473462066,0.17999473644634933,0.3471074380165289,0.4623115577889447,0.14150955277641342,0.21523309368209997,0.4242424242424242,0.4013377926421404,0.12921759230825058,0.1899918527088812,0.34563758389261745,22.0,6.0,6.0,35.0,6.0,6.0,45.0,8.0,8.0,0.0004438825295688508,0.0008061926048162828,0.00036074603957284864,-0.01975240457212557,-0.03017021436655387,-0.027372162216377838,-1.4854578971862793
319,1,3.729161192190008,1.7122022047587446,2.338899109673799,6.144421031691309,2.8211414565454964,3.8537301392552754,41.64416206116881,34.12872644738309,37.628259648273975,68.61576961373927,56.232823887398034,61.99889413549805,3.8020002069185725,1.6870263269227723,2.339596872676696,5.470503894846868,2.427376009960824,3.366326435506038,44.79068559231157,36.501316347379586,40.47436495837499,64.44702962922528,52.5198796365174,58.2364963429856,3.7383532878945904,1.721562602543405,2.3491207498590887,6.062194520910146,2.791723139259575,3.809384999771494,42.02872394139545,34.51455308462261,38.01695395104344,68.15468747253315,55.969545542631266,61.649114515205575,0.728643216080402,-0.001356783919598037,-0.001356783919598037,0.6030150753768844,-0.0019849246231156137,-0.0019849246231156137,0.5175879396984925,-0.002412060301507535,-0.002412060301507535,0.4574132492113565,0.1393030129908841,0.21711944018722218,0.4208860759493671,0.4723618090452262,0.14654727270437407,0.22194444677477543,0.4191919191919192,0.46153846153846156,0.14267368691408766,0.21793445708907333,0.42281879194630867,30.0,5.0,5.0,42.0,10.0,10.0,48.0,4.0,4.0,0.0009459713885595924,0.0001419356642002516,6.798613724363496e-05,0.00043595439539778624,3.3922379648387846e-05,-0.00010338779879681681,-1.5352816581726074
319,0,3.702688817027625,1.7314844798516695,2.345900876150196,6.525989040011188,3.051741395738567,4.13465029421472,40.5562061035725,33.376888500590866,36.67250752737427,71.48031325754653,58.8267659822914,64.63529451699715,4.081931466433271,1.9186746129878398,2.6227535060947735,6.583760429731082,3.094636472561032,4.230247590475441,59.25981773357838,50.56039341280262,54.95739642027051,95.58035118319094,81.54902163355261,88.64096196817825,3.702688817027625,1.7314844798516695,2.345900876150196,6.525989040011188,3.051741395738567,4.13465029421472,40.5562061035725,33.376888500590866,36.67250752737427,71.48031325754653,58.8267659822914,64.63529451699715,0.8140703517587939,-0.0009296482412060048,-0.0009296482412060048,0.6984924623115578,-0.0015075376884421399,-0.0015075376884421399,0.5477386934673367,-0.002261306532663321,-0.002261306532663321,0.42348754448398573,0.08423354803638361,0.16194908294552424,0.37857142857142856,0.4170854271356784,0.0762332968098639,0.14663467588359158,0.4040404040404041,0.42348754448398573,0.08423354803638361,0.16194908294552424,0.37857142857142856,20.0,1.0,1.0,34.0,4.0,4.0,41.0,0.0,0.0,0.0011937438284453515,0.0002684195338331626,5.8869884691284425e-05,-0.00025954392907312496,0.0001733692814402943,2.277625207813827e-05,-1.3143022060394287
345,1,3.084248130662101,1.335346893970892,1.7275328614428431,5.486266260071756,2.375317516464352,3.0729386383269013,21.851031543631905,16.102748341464466,17.96761519199406,38.86865518821159,28.643598432282417,31.960827023547036,2.9551346080387058,1.2569279012865502,1.746235239809889,4.728215372861929,2.0110846420584805,2.7939763836958225,19.204307600037172,13.74016780463013,15.854511868796529,30.726892160059474,21.984268487408205,25.367218990074445,2.994855882730771,1.3173685625154152,1.8218669380883676,5.193391704157406,2.284454154651009,3.1593068290549726,19.9824798619011,14.630388891099749,16.750842459084893,34.65169918248746,25.370616574161417,29.047703686274385,0.6582914572864322,-0.0017085427135676845,-0.0017085427135676845,0.5226130653266332,-0.002386934673366814,-0.002386934673366814,0.4170854271356784,-0.0029145728643216184,-0.0029145728643216184,0.425974025974026,0.11079892869776142,0.15520178745985203,0.40104166666666663,0.4170854271356784,0.11883981310059066,0.16332916670162168,0.33333333333333337,0.4280936454849499,0.12592336167860596,0.19005137629696323,0.37583892617449666,19.0,0.0,0.0,29.0,0.0,0.0,38.0,1.0,1.0,0.0007162571687435495,-0.00018982442297836273,0.0003057693407460615,0.00016742738957553627,-0.00022947732373523877,5.672310238669098e-05,-1.182870864868164
345,0,3.81220526192464,1.711821507832357,2.363078019888105,6.4632215647572915,2.902226119600835,4.0063679072815575,45.25011727813837,37.08081296306707,40.99072180696313,76.7171528566139,62.86689554083209,69.49576398306966,3.5899147759729892,1.5652651553192967,2.190756151317573,5.743863641556783,2.5044242485108748,3.505209842108117,36.23098804419375,28.657531147368317,32.179198587657694,57.969580870710004,45.852049835789316,51.48671774025232,3.81220526192464,1.711821507832357,2.363078019888105,6.4632215647572915,2.902226119600835,4.0063679072815575,45.25011727813837,37.08081296306707,40.99072180696313,76.7171528566139,62.86689554083209,69.49576398306966,0.7336683417085428,-0.001331658291457205,-0.001331658291457205,0.5678391959798995,-0.0021608040201005485,-0.0021608040201005485,0.4773869346733668,-0.0026130653266331905,-0.0026130653266331905,0.4251700680272109,0.11277618008154033,0.16838273771046885,0.4300341296928327,0.4170854271356784,0.12385234442891147,0.15665137037440968,0.4040404040404041,0.4251700680272109,0.11277618008154033,0.16838273771046885,0.4300341296928327,20.0,0.0,0.0,33.0,0.0,0.0,41.0,0.0,0.0,-0.0005480905598524063,8.133750656870349e-05,4.842108849448318e-05,-0.006782013321825708,-0.007094359052222998,-0.007709167804152095,-0.49599361419677734
169,1,3.176383710479083,1.460084123856959,2.0021433731974105,5.0580457998389745,2.3250252624461356,3.188195697537181,23.959950576125728,18.396048988166395,20.724266594649546,38.15361695002629,29.29370844311279,33.00114191430607,3.1698901683241876,1.3622427614186716,1.9119035314140913,4.766752132818327,2.0484853555168,2.8750429043820924,23.804869684114475,17.708780751840724,20.286539009662313,35.796796517465374,26.62974549148981,30.506073698740323,3.176383710479083,1.460084123856959,2.0021433731974105,5.0580457998389745,2.3250252624461356,3.188195697537181,23.959950576125728,18.396048988166395,20.724266594649546,38.15361695002629,29.29370844311279,33.00114191430607,0.6130653266331658,-0.001934673366834172,-0.001934673366834172,0.5276381909547738,-0.002361809045226204,-0.002361809045226204,0.44221105527638194,-0.0027889447236180143,-0.0027889447236180143,0.4212328767123288,0.1272157826952348,0.19116453958248825,0.3883161512027491,0.42713567839195976,0.13640886134935326,0.18840445969413,0.3737373737373737,0.4212328767123288,0.1272157826952348,0.19116453958248825,0.3883161512027491,27.0,8.0,8.0,38.0,8.0,8.0,46.0,8.0,8.0,0.00019298620132128118,0.00026406120768347004,0.00014349850193341748,-0.000335773069539691,0.00013076050589333477,-1.577387457896151e-05,-1.369286298751831
169,0,3.3962960531787267,1.546487566797347,2.1367837891232884,6.318109569516308,2.8769217235274174,3.9750463135896466,29.85331990280777,23.494718255632897,26.32961747096484,55.53595540742916,43.70708616672884,48.98083250113312,3.633985694928385,1.6405399071161497,2.277620675158764,5.814377111885416,2.6248638513858396,3.6441930802540226,37.863428345927865,30.522643326287724,33.981371920559276,60.58148535348458,48.836229322060355,54.37019507289484,3.3962960531787267,1.546487566797347,2.1367837891232884,6.318109569516308,2.8769217235274174,3.9750463135896466,29.85331990280777,23.494718255632897,26.32961747096484,55.53595540742916,43.70708616672884,48.98083250113312,0.7487437185929648,-0.0012562814070351536,-0.0012562814070351536,0.6231155778894473,-0.0018844221105527303,-0.0018844221105527303,0.48743718592964824,-0.002562814070351749,-0.002562814070351749,0.4285714285714286,0.09985855728429993,0.18055032039200902,0.3784860557768924,0.40201005025125625,0.06867671691792288,0.1449148916535935,0.4040404040404041,0.4285714285714286,0.09985855728429993,0.18055032039200902,0.3784860557768924,26.0,6.0,6.0,33.0,4.0,4.0,43.0,5.0,5.0,0.00042561250978261376,0.0004216475279328088,0.00020628656231511913,-5.857619511928647e-05,-0.00012331829868550415,0.00012440840417138332,-1.059248924255371
397,1,3.210133145021838,1.4254221804743057,1.960109404427733,5.8597668520239905,2.6019611230880186,3.577977484272846,24.782385656210767,18.82452798960273,21.29195983494987,45.23768810260696,34.362233631814505,38.86627588919421,3.144319527113258,1.3208446899869681,1.8603332953937457,5.374905174552578,2.2578541709178945,3.1800569152029845,23.203880488324817,17.01053853133422,19.592875110010056,39.66475297149542,29.077843643306366,33.4920942051454,3.229887936824939,1.4586251722922416,1.9980113489837228,5.600961740158854,2.5294078132235405,3.4647595647116582,25.276824211065275,19.398552661554557,21.84916840918574,43.83264314057562,33.6391086616553,37.88873134540879,0.6030150753768844,-0.0019849246231156137,-0.0019849246231156137,0.5226130653266332,-0.002386934673366814,-0.002386934673366814,0.44221105527638194,-0.0027889447236180143,-0.0027889447236180143,0.44476744186046513,0.12256134606946367,0.19647809679692652,0.47813411078717205,0.4321608040201005,0.12639639299253158,0.18842123807686173,0.48484848484848486,0.44147157190635455,0.13095404269099564,0.19786756745696632,0.4832214765100671,26.0,5.0,5.0,34.0,5.0,5.0,43.0,7.0,7.0,-0.0009454585671031804,3.51279999772126e-05,-0.0002960244340611619,-0.009021724704745715,-0.01055964913356,-0.008218420258823578,-1.4583158493041992
397,0,3.536527993478181,1.6275452682737273,2.2373861205180914,5.666717369666793,2.607879552672522,3.5850514445728487,34.34745732882943,27.60123478429928,30.68130803328244,55.03627665555125,44.22653994677194,49.16186199485023,3.6079962385359723,1.6377115163320746,2.2641074510609975,5.550763443901496,2.519556178972423,3.483242232401535,36.89205582363318,29.71933739379412,33.058131955184564,56.75700895943566,45.72205752891403,50.858664546437794,3.536527993478181,1.6275452682737273,2.2373861205180914,5.666717369666793,2.607879552672522,3.5850514445728487,34.34745732882943,27.60123478429928,30.68130803328244,55.03627665555125,44.22653994677194,49.16186199485023,0.7135678391959799,-0.0014321608040201994,-0.0014321608040201994,0.6281407035175879,-0.0018592964824121205,-0.0018592964824121205,0.5326633165829145,-0.0023366834170853723,-0.0023366834170853723,0.44688644688644685,0.11964695876944498,0.19110081960264658,0.38235294117647056,0.44221105527638194,0.10637145627888822,0.1851158966787192,0.3737373737373737,0.44688644688644685,0.11964695876944498,0.19110081960264658,0.38235294117647056,25.0,5.0,5.0,39.0,11.0,11.0,48.0,7.0,7.0,0.000542901832577472,0.0005545219713481972,0.000214098307974193,-0.012274376092189065,-0.013339217024978645,-0.011622024946400522,-1.33644437789917
472,1,3.263792541291979,1.4376027388454196,2.001611333974542,5.493712911118797,2.419815790230489,3.3691718727149125,26.14851866488301,19.938339152916214,22.61539910988368,44.01396619989625,33.56080689714469,38.066914029679985,3.364732471542742,1.3522042850888294,1.9315664639770063,5.257394486785534,2.112819195451296,3.0180725999640723,28.92575780046888,21.44354792347513,24.733807850357096,45.19649656323262,33.50554363042989,38.64657476618296,3.263792541291979,1.4376027388454196,2.001611333974542,5.493712911118797,2.419815790230489,3.3691718727149125,26.14851866488301,19.938339152916214,22.61539910988368,44.01396619989625,33.56080689714469,38.066914029679985,0.6783919597989949,-0.0016080402010050232,-0.0016080402010050232,0.5477386934673367,-0.002261306532663321,-0.002261306532663321,0.4723618090452262,-0.0026381909547738003,-0.0026381909547738003,0.4444444444444444,0.1394536865886219,0.2030651340996168,0.4163568773234201,0.44723618090452266,0.1389655042127933,0.19514936955226891,0.41414141414141414,0.4444444444444444,0.1394536865886219,0.2030651340996168,0.4163568773234201,16.0,0.0,0.0,25.0,0.0,0.0,33.0,0.0,0.0,0.0005275745447000018,0.0003422313250814437,0.00013200007112322478,-0.0001833147886074471,0.00021597805698636563,6.13263787334617e-05,-0.9643216133117676
472,0,3.2859123384690956,1.4535000780434264,2.006496624113691,5.622951595241234,2.487272860822976,3.4335771107827866,26.733363067893823,20.484420499197363,23.13882419347662,45.74693145308034,35.05355379541795,39.59584888723272,3.6666306538797504,1.6026406659327597,2.227349940140849,5.68469868818566,2.4847142107484648,3.453255721148603,39.119875157057,31.24253748468186,34.90221413699918,60.65096923574729,48.438042611909864,54.1119599023243,3.26317100899674,1.4683209013722849,2.0157130155551255,5.530798320333458,2.488679493851331,3.416462738229027,26.1322715656316,20.113699049571366,22.650789815463504,44.291985704460345,34.091015338256554,38.3911691787517,0.7688442211055276,-0.0011557788944723812,-0.0011557788944723812,0.6180904522613065,-0.0019095477386934512,-0.0019095477386934512,0.49246231155778897,-0.002537688442211028,-0.002537688442211028,0.43887147335423193,0.12431748274390331,0.18443977366705777,0.4119496855345912,0.4321608040201005,0.10133373635092757,0.16171005276801365,0.45959595959595956,0.4381270903010034,0.13261790833105347,0.19007369764249393,0.4093959731543624,20.0,0.0,0.0,33.0,0.0,0.0,42.0,-1.0,-1.0,0.000688162384485034,0.00023073482614457757,0.00028305554821396315,-0.0027920825880531908,-0.0034701534490721997,-0.004298597398502579,-1.3903253078460693
19,1,3.1957711403387306,1.5001032607268796,2.045597147841481,5.781822786797045,2.71400260986771,3.7009158924763637,24.42900462161611,18.97871973756559,21.270262162247814,44.19721230884493,34.3364995252009,38.482382201435186,3.4451077667313004,1.530904542704532,2.135927547227506,6.151978154877321,2.7337581119723784,3.814156334334832,31.34666139188644,24.565128110873765,27.643524683592688,55.976181056940064,43.86630019798886,49.36343693498694,3.1957711403387306,1.5001032607268796,2.045597147841481,5.781822786797045,2.71400260986771,3.7009158924763637,24.42900462161611,18.97871973756559,21.270262162247814,44.19721230884493,34.3364995252009,38.482382201435186,0.6532663316582914,-0.0017336683417086274,-0.0017336683417086274,0.5577889447236181,-0.00221105527638199,-0.00221105527638199,0.49246231155778897,-0.002537688442211028,-0.002537688442211028,0.44525547445255476,0.1574594817385293,0.23530401814187518,0.42490842490842495,0.4723618090452262,0.17912872633845922,0.2536639793290325,0.45959595959595956,0.44525547445255476,0.1574594817385293,0.23530401814187518,0.42490842490842495,25.0,14.0,14.0,39.0,17.0,17.0,47.0,18.0,18.0,0.00019492260960385602,0.00018488712794019656,-5.2325125453110456e-05,-0.000211034476049754,0.00020048395678795572,4.730815085896012e-05,-1.0856032371520996
19,0,3.532775841679489,1.5743985776700236,2.1664711899595246,5.491162449567033,2.447163006595798,3.3674497843936093,34.21882193571102,27.131005861915643,30.297986894946238,53.18795148702909,42.17101998102106,47.09361006497079,3.4170219275220552,1.3951955025289848,1.961379084832834,5.511325689551702,2.250315326659653,3.1635146529561844,30.47851251182348,22.926406812159964,26.19127391188431,49.15889114810239,36.978075503483815,42.24399018045857,3.532775841679489,1.5743985776700236,2.1664711899595246,5.491162449567033,2.447163006595798,3.3674497843936093,34.21882193571102,27.131005861915643,30.297986894946238,53.18795148702909,42.17101998102106,47.09361006497079,0.6532663316582914,-0.0017336683417086274,-0.0017336683417086274,0.5527638190954773,-0.0022361809045226,-0.0022361809045226,0.4522613065326633,-0.0027386934673366836,-0.0027386934673366836,0.44561403508771935,0.1233723538267737,0.20174005609121992,0.45070422535211263,0.4321608040201005,0.12389012732837112,0.18341289083145274,0.4242424242424242,0.44561403508771935,0.1233723538267737,0.20174005609121992,0.45070422535211263,25.0,10.0,10.0,35.0,6.0,6.0,43.0,8.0,8.0,-0.00012153832128886844,0.00029703028547822124,0.00021341530794183737,-0.006703848318856842,-0.007046253657154722,-0.007666368187975614,-1.3645811080932617
405,1,3.0011373367279197,1.3125332314698939,1.812524339827434,6.021390197893597,2.6334265472166662,3.636593420672877,20.10839393762754,14.696472979583724,16.825868761722127,40.34486681753296,29.486554067317662,33.75890866205395,3.1969610650335722,1.333511650462446,1.902545857973142,6.268551107908965,2.6147287263969528,3.7304820744571408,24.45809059911527,18.012157436196144,20.809229077474868,47.957040390422094,35.31795575724733,40.80240995583307,2.920595830499528,1.2720792489673727,1.766531376087757,6.170272881337031,2.6874913710578294,3.7321085410304726,18.55233821617783,13.353076792808556,15.381282853663565,39.19508073840387,28.210725618609626,32.49566800069768,0.6582914572864322,-0.0017085427135676845,-0.0017085427135676845,0.5326633165829145,-0.0023366834170853723,-0.0023366834170853723,0.40703517587939697,-0.00296482412060306,-0.00296482412060306,0.4012738853503185,0.11669518900691622,0.1735196480621829,0.3738019169329073,0.3869346733668342,0.08367652800342562,0.14319510742359542,0.36868686868686873,0.38795986622073575,0.10749242047783092,0.15659167934643092,0.3557046979865772,21.0,0.0,0.0,32.0,1.0,1.0,41.0,2.0,2.0,0.0012288634575452508,0.00012127238586386765,7.982431006370052e-06,-0.017695869417230448,-0.01528965189349396,-0.016395051892362567,-1.1212859153747559
405,0,3.4337294499079385,1.5553119775741693,2.1449803237219376,6.175588040506068,2.797240198472946,3.857763119529753,30.99201063779813,24.448868676410832,27.363765398720563,55.73936241574141,43.971472768768734,49.213936276803395,3.6005140141626097,1.538121495528722,2.171024978723397,6.154724810534376,2.6292675137243116,3.7111538097835854,36.61705129015704,28.75228737721113,32.44048672002658,62.59325006864452,49.149209191813895,55.45382345303688,3.4337294499079385,1.5553119775741693,2.1449803237219376,6.175588040506068,2.797240198472946,3.857763119529753,30.99201063779813,24.448868676410832,27.363765398720563,55.73936241574141,43.971472768768734,49.213936276803395,0.7587939698492463,-0.001206030150753712,-0.001206030150753712,0.5728643216080402,-0.0021356783919597166,-0.0021356783919597166,0.4773869346733668,-0.0026130653266331905,-0.0026130653266331905,0.43333333333333335,0.1297990297990298,0.1757156048014774,0.41004184100418406,0.42713567839195976,0.11635873603607005,0.17337941795790301,0.43434343434343436,0.43333333333333335,0.1297990297990298,0.1757156048014774,0.41004184100418406,22.0,9.0,9.0,35.0,7.0,7.0,42.0,7.0,7.0,-4.525425342062929e-06,7.550635482244419e-05,0.00014499803222032227,2.4582867206746073e-05,-5.7358864443912694e-05,-7.978146849918488e-05,-0.6614334583282471
339,1,3.3386079576653493,1.511026559986954,2.067609919994312,6.343355119564164,2.870950463975212,3.928458847989192,28.179871814961437,21.961044230884596,24.615463613571965,53.54175644842673,41.72598403868073,46.76938086578674,3.636857267600208,1.6156368270463664,2.2500838572552486,6.494387977857514,2.8850657625827965,4.018006887955801,37.97231219114403,30.424781563666635,33.97039553519413,67.80770034132861,54.32996707797613,60.661420598560944,3.3386079576653493,1.511026559986954,2.067609919994312,6.343355119564164,2.870950463975212,3.928458847989192,28.179871814961437,21.961044230884596,24.615463613571965,53.54175644842673,41.72598403868073,46.76938086578674,0.6733668341708543,-0.001633165829145744,-0.001633165829145744,0.592964824120603,-0.0020351758793969443,-0.0020351758793969443,0.4773869346733668,-0.0026130653266331905,-0.0026130653266331905,0.41901408450704225,0.11145696675660288,0.1766253257248408,0.41696113074204944,0.4321608040201005,0.11637133033588998,0.18842123807686173,0.4545454545454546,0.41901408450704225,0.11145696675660288,0.1766253257248408,0.41696113074204944,18.0,4.0,4.0,29.0,2.0,2.0,39.0,3.0,3.0,0.0005555667718886887,-6.177649155981313e-05,0.00016523206127297762,-0.0002803336946550772,0.00016174870629104277,1.2262581172706177e-05,-1.0644538402557373
339,0,4.0449455117279625,1.8681325407978377,2.5710929049689453,6.255555268137431,2.8890886968152607,3.9762250739636014,57.10807422908311,48.289916526610504,52.742050876896556,88.3183008426518,74.68091741906044,81.56619496078189,4.10160041694066,1.8545537810786779,2.5768247578380308,6.031765319030382,2.727284972174526,3.789448173291221,60.436934532904786,50.97717809829828,55.84282172660451,88.87784490133056,74.9664383798504,82.12179665677134,4.0449455117279625,1.8681325407978377,2.5710929049689453,6.255555268137431,2.8890886968152607,3.9762250739636014,57.10807422908311,48.289916526610504,52.742050876896556,88.3183008426518,74.68091741906044,81.56619496078189,0.7989949748743719,-0.0010050251256281673,-0.0010050251256281673,0.6783919597989949,-0.0016080402010050232,-0.0016080402010050232,0.5728643216080402,-0.0021356783919597166,-0.0021356783919597166,0.45660377358490567,0.1232704402515723,0.20064392414952303,0.4507575757575758,0.44221105527638194,0.10386519061472776,0.1867853457605222,0.4494949494949495,0.45660377358490567,0.1232704402515723,0.20064392414952303,0.4507575757575758,27.0,5.0,5.0,37.0,3.0,3.0,48.0,3.0,3.0,3.09832598588274e-05,0.0002412525949354187,0.00016314811541862323,-0.0001486651793047855,0.00023534568223659846,7.884916357880911e-05,-0.9479398727416992
487,1,3.0827476838759353,1.3192736596780432,1.8269218102665559,5.928360930530645,2.5370647301500835,3.5133111735895306,21.818269818337058,15.985604760425037,18.307533216234958,41.958211189109726,30.741547616202,35.20679464660569,3.416653514507428,1.426998323069188,2.0131885501916598,5.994128972820049,2.503505829945944,3.531909737178351,30.46728589928971,23.15427416082254,26.398010437805794,53.451378770683704,40.62153361547814,46.31229901369437,3.0827476838759353,1.3192736596780432,1.8269218102665559,5.928360930530645,2.5370647301500835,3.5133111735895306,21.818269818337058,15.985604760425037,18.307533216234958,41.958211189109726,30.741547616202,35.20679464660569,0.6834170854271358,-0.0015829145728643024,-0.0015829145728643024,0.5728643216080402,-0.0021356783919597166,-0.0021356783919597166,0.49246231155778897,-0.002537688442211028,-0.002537688442211028,0.43143812709030105,0.12592894512035113,0.17893534622267038,0.37583892617449666,0.4522613065326633,0.1289530358559715,0.20017449518040953,0.398989898989899,0.43143812709030105,0.12592894512035113,0.17893534622267038,0.37583892617449666,23.0,9.0,9.0,35.0,11.0,11.0,45.0,10.0,10.0,0.0015552338220168748,0.0004409404076656757,0.00016932006174059214,-0.004168493968153442,-0.0033926829480765974,-0.004228506259126519,-1.521836519241333
487,0,3.4763037278101994,1.5891437833143374,2.1796895705408263,6.821919345552346,3.1185453191356545,4.277435924144028,32.33996357422497,25.73936759725938,28.68306955948965,63.464139044155765,50.51108979612555,56.287828233284195,3.5983809035028047,1.6218594455582072,2.2498408230931894,6.098950683903059,2.748914314505436,3.813289530666423,36.539026315257736,29.321433747414368,32.68722820686993,61.93055307670803,49.69734533460063,55.40208170655921,3.4763037278101994,1.5891437833143374,2.1796895705408263,6.821919345552346,3.1185453191356545,4.277435924144028,32.33996357422497,25.73936759725938,28.68306955948965,63.464139044155765,50.51108979612555,56.287828233284195,0.7738693467336684,-0.0011306532663316604,-0.0011306532663316604,0.6231155778894473,-0.0018844221105527303,-0.0018844221105527303,0.4623115577889447,-0.002688442211055242,-0.002688442211055242,0.42307692307692313,0.09870072346080028,0.16860121975211495,0.4131274131274131,0.4371859296482412,0.10886512764322864,0.18009077105057847,0.43434343434343436,0.42307692307692313,0.09870072346080028,0.16860121975211495,0.4131274131274131,25.0,11.0,11.0,37.0,14.0,14.0,46.0,14.0,14.0,0.0003167506403051995,0.0001635386136325678,0.0001571074429121914,-0.00011401557000390028,-0.0001672912548489336,9.637194842149199e-05,-1.0459530353546143
121,1,3.669700860119552,1.6405431124194108,2.239727534173438,5.564383369420408,2.487562654157694,3.3961085980129853,39.24016580592488,31.632489728975656,35.06157807536248,59.50003402094045,47.964481708609824,53.16402327731594,3.684933379666889,1.5125503111686744,2.1524420561209903,5.226855857683531,2.145461434281808,3.053109299462398,39.842468042950664,31.063287522431867,35.21277150428233,56.514139068015126,44.06140074103811,49.9471936230955,3.669700860119552,1.6405431124194108,2.239727534173438,5.564383369420408,2.487562654157694,3.3961085980129853,39.24016580592488,31.632489728975656,35.06157807536248,59.50003402094045,47.964481708609824,53.16402327731594,0.7587939698492463,-0.001206030150753712,-0.001206030150753712,0.6180904522613065,-0.0019095477386934512,-0.0019095477386934512,0.5226130653266332,-0.002386934673366814,-0.002386934673366814,0.42805755395683454,0.09233044444157423,0.1589187979759733,0.4693140794223827,0.457286432160804,0.11894056749914983,0.18182733366330817,0.5202020202020202,0.42805755395683454,0.09233044444157423,0.1589187979759733,0.4693140794223827,21.0,5.0,5.0,31.0,4.0,4.0,43.0,10.0,10.0,-2.2273542961816294e-05,-0.00029141889918761493,-0.00011902438545094871,-0.00023875416349117273,0.00018498985658865763,3.328992298534672e-05,-0.9955518245697021
121,0,3.66642086731421,1.7337781589748724,2.358695057649001,6.680533727560246,3.159092719113724,4.297744982342045,39.111669193583964,32.203927906775995,35.413914449013184,71.26482055518059,58.678322627683855,64.5271938120056,3.9690565248230594,1.8064415990608924,2.501161904811295,6.670683234996739,3.0360363009426767,4.203633453464361,52.93456482462095,44.240723113137726,48.59447684368556,88.96565516743017,74.35415649266845,81.67138965325306,3.66642086731421,1.7337781589748724,2.358695057649001,6.680533727560246,3.159092719113724,4.297744982342045,39.111669193583964,32.203927906775995,35.413914449013184,71.26482055518059,58.678322627683855,64.5271938120056,0.7688442211055276,-0.0011557788944723812,-0.0011557788944723812,0.6582914572864322,-0.0017085427135676845,-0.0017085427135676845,0.5276381909547738,-0.002361809045226204,-0.002361809045226204,0.43243243243243246,0.11877307324187591,0.20097175827512903,0.3864406779661017,0.4321608040201005,0.10384000201508792,0.18007399266784674,0.41414141414141414,0.43243243243243246,0.11877307324187591,0.20097175827512903,0.3864406779661017,26.0,15.0,15.0,35.0,14.0,14.0,45.0,17.0,17.0,0.00129428507817128,0.00017544090967160062,0.0002856638671581986,-0.00036349275698022154,0.0001152664056931485,-2.979210245257491e-05,-1.0872516632080078
457,1,3.7665052963382424,1.7276746025959095,2.3774902018120794,5.96770969030215,2.73735456515196,3.766932527546411,43.22872895547162,35.547107178505776,39.21783120363023,68.49227185152645,56.32139059451564,62.137342946011536,3.7617341573513934,1.6710041711343058,2.3308325644710552,5.971006598970465,2.6523875732290563,3.699734229319135,43.022969924189006,34.93215072857912,38.84050154794569,68.29042845109366,55.44785829933194,61.65158975864396,3.7665052963382424,1.7276746025959095,2.3774902018120794,5.96770969030215,2.73735456515196,3.766932527546411,43.22872895547162,35.547107178505776,39.21783120363023,68.49227185152645,56.32139059451564,62.137342946011536,0.7537688442211055,-0.0012311557788945438,-0.0012311557788945438,0.6231155778894473,-0.0018844221105527303,-0.0018844221105527303,0.5025125628140703,-0.0024874371859296973,-0.0024874371859296973,0.4238683127572016,0.09943299448204757,0.1666863702127419,0.40909090909090906,0.42713567839195976,0.09129607939446605,0.17337941795790301,0.4040404040404041,0.4238683127572016,0.09943299448204757,0.1666863702127419,0.40909090909090906,29.0,11.0,11.0,39.0,11.0,11.0,48.0,12.0,12.0,-3.457166396516439e-05,-3.329882870072304e-07,0.00010692517949598024,3.793101625682027e-06,-7.384872300431056e-05,-9.33731963588258e-05,-0.6198086738586426
457,0,3.3768669161826943,1.5274247853721887,2.0844830943437014,5.628111526971157,2.5457079756203145,3.474138490572835,29.278894030070987,22.922621465370305,25.63743722833511,48.79815671678498,38.20436910895051,42.729062047225185,3.8967078319147004,1.763598611029904,2.4327553176292644,6.088605987366719,2.755622829734225,3.8011801837957253,49.240075366725236,40.79900415913468,44.917062792829405,76.93761776050818,63.748443998647936,70.18291061379594,3.4328443709025813,1.575192772238105,2.1280756311640747,5.5368457595202925,2.540633503609847,3.432380050264636,30.964592395294087,24.555923436317684,27.27775601892957,49.94289096015175,39.606328123093036,43.99638067569285,0.7839195979899498,-0.0010804020100502187,-0.0010804020100502187,0.6683417085427136,-0.0016582914572863539,-0.0016582914572863539,0.5527638190954773,-0.0022361809045226,-0.0022361809045226,0.4713375796178344,0.15019290553198383,0.21815961351613944,0.3865814696485623,0.4371859296482412,0.1013463306507475,0.17341297472336648,0.40909090909090906,0.4682274247491639,0.14936265012479,0.2190616850383741,0.38926174496644295,24.0,15.0,15.0,38.0,16.0,16.0,45.0,20.0,20.0,0.0012712759630533438,3.9863556608511114e-05,0.0004599036642665335,0.0004478011750661537,4.5542954798527546e-05,-9.287412789138472e-05,-1.4956793785095215
122,1,3.189827073831111,1.4090432802162571,1.9512548802456782,5.653693503273073,2.4974077449350207,3.458431063607857,24.284227701521562,18.349721677404997,20.833544663145318,43.041700133041665,32.52329980064196,36.925661920195495,3.2266218153076553,1.4210321029543769,1.9720267111442578,5.162594904492249,2.273651364727003,3.1552427378308123,25.194401705850314,19.11084376566392,21.68798335316115,40.3110427293605,30.57735002506227,34.70077336505784,3.189827073831111,1.4090432802162571,1.9512548802456782,5.653693503273073,2.4974077449350207,3.458431063607857,24.284227701521562,18.349721677404997,20.833544663145318,43.041700133041665,32.52329980064196,36.925661920195495,0.6884422110552764,-0.0015577889447235815,-0.0015577889447235815,0.5477386934673367,-0.002261306532663321,-0.002261306532663321,0.4371859296482412,-0.002814070351758735,-0.002814070351758735,0.41015625,0.10411336500974655,0.15690949675324672,0.3529411764705882,0.42211055276381915,0.10882734474376898,0.1783709868205804,0.3484848484848485,0.41015625,0.10411336500974655,0.15690949675324672,0.3529411764705882,27.0,0.0,0.0,35.0,0.0,0.0,45.0,0.0,0.0,2.702978899820123e-05,0.0006472904429162458,0.0006554642874537665,-0.007653828045040889,-0.008639046900448477,-0.00893701430318572,-1.2918286323547363
122,0,3.152179998617906,1.377598885631753,1.9044365382252713,5.49524427566544,2.4015895011548207,3.3200337511306866,23.38699266087928,17.489182558128245,19.904516920862054,40.77090699169329,30.48916317620218,34.69985302781299,3.616144546911345,1.5859490418121558,2.209348247156866,6.181443669933923,2.711024003097702,3.7766636703536176,37.193891727066294,29.578316630054296,33.111037538938845,63.579302097549224,50.56122500863982,56.600064169126235,3.2167413015429394,1.4117189458328125,1.9441923492652435,5.744180895612391,2.5209266889871653,3.4717720522593636,24.946693828740848,18.8665864566219,21.376753245590844,44.54766755132294,33.690332958253386,38.17277365284079,0.7185929648241206,-0.0014070351758793676,-0.0014070351758793676,0.5778894472361809,-0.002110552763819218,-0.002110552763819218,0.49246231155778897,-0.002537688442211028,-0.002537688442211028,0.42153846153846153,0.12507148765213283,0.17486497126210532,0.3827160493827161,0.4371859296482412,0.1264089872923515,0.19344636370500246,0.4292929292929293,0.42140468227424754,0.12424274571331262,0.1778006778248593,0.3825503355704698,20.0,1.0,1.0,34.0,3.0,3.0,40.0,3.0,3.0,0.0010498602406965412,0.0004426263897194105,0.00048676877025108356,-0.002815776147390814,-0.0034933945993707027,-0.004319624740314332,-1.8029444217681885
477,1,3.5388989574258978,1.6021443449878552,2.1983946279589914,5.487281529491842,2.4842238158238654,3.4087467264982116,34.42899052979714,27.492786795955837,30.608020482490552,53.38427745069669,42.62926491957197,47.45962726498535,3.938319353744237,1.7739819889517134,2.422205654661677,5.8053744547785415,2.614980857788081,3.5705105576123977,51.332257397876674,42.62342817026989,46.77776676246635,75.66754979390709,62.83009041395338,68.95389322763558,3.5388989574258978,1.6021443449878552,2.1983946279589914,5.487281529491842,2.4842238158238654,3.4087467264982116,34.42899052979714,27.492786795955837,30.608020482490552,53.38427745069669,42.62926491957197,47.45962726498535,0.7474747474747474,-0.002525252525252597,-0.002525252525252597,0.6262626262626263,0.0012626262626262985,0.0012626262626262985,0.5151515151515151,0.00015151515151512474,0.00015151515151512474,0.4254545454545454,0.10966507177033491,0.18361657689348132,0.34671532846715325,0.43434343434343436,0.10940640663562584,0.17092061555148808,0.36548223350253806,0.4254545454545454,0.10966507177033491,0.18361657689348132,0.34671532846715325,26.0,0.0,0.0,38.0,0.0,0.0,46.0,0.0,0.0,0.001367356186832007,0.0012567493585944592,0.00023935499157538365,-0.004893493439473318,-0.005047882736694653,-0.004144396891876845,-1.5112452507019043
477,0,4.0982092120257985,1.9294289678943501,2.6350263829520757,6.297248301405495,2.9647323165205868,4.048942978682458,60.2323276315286,51.484720046486444,55.91264113629996,92.55211318990979,79.11066738850356,85.91454613626578,4.306798829505192,2.011576115372659,2.752886225709763,6.152569756435989,2.873680164818084,3.9326946081568046,74.20257325104288,64.27592668044802,69.47263284255828,106.00367607291841,91.82275240064004,99.24661834651184,4.0982092120257985,1.9294289678943501,2.6350263829520757,6.297248301405495,2.9647323165205868,4.048942978682458,60.2323276315286,51.484720046486444,55.91264113629996,92.55211318990979,79.11066738850356,85.91454613626578,0.8291457286432161,-0.0008542713567838423,-0.0008542713567838423,0.7336683417085428,-0.001331658291457205,-0.001331658291457205,0.5829145728643217,-0.002085427135678275,-0.002085427135678275,0.43027888446215135,0.08634250275240984,0.1653782222104957,0.40800000000000003,0.4321608040201005,0.07627107970932356,0.16337950184981664,0.43434343434343436,0.43027888446215135,0.08634250275240984,0.1653782222104957,0.40800000000000003,21.0,-1.0,-1.0,32.0,-1.0,-1.0,42.0,-1.0,-1.0,0.00038605943269903335,-0.0001162187723822376,8.466812038608455e-05,-5.164627325804361e-05,-0.00011782167916685182,0.0001279129611404528,-0.8380217552185059
267,1,3.8918908661331875,1.785779698505849,2.456940814825509,6.45094239454953,2.959991007112435,4.072463542382009,49.00345795511458,40.78723040983478,44.804022707864355,81.22490976121732,67.60623122726038,74.26420202262449,3.8568395346253364,1.748734623559697,2.425274056255867,6.271283796138758,2.843470932617393,3.9435350508225477,47.31557557463194,39.08295063893303,43.130329596422094,76.93589524330397,63.54951323403745,70.13061722995462,3.8918908661331875,1.785779698505849,2.456940814825509,6.45094239454953,2.959991007112435,4.072463542382009,49.00345795511458,40.78723040983478,44.804022707864355,81.22490976121732,67.60623122726038,74.26420202262449,0.7487437185929648,-0.0012562814070351536,-0.0012562814070351536,0.6381909547738693,-0.0018090452261306789,-0.0018090452261306789,0.5577889447236181,-0.00221105527638199,-0.00221105527638199,0.46058091286307057,0.12931797290447844,0.19989125769065674,0.4291666666666667,0.457286432160804,0.1314718958199519,0.20519962080855025,0.41414141414141414,0.46058091286307057,0.12931797290447844,0.19989125769065674,0.4291666666666667,26.0,13.0,13.0,37.0,11.0,11.0,46.0,11.0,11.0,-1.3735864568016117e-05,0.00018521115429769684,0.00019326951059128798,1.765294534639139e-05,-6.285548396256502e-05,-8.431204445269458e-05,-0.7031924724578857
267,0,3.893519335127405,1.813166942921968,2.478062059233614,6.086421029624449,2.8343759107745705,3.8737521845490983,49.08332357870006,41.07603345489272,44.96495431225197,76.72795410003688,64.21081091799323,70.29004352260078,4.190794238493071,1.9604405813275054,2.6711020535640113,5.9025270964691146,2.761183917362684,3.7621155684000165,66.07524963200115,56.77209400658829,61.50443162009457,93.06373187605796,79.96069578392718,86.62596002830222,3.893519335127405,1.813166942921968,2.478062059233614,6.086421029624449,2.8343759107745705,3.8737521845490983,49.08332357870006,41.07603345489272,44.96495431225197,76.72795410003688,64.21081091799323,70.29004352260078,0.8140703517587939,-0.0009296482412060048,-0.0009296482412060048,0.6733668341708543,-0.001633165829145744,-0.001633165829145744,0.5728643216080402,-0.0021356783919597166,-0.0021356783919597166,0.4391143911439115,0.12051402281978629,0.1937156181377765,0.43333333333333335,0.4522613065326633,0.1189279731993299,0.19683559701680353,0.4696969696969697,0.4391143911439115,0.12051402281978629,0.1937156181377765,0.43333333333333335,28.0,1.0,1.0,40.0,2.0,2.0,49.0,1.0,1.0,0.0007703169159116488,0.0005251027196232928,7.690530497317986e-05,-0.00019024471046957814,0.00021210453193631906,5.782182176528039e-05,-1.0394339561462402
389,1,4.197387413584071,1.9295426152631432,2.6446326650605503,6.099328585364352,2.8038666128042546,3.842981841416112,66.51233462762164,56.85377241067985,61.78786763625091,96.6507362557627,82.61563803426915,89.78549515892709,4.5151946197203054,2.122678223322072,2.90105848169428,6.271103638500424,2.948164199058433,4.029247891242055,91.39535162938851,80.4543604270039,86.3718052315968,126.93798837415072,111.74216725972765,119.96084059943999,4.197387413584071,1.9295426152631432,2.6446326650605503,6.099328585364352,2.8038666128042546,3.842981841416112,66.51233462762164,56.85377241067985,61.78786763625091,96.6507362557627,82.61563803426915,89.78549515892709,0.8693467336683417,-0.0006532663316582976,-0.0006532663316582976,0.7085427135678393,-0.0014572864321606982,-0.0014572864321606982,0.6130653266331658,-0.001934673366834172,-0.001934673366834172,0.44244604316546765,0.10851426578665258,0.1768958039310179,0.4223826714801444,0.4723618090452262,0.12649714739109086,0.20191105779313934,0.46464646464646464,0.44244604316546765,0.10851426578665258,0.1768958039310179,0.4223826714801444,23.0,0.0,0.0,34.0,-1.0,-1.0,46.0,-1.0,-1.0,0.0006749672661939621,0.00016324990614447168,7.734952146825955e-05,-0.0049142832050534935,-0.0033113389220318368,-0.004154910562782277,-1.026503562927246
389,0,3.6154332782116887,1.6934367127721837,2.3246621663467364,5.957506408122406,2.790442885196932,3.830575393602798,37.16744628208596,30.33285571869559,33.53185736118753,61.244471232116496,49.982441498731106,55.25375238132788,3.612286479029823,1.6434109059360933,2.2876940337788803,5.873636551268005,2.6722128551806392,3.7198276972014317,37.05067162209762,29.88805350395748,33.29001925119728,60.2449945074758,48.598460982044685,54.13011260357281,3.6154332782116887,1.6934367127721837,2.3246621663467364,5.957506408122406,2.790442885196932,3.830575393602798,37.16744628208596,30.33285571869559,33.53185736118753,61.244471232116496,49.982441498731106,55.25375238132788,0.6934673366834171,-0.0015326633165829717,-0.0015326633165829717,0.6231155778894473,-0.0018844221105527303,-0.0018844221105527303,0.5175879396984925,-0.002412060301507535,-0.002412060301507535,0.4367816091954023,0.11746994571547875,0.1909217365839374,0.4192307692307692,0.44723618090452266,0.12643417589199135,0.2068355131248899,0.4242424242424242,0.4367816091954023,0.11746994571547875,0.1909217365839374,0.4192307692307692,24.0,9.0,9.0,34.0,10.0,10.0,44.0,10.0,10.0,-0.00011780267801565838,0.000257028651200719,0.00010931896797108283,-0.00012094549186336678,-0.00017278787436758591,9.286739145242251e-05,-0.789858341217041
425,1,3.313025946095145,1.4981025327001438,2.0581899177266907,5.819252827597172,2.631382168836004,3.61516260160284,27.468116885837585,21.327511014558308,23.960853650321926,48.24710686165254,37.46127582349879,42.086680764036956,3.548998344483687,1.5284312613639384,2.165666575982902,6.172171033884673,2.658141324111197,3.7663766538833077,34.77846399461025,27.23586299179854,30.790296828498814,60.48428520801783,47.36671824660617,53.54834231043272,3.3428270477913693,1.5174329525074535,2.082823623729287,5.934012510872253,2.6936679630309825,3.6973200421229953,28.299016398017176,22.093776404903466,24.77358283936909,50.23494035150978,39.21972142882272,43.97677427106939,0.6934673366834171,-0.0015326633165829717,-0.0015326633165829717,0.6180904522613065,-0.0019095477386934512,-0.0019095477386934512,0.48743718592964824,-0.002562814070351749,-0.002562814070351749,0.4378698224852071,0.11586095985596045,0.19377533429623073,0.40356083086053407,0.42713567839195976,0.103827407715268,0.175048867039706,0.4242424242424242,0.4347826086956522,0.11925673223488431,0.19896503361222617,0.4093959731543624,22.0,13.0,13.0,30.0,19.0,19.0,41.0,23.0,23.0,0.00046364324355834815,0.0001248209279289161,0.0003059566021480561,-0.004322502103845771,-0.003543750425016867,-0.004015401586178413,-1.2606353759765625
425,0,3.443512207731253,1.5860264417611993,2.1672583551593405,5.638278230241283,2.596900437608997,3.5485878562499096,31.296685824266884,24.889079544015736,27.713494435900987,51.24402404193149,40.75244892371807,45.377040340101615,3.692125768517729,1.6944716442075867,2.32120166010323,6.003456534175169,2.7552384458659946,3.7743116424442764,40.13006357555756,32.75832096811112,36.19107450852943,65.25213589521555,53.26556254977419,58.8472756236251,3.443512207731253,1.5860264417611993,2.1672583551593405,5.638278230241283,2.596900437608997,3.5485878562499096,31.296685824266884,24.889079544015736,27.713494435900987,51.24402404193149,40.75244892371807,45.377040340101615,0.7336683417085428,-0.001331658291457205,-0.001331658291457205,0.6080402010050252,-0.001959798994974782,-0.001959798994974782,0.507537688442211,-0.0024623115577889765,-0.0024623115577889765,0.43434343434343436,0.1267804091333503,0.19358195617994056,0.3952702702702703,0.42713567839195976,0.1088399390435888,0.181726663366918,0.398989898989899,0.43434343434343436,0.1267804091333503,0.19358195617994056,0.3952702702702703,23.0,3.0,3.0,33.0,3.0,3.0,44.0,4.0,4.0,0.0011947380358209364,0.00023891732833232948,9.111713630460964e-05,0.0005149329265217162,0.00011139288064487829,-3.329665942342075e-05,-1.573608636856079
133,1,2.7717522749851318,1.2267155969097532,1.6930662829274983,5.505535340723892,2.4366268705741674,3.3629398770477708,15.98662243951744,11.29847886356536,13.045809679716152,31.754250051096285,22.44218404406818,25.912909637792357,2.8311535245809125,1.1672341504209107,1.649475896141775,5.0556312938944865,2.084346697180198,2.945492671681741,16.96501910844892,11.685054608716705,13.705180692666971,30.29467697937307,20.866168944136973,24.473536951191015,2.7717522749851318,1.2267155969097532,1.6930662829274983,5.505535340723892,2.4366268705741674,3.3629398770477708,15.98662243951744,11.29847886356536,13.045809679716152,31.754250051096285,22.44218404406818,25.912909637792357,0.6130653266331658,-0.001934673366834172,-0.001934673366834172,0.46733668341708545,-0.002663316582914521,-0.002663316582914521,0.37688442211055273,-0.003115577889447274,-0.003115577889447274,0.40484429065743943,0.1215973131099437,0.17699618939161665,0.3819444444444444,0.39698492462311563,0.10625810758050913,0.15992315500708887,0.36363636363636365,0.40484429065743943,0.1215973131099437,0.17699618939161665,0.3819444444444444,23.0,10.0,10.0,34.0,11.0,11.0,42.0,13.0,13.0,-1.9487155699104022e-05,0.00012821587376440026,0.00010000739269385507,-0.0003149833039568506,0.00014238108104080993,-5.260203672641239e-06,-1.2375664710998535
133,0,3.769001358747482,1.7580108625472333,2.407320541879627,6.229937540047309,2.9058885433868973,3.979159248636324,43.336765337500765,35.86605194043289,39.43401774154244,71.63312388139832,59.28447408977436,65.18211167866721,3.6959018563505395,1.6533701186429282,2.298908569330921,6.159836427250899,2.75561686440488,3.831514282218202,40.28188468487761,32.57178021264921,36.23885922861001,67.13647447479602,54.286300354415346,60.39809871435001,3.769001358747482,1.7580108625472333,2.407320541879627,6.229937540047309,2.9058885433868973,3.979159248636324,43.336765337500765,35.86605194043289,39.43401774154244,71.63312388139832,59.28447408977436,65.18211167866721,0.7085427135678393,-0.0014572864321606982,-0.0014572864321606982,0.6030150753768844,-0.0019849246231156137,-0.0019849246231156137,0.5376884422110553,-0.0023115577889447625,-0.0023115577889447625,0.4535714285714286,0.12023809523809526,0.2053529012555141,0.4551971326164874,0.4723618090452262,0.1490535383685344,0.22862224310198742,0.4696969696969697,0.4535714285714286,0.12023809523809526,0.2053529012555141,0.4551971326164874,22.0,1.0,1.0,35.0,1.0,1.0,45.0,3.0,3.0,6.559355200612632e-07,-0.0002592973430564191,-6.28961648320282e-05,-0.0002526140072118821,0.00017724280649034085,2.6280809047207754e-05,-1.1708076000213623
229,1,3.1239036625781016,1.4180181581934115,1.9470616394939775,5.652778056093707,2.5659376195880776,3.523254395274816,22.73495624201325,17.22869691616698,19.49084306715948,41.139444628404924,31.175737276873583,35.26914459771715,3.304657710856529,1.4232318395691568,2.004825876077767,5.601114764163609,2.412257355201961,3.3980099594538427,27.239216304902595,20.67636032313466,23.570536633489144,46.16816322864847,35.04467851378756,39.950062090659564,3.2530329475466835,1.5052639440092515,2.0334443258941315,5.859378622388304,2.7112886702335315,3.662649719532201,25.868679405099634,20.126900916629843,22.48288480059943,46.59479001279995,36.25267092814653,40.496280454091746,0.7236180904522613,-0.0013819095477386467,-0.0013819095477386467,0.5628140703517588,-0.0021859296482411583,-0.0021859296482411583,0.44723618090452266,-0.0027638190954772934,-0.0027638190954772934,0.42228739002932547,0.12360510598832986,0.1867057673509286,0.42647058823529416,0.40703517587939697,0.10127076485182807,0.15661781360894622,0.4545454545454546,0.412751677852349,0.11124414016390682,0.1727963207094919,0.4377104377104377,20.0,9.0,9.0,34.0,14.0,14.0,42.0,15.0,15.0,-0.0008875317318491758,0.0003903342718148966,7.53290399090991e-05,-0.004334348882514938,-0.007051699778790166,-0.007411590472218954,-1.1514716148376465
229,0,3.357604918043696,1.5477436458926201,2.1087907093585327,5.834526578895603,2.6895217453216023,3.664455986754171,28.720320915157604,22.6107211133589,25.23411432314273,49.90744290174928,39.29076127895153,43.84944456152671,3.6619418925376395,1.6402111286672665,2.2857324575762026,5.721784207090062,2.562829888542604,3.5714569649628167,38.93688074253372,31.38549745122641,34.977017717772306,60.83887616020893,49.03983976754127,54.65159018401923,3.3589272746274306,1.5420383497962886,2.1095568507100526,5.791253921771433,2.6586868099936014,3.63716698398285,28.758324542242125,22.605637370820627,25.270178329644878,49.583318176279526,38.97523684624246,43.56927298214634,0.7989949748743719,-0.0010050251256281673,-0.0010050251256281673,0.6532663316582914,-0.0017336683417086274,-0.0017336683417086274,0.5376884422110553,-0.0023115577889447625,-0.0023115577889447625,0.43848580441640383,0.1282495839439629,0.19714267744893266,0.4177215189873418,0.44221105527638194,0.09634639362224662,0.1867853457605222,0.45959595959595956,0.4347826086956522,0.11925673223488431,0.19117860424626398,0.412751677852349,22.0,6.0,6.0,38.0,8.0,8.0,45.0,6.0,6.0,0.000645650389177276,4.750213620007046e-05,0.00026998899489925416,0.00043595439539778624,3.3922379648387846e-05,-0.00010338779879681681,-1.61138916015625
238,1,2.9622362135070386,1.2989023635647523,1.6060048869255927,5.9985283323517535,2.6302772862186234,3.2521598960243256,19.34117442779707,14.064300570236908,15.459636972236527,39.16587821628907,28.480208654729744,31.305764868778972,3.104691069928845,1.325861235413854,1.8561764726044672,5.594037963835756,2.388939162907845,3.3444621128008416,22.302328051132026,16.37940648759764,18.817165809760695,40.18437486690455,29.51244412179755,33.90480326083008,2.9076864412397048,1.2793783918132517,1.7717548569642332,5.738854818236259,2.525088931210365,3.496884586113618,18.31437812489644,13.219131608812681,15.20030491120633,36.146798930716656,26.090391333182925,30.00060179843355,0.6130653266331658,-0.001934673366834172,-0.001934673366834172,0.49246231155778897,-0.002537688442211028,-0.002537688442211028,0.40703517587939697,-0.00296482412060306,-0.00296482412060306,0.40841584158415845,0.11051720128749587,0.14155367149618192,0.3870967741935484,0.40201005025125625,0.10627070188032894,0.1499232388990025,0.35858585858585856,0.40802675585284276,0.13089820827354393,0.18333265129221987,0.3691275167785235,24.0,5.0,5.0,33.0,5.0,5.0,42.0,7.0,7.0,0.0008298340389107522,0.000561574312772932,0.0001646253317741603,-0.025942161871601144,-0.023924752857957365,-0.025422881459713942,-0.9625685214996338
238,0,3.594620217485118,1.6625669842181672,2.2710997886341033,6.6179100692772375,3.0608849113420566,4.181230074438946,36.40187256762888,29.498202022197816,32.645249517609656,67.0180170450386,54.30794809384764,60.10185010526812,3.747043192686148,1.6871041542015317,2.3278784548907976,6.0436180527195935,2.7211357325831154,3.754642669178706,42.39554104548244,34.550049522794566,38.26187474281477,68.37990491206845,55.72588632708801,61.71270119808834,3.594620217485118,1.6625669842181672,2.2710997886341033,6.6179100692772375,3.0608849113420566,4.181230074438946,36.40187256762888,29.498202022197816,32.645249517609656,67.0180170450386,54.30794809384764,60.10185010526812,0.7537688442211055,-0.0012311557788945438,-0.0012311557788945438,0.592964824120603,-0.0020351758793969443,-0.0020351758793969443,0.4974874371859297,-0.002512562814070307,-0.002512562814070307,0.4368231046931408,0.12330959117962725,0.19792754646985145,0.39855072463768115,0.42713567839195976,0.1188650017002304,0.183396112448721,0.398989898989899,0.4368231046931408,0.12330959117962725,0.19792754646985145,0.39855072463768115,24.0,9.0,9.0,32.0,4.0,4.0,40.0,4.0,4.0,0.0005303344414392239,0.0003498412707562155,5.307144036716333e-05,-0.00023182424163081805,0.0001888633816387042,3.6794479953528025e-05,-0.903261661529541
331,1,3.5603912859546893,1.6163562960693862,2.2252689217694543,6.1680018052454475,2.800166541077951,3.855043343347083,35.17695870244793,28.190072517550092,31.376497744170965,60.94036507607177,48.836322812093826,54.3564679230004,3.694913399279417,1.678949102154502,2.3176562438228103,5.9595377407732535,2.7079824228298417,3.738155231972275,40.24208744329545,32.73412364377608,36.27807341471877,64.90659265047654,52.796973618993675,58.513021636643174,3.5603912859546893,1.6163562960693862,2.2252689217694543,6.1680018052454475,2.800166541077951,3.855043343347083,35.17695870244793,28.190072517550092,31.376497744170965,60.94036507607177,48.836322812093826,54.3564679230004,0.7989949748743719,-0.0010050251256281673,-0.0010050251256281673,0.6532663316582914,-0.0017336683417086274,-0.0017336683417086274,0.5025125628140703,-0.0024874371859296973,-0.0024874371859296973,0.4448979591836735,0.11292239910220703,0.18980976379697068,0.4221311475409836,0.457286432160804,0.11894056749914983,0.19685237539953526,0.43939393939393945,0.4448979591836735,0.11292239910220703,0.18980976379697068,0.4221311475409836,12.0,0.0,0.0,23.0,0.0,0.0,32.0,0.0,0.0,0.00027899595564858965,0.0001733880426630977,0.0003022682723305282,-1.0066742095027337e-05,-8.484196204427974e-05,-0.00010243434826673337,-0.8051445484161377
331,0,3.289975473337006,1.5195211855992417,2.080730784475021,5.955272059331543,2.7505256903885007,3.7663861035433928,26.84220529810158,20.968684274129366,23.491252613529607,48.58778933706995,37.95597280000632,42.52214080676879,3.5484882551221992,1.6069512653962785,2.194982276521989,5.9141470918703325,2.678252108993798,3.6583037942033148,34.760728393872895,27.79127367081692,30.88975507656574,57.93454732312149,46.31878945136154,51.48292512760957,3.289975473337006,1.5195211855992417,2.080730784475021,5.955272059331543,2.7505256903885007,3.7663861035433928,26.84220529810158,20.968684274129366,23.491252613529607,48.58778933706995,37.95597280000632,42.52214080676879,0.7386934673366834,-0.0013065326633165952,-0.0013065326633165952,0.6080402010050252,-0.001959798994974782,-0.001959798994974782,0.4974874371859297,-0.002512562814070307,-0.002512562814070307,0.43157894736842106,0.1198451470181584,0.1935392740895413,0.397887323943662,0.42713567839195976,0.1088399390435888,0.183396112448721,0.4040404040404041,0.43157894736842106,0.1198451470181584,0.1935392740895413,0.397887323943662,24.0,10.0,10.0,35.0,8.0,8.0,43.0,8.0,8.0,0.000725559927184651,0.0006478172864765434,0.0001853598370469823,-0.004962792658078641,-0.005086617987192454,-0.004179442461563987,-1.2440588474273682
82,1,3.10600369577705,1.401959800728717,1.8922945326007008,6.2120073915541,2.803919601457434,3.7845890652014016,22.331621885122868,16.8354936062808,18.96567551380121,44.663243770245735,33.6709872125616,37.93135102760242,3.0282211483423436,1.3361131846608238,1.8552832998102033,5.456254321337555,2.4074111435330154,3.3428527924508162,20.660448009744034,15.229531186888012,17.428975726810364,37.22603244998925,27.440596733131553,31.403559868126777,3.184287899712655,1.437998830366579,1.9812777924059846,6.084626559960487,2.747768465668622,3.7858811319859575,24.15008499882945,18.416797679928067,20.819959111413304,46.14665923343207,35.19133314635937,39.78336135938848,0.6331658291457287,-0.0018341708542712887,-0.0018341708542712887,0.5175879396984925,-0.002412060301507535,-0.002412060301507535,0.42713567839195976,-0.002864321608040288,-0.002864321608040288,0.4192634560906515,0.10101734576533328,0.16999659392056354,0.38636363636363635,0.42713567839195976,0.1389151270135136,0.2017600523485541,0.36868686868686873,0.4247491638795987,0.1159010837460428,0.1833698535347711,0.3959731543624161,20.0,1.0,1.0,31.0,3.0,3.0,38.0,2.0,2.0,0.0005681437975087447,-0.00027768914898585834,0.00011927963991095316,-0.008324663206463079,-0.007642932013223636,-0.008098935800810558,-1.0891132354736328
82,0,3.731535793834702,1.7044746663536956,2.340769818573145,6.639938691970572,3.0329622739528994,4.165193353637509,41.74316786003531,34.15142548127594,37.725241353128276,74.27828398623929,60.76944828285866,67.1287382901253,3.5587405930811435,1.5461435873135123,2.160640970816415,6.243404549265165,2.712532609321952,3.790598194414764,35.11894024590516,27.63621543064393,31.071439372879247,61.612175870009054,48.48458847481391,54.51129714540219,3.731535793834702,1.7044746663536956,2.340769818573145,6.639938691970572,3.0329622739528994,4.165193353637509,41.74316786003531,34.15142548127594,37.725241353128276,74.27828398623929,60.76944828285866,67.1287382901253,0.7437185929648241,-0.0012814070351758744,-0.0012814070351758744,0.592964824120603,-0.0020351758793969443,-0.0020351758793969443,0.5125628140703518,-0.0024371859296482556,-0.0024371859296482556,0.4481327800829875,0.12101062687387776,0.19433967663471163,0.4625,0.44723618090452266,0.13144670722031215,0.18513267506145092,0.43939393939393945,0.4481327800829875,0.12101062687387776,0.19433967663471163,0.4625,26.0,9.0,9.0,37.0,11.0,11.0,46.0,11.0,11.0,-0.00023904402297291605,2.7352289047582244e-05,-0.00016294978001139487,1.765294534639139e-05,-6.285548396256502e-05,-8.431204445269458e-05,-0.601323127746582
27,1,3.7702580698438592,1.69864420123019,2.343188125901478,5.771993024451681,2.600501689512198,3.58725192470484,43.3912613670918,35.45363830000357,39.22478807801163,66.42888982487766,54.27696172732506,60.05031989262606,3.7324885710998994,1.5562032976507356,2.2294000920498855,5.257026156478732,2.191835630493994,3.1400001296477265,41.78295875426923,32.96945314384636,37.287406684356455,58.849237682069344,46.435849498375156,52.517474203318955,3.7702580698438592,1.69864420123019,2.343188125901478,5.771993024451681,2.600501689512198,3.58725192470484,43.3912613670918,35.45363830000357,39.22478807801163,66.42888982487766,54.27696172732506,60.05031989262606,0.7537688442211055,-0.0012311557788945438,-0.0012311557788945438,0.6331658291457287,-0.0018341708542712887,-0.0018341708542712887,0.5477386934673367,-0.002261306532663321,-0.002261306532663321,0.43243243243243246,0.09516430427054379,0.16838748861220776,0.4338983050847458,0.4321608040201005,0.08378987670180471,0.16171005276801365,0.4292929292929293,0.43243243243243246,0.09516430427054379,0.16838748861220776,0.4338983050847458,26.0,0.0,0.0,37.0,0.0,0.0,45.0,0.0,0.0,-0.00022809577658641875,4.4475660669409334e-05,-6.334422781108576e-05,-0.00036349275698022154,0.0001152664056931485,-2.979210245257491e-05,-0.4848496913909912
27,0,3.518676024857567,1.6370542147714142,2.2423031668709834,6.800802400985213,3.164054364684246,4.33386326370022,33.739728317832814,27.17558629195839,30.156110484915796,65.21123960589536,52.52424241302882,58.28491942462718,3.485834322982098,1.6017098906907947,2.1971070452757164,6.5770458924190525,3.022094133378858,4.145484991086256,32.6496561078389,26.069065941216344,29.021490139537516,61.60312473177151,49.18691687021951,54.75752856516512,3.518676024857567,1.6370542147714142,2.2423031668709834,6.800802400985213,3.164054364684246,4.33386326370022,33.739728317832814,27.17558629195839,30.156110484915796,65.21123960589536,52.52424241302882,58.28491942462718,0.7688442211055276,-0.0011557788944723812,-0.0011557788944723812,0.6030150753768844,-0.0019849246231156137,-0.0019849246231156137,0.44723618090452266,-0.0027638190954772934,-0.0027638190954772934,0.4279475982532751,0.11422210805719668,0.17685906414587305,0.4035087719298246,0.42713567839195976,0.10633367337942845,0.16837107071249402,0.398989898989899,0.4279475982532751,0.11422210805719668,0.17685906414587305,0.4035087719298246,24.0,3.0,3.0,39.0,8.0,8.0,46.0,5.0,5.0,7.6183208581828385e-06,3.1048655445687375e-05,8.328391787864438e-05,0.00010081200767153575,3.1039502799146135e-06,-2.9945133013242753e-05,-0.546309232711792
409,1,3.3357465018087358,1.5028830954906538,2.0787904739649194,6.188384889562414,2.788107259910248,3.85651474135561,28.099351613160543,21.847589223664833,24.584645094335038,52.12914195820819,40.53104483562649,45.60875538190432,3.105156932044868,1.2965283576950415,1.8386006438001397,5.495852977070563,2.294740456097419,3.254160431504672,22.3127202813554,16.210647129803192,18.764109178700544,39.49154032098301,28.69141084920919,33.21081270566468,3.3357465018087358,1.5028830954906538,2.0787904739649194,6.188384889562414,2.788107259910248,3.85651474135561,28.099351613160543,21.847589223664833,24.584645094335038,52.12914195820819,40.53104483562649,45.60875538190432,0.6281407035175879,-0.0018592964824121205,-0.0018592964824121205,0.5125628140703518,-0.0024371859296482556,-0.0024371859296482556,0.44221105527638194,-0.0027889447236180143,-0.0027889447236180143,0.4477611940298507,0.1479474137691431,0.21823265804970182,0.43071161048689144,0.4371859296482412,0.13894031561315345,0.19511581278680545,0.3939393939393939,0.4477611940298507,0.1479474137691431,0.21823265804970182,0.43071161048689144,26.0,11.0,11.0,37.0,12.0,12.0,45.0,12.0,12.0,-0.0006138321848702351,-8.225677097585189e-05,0.0002138734223161103,-0.00016945494488584956,0.00022372510708557058,6.833549267337702e-05,-0.9341771602630615
409,0,3.8699375042299025,1.807225260286761,2.4683275846354786,6.377829965071627,2.978387998796617,4.0679141757959005,47.93938997810366,40.07211109905574,43.877656207334795,79.0062572264837,66.04063002358349,72.31233844225567,4.129023940119911,1.923937487798311,2.641935236368944,6.30385334369452,2.9373091416768107,4.033488910486938,62.117263167355404,53.04622742129693,57.693066562502075,94.83551628603878,80.98660675007166,88.08101765267492,3.8699375042299025,1.807225260286761,2.4683275846354786,6.377829965071627,2.978387998796617,4.0679141757959005,47.93938997810366,40.07211109905574,43.877656207334795,79.0062572264837,66.04063002358349,72.31233844225567,0.7537688442211055,-0.0012311557788945438,-0.0012311557788945438,0.6381909547738693,-0.0018090452261306789,-0.0018090452261306789,0.5577889447236181,-0.00221105527638199,-0.00221105527638199,0.44557823129251706,0.12978875760830655,0.20236556160925911,0.4368600682593856,0.4522613065326633,0.12644677019181116,0.20351339334401553,0.46464646464646464,0.44557823129251706,0.12978875760830655,0.20236556160925911,0.4368600682593856,28.0,5.0,5.0,39.0,5.0,5.0,49.0,5.0,5.0,0.0004417058527791666,-7.746380239231004e-05,0.0001106456177085296,-0.0003496329132595122,0.00012301345579235345,-2.278298851532412e-05,-1.0948419570922852
78,1,2.7069141002496084,1.1998677486343248,1.6447062042432632,4.629438319176887,2.0520465473802942,2.812821406120581,14.982968163984637,10.469588014507817,12.090217327308546,25.624280780450995,17.905374956629842,20.67701940636291,3.3326904989367154,1.5066837795936687,2.0765286971336234,4.9010154396128165,2.2157114405789247,3.053718672255328,28.01361099244911,21.80456835534627,24.50169483683012,41.196486753601626,32.065541699038626,36.03190417180899,2.7036084199828845,1.1949282684033093,1.6386562554591584,4.6347572913992305,2.048448460119959,2.8091250093585574,14.933521035015113,10.41276089814129,12.032820810651032,25.60032177431162,17.850447253956492,20.627692818258907,0.7487437185929648,-0.0012562814070351536,-0.0012562814070351536,0.5979899497487438,-0.0020100502512562235,-0.0020100502512562235,0.48743718592964824,-0.002562814070351749,-0.002562814070351749,0.4066666666666666,0.1188130892956184,0.1671988174427198,0.31438127090301005,0.4371859296482412,0.11889019029987025,0.19010746554139646,0.3787878787878788,0.4046822742474916,0.11753703217737477,0.1677523521117853,0.3120805369127517,19.0,0.0,0.0,29.0,0.0,0.0,42.0,0.0,0.0,0.0023871371460417114,0.0002573407557757056,0.00020673016940454892,-0.02489966604528515,-0.018947754866893263,-0.022897392581226583,-1.3276221752166748
78,0,4.31738983957391,2.031814496432258,2.777754141198953,6.863542821886729,3.2300640712512823,4.415916839854745,74.99262981497456,65.16128882321625,70.32973855230777,119.21905252636982,103.58974120613865,111.80625103187391,4.279136293497517,1.981464302911712,2.725745657626585,6.434791418793258,2.9796455682882885,4.098865650566293,72.17807240707688,62.2270829356992,67.45060023154504,108.53845474748402,93.5745608055627,101.42947403239855,4.31738983957391,2.031814496432258,2.777754141198953,6.863542821886729,3.2300640712512823,4.415916839854745,74.99262981497456,65.16128882321625,70.32973855230777,119.21905252636982,103.58974120613865,111.80625103187391,0.778894472361809,-0.0011055276381910506,-0.0011055276381910506,0.6984924623115578,-0.0015075376884421399,-0.0015075376884421399,0.5376884422110553,-0.0023115577889447625,-0.0023115577889447625,0.44534412955465585,0.11201079622132248,0.18289460061791296,0.4552845528455285,0.44221105527638194,0.11639651893552982,0.1834464475969162,0.4494949494949495,0.44534412955465585,0.11201079622132248,0.18289460061791296,0.4552845528455285,27.0,1.0,1.0,37.0,4.0,4.0,46.0,3.0,3.0,-0.00010739734134217015,-0.00018500857354037466,-0.00012662151315715774,-2.39265858157367e-05,-9.583520108336074e-05,-0.00011149550017286458,-0.4513540267944336
91,1,3.593909421064748,1.5805641039715144,2.190161188755842,6.0724676424887125,2.6706083136070418,3.7006171810012503,36.37600744042196,28.887681121862315,32.305579120168254,61.46290912347158,48.810219826594945,54.58528885821532,3.7015293249532806,1.6672360707367684,2.302646977876597,5.325941474752922,2.398900821203983,3.313161119246902,40.509208755821405,32.86236291660659,36.45853856324505,58.28663130334016,47.283975419577835,52.458328867978494,3.593909421064748,1.5805641039715144,2.190161188755842,6.0724676424887125,2.6706083136070418,3.7006171810012503,36.37600744042196,28.887681121862315,32.305579120168254,61.46290912347158,48.810219826594945,54.58528885821532,0.7236180904522613,-0.0013819095477386467,-0.0013819095477386467,0.6080402010050252,-0.001959798994974782,-0.001959798994974782,0.5175879396984925,-0.002412060301507535,-0.002412060301507535,0.447098976109215,0.13193713624550119,0.19738274455416394,0.40068493150684936,0.46733668341708545,0.15154720973287494,0.2219276683920437,0.41414141414141414,0.447098976109215,0.13193713624550119,0.19738274455416394,0.40068493150684936,25.0,7.0,7.0,37.0,2.0,2.0,45.0,4.0,4.0,0.00129685021407342,0.0007690819776267242,6.729137456142469e-05,-0.0003427029913991575,0.00012688698084151184,-1.9278431547142816e-05,-1.3813683986663818
91,0,3.9670332280151985,1.8887112091818632,2.556850829938453,6.260116018775429,2.9804517925239806,4.034799286550276,52.82757076545537,44.83652193677208,48.73086819885762,83.36373883797293,70.75358664010855,76.89900010571175,4.246580595946192,1.9845643948671507,2.7171423289771064,6.533200916840295,3.0531759921033093,4.180218967657087,69.86610299637049,60.26367290384168,65.25051962805182,107.48631230210843,92.71334292898719,100.3854148123874,3.9670332280151985,1.8887112091818632,2.556850829938453,6.260116018775429,2.9804517925239806,4.034799286550276,52.82757076545537,44.83652193677208,48.73086819885762,83.36373883797293,70.75358664010855,76.89900010571175,0.8190954773869347,-0.0009045226130653949,-0.0009045226130653949,0.6934673366834171,-0.0015326633165829717,-0.0015326633165829717,0.5829145728643217,-0.002085427135678275,-0.002085427135678275,0.4558823529411765,0.1274419859686995,0.21138357543506403,0.43173431734317347,0.457286432160804,0.10891550484250823,0.20019127356314126,0.45959595959595956,0.4558823529411765,0.1274419859686995,0.21138357543506403,0.43173431734317347,24.0,8.0,8.0,34.0,6.0,6.0,45.0,9.0,9.0,0.0005024538596565414,0.000256435178671813,-0.0001052002855808684,-0.00019717463232815646,0.00020823100688893703,5.431726479621091e-05,-1.3177945613861084
309,1,4.174678443931043,1.9267151462618575,2.609266694023141,6.311131529942813,2.912739956407632,3.944597296258513,65.01892906799421,55.55049726037457,60.23428446065637,98.29332217926184,83.97928115244862,91.06006533169815,4.156811972958359,1.9181751954438555,2.639895559420313,6.158239959938308,2.841741030287193,3.9109563843263886,63.86758610354749,54.48705129232569,59.30943804492989,94.61864607932961,80.72155747011213,87.86583414063688,4.174678443931043,1.9267151462618575,2.609266694023141,6.311131529942813,2.912739956407632,3.944597296258513,65.01892906799421,55.55049726037457,60.23428446065637,98.29332217926184,83.97928115244862,91.06006533169815,0.8140703517587939,-0.0009296482412060048,-0.0009296482412060048,0.6582914572864322,-0.0017085427135676845,-0.0017085427135676845,0.5778894472361809,-0.002110552763819218,-0.002110552763819218,0.46484375,0.13151041666666663,0.19860998376623373,0.4509803921568627,0.44723618090452266,0.11390284757118929,0.18513267506145092,0.4292929292929293,0.46484375,0.13151041666666663,0.19860998376623373,0.4509803921568627,21.0,0.0,0.0,30.0,0.0,0.0,40.0,0.0,0.0,0.00022284215233573068,9.039004756075805e-06,0.0002974701312070278,-8.629588256159337e-05,-0.00014530477676810705,0.00011039017629776993,-0.9199485778808594
309,0,4.1797299392406755,1.950322937490415,2.6561437418190343,6.488533143773621,3.0276441791517876,4.12334695158574,65.34820284550028,56.053849935513156,60.759551311710155,101.44530536968139,87.01692894751089,94.32197013151196,4.04111945689024,1.7901345607944674,2.497551598216546,5.691717544915832,2.5213162828091096,3.5176783073472486,56.88999306668439,47.392908193183544,52.20873047227785,80.12675079814703,66.75057491997683,73.53342320039134,4.041756820519233,1.8815874049577292,2.5698077030517794,6.186362480386582,2.879980721874076,3.933379137324153,56.9262642368532,48.25365742828953,52.56854365873655,87.13203709722428,73.85763892085131,80.46205662051513,0.778894472361809,-0.0011055276381910506,-0.0011055276381910506,0.6733668341708543,-0.001633165829145744,-0.001633165829145744,0.5879396984924623,-0.002060301507537776,-0.002060301507537776,0.44307692307692303,0.10052699988183855,0.18616801826627816,0.47530864197530864,0.4522613065326633,0.09637158222188635,0.18514945344418243,0.46464646464646464,0.45150501672240806,0.11093740403459507,0.19788988880249703,0.459731543624161,24.0,1.0,1.0,33.0,2.0,2.0,43.0,-2.0,-2.0,7.625353060198387e-07,-0.00015677811922229542,-0.00024025006858058534,0.00040436298294821427,2.9341792515680254e-06,-0.0001314242545484845,-0.7853498458862305
9,1,3.095441375966409,1.3679799755539572,1.8979882410901623,5.0961534848227465,2.2521621548754176,3.124736738380146,22.096989465554767,16.470636758619456,18.785317673945595,36.37918997377919,27.116292224556418,30.92704739003238,3.376687349386551,1.4813042749177134,2.0693719972205136,5.039831864756046,2.210901902862259,3.0886149212246474,29.273636984884888,22.618539670625566,25.577399700031446,43.69199549982819,33.7590144337695,38.17522343288275,3.095441375966409,1.3679799755539572,1.8979882410901623,5.0961534848227465,2.2521621548754176,3.124736738380146,22.096989465554767,16.470636758619456,18.785317673945595,36.37918997377919,27.116292224556418,30.92704739003238,0.7487437185929648,-0.0012562814070351536,-0.0012562814070351536,0.6080402010050252,-0.001959798994974782,-0.001959798994974782,0.4824120603015075,-0.0025879396984924696,-0.0025879396984924696,0.43122676579925645,0.1102620162630783,0.17041094379678423,0.33582089552238803,0.42211055276381915,0.08877721943048578,0.1566681487571413,0.3484848484848485,0.43122676579925645,0.1102620162630783,0.17041094379678423,0.33582089552238803,26.0,3.0,3.0,38.0,6.0,6.0,47.0,6.0,6.0,0.0005433343329359202,0.0006366977331960012,0.00019980460931474502,-0.014187176285211045,-0.012753707707002349,-0.01451198622619998,-1.5010833740234375
9,0,3.9084205957780402,1.7982546361694616,2.4675239061249616,6.602061817192636,3.037592290826794,4.168114706292165,49.82020356214625,41.570593289029276,45.59572139354435,84.15574926038218,70.22059677200892,77.01979965125736,4.208346041003663,1.9438347073325333,2.6766796353927367,6.524567505432036,3.0136972206705943,4.149890907585638,67.24522693397742,57.61880758942499,62.619347940220194,104.25616578911227,89.33148463476742,97.0842603724344,3.9084205957780402,1.7982546361694616,2.4675239061249616,6.602061817192636,3.037592290826794,4.168114706292165,49.82020356214625,41.570593289029276,45.59572139354435,84.15574926038218,70.22059677200892,77.01979965125736,0.8090452261306533,-0.0009547738693467256,-0.0009547738693467256,0.6783919597989949,-0.0016080402010050232,-0.0016080402010050232,0.5829145728643217,-0.002085427135678275,-0.002085427135678275,0.4538152610441767,0.13317397847904644,0.2001436989613996,0.3870967741935484,0.4371859296482412,0.1013463306507475,0.17341297472336648,0.4040404040404041,0.4538152610441767,0.13317397847904644,0.2001436989613996,0.3870967741935484,27.0,0.0,0.0,37.0,0.0,0.0,47.0,0.0,0.0,0.0005528753733021615,0.00046293503204230445,0.0006263688556474201,-3.7786429536446065e-05,-0.00010682844012599446,0.00013492207507859177,-1.1179876327514648
68,1,3.2977393356305136,1.4480576024749994,2.00325521257621,6.374288837773615,2.7989893901498464,3.8721457462601134,27.0514155726819,20.693619847700102,23.40230257745805,52.28840693012294,39.99925299829837,45.23493851862318,3.3059688770591316,1.3570764853451933,1.9043299174546995,5.903515851891306,2.4233508666878447,3.400589138311963,27.27495486918576,20.25404801140889,23.213103143914843,48.705276552117425,36.16794287751587,41.45196989984793,3.27958642718784,1.4359706343593102,1.989562749183695,6.187898919222339,2.7093785553949243,3.753891979591877,26.56478395530277,20.245437506395678,22.931911381396468,50.12223387792975,38.198938691312605,43.26775732338957,0.6532663316582914,-0.0017336683417086274,-0.0017336683417086274,0.5376884422110553,-0.0023115577889447625,-0.0023115577889447625,0.457286432160804,-0.0027135678391959628,-0.0027135678391959628,0.4208860759493671,0.11282920391145246,0.1787808127914724,0.3904761904761904,0.4321608040201005,0.12389012732837112,0.18007399266784674,0.38383838383838387,0.4180602006688964,0.10921212053534046,0.1755685432717885,0.38590604026845643,24.0,9.0,9.0,36.0,10.0,10.0,45.0,12.0,12.0,0.0012439588394241438,0.0002997371460986176,8.418860557451367e-05,-0.011248919282202507,-0.010059211405226698,-0.010570384456495496,-0.7291848659515381
68,0,3.0731013944654753,1.344176167609007,1.870789557921892,5.189778375347308,2.2700117932580683,3.159343590164012,21.608816321906673,15.974221580113038,18.281014952369226,36.49243980893423,26.976874199068448,30.872530353235785,3.350170213972504,1.430607469356237,1.999889793562488,4.963215131811117,2.119418473120351,2.9627996941666486,28.507585620213387,21.689608999773313,24.649078236987812,42.23346017809391,32.13275407373824,36.51715294368565,3.0344900586533305,1.328486117493119,1.849074181932745,5.23187941147126,2.2904933060226194,3.188058934366802,20.79037332487892,15.283461816812498,17.5183260180261,35.845471249791245,26.35079623588362,30.204010375907075,0.7336683417085428,-0.001331658291457205,-0.001331658291457205,0.5728643216080402,-0.0021356783919597166,-0.0021356783919597166,0.4623115577889447,-0.002688442211055242,-0.002688442211055242,0.4242424242424242,0.11108054829688718,0.17827468230694032,0.37386018237082064,0.4120603015075377,0.09877709348748753,0.15997349015528395,0.36868686868686873,0.42140468227424754,0.11422605122249463,0.18113771898170028,0.35906040268456374,20.0,8.0,8.0,30.0,9.0,9.0,40.0,11.0,11.0,0.001074024086934675,4.523749256964633e-05,0.00037465103942235794,-0.007996179792476354,-0.006283537226901004,-0.007656217883004857,-1.5849764347076416
418,1,3.8499853430372295,1.7812737494653983,2.4412488515135378,6.038398064342602,2.7937872491615194,3.8289060934264967,46.992374461048676,39.07775516150226,42.90159106322419,73.7038294178553,61.2903738848825,67.28775861495163,4.02848316796461,1.8481587375108623,2.5464854483734403,5.924239952889132,2.717880496339504,3.744831541725648,56.17563758386971,47.32646084838546,51.77390725759371,82.61123174098486,69.59773654174332,76.13809890822604,3.8499853430372295,1.7812737494653983,2.4412488515135378,6.038398064342602,2.7937872491615194,3.8289060934264967,46.992374461048676,39.07775516150226,42.90159106322419,73.7038294178553,61.2903738848825,67.28775861495163,0.8341708542713568,-0.0008291457286431214,-0.0008291457286431214,0.7135678391959799,-0.0014321608040201994,-0.0014321608040201994,0.5577889447236181,-0.00221105527638199,-0.00221105527638199,0.43434343434343436,0.08980561921738395,0.17790446457859677,0.3851351351351351,0.4371859296482412,0.08881500232994544,0.16339628023254837,0.3787878787878788,0.43434343434343436,0.08980561921738395,0.17790446457859677,0.3851351351351351,28.0,9.0,9.0,37.0,10.0,10.0,50.0,13.0,13.0,0.0010110436326161705,0.00047460235248749906,1.3198543490339265e-05,-0.004160596115041493,-0.004132060252083569,-0.004221497145189268,-1.37502121925354
418,0,2.9867516078361094,1.3665445000557832,1.8773198631280938,5.795484907920398,2.651639327922811,3.642746489381003,19.821190800247827,14.767053840984527,16.788556206201832,38.460986122335186,28.653952155022953,32.57646998951746,3.426418611152687,1.5698334846797932,2.165689739071612,6.526511640290832,2.990159018437701,4.125123312517355,30.766259266762905,24.364421331820278,27.23826726142577,58.60239860335791,46.40842158441957,51.882413831287174,2.9867516078361094,1.3665445000557832,1.8773198631280938,5.795484907920398,2.651639327922811,3.642746489381003,19.821190800247827,14.767053840984527,16.788556206201832,38.460986122335186,28.653952155022953,32.57646998951746,0.7386934673366834,-0.0013065326633165952,-0.0013065326633165952,0.592964824120603,-0.0020351758793969443,-0.0020351758793969443,0.4623115577889447,-0.002688442211055242,-0.002688442211055242,0.40753424657534243,0.10667954572064153,0.1740490529534745,0.3711340206185567,0.4321608040201005,0.11637133033588998,0.17840454358604374,0.41414141414141414,0.40753424657534243,0.10667954572064153,0.1740490529534745,0.3711340206185567,23.0,7.0,7.0,36.0,11.0,11.0,42.0,9.0,9.0,0.0015348815610540384,0.0003785023726686894,0.0001827585844323781,-0.005003404257987398,-0.0033611537161899463,-0.004199752384049127,-1.4756975173950195
467,1,3.1415771687903056,1.4003730677470412,1.7103106306979543,5.97772322394822,2.664598753907564,3.2543410611891628,23.140334306568157,17.43612657490564,18.95633927996161,44.03091388888663,33.17707417725101,36.069701129926955,2.856146714196133,1.2223833883543298,1.7257701571182253,4.967211676862841,2.1258841536597046,3.001339403683871,17.394372149107824,12.271253699445985,14.297549738115,30.25108199844839,21.34131078164519,24.865303892373916,2.8121990415962244,1.245383936172321,1.7263932707784242,5.442965886960434,2.410420521623847,3.3414063305388857,16.64648431030235,11.855120431902389,13.684658900329055,32.21900189090777,22.945394384327205,26.486436581282042,0.6231155778894473,-0.0018844221105527303,-0.0018844221105527303,0.4974874371859297,-0.002512562814070307,-0.002512562814070307,0.4170854271356784,-0.0029145728643216184,-0.0029145728643216184,0.41951219512195126,0.11622352277115955,0.15949264477982028,0.44498777506112475,0.4170854271356784,0.12886487575723227,0.18336255568325777,0.4292929292929293,0.40802675585284276,0.12088151378272594,0.17665856897853793,0.412751677852349,19.0,6.0,6.0,34.0,14.0,14.0,39.0,8.0,8.0,-0.0006211484525570862,-0.00091405215152636,-0.0001653176191597821,6.870422567128998e-05,0.0003568457297351557,-5.0193429350642305e-06,-0.8143899440765381
467,0,3.5375726242993504,1.6592922418394638,2.2648980753274843,5.942327048682616,2.787238091629211,3.8045198006905494,34.38335648880381,27.8411114644409,30.81296750475994,57.756312304226626,46.76681083071814,51.758861145636075,3.607286242983449,1.6427132247492726,2.2748919147227884,5.68076573698181,2.586949960235075,3.5825069523193522,36.86587192440089,29.734005161516563,33.07576463114184,58.056491219528965,46.825204978766244,52.0878183167588,3.5375726242993504,1.6592922418394638,2.2648980753274843,5.942327048682616,2.787238091629211,3.8045198006905494,34.38335648880381,27.8411114644409,30.81296750475994,57.756312304226626,46.76681083071814,51.758861145636075,0.7336683417085428,-0.001331658291457205,-0.001331658291457205,0.6281407035175879,-0.0018592964824121205,-0.0018592964824121205,0.5527638190954773,-0.0022361809045226,-0.0022361809045226,0.4261744966442953,0.08446595393072742,0.1694780680728667,0.4612794612794613,0.44221105527638194,0.09885265928640696,0.1834464475969162,0.48989898989898994,0.4261744966442953,0.08446595393072742,0.1694780680728667,0.4612794612794613,24.0,9.0,9.0,35.0,7.0,7.0,46.0,9.0,9.0,-0.00028819821246525663,-0.00026183690528844647,-7.92692904728657e-05,0.0005109839999661858,0.00010751935559483172,-3.6801216390713876e-05,-1.3611490726470947
14,1,3.4681711135569877,1.6110565436495927,2.198825812326664,6.762933671436127,3.141560260116706,4.287710334036996,32.07802170532305,25.672793461907943,28.519499665780653,62.55214232537996,50.06194725072049,55.613024348272276,3.328597375495949,1.4864960949441435,2.0608105689626957,5.943923884814193,2.6544573124002557,3.68001887314767,27.899182170041463,21.58939920507718,24.346201748814046,49.81996816078832,38.552498580494955,43.47536026573936,3.4336424001483214,1.5779239608184767,2.166357202340823,6.688913766522704,3.0738778457502796,4.220176368196408,30.989312908142125,24.593020960164644,27.43811424598612,60.36879137949765,47.90848238993112,53.450871907765176,0.6683417085427136,-0.0016582914572863539,-0.0016582914572863539,0.5276381909547738,-0.002361809045226204,-0.002361809045226204,0.44723618090452266,-0.0027638190954772934,-0.0027638190954772934,0.4212218649517685,0.1306921699276915,0.1902058221710199,0.4161290322580645,0.4170854271356784,0.12886487575723227,0.18837090292866676,0.398989898989899,0.4247491638795987,0.1376039218094819,0.1956056711098546,0.4161073825503355,26.0,16.0,16.0,39.0,14.0,14.0,43.0,16.0,16.0,2.1976689879706786e-06,-0.00011286157429432595,-0.00015139129395416,-0.005972732453831675,-0.0047544181417285,-0.00584714906846262,-0.7710413932800293
14,0,3.6250454614902363,1.696159906797405,2.316230817360238,5.9598205044839485,2.78860188066692,3.808040496338019,37.52642912821418,30.64459259223349,33.82464594808343,61.69599365147078,50.38178782112964,55.610011134984624,3.8925708478419625,1.760502128958037,2.448382931661038,6.329383492425955,2.8626050877366453,3.9811104579854275,49.03679074174903,40.60449791788456,44.798381940086635,79.73461909227484,66.0235738502188,72.8428974635555,3.6250454614902363,1.696159906797405,2.316230817360238,5.9598205044839485,2.78860188066692,3.808040496338019,37.52642912821418,30.64459259223349,33.82464594808343,61.69599365147078,50.38178782112964,55.610011134984624,0.7989949748743719,-0.0010050251256281673,-0.0010050251256281673,0.6683417085427136,-0.0016582914572863539,-0.0016582914572863539,0.5226130653266332,-0.002386934673366814,-0.002386934673366814,0.4275862068965517,0.0936791500979286,0.18102657386902876,0.40484429065743943,0.42211055276381915,0.08627095376632543,0.1533292505935353,0.4292929292929293,0.4275862068965517,0.0936791500979286,0.18102657386902876,0.40484429065743943,28.0,13.0,13.0,39.0,11.0,11.0,49.0,12.0,12.0,0.0007319855570329228,-4.910501331141354e-05,0.00012146310007790725,-0.00032191322581809345,0.00013850755599076336,-8.764760639934366e-06,-0.8112657070159912
178,1,2.9516451935859243,1.2931411976056326,1.7885005864258732,5.108616681206408,2.238128995855903,3.0954817841986273,19.137412591622727,13.885963815031165,15.937432440027186,33.12244487011626,24.033398910630865,27.58401768466244,2.585970574287913,1.0515861046485244,1.49540590043746,4.309950957146522,1.7526435077475409,2.492343167395767,13.276168346458483,8.637698814214868,10.3002143048299,22.126947244097472,14.396164690358113,17.167023841383166,2.956625034179177,1.314128590429111,1.8060341708558594,5.011228871490131,2.2273365939476455,3.061074865857389,19.232951542631927,14.064896362207191,16.072892021181953,32.59822295361344,23.838807393571514,27.242189866410094,0.5326633165829145,-0.0023366834170853723,-0.0023366834170853723,0.40703517587939697,-0.00296482412060306,-0.00296482412060306,0.3417085427135679,-0.003291457286432098,-0.003291457286432098,0.40764331210191085,0.12147479063927169,0.16823653244089387,0.41214057507987223,0.37688442211055273,0.10871399604538978,0.15317824514895007,0.3535353535353535,0.41137123745819393,0.1292343426334861,0.17555366237476788,0.4161073825503355,17.0,0.0,0.0,31.0,0.0,0.0,38.0,0.0,0.0,-0.0010403387067296761,2.2932627392992593e-05,-0.00035990790490273594,-0.0074478669968369715,-0.009442403346361594,-0.008469275099425744,-2.0067641735076904
178,0,3.252003199380377,1.4916973094729675,2.0253982417710854,5.206964660279563,2.388440200716832,3.2429786876912754,25.842054890542656,20.027839258245024,22.43242087877059,41.3771630328342,32.06769638458886,35.917806840574876,3.6713130947333483,1.6640755993970306,2.3110224718629553,5.605058159898242,2.54057343419394,3.528278582996879,39.30348118539683,31.860752835362014,35.40615539616524,60.00531478686539,48.64237074101071,54.05519907811487,3.252003199380377,1.4916973094729675,2.0253982417710854,5.206964660279563,2.388440200716832,3.2429786876912754,25.842054890542656,20.027839258245024,22.43242087877059,41.3771630328342,32.06769638458886,35.917806840574876,0.7688442211055276,-0.0011557788944723812,-0.0011557788944723812,0.5979899497487438,-0.0020100502512562235,-0.0020100502512562235,0.5175879396984925,-0.002412060301507535,-0.002412060301507535,0.4492753623188406,0.14547789396441024,0.2022874105116117,0.3745454545454545,0.4723618090452262,0.15907860102517601,0.22361389585657843,0.4292929292929293,0.4492753623188406,0.14547789396441024,0.2022874105116117,0.3745454545454545,22.0,0.0,0.0,37.0,0.0,0.0,45.0,-1.0,-1.0,0.0009695552117157663,0.0008590880831490581,0.00011427876229211582,-0.00022489431977135155,0.00019273690668875076,4.029903692170933e-05,-1.5446233749389648
216,1,3.093981218197353,1.4013924629591388,1.9336088515822671,5.106570942655826,2.312977851485958,3.191393250184325,22.064747919314417,16.631219329697466,18.87362659736128,36.41754510954807,27.449585301442422,31.15064584030503,2.8140630218850906,1.2367585654180717,1.7213908372529916,4.362888406023396,1.9174551401830566,2.66882300349301,16.677541965371823,11.83565527676648,13.695309454868273,25.856654209878794,18.34985314227361,21.233037914524452,3.056944009851054,1.3793975705846897,1.9115038716293387,4.904188251097947,2.212937279012871,3.0665837512770135,21.262479845903982,15.910072455210397,18.118655076090043,34.110930234070565,25.524180409428446,29.067361084636435,0.5778894472361809,-0.002110552763819218,-0.002110552763819218,0.46733668341708545,-0.002663316582914521,-0.002663316582914521,0.4170854271356784,-0.0029145728643216184,-0.0029145728643216184,0.43952802359882004,0.1523409838344607,0.20890977040941872,0.45857988165680474,0.4321608040201005,0.1614841122907772,0.20845462705849782,0.4242424242424242,0.44147157190635455,0.15599577891804073,0.2156651202934513,0.4563758389261745,17.0,0.0,0.0,28.0,0.0,0.0,36.0,0.0,0.0,-0.00025533637306317426,-0.0003860302678265782,-0.00024391440991763716,0.0003490780111610192,-5.1295171446419374e-05,0.00017032920177317834,-1.6349525451660156
216,0,3.4572820145482073,1.5157820706096554,2.097407530285346,6.461824717667483,2.8330688700680464,3.9201545506523723,31.730615852058463,24.761419313157887,27.834911553148135,59.30603200920451,46.280271811497485,52.02477516481259,3.4846631246595527,1.4255539650800007,2.0376110228014808,5.620424394612182,2.2992805888387107,3.286469391615291,32.611439269490724,24.772455853873492,28.360873476415254,52.59909559595278,39.95557395786047,45.7433443167988,3.434820570674628,1.5102266770407682,2.0866561503027716,6.360778834582645,2.7967160685940153,3.8641780561162435,31.025845119602575,24.17347980801025,27.17549370608787,57.45526874000477,44.76570334816713,50.32498834460716,0.7035175879396984,-0.001482412060301641,-0.001482412060301641,0.5829145728643217,-0.002085427135678275,-0.002085427135678275,0.48743718592964824,-0.002562814070351749,-0.002562814070351749,0.4440894568690096,0.1267050868530606,0.1911670339147057,0.4326923076923077,0.44221105527638194,0.12140905026385063,0.1784381003515072,0.4292929292929293,0.44147157190635455,0.11926789911837454,0.1911934851432845,0.4261744966442953,25.0,6.0,6.0,35.0,6.0,6.0,43.0,5.0,5.0,0.0002841110651944592,0.00023889042353501867,-3.470740147194689e-05,-0.006950890247427566,-0.007744822231805948,-0.006723288310319653,-1.3363533020019531
83,1,3.3282987769992873,1.4738640834384065,2.0155513509522835,5.4534097332054055,2.414922840938986,3.302476157194118,27.89085275982398,21.5027667562716,24.174482608855275,45.69909677548624,35.23223285417272,39.60983300699761,3.901380809707258,1.7082582378361626,2.3661927340111695,5.695446437528844,2.49380764647615,3.4542959620601015,49.470711604732216,40.50755403832576,44.82851307215572,72.22001694121491,59.13511538441716,65.44308477686965,3.5085399142874523,1.6055933714695707,2.199818046258292,5.539799864664398,2.535147428636164,3.473396915144671,33.39946608204777,26.693842313140006,29.698026322995737,52.73599907691754,42.14817207337896,46.891620509993274,0.7939698492462312,-0.001030150753768888,-0.001030150753768888,0.6733668341708543,-0.001633165829145744,-0.001633165829145744,0.5175879396984925,-0.002412060301507535,-0.002412060301507535,0.4051724137931034,0.08522980260228563,0.1490629318771699,0.3746397694524496,0.40201005025125625,0.06867671691792288,0.1282204008355634,0.4242424242424242,0.4147157190635451,0.10085929168458019,0.16443763230047503,0.3926174496644296,22.0,8.0,8.0,35.0,9.0,9.0,43.0,8.0,8.0,0.0003979084344896595,0.000624308929717705,0.0004362340631914797,-0.0020242268481265313,-0.0035824856755146683,-0.003240677871142239,-1.5371592044830322
83,0,3.75062118788897,1.7495481538090196,2.3893195755994294,6.133612550359862,2.861139522251214,3.9073955490465804,42.547503786824464,35.150514723471574,38.646235850058034,69.58044818176818,57.48371468589826,63.200474097332474,3.959112617837724,1.8094901963221086,2.499915219021518,5.655875168339606,2.58498599474587,3.571307455745026,52.41079690134788,43.829179350116895,48.10829195470637,74.87256700192555,62.61311335730986,68.72613136386624,3.75062118788897,1.7495481538090196,2.3893195755994294,6.133612550359862,2.861139522251214,3.9073955490465804,42.547503786824464,35.150514723471574,38.646235850058034,69.58044818176818,57.48371468589826,63.200474097332474,0.7889447236180904,-0.001055276381909609,-0.001055276381909609,0.6582914572864322,-0.0017085427135676845,-0.0017085427135676845,0.5728643216080402,-0.0021356783919597166,-0.0021356783919597166,0.42711864406779665,0.10224554762109617,0.17683679513882256,0.40476190476190477,0.44723618090452266,0.10889031624286849,0.19514936955226891,0.43939393939393945,0.42711864406779665,0.10224554762109617,0.17683679513882256,0.40476190476190477,17.0,0.0,0.0,28.0,0.0,0.0,37.0,0.0,0.0,0.0009604676147124226,0.0001333418643162828,0.00013586735813450907,-0.00035656283511986686,0.00011913993074319507,-2.6287545484393604e-05,-1.0743439197540283
444,1,3.0327136282347515,1.3710018212769983,1.8677385677223914,5.546460218482808,2.507393705223173,3.4158641185083307,20.753473458017716,15.485151978640832,17.54763052789202,37.95555038846021,28.320438378049012,32.09245797079718,3.353731909588953,1.460140030583234,2.02160244964265,5.589553182648255,2.4335667176387235,3.369337416071084,28.609301996810373,21.966114592993897,24.82019844994514,47.68216999468396,36.61019098832316,41.36699741657524,2.897138851542138,1.2920424683757055,1.7792932674662443,5.398395375544357,2.4075325497683955,3.3154532934153624,18.122220758878015,13.14388135114557,15.063962418618246,33.76811321530065,24.49170438101659,28.06949518997189,0.7085427135678393,-0.0014572864321606982,-0.0014572864321606982,0.5829145728643217,-0.002085427135678275,-0.002085427135678275,0.4522613065326633,-0.0027386934673366836,-0.0027386934673366836,0.4164222873900293,0.10895523028900445,0.17693059628543495,0.3941176470588236,0.4321608040201005,0.11135879900756918,0.18341289083145274,0.398989898989899,0.4180602006688964,0.11255101869894646,0.1833549726377507,0.37248322147651003,23.0,6.0,6.0,38.0,12.0,12.0,44.0,7.0,7.0,0.0016108235637205949,-0.00011199346897738238,0.000505579612934254,-0.004323470035097365,-0.003546541887086363,-0.004014366727024488,-1.4784791469573975
444,0,3.6855876284780225,1.6805330306081006,2.307687806283714,6.215693730189962,2.8341962462147423,3.8918843003271277,39.86854345927534,32.442044102540386,35.90198107194971,67.23775977996705,54.713068972932966,60.548205915936805,3.5494416538794438,1.501074824014483,2.127139203796509,5.219767138058005,2.2074629764918865,3.128145887936042,34.79388503236196,27.038659876344738,30.64722810437928,51.16747798876759,39.76273511227167,45.06945309467541,3.660410935264766,1.6724461136864996,2.297457670331359,6.134766930611339,2.8029823134410607,3.850487715639149,38.87731564921853,31.576655163346153,34.96959884877456,65.15751226126011,52.92176843018908,58.60826622699647,0.6984924623115578,-0.0015075376884421399,-0.0015075376884421399,0.6030150753768844,-0.0019849246231156137,-0.0019849246231156137,0.5125628140703518,-0.0024371859296482556,-0.0024371859296482556,0.4598070739549839,0.13235924088917328,0.20740065684268438,0.46451612903225803,0.46733668341708545,0.13901588141207288,0.20523317757401371,0.46464646464646464,0.4581939799331104,0.1343208580633274,0.20457885201319936,0.459731543624161,22.0,1.0,1.0,34.0,0.0,0.0,44.0,0.0,0.0,-0.0006072688633801028,-0.00013646594562741424,-0.00010514039661950734,0.00045964795473452114,5.716352994689089e-05,-8.236045698506445e-05,-0.9285867214202881
474,1,2.923768917473477,1.2766455355404094,1.7630988149100963,5.847537834946954,2.5532910710808188,3.5261976298201927,18.61129989470373,13.419277036711014,15.41922831976246,37.22259978940746,26.838554073422028,30.83845663952492,3.0324041903318473,1.2373843474048276,1.7536614896659068,5.831546519868937,2.379585283470822,3.372425941665205,20.747052540201793,14.727458373211874,17.154932025768414,39.89817796192652,28.322035333099755,32.990253895708484,2.812008998067084,1.2160874949825544,1.6866317928241168,5.513743133464871,2.384485284279519,3.3071211624002292,16.643321054263932,11.710448418570868,13.561942112240985,32.633962851497905,22.961663565825233,26.592043357335264,0.6080402010050252,-0.001959798994974782,-0.001959798994974782,0.44723618090452266,-0.0027638190954772934,-0.0027638190954772934,0.3668341708542714,-0.0031658291457286047,-0.0031658291457286047,0.3560371517027864,0.07783004196553756,0.12534714140412517,0.34782608695652173,0.3668341708542714,0.09866374478910844,0.12643350307463863,0.35858585858585856,0.34782608695652173,0.07403643754082889,0.11979494123905787,0.3221476510067114,25.0,0.0,0.0,35.0,0.0,0.0,43.0,0.0,0.0,0.0008933479179890594,0.00039809188636891234,-0.00012919995630643208,-0.03067266590735418,-0.025920209154853602,-0.027986488297731427,-1.4968485832214355
474,0,3.3301038861648418,1.5020885018116459,2.054354887585524,5.409305804937814,2.4399407136026734,3.337023167651613,27.94124426117329,21.719717203066566,24.359861404725347,45.386792708504835,35.28075890853452,39.569318017827975,3.793997031360415,1.6900708373176263,2.343601077486257,5.458988534331533,2.4317566004570166,3.3720878812751907,44.43364849314662,36.23535358970917,40.16884564704101,63.93330718438363,52.13719940965349,57.796900211569806,3.338999997014585,1.5431472160754414,2.1012172257640227,5.473770486909156,2.5297495345499037,3.44461840289184,28.190921599402945,22.16631139487962,24.74296153235915,46.21462557279171,36.338215401442,40.5622320202609,0.7889447236180904,-0.001055276381909609,-0.001055276381909609,0.6683417085427136,-0.0016582914572863539,-0.0016582914572863539,0.5577889447236181,-0.00221105527638199,-0.00221105527638199,0.4764890282131662,0.1588051471490034,0.22205732852599203,0.41509433962264153,0.4723618090452262,0.134015944383572,0.20024160871133634,0.4696969696969697,0.4782608695652174,0.1694127894316615,0.2391062533249504,0.412751677852349,23.0,10.0,10.0,39.0,16.0,16.0,48.0,14.0,14.0,0.0015127022882787768,0.0001315796038433383,0.00028342980517214914,-0.00892300154084058,-0.006966482227692694,-0.008486797884269315,-0.98541259765625
360,1,3.485819188779906,1.6140127320464908,2.2170223582582747,5.841620069109183,2.7048015564515366,3.7153396663119436,32.64916198508095,26.149134166114564,29.092591155503804,54.7142549749983,43.82135121244474,48.75406759576187,3.126363284024761,1.3783615388533457,1.9278783294932778,5.2989208203809515,2.3362059980565184,3.2675903889716578,22.79094445465309,17.04782945975161,19.47585385150249,38.62871941466626,28.89462620296883,33.00992178220761,3.4730859707829147,1.5945948033498398,2.202629904661931,5.788476617971525,2.6576580055830665,3.6710498411032186,32.23606867308961,25.692444496437467,28.67359175614019,53.726781121816025,42.82074082739578,47.78931959356699,0.6783919597989949,-0.0016080402010050232,-0.0016080402010050232,0.5025125628140703,-0.0024874371859296973,-0.0024874371859296973,0.42211055276381915,-0.0028894472361808976,-0.0028894472361808976,0.42105263157894735,0.12384409299109844,0.17816422895312678,0.44224422442244227,0.40703517587939697,0.11380209317263001,0.15995671177255222,0.4040404040404041,0.42140468227424754,0.12424274571331262,0.1778006778248593,0.4429530201342282,21.0,0.0,0.0,37.0,0.0,0.0,40.0,0.0,0.0,-0.0013963971282932896,-5.6561098864560326e-05,-0.00021232638023314137,0.00048729044062767457,8.427820529455232e-05,-5.782855820246624e-05,-1.1806199550628662
360,0,3.956742745369776,1.844412523816441,2.5245049552203462,5.795229273521389,2.7014122823574134,3.6975072576459613,52.286737057815,44.01925313246891,48.09867634334782,76.58158457962803,64.4726434768484,70.44755626045892,3.724264465384747,1.6439713648054064,2.2996615872711264,4.999012705214425,2.2066729728931627,3.0867940768739945,41.440740433059844,33.43392506043005,37.28453343883791,55.62515494370449,44.877751758966504,50.046353609178404,3.956742745369776,1.844412523816441,2.5245049552203462,5.795229273521389,2.7014122823574134,3.6975072576459613,52.286737057815,44.01925313246891,48.09867634334782,76.58158457962803,64.4726434768484,70.44755626045892,0.728643216080402,-0.001356783919598037,-0.001356783919598037,0.6381909547738693,-0.0018090452261306789,-0.0018090452261306789,0.5175879396984925,-0.002412060301507535,-0.002412060301507535,0.4394463667820069,0.1112943805989326,0.19433704572331878,0.45486111111111116,0.4371859296482412,0.09884006498658704,0.18342966921418447,0.43434343434343436,0.4394463667820069,0.1112943805989326,0.19433704572331878,0.45486111111111116,26.0,0.0,0.0,39.0,3.0,3.0,46.0,2.0,2.0,-0.001072287785451245,-0.00019762640907670855,-4.738479567414244e-05,-0.0003149833039568506,0.00014238108104080993,-5.260203672641239e-06,-1.055260181427002
200,1,3.9982448979475653,1.7856075800204598,2.4671375292251394,6.597104081613483,2.946252507033759,4.07077692322148,54.50240875039951,45.36261958527381,49.87911507093118,89.92897443815919,74.84832231570178,82.30053986703643,3.8204644067802622,1.6823552991174018,2.334465414847449,6.11274305084842,2.691768478587843,3.7351446637559187,45.62539214297601,37.142010850386626,41.20601401159826,73.00062742876162,59.427217360618606,65.92962241855722,3.9982448979475653,1.7856075800204598,2.4671375292251394,6.597104081613483,2.946252507033759,4.07077692322148,54.50240875039951,45.36261958527381,49.87911507093118,89.92897443815919,74.84832231570178,82.30053986703643,0.7587939698492463,-0.001206030150753712,-0.001206030150753712,0.6532663316582914,-0.0017336683417086274,-0.0017336683417086274,0.5678391959798995,-0.0021608040201005485,-0.0021608040201005485,0.45627376425855515,0.10712765420162917,0.19205126109799886,0.416030534351145,0.457286432160804,0.10891550484250823,0.19017457907232316,0.38888888888888884,0.45627376425855515,0.10712765420162917,0.19205126109799886,0.416030534351145,26.0,6.0,6.0,38.0,7.0,7.0,48.0,8.0,8.0,-0.0002754558412668022,5.983343353433888e-05,0.0002016855147748855,-0.00013480533558407615,-0.00018378111340844328,8.585827751517172e-05,-1.084679365158081
200,0,3.6362772264950713,1.6743378597806742,2.2918495301989243,5.855022652831047,2.6959677403248143,3.6902661926931835,37.95029307582942,30.83718445264008,34.11430251515908,61.10640410514906,49.65309361018317,54.92980913457817,3.6688713284593133,1.6476212272001343,2.269532595682576,5.732611450717677,2.5744081675002097,3.5461446807540247,39.20762834332934,31.65987384744995,35.15510906088447,61.26191928645209,49.46855288664055,54.92985790763198,3.6362772264950713,1.6743378597806742,2.2918495301989243,5.855022652831047,2.6959677403248143,3.6902661926931835,37.95029307582942,30.83718445264008,34.11430251515908,61.10640410514906,49.65309361018317,54.92980913457817,0.7035175879396984,-0.001482412060301641,-0.001482412060301641,0.5979899497487438,-0.0020100502512562235,-0.0020100502512562235,0.5175879396984925,-0.002412060301507535,-0.002412060301507535,0.43661971830985913,0.12379019282655512,0.19305999934030404,0.42402826855123676,0.4371859296482412,0.1213964559640307,0.19344636370500246,0.4191919191919192,0.43661971830985913,0.12379019282655512,0.19305999934030404,0.42402826855123676,20.0,4.0,4.0,33.0,1.0,1.0,40.0,1.0,1.0,0.0003386382823334153,0.0005553917038744856,-2.896891840802435e-05,-0.0002803336946550772,0.00016174870629104277,1.2262581172706177e-05,-1.2953181266784668
56,1,3.1515718828837076,1.373431966420549,1.7966421477661803,5.616071222579498,2.4474427458489405,3.201599277535942,23.372774986100634,17.453938343780045,19.496286420050588,41.650063482340464,31.102752688442166,34.74219760160673,3.6904283312696906,1.6411718923714274,2.2913831695782383,5.677582048107216,2.5248798344175802,3.5252048762742128,40.06200309142056,32.29987574738004,36.010673336845535,61.63385090987778,49.69211653443083,55.40103590283928,3.205394869265349,1.4790283869509862,2.024179539119171,5.312809175577926,2.4514282656646174,3.3549937112472437,24.665237638051774,19.045041955187862,21.406905891712572,40.881609344837194,31.566367881526844,35.481059489026364,0.7437185929648241,-0.0012814070351758744,-0.0012814070351758744,0.6030150753768844,-0.0019849246231156137,-0.0019849246231156137,0.5025125628140703,-0.0024874371859296973,-0.0024874371859296973,0.4053333333333333,0.12037993786063028,0.15117888563049853,0.3743315508021391,0.4170854271356784,0.10380221911562826,0.15665137037440968,0.4242424242424242,0.4180602006688964,0.12757606043517355,0.18113027853319008,0.3825503355704698,24.0,9.0,9.0,34.0,6.0,6.0,43.0,8.0,8.0,0.0006252786602104936,0.0007462175037499745,0.000144482274611135,-0.012344535924547095,-0.015482480967698997,-0.013525796173666116,-1.3091976642608643
56,0,4.059970804269878,1.8924347958378336,2.5849622542507786,6.7295406481733595,3.136775483512025,4.284663462525263,57.97261850132717,49.23588823355019,53.6015453557983,96.09160052959709,81.61017090766538,88.84639709659717,3.9349201096961246,1.7794008823599006,2.4631381157489605,6.346645338219556,2.87000142316113,3.9728034124983234,51.15806276021627,42.52569158158457,46.8010703988503,82.51300445196172,68.58982513158801,75.48559741750049,4.059970804269878,1.8924347958378336,2.5849622542507786,6.7295406481733595,3.136775483512025,4.284663462525263,57.97261850132717,49.23588823355019,53.6015453557983,96.09160052959709,81.61017090766538,88.84639709659717,0.8040201005025126,-0.0009798994974873354,-0.0009798994974873354,0.6482412060301508,-0.0017587939698492372,-0.0017587939698492372,0.5276381909547738,-0.002361809045226204,-0.002361809045226204,0.44398340248962653,0.11065006915629316,0.18605236800686786,0.4541666666666667,0.4623115577889447,0.13399075578393216,0.20354695010947899,0.43939393939393945,0.44398340248962653,0.11065006915629316,0.18605236800686786,0.4541666666666667,22.0,0.0,0.0,33.0,0.0,0.0,44.0,0.0,0.0,-6.470671553057826e-05,-0.00014982117374448046,1.913453961183456e-05,1.765294534639139e-05,-6.285548396256502e-05,-8.431204445269458e-05,-0.856569766998291
458,1,3.297773901323211,1.4749660634163557,1.9440136186585064,5.530795691008434,2.4737099000794482,3.2603636474362387,27.052350639760142,20.86313825965517,23.180392793025238,45.37031004157082,34.99019600498221,38.87653320444591,3.5005503084192324,1.5692364261977039,2.1856465315698976,5.427209780494934,2.432924691779386,3.3885992737517796,33.13368068596288,26.235112490120652,29.40928809074392,51.37004757513625,40.674593007938995,45.595795489525464,3.284913842095978,1.5023400085825585,2.0649825980432057,5.298248132412867,2.4231290461009007,3.3306170936180735,26.706683223909657,20.761544683756778,23.31972837158331,43.07529552243493,33.48636239315609,37.61246511545694,0.6984924623115578,-0.0015075376884421399,-0.0015075376884421399,0.5778894472361809,-0.002110552763819218,-0.002110552763819218,0.4522613065326633,-0.0027386934673366836,-0.0027386934673366836,0.4235924932975871,0.11126005361930291,0.16846052848820292,0.3978494623655914,0.40201005025125625,0.09798994974874364,0.16247906197654938,0.3787878787878788,0.4046822742474916,0.09866220735785947,0.16722408026755853,0.37248322147651003,22.0,0.0,0.0,33.0,0.0,0.0,45.0,0.0,0.0,0.0005897181069102649,6.841749193286905e-05,0.00016620299928519849,0.0002148145082507824,-0.00018299502313823268,8.635947613910844e-05,-1.5019984245300293
458,0,3.516242627771745,1.6437846893556853,2.2329708223346016,5.79462433046058,2.708890074805543,3.679844773541206,33.657725973864395,27.153462126139527,30.04929947137965,55.466558620194895,44.747797279301366,49.520019026814424,3.8033369186535553,1.7591579326419642,2.4001528106279135,6.338894864422592,2.9319298877366067,4.000254684379856,44.850597861156224,37.12778246626372,40.782465120804204,74.75099643526038,61.879637443772864,67.97077520134033,3.562392902454274,1.684691569234193,2.271019957720348,5.852502625460593,2.7677075780276033,3.7309613591120003,35.247439998122374,28.708982159178206,31.609662401770912,57.906508568343895,47.164756404364184,51.93015966005221,0.7487437185929648,-0.0012562814070351536,-0.0012562814070351536,0.6381909547738693,-0.0018090452261306789,-0.0018090452261306789,0.5226130653266332,-0.002386934673366814,-0.002386934673366814,0.4440993788819876,0.12782030911454567,0.19409937888198758,0.37071651090342683,0.457286432160804,0.1264593644916311,0.20019127356314126,0.38383838383838387,0.4530201342281879,0.13308713590322974,0.20078799137104497,0.3804713804713805,23.0,9.0,9.0,34.0,9.0,9.0,45.0,13.0,13.0,0.0015201928253477468,6.597149932180475e-05,0.0005184290992415536,-0.010804481736418126,-0.011785269917980123,-0.014257878190354845,-1.6916954517364502
303,1,3.515559664446182,1.5863635692449694,2.1905720221909815,5.6165746118370965,2.5344270041191823,3.499730449654231,33.634746829252116,26.750772872394236,29.872607966091444,53.73598605856847,42.737921157079555,47.72546834819343,3.68408841943022,1.5909539958850898,2.2327494181806298,5.581952150651848,2.4105363574016505,3.3829536639100444,39.808816960638964,31.69852049078178,35.53999030637995,60.316389334301455,48.02806134966936,53.84847016118174,3.515559664446182,1.5863635692449694,2.1905720221909815,5.6165746118370965,2.5344270041191823,3.499730449654231,33.634746829252116,26.750772872394236,29.872607966091444,53.73598605856847,42.737921157079555,47.72546834819343,0.8040201005025126,-0.0009798994974873354,-0.0009798994974873354,0.6633165829145728,-0.0016834170854271857,-0.0016834170854271857,0.5376884422110553,-0.0023115577889447625,-0.0023115577889447625,0.44981412639405205,0.11215178873171439,0.17663736496018312,0.4104477611940298,0.4623115577889447,0.1064218334781678,0.1718274175552219,0.43434343434343436,0.44981412639405205,0.11215178873171439,0.17663736496018312,0.4104477611940298,21.0,4.0,4.0,37.0,10.0,10.0,42.0,3.0,3.0,0.00036182603354479193,0.00048502977436867475,0.00014273097189356957,-0.00017638486674709242,0.00021985158203818855,6.483093570341936e-05,-1.1635255813598633
303,0,3.7539879221624886,1.750013229000388,2.3917209747936017,5.658184694273896,2.637701098783193,3.6049127736019497,42.69099133276087,35.27250755883211,38.785955546875286,64.345842008799,53.164359219109265,58.45999096920333,3.9648072899286473,1.8393927556084373,2.5169774521375357,5.623840127558365,2.6090677384516843,3.5701807831738095,52.710110641649464,44.33374158066044,48.456237744961015,74.76611438531839,62.88473983072402,68.73225212051207,3.8558868672138074,1.8110100967102745,2.441072609035113,5.7838303008207115,2.716515145065412,3.66160891355267,47.27052103212898,39.54231489585065,43.15479909884425,70.90578154819347,59.31347234377598,64.73219864826638,0.7738693467336684,-0.0011306532663316604,-0.0011306532663316604,0.6984924623115578,-0.0015075376884421399,-0.0015075376884421399,0.592964824120603,-0.0020351758793969443,-0.0020351758793969443,0.4565916398713826,0.11951298818598932,0.20311570404250567,0.43870967741935485,0.4773869346733668,0.11899094469842941,0.21528342883029505,0.4747474747474747,0.46153846153846156,0.11930139976884557,0.21014802772311114,0.44966442953020136,21.0,0.0,0.0,35.0,0.0,0.0,44.0,0.0,0.0,0.0005178937409280336,0.0003607091010375416,0.00027144715225526733,0.00045964795473452114,5.716352994689089e-05,-8.236045698506445e-05,-1.5446207523345947
208,1,3.7232380125257705,1.726501232572101,2.2848987318165106,6.109495102371833,2.833031567993311,3.749311100844365,41.398225290192045,34.03324200843527,37.18453304706436,67.93072422617877,55.84545620475062,61.01643831813743,3.7333848284716584,1.6675648109175496,2.31461435042526,5.614112524017531,2.5076162570188716,3.4806230833462557,41.820423825731986,33.92865719350616,37.688386940075176,62.88785537704058,51.02053713309197,56.67426607530102,3.6328033396232886,1.6944951193474351,2.3053471542590693,5.646844569362625,2.6339302373276197,3.583441172423424,37.818686775982464,30.87169852637071,34.04724943873575,58.785523485983106,47.98709615498038,52.923185656065925,0.7336683417085428,-0.001331658291457205,-0.001331658291457205,0.6231155778894473,-0.0018844221105527303,-0.0018844221105527303,0.5326633165829145,-0.0023366834170853723,-0.0023366834170853723,0.44999999999999996,0.13238557558945907,0.1978005865102639,0.4428969359331476,0.4522613065326633,0.12644677019181116,0.19683559701680353,0.43939393939393945,0.4448160535117057,0.1326290752145438,0.2056614372714387,0.4261744966442953,28.0,4.0,4.0,40.0,5.0,5.0,50.0,6.0,6.0,0.0001223925653706833,-0.00024252528839922968,0.00020595376440112536,-0.004401480634969701,-0.0036245534195709084,-0.004065512961764384,-1.15781831741333
208,0,3.6411111839747026,1.7298106155891142,2.3044328723526646,5.984233658847312,2.8429757802506277,3.7873781003944256,38.13418728921155,31.37230992305603,34.327808410655365,62.67424299847269,51.56097232724486,56.41838882306785,4.012685114414848,1.8172368063521152,2.5213656978544536,5.815485673064997,2.633676530945095,3.65415318529631,55.29514519864129,46.3111174324091,50.85219143844945,80.13789159223377,67.11756149624509,73.69882817166588,3.6643734520494338,1.7216364156134834,2.3576897305707245,5.942227219539622,2.7918428361299727,3.823280644168742,39.03167328541254,32.053849870739356,35.3377699202906,63.294605327696004,51.97921600660436,57.3044917626334,0.7939698492462312,-0.001030150753768888,-0.001030150753768888,0.6381909547738693,-0.0018090452261306789,-0.0018090452261306789,0.5527638190954773,-0.0022361809045226,-0.0022361809045226,0.46045197740113,0.14451403663949391,0.20140994416554836,0.4164305949008499,0.44221105527638194,0.11890278459969017,0.1817769985151132,0.4545454545454546,0.45150501672240806,0.13931803842524615,0.1990022358547774,0.40268456375838924,22.0,3.0,3.0,35.0,4.0,4.0,44.0,5.0,5.0,0.0002780443242539441,0.0003878738102505633,0.00037890905620855574,0.0002898441128182938,-0.0001093980471917888,0.00013328373458332265,-1.0817601680755615
269,1,2.742967471906117,1.1835118726202156,1.4242689150144827,5.7739465283623765,2.491292491865554,2.9980860661054862,15.533010545362666,10.776779300845872,11.794457849212014,32.69698719798841,22.685120428280563,24.827333772591288,3.1830647602752227,1.3495199882035755,1.9002062386831828,5.092903616440356,2.159231981125721,3.0403299818930924,24.120564135196748,17.864540557360364,20.51362862896817,38.592902616314795,28.58326489177658,32.82180580634907,2.8060832051529134,1.235200876987321,1.7174018746152766,5.261406009661712,2.3160016443512266,3.220128514903643,16.54498781923363,11.73409671282959,13.574633246232597,31.021852161063055,22.001431336555484,25.45243733668612,0.6582914572864322,-0.0017085427135676845,-0.0017085427135676845,0.507537688442211,-0.0024623115577889765,-0.0024623115577889765,0.40201005025125625,-0.002989949748743781,-0.002989949748743781,0.3738095238095238,0.07535530264424439,0.10010473397570174,0.3317422434367542,0.3869346733668342,0.09871412198838803,0.14319510742359542,0.33838383838383834,0.37792642140468224,0.08577283208915631,0.15100762273949875,0.3221476510067114,23.0,8.0,8.0,32.0,3.0,3.0,44.0,9.0,9.0,0.0002633198421322421,0.0010615660901147493,8.04350212199525e-05,2.9214960108880916e-05,0.00033477294703487814,-2.971632105985833e-05,-1.3755223751068115
269,0,3.647555854110842,1.683362264404111,2.2903914993318786,5.561619817159105,2.5667107793884463,3.4922801078921712,38.380743179526114,31.251581937037297,34.49558245002429,58.52113316482199,47.650926913898445,52.5972247257796,3.76631206423793,1.7175628994080547,2.3618641176337443,5.194913192052318,2.369052275045593,3.257743610529303,43.22037658438082,35.462185767723916,39.147099130570034,59.61431253018045,48.9133596796192,53.99599880078625,3.63354378280831,1.6794223045954155,2.283751331909829,5.477704195188407,2.531792418988063,3.442841203884164,37.846699734594495,30.788983792487826,33.99007472602389,57.05532623305703,46.41555345601181,51.24131868244808,0.7085427135678393,-0.0014572864321606982,-0.0014572864321606982,0.6180904522613065,-0.0019095477386934512,-0.0019095477386934512,0.5276381909547738,-0.002361809045226204,-0.002361809045226204,0.44299674267100975,0.12267153941897724,0.18947561591044637,0.434640522875817,0.44221105527638194,0.11639651893552982,0.1901242439241282,0.4242424242424242,0.44147157190635455,0.11592900095476855,0.18785644398644352,0.4295302013422819,27.0,5.0,5.0,41.0,8.0,8.0,49.0,5.0,5.0,0.0007224184852194405,0.0003212849579753481,3.334803556604366e-05,-0.004200085380603014,-0.0041707955025822585,-0.00425654271487641,-1.1605048179626465
242,1,2.5970120122529803,1.0897216144969937,1.50261863416015,4.885903955255607,2.050154223884175,2.8269604812165534,13.42356859350981,8.909086836609932,10.436198663933046,25.254510404738795,16.76116337057123,19.63420426604353,2.3016372727389314,0.8889121518813867,1.26357582190168,4.384070995693202,1.6931660035835931,2.4068110893365326,9.990526287846228,5.883393687583695,7.166788537142185,19.02957388161186,11.206464166826084,13.651025785032731,2.5970120122529803,1.0897216144969937,1.50261863416015,4.885903955255607,2.050154223884175,2.8269604812165534,13.42356859350981,8.909086836609932,10.436198663933046,25.254510404738795,16.76116337057123,19.63420426604353,0.48743718592964824,-0.002562814070351749,-0.002562814070351749,0.3668341708542714,-0.0031658291457286047,-0.0031658291457286047,0.2814070351758794,-0.003592964824120637,-0.003592964824120637,0.3393665158371041,0.0775155000357497,0.11981764365665293,0.36363636363636365,0.3266331658291457,0.050943942771501605,0.11127423427655803,0.3282828282828283,0.3393665158371041,0.0775155000357497,0.11981764365665293,0.36363636363636365,20.0,0.0,0.0,26.0,0.0,0.0,34.0,0.0,0.0,0.00024983357354863266,-6.534748732847252e-05,-0.00011851482486014461,-0.04162431366389896,-0.040120452796099215,-0.03985501445659789,-2.031033515930176
242,0,3.3436410313560847,1.5251065423948367,2.1079394590586538,6.174753145497004,2.8164376293860856,3.8927641105243755,28.32206070983594,22.159240562156835,24.88126907162339,52.30278364663134,40.92180921332613,45.94862098628261,3.4545651057257722,1.5557650290283678,2.1596535201392753,5.855195094450462,2.636889879709098,3.6604296951513144,31.644523667175154,24.96664697413179,27.99385047943194,53.63478587656806,42.316350803613204,47.447204202427024,3.3436410313560847,1.5251065423948367,2.1079394590586538,6.174753145497004,2.8164376293860856,3.8927641105243755,28.32206070983594,22.159240562156835,24.88126907162339,52.30278364663134,40.92180921332613,45.94862098628261,0.728643216080402,-0.001356783919598037,-0.001356783919598037,0.5979899497487438,-0.0020100502512562235,-0.0020100502512562235,0.4723618090452262,-0.0026381909547738003,-0.0026381909547738003,0.41666666666666663,0.09191419141914192,0.16864555848724705,0.38645418326693226,0.4170854271356784,0.09878968778730746,0.16165971761981868,0.398989898989899,0.41666666666666663,0.09191419141914192,0.16864555848724705,0.38645418326693226,29.0,8.0,8.0,38.0,7.0,7.0,48.0,6.0,6.0,0.0004031729412011835,-4.240173793799402e-05,0.00014002768313376227,-5.857619511928647e-05,-0.00012331829868550415,0.00012440840417138332,-1.0299150943756104
184,1,3.911123579045488,1.8106181725715982,2.485193566218154,6.275475121180332,2.905172661075333,3.987542219242688,49.95504889900051,41.78475070815075,45.79332239644373,80.15386377014772,67.04445876336055,73.47629130276849,3.9320136410507125,1.7609436410666786,2.460708202856183,5.957596425834413,2.6680964258586037,3.728345761903307,51.00958932605405,42.24192890606122,46.654672819792445,77.28725655462735,64.00292258494125,70.68889821180673,3.911123579045488,1.8106181725715982,2.485193566218154,6.275475121180332,2.905172661075333,3.987542219242688,49.95504889900051,41.78475070815075,45.79332239644373,80.15386377014772,67.04445876336055,73.47629130276849,0.7487437185929648,-0.0012562814070351536,-0.0012562814070351536,0.6331658291457287,-0.0018341708542712887,-0.0018341708542712887,0.5175879396984925,-0.002412060301507535,-0.002412060301507535,0.441696113074205,0.1118901166015418,0.18670198851486297,0.4113475177304965,0.4371859296482412,0.1063588619790683,0.18676856737779046,0.3939393939393939,0.441696113074205,0.1118901166015418,0.18670198851486297,0.4113475177304965,24.0,5.0,5.0,38.0,5.0,5.0,46.0,2.0,2.0,0.0001048917336648158,0.00025021663278513537,8.675918862686436e-05,-0.0002734037727947225,0.00016562223134020115,1.5767138139999304e-05,-0.6660749912261963
184,0,3.5503099697560936,1.6330140991824693,2.0987491137955274,6.581062382962515,3.0270505253138458,3.890364210938051,34.8241102357588,28.02157160494302,30.554336417133648,64.55200921750412,51.94242541404072,56.63730652932091,3.8352833614876523,1.7372769358428326,2.395094568099897,6.236233108110004,2.8248405460859067,3.8944627123575564,46.306547301194556,38.1566410387603,42.08505456951228,75.29519886373099,62.04331876221187,68.43098303985738,3.896126734771856,1.8303110326662528,2.4956213955609554,6.641125116088391,3.1198483511356585,4.2539001060698105,49.21147041154998,41.31973783576319,45.154220675283206,83.88318820150565,70.43137131095997,76.96742160559637,0.6934673366834171,-0.0015326633165829717,-0.0015326633165829717,0.5879396984924623,-0.002060301507537776,-0.002060301507537776,0.49246231155778897,-0.002537688442211028,-0.002537688442211028,0.4379947229551451,0.14418708132141644,0.19459296342435328,0.3862433862433863,0.4170854271356784,0.10881475044394906,0.17835420843784866,0.398989898989899,0.4180602006688964,0.11088156961714346,0.18446731969003094,0.4161073825503355,21.0,0.0,0.0,30.0,0.0,0.0,38.0,0.0,0.0,0.0005094465100788638,0.0004629240660273516,0.00011036836969554283,-0.001657564674737877,-0.002972596619176038,-0.0021383576315470165,-1.1029417514801025
198,1,2.8341903686523438,1.2089898316789085,1.6893566429116238,5.546667040491396,2.3660598546354095,3.306164227538699,17.016617534682332,11.937179984597364,13.87469864151477,33.302460083212665,23.361720337954353,27.153551329099464,2.639900056561034,1.1194480850982393,1.5639366415918843,5.176274620707909,2.194996245290665,3.0665424344938903,14.011803149958574,9.437510972433401,11.078986090204804,27.474123823448185,18.50492347535961,21.723502137656478,2.778564708288697,1.1960291769230842,1.6721177958117361,5.520327235010656,2.3762169077942072,3.322088336049807,16.095902046019596,11.228620722786285,13.07230586167619,31.978613336462775,22.308517992290632,25.971468599356673,0.5577889447236181,-0.00221105527638199,-0.00221105527638199,0.44221105527638194,-0.0027889447236180143,-0.0027889447236180143,0.3467336683417085,-0.003266331658291488,-0.003266331658291488,0.37106918238993714,0.07593574439935624,0.13048340833135974,0.3722397476340694,0.371859296482412,0.07862621377564505,0.14314477227540034,0.3484848484848485,0.36454849498327757,0.07907270199496375,0.13318030810897274,0.3657718120805369,19.0,0.0,0.0,31.0,0.0,0.0,38.0,0.0,0.0,-0.00025132924054148387,3.0490016939826313e-05,-0.00030714232004791774,-0.004235625719608116,-0.004208046382757402,-0.004290870865236052,-1.2509498596191406
198,0,3.7426679999740036,1.714834748867022,2.363409795263696,6.001556378656538,2.7498237688932714,3.789846476428767,42.2104575664608,34.61285116046283,38.2385034089255,67.68659171899928,55.50344771884868,61.31736345454918,3.7983518629217867,1.7256645731531948,2.3948339052009744,5.981656477042184,2.717582004965661,3.7713919766944475,44.62757149251863,36.68142343827817,40.558080380557975,70.27964014569864,57.766021162642794,63.87099272528815,3.7426679999740036,1.714834748867022,2.363409795263696,6.001556378656538,2.7498237688932714,3.789846476428767,42.2104575664608,34.61285116046283,38.2385034089255,67.68659171899928,55.50344771884868,61.31736345454918,0.728643216080402,-0.001356783919598037,-0.001356783919598037,0.5979899497487438,-0.0020100502512562235,-0.0020100502512562235,0.5175879396984925,-0.002412060301507535,-0.002412060301507535,0.4555555555555556,0.1376257958513042,0.20186097427476746,0.43122676579925645,0.457286432160804,0.1465094898049143,0.20686906989035325,0.4292929292929293,0.4555555555555556,0.1376257958513042,0.20186097427476746,0.43122676579925645,25.0,8.0,8.0,36.0,8.0,8.0,48.0,11.0,11.0,-5.4227089991106256e-05,0.0002482563752504838,0.0001827882665380377,-0.0001833147886074471,0.00021597805698636563,6.13263787334617e-05,-1.020684003829956
219,1,4.047924480227642,1.8865553556799388,2.5810856414312164,7.072747168749396,3.296289028056157,4.509808977885312,57.27845103085444,48.59543337422347,52.942942815241736,100.07993092204238,84.9085044670498,92.50470228157621,4.190095604364596,1.9203037114691726,2.6508369059743933,6.348629703582721,2.9095510779835947,4.0164195545066566,66.02910332912874,56.351716657547406,61.36796964507253,100.04409595322537,85.38138887507182,92.98177218950383,4.108158933677801,1.9260317256128894,2.631385070833752,6.92386337136708,3.24612088586442,4.43491865870857,60.834613847314955,51.969469625545884,56.45581757544215,102.53024805727239,87.58899375092003,95.15025434063283,0.8442211055276382,-0.0007788944723617908,-0.0007788944723617908,0.6984924623115578,-0.0015075376884421399,-0.0015075376884421399,0.5628140703517588,-0.0021859296482411583,-0.0021859296482411583,0.4542586750788643,0.10307757271665963,0.1845839636412987,0.40506329113924056,0.4623115577889447,0.12396569312729055,0.19353025561866088,0.4040404040404041,0.4481605351170569,0.0975762279384258,0.17786020141294123,0.40604026845637586,26.0,7.0,7.0,41.0,10.0,10.0,47.0,10.0,10.0,0.0008225452938841557,0.00018926463922613605,0.00027047795299071323,0.00043595439539778624,3.3922379648387846e-05,-0.00010338779879681681,-0.5859880447387695
219,0,3.658727328542253,1.6971093934403632,2.325180060924364,6.641638781111732,3.0807399817229517,4.2208682634614245,38.81191660781909,31.70109399518673,35.01743703068877,70.45475307788816,57.54657190209056,63.5666850557089,3.9646900598727277,1.7928720487848464,2.492582893432786,6.835672517021945,3.09115870480146,4.297556712815149,52.70393179461178,43.929710613814976,48.345522428805715,90.86884792174446,75.74088036864651,83.35434901518227,3.658727328542253,1.6971093934403632,2.325180060924364,6.641638781111732,3.0807399817229517,4.2208682634614245,38.81191660781909,31.70109399518673,35.01743703068877,70.45475307788816,57.54657190209056,63.5666850557089,0.7738693467336684,-0.0011306532663316604,-0.0011306532663316604,0.6532663316582914,-0.0017336683417086274,-0.0017336683417086274,0.5276381909547738,-0.002361809045226204,-0.002361809045226204,0.41901408450704225,0.10442708977945003,0.17194148497542627,0.3816254416961131,0.44221105527638194,0.11138398760720902,0.1867853457605222,0.4191919191919192,0.41901408450704225,0.10442708977945003,0.17194148497542627,0.3816254416961131,27.0,1.0,1.0,41.0,7.0,7.0,50.0,4.0,4.0,0.0008934440307987214,-6.646071214468478e-06,0.00021941956632527473,-0.0002803336946550772,0.00016174870629104277,1.2262581172706177e-05,-1.1400864124298096
349,1,3.672798729994718,1.731259910952897,2.361444880679308,5.932982563837621,2.7966506253854493,3.814641730328112,39.36191521802256,32.392447745620586,35.65072050699831,63.58463227526721,52.32626174292556,57.58962543438189,3.635431450216015,1.6245368585690318,2.2665104296238208,5.770526111453992,2.578629934236558,3.597635602577493,37.91820918797087,30.44821223197838,33.987102364926095,60.18763363169979,48.3304956063149,53.94778153162873,3.672798729994718,1.731259910952897,2.361444880679308,5.932982563837621,2.7966506253854493,3.814641730328112,39.36191521802256,32.392447745620586,35.65072050699831,63.58463227526721,52.32626174292556,57.58962543438189,0.7035175879396984,-0.001482412060301641,-0.001482412060301641,0.5879396984924623,-0.002060301507537776,-0.002060301507537776,0.507537688442211,-0.0024623115577889765,-0.0024623115577889765,0.44852941176470584,0.13476794387479762,0.21625557313389898,0.4538745387453874,0.44723618090452266,0.1389655042127933,0.211843860370299,0.4545454545454546,0.44852941176470584,0.13476794387479762,0.21625557313389898,0.4538745387453874,22.0,13.0,13.0,38.0,22.0,22.0,45.0,23.0,23.0,-5.2980599520432035e-05,-0.0001377077877273131,-6.514844888315198e-05,-0.00019717463232815646,0.00020823100688893703,5.431726479621091e-05,-1.1523947715759277
349,0,3.6919384732113016,1.7171596945293053,2.3462563824132117,5.696700762428192,2.6495958727414552,3.620298826626838,40.12254810683121,32.91752253458,36.2817426814535,61.909523154089015,50.792091222712145,55.98311908374814,4.0051539255746045,1.868254915891526,2.5466350606611483,5.889932243492065,2.747433699840479,3.7450515597958054,54.88027122624499,46.407149447459076,50.580684684846105,80.70628121506616,68.24580801096923,74.38335983065602,3.6919384732113016,1.7171596945293053,2.3462563824132117,5.696700762428192,2.6495958727414552,3.620298826626838,40.12254810683121,32.91752253458,36.2817426814535,61.909523154089015,50.792091222712145,55.98311908374814,0.7738693467336684,-0.0011306532663316604,-0.0011306532663316604,0.6633165829145728,-0.0016834170854271857,-0.0016834170854271857,0.5628140703517588,-0.0021859296482411583,-0.0021859296482411583,0.44405594405594406,0.12119381491109238,0.19289315335826962,0.43157894736842106,0.4522613065326633,0.11642170753516956,0.19516614793500053,0.45959595959595956,0.44405594405594406,0.12119381491109238,0.19289315335826962,0.43157894736842106,25.0,0.0,0.0,34.0,0.0,0.0,45.0,0.0,0.0,0.0009097384558582599,0.0004339554989501033,9.467893966251761e-06,-0.00029419353837489837,0.00015400165618917327,5.253467235455389e-06,-1.4098095893859863
479,1,3.018309183628955,1.3092352889819627,1.8156905690284324,5.336237230725224,2.314670124167006,3.2100606745254057,20.45667394711501,14.93283050002847,17.12785152452921,36.16649537611493,26.400584309442593,30.281284463256053,3.4166167057938313,1.4788910411148608,2.055959738646666,5.0994279190952705,2.207300061365464,3.0685966248457706,30.4661644583285,23.523222037028653,26.567410644540967,45.471887251236566,35.10928662243083,39.6528517082701,3.0845971506176184,1.3447583824912468,1.870746874394074,5.318270949340722,2.3185489353297357,3.2254256455070243,21.858659320735057,16.162234417368524,18.492237936949806,37.68734365643976,27.86592140925608,31.883168856810013,0.6281407035175879,-0.0018592964824121205,-0.0018592964824121205,0.5276381909547738,-0.002361809045226204,-0.002361809045226204,0.4824120603015075,-0.0025879396984924696,-0.0025879396984924696,0.41692789968652033,0.13367281361453287,0.18335125735075386,0.3647798742138365,0.4321608040201005,0.14895278396997513,0.20177683073128583,0.3939393939393939,0.4180602006688964,0.13592330584418855,0.19114140200371288,0.37248322147651003,27.0,1.0,1.0,38.0,0.0,0.0,46.0,0.0,0.0,0.0015375719274706879,0.0002770650849631779,0.00030286907764267516,0.0004280565422867255,2.617532955007107e-05,-0.00011039691273584396,-1.1106767654418945
479,0,4.159121144961005,1.9065276645129408,2.5149886493353772,6.61842756111186,3.033865761790158,4.002112372420644,64.01523775617567,54.50286372690334,58.838720449028365,101.867726168523,86.730644017594,93.63031167106253,4.016319883528666,1.7923738888049567,2.4871263118361506,5.950103531153579,2.655368724155491,3.6846315730905927,55.49649599470116,46.25276127232651,50.88204189966177,82.21703110326096,68.52260929233556,75.38080281431372,4.193662933681322,1.9288124191213298,2.6298341985631395,6.692015319704237,3.077892158172334,4.19654393387735,66.26507152307889,56.63538652726467,61.487995087074,105.74213540916843,90.3756167988266,98.11914109639466,0.7688442211055276,-0.0011557788944723812,-0.0011557788944723812,0.6783919597989949,-0.0016080402010050232,-0.0016080402010050232,0.5879396984924623,-0.002060301507537776,-0.002060301507537776,0.46849315068493147,0.11965594138260593,0.19381084374456004,0.5054945054945055,0.46733668341708545,0.11144695910630853,0.1968859321649986,0.5202020202020202,0.47491638795986624,0.12266263169943215,0.21240248362171277,0.5167785234899329,30.0,6.0,6.0,40.0,5.0,5.0,51.0,9.0,9.0,-0.0012643004640079164,0.0001407485325456162,-0.00041753668090338026,0.0002464059206994662,-0.00015200682273874833,0.00010611705864249643,-0.9793844223022461
215,1,3.4664957752017855,1.5769762205351137,2.161774591594517,5.820063959417735,2.647660075530007,3.6295057616771094,32.02432515770344,25.408135957608195,28.337664108844503,53.7671564489863,42.658923002510605,47.577446582744194,3.746685435424498,1.6400748184800107,2.303087735779928,5.35240776489214,2.3429640264000153,3.2901253368284693,42.38037644559645,34.16004428614156,38.14446848480521,60.54339492228064,48.80006326591652,54.49209783543601,3.499363679550962,1.5952922327007377,2.2017666046179682,5.674643804677236,2.586960377352548,3.5704323318129214,33.094386622294806,26.381215425900095,29.433896414747228,53.666572901018604,42.78034933929745,47.73064283472523,0.728643216080402,-0.001356783919598037,-0.001356783919598037,0.5778894472361809,-0.002110552763819218,-0.002110552763819218,0.507537688442211,-0.0024623115577889765,-0.0024623115577889765,0.4339622641509434,0.12783981517135157,0.19023841477855852,0.42586750788643535,0.42211055276381915,0.10882734474376898,0.1650153941661564,0.4545454545454546,0.4381270903010034,0.13094845924925047,0.19229839174705454,0.4295302013422819,28.0,5.0,5.0,38.0,7.0,7.0,48.0,6.0,6.0,0.0003209009367168496,0.00016316362382856755,0.00020566856787908007,0.0004320054688413677,3.0048854599229458e-05,-0.0001068923557658863,-1.4352967739105225
215,0,3.8132657071377367,1.7679430682231465,2.428442441664127,6.337540189327506,2.93827157817368,4.036002931216436,45.29812800026909,37.56647533270783,41.30400805673105,75.2842127328416,62.434423792387676,68.64609789710232,3.8924456744936844,1.771951563652483,2.4541958359225657,6.381058482776532,2.9048386289384966,4.023271862168141,49.03065302661027,40.69539801639788,44.81733764827223,80.37811971575454,66.71376723999653,73.47104532503644,3.8132657071377367,1.7679430682231465,2.428442441664127,6.337540189327506,2.93827157817368,4.036002931216436,45.29812800026909,37.56647533270783,41.30400805673105,75.2842127328416,62.434423792387676,68.64609789710232,0.7989949748743719,-0.0010050251256281673,-0.0010050251256281673,0.6633165829145728,-0.0016834170854271857,-0.0016834170854271857,0.5226130653266332,-0.002386934673366814,-0.002386934673366814,0.4,0.06878980891719744,0.1355021216407355,0.38888888888888884,0.40703517587939697,0.07620810821022406,0.14660111911812823,0.41414141414141414,0.4,0.06878980891719744,0.1355021216407355,0.38888888888888884,23.0,2.0,2.0,34.0,1.0,1.0,42.0,2.0,2.0,-4.727265418627683e-05,0.00019101962616830396,9.957080612903584e-07,5.923247650940766e-05,-2.987576684176929e-05,-5.7128588733412755e-05,-0.7619342803955078
114,1,3.69353499263525,1.6546769990761843,2.2924575971899097,5.684062832977601,2.546419094386703,3.527913787292256,40.186655695110176,32.5048242084151,36.12708431984637,61.84413481223542,50.0223941410939,55.59677048024262,3.806783484454131,1.7072298088742852,2.3768280061505114,5.39969288575054,2.421602565779128,3.371387242766683,45.00544509017834,36.842919125409864,40.826931936890375,63.837510766210414,52.25945975235442,57.910541754454435,3.69353499263525,1.6546769990761843,2.2924575971899097,5.684062832977601,2.546419094386703,3.527913787292256,40.186655695110176,32.5048242084151,36.12708431984637,61.84413481223542,50.0223941410939,55.59677048024262,0.7889447236180904,-0.001055276381909609,-0.001055276381909609,0.6432160804020101,-0.001783919597989958,-0.001783919597989958,0.542713567839196,-0.0022864321608039306,-0.0022864321608039306,0.44921875,0.11978405214424948,0.19467329545454548,0.4274509803921569,0.4623115577889447,0.12396569312729055,0.200208051945873,0.43939393939393945,0.44921875,0.11978405214424948,0.19467329545454548,0.4274509803921569,25.0,6.0,6.0,38.0,5.0,5.0,47.0,7.0,7.0,0.00041673663425454295,0.0002666958548514138,0.00021652384357615076,-8.629588256159337e-05,-0.00014530477676810705,0.00011039017629776993,-0.9756534099578857
114,0,3.253932146557042,1.4790165038499163,2.0311201842650375,5.470896905749751,2.4866980779015075,3.414960309808249,25.89195095733031,19.99216753176209,22.495225175495015,43.53262084034656,33.61320475120439,37.82164232803008,3.8573369931935066,1.740354012415164,2.4087260837984,5.757219392826129,2.597543302112185,3.5951135579080598,47.339118968555454,39.03307880421575,43.08192219461631,70.65540144560515,58.25832657345633,64.30137640987509,3.253920826624867,1.474199160366821,2.0313306999889686,5.363605758172858,2.4299986159892653,3.3483473076741244,25.8916578638605,19.963451694724885,22.495685513345578,42.67855691845138,32.90678850778827,37.08080029672348,0.7688442211055276,-0.0011557788944723812,-0.0011557788944723812,0.6381909547738693,-0.0018090452261306789,-0.0018090452261306789,0.507537688442211,-0.0024623115577889765,-0.0024623115577889765,0.3967213114754098,0.08411902014971417,0.1557180399377871,0.35526315789473684,0.4321608040201005,0.11386506467172952,0.17005729817702875,0.40909090909090906,0.39799331103678925,0.08580633273962734,0.15661400069196163,0.3557046979865772,24.0,7.0,7.0,36.0,7.0,7.0,46.0,9.0,9.0,0.002508928116564774,0.0002339035991179947,0.00033730858954853215,-0.008859818715941437,-0.006907838320456605,-0.008433512110409325,-1.645232915878296
22,1,3.523963387441818,1.6174321125532887,2.234216782534533,5.6992494290725695,2.615846996845442,3.613362944592887,33.918594944595824,27.188890174929444,30.286728802510048,54.855999231383365,43.97215571500934,48.982240408997725,3.4910054901736465,1.5435224629831537,2.1618192019100038,5.41241161267232,2.393058082144424,3.3516576773798508,32.81893023350892,25.80791142321143,29.040962273894678,50.88206237753321,40.01226577242082,45.02474771146461,3.523963387441818,1.6174321125532887,2.234216782534533,5.6992494290725695,2.615846996845442,3.613362944592887,33.918594944595824,27.188890174929444,30.286728802510048,54.855999231383365,43.97215571500934,48.982240408997725,0.7537688442211055,-0.0012311557788945438,-0.0012311557788945438,0.6030150753768844,-0.0019849246231156137,-0.0019849246231156137,0.5025125628140703,-0.0024874371859296973,-0.0024874371859296973,0.45977011494252873,0.13663435968440252,0.2049930448788344,0.4538461538461539,0.457286432160804,0.13397816148411223,0.19685237539953526,0.4444444444444444,0.45977011494252873,0.13663435968440252,0.2049930448788344,0.4538461538461539,21.0,1.0,1.0,33.0,3.0,3.0,43.0,5.0,5.0,-8.57502097437432e-05,-5.648147039877523e-05,-1.2434556364610075e-05,-0.00012094549186336678,-0.00017278787436758591,9.286739145242251e-05,-0.8690171241760254
22,0,3.555706936301607,1.4766463477696083,2.1144683971067266,5.963685684303329,2.4766536845502927,3.5464185141346998,35.0125628725412,27.015609917296402,30.78663631977865,58.72360228622417,45.31099131698448,51.63581408064141,3.5975713825705062,1.4453183335111857,2.101338556724479,5.577630050496909,2.2408036178467996,3.2578892352317506,36.50945917783273,27.905236867787146,32.04462164945074,56.603812678810435,43.263933128352164,49.6815839526368,3.555706936301607,1.4766463477696083,2.1144683971067266,5.963685684303329,2.4766536845502927,3.5464185141346998,35.0125628725412,27.015609917296402,30.78663631977865,58.72360228622417,45.31099131698448,51.63581408064141,0.7839195979899498,-0.0010804020100502187,-0.0010804020100502187,0.6482412060301508,0.0032412060301507672,0.0032412060301507672,0.5175879396984925,0.0025879396984924696,0.0025879396984924696,0.43939393939393945,0.07455461992323997,0.1358674910312191,0.40304182509505704,0.42713567839195976,0.06623342275286204,0.12663484366741884,0.3939393939393939,0.43939393939393945,0.07455461992323997,0.1358674910312191,0.40304182509505704,24.0,0.0,0.0,39.0,0.0,0.0,49.0,0.0,0.0,7.584204511151916e-05,-2.418568938491258e-05,-3.065157536459559e-05,-0.000141735257445319,-0.00018927773293242467,8.23537205478786e-05,-0.9159774780273438
261,1,3.3960015457288355,1.5724385001934178,2.1479500633307396,5.5511563728259805,2.5703321637777017,3.511072218906016,29.84452917222377,23.650640886296912,26.360980587823775,48.78432653151962,38.65970144875457,43.09006442240425,3.6010450621945176,1.6114114177606715,2.23881629071255,5.334881573621507,2.3872761744602538,3.316764875129703,36.6365018673172,29.323647700648483,32.73161515679063,54.276299062692146,43.44244103799775,48.4912817137639,3.4994091413491546,1.6284721577343428,2.233891011217517,5.554617684681197,2.584876440848163,3.545858747964312,33.09589118682058,26.601512511067988,29.550962191936414,52.53316061400092,42.224623033441254,46.90628919354986,0.7035175879396984,-0.001482412060301641,-0.001482412060301641,0.592964824120603,-0.0020351758793969443,-0.0020351758793969443,0.4824120603015075,-0.0025879396984924696,-0.0025879396984924696,0.4070796460176991,0.10369231170252968,0.17057326721495125,0.3698224852071006,0.4120603015075377,0.09627082782332719,0.15663459199167795,0.38383838383838387,0.4147157190635451,0.10419818984818618,0.18223518513696002,0.3791946308724832,24.0,5.0,5.0,36.0,3.0,3.0,46.0,7.0,7.0,0.00034014333746470386,0.0002933074220867803,0.00040066820194726985,0.0003490780111610192,-5.1295171446419374e-05,0.00017032920177317834,-0.8425257205963135
261,0,3.519845917718164,1.5507154876361282,2.14758191445665,6.322686185530776,2.7855444870500823,3.85769343893139,33.77922328304468,26.614779488989317,29.834952847414055,60.67749367509877,47.80802982281414,53.5924152999845,3.4249264433156306,1.3866829027692802,1.9830414812480504,6.1159400773493395,2.4762194692308572,3.5411455022286606,30.72038507872429,23.043272266679004,26.491725907261227,54.85783049772194,41.1487004762125,47.30665340582361,3.519845917718164,1.5507154876361282,2.14758191445665,6.322686185530776,2.7855444870500823,3.85769343893139,33.77922328304468,26.614779488989317,29.834952847414055,60.67749367509877,47.80802982281414,53.5924152999845,0.7135678391959799,-0.0014321608040201994,-0.0014321608040201994,0.5979899497487438,-0.0020100502512562235,-0.0020100502512562235,0.507537688442211,-0.0024623115577889765,-0.0024623115577889765,0.4655172413793104,0.13849486616416407,0.21322366339765897,0.44982698961937717,0.46733668341708545,0.12648455309127093,0.1968859321649986,0.43939393939393945,0.4655172413793104,0.13849486616416407,0.21322366339765897,0.44982698961937717,26.0,14.0,14.0,39.0,19.0,19.0,46.0,15.0,15.0,-0.000127363880060005,-1.976732485142341e-05,0.00011368692065107962,-0.00032191322581809345,0.00013850755599076336,-8.764760639934366e-06,-1.5004944801330566
263,1,3.1658793091773987,1.4639222267860184,1.9998198854685358,5.740540193146971,2.6544613871240457,3.626179430879695,23.70958292343139,18.224912075731794,20.5002618097522,42.99147265031837,33.04637671563416,37.17216147430972,3.4518059629890785,1.5282415438760724,2.1355507587214655,5.522889540782526,2.445186470201716,3.4168812139543445,31.557332251637902,24.71201764565785,27.827903007583224,50.491731602620646,39.53922823305256,44.52464481213316,3.1592094866328413,1.4668474334653994,2.004109117815901,5.744017248423347,2.666995333573453,3.6438347596652743,23.55197042074089,18.119673483692434,20.37762841425,42.82176440134707,32.94486087944079,37.050233480454544,0.7437185929648241,-0.0012814070351758744,-0.0012814070351758744,0.5979899497487438,-0.0020100502512562235,-0.0020100502512562235,0.4974874371859297,-0.002512562814070307,-0.002512562814070307,0.43000000000000005,0.12384359400998346,0.1838802660753881,0.36454849498327757,0.42211055276381915,0.10381481341544818,0.1583375978389444,0.36868686868686873,0.4280936454849499,0.12258446351499996,0.19116372334924359,0.36241610738255037,25.0,2.0,2.0,34.0,2.0,2.0,46.0,7.0,7.0,0.0015827091474422534,0.00042089053443366745,0.00015673261183982395,-0.010199680810596412,-0.007906666751885894,-0.009636737464481016,-0.6972236633300781
263,0,3.9567007167869823,1.829305939182079,2.30764026481423,6.544416375445135,3.02568746058808,3.816856471760245,52.28453956653661,43.89156682272449,47.08244964946889,86.47906966279473,72.59702191775528,77.87476904047175,4.0759917192123645,1.8446679027886375,2.556068162784242,5.950352874762576,2.6929458434870623,3.73148636902809,58.90887269010257,49.596687142606605,54.33699699882692,85.99835429212054,72.40392283592205,79.3240832099663,3.887219724447831,1.798833622653469,2.466947616665796,6.170190038806081,2.8552914645293157,3.9157898677234857,48.77508964554033,40.703212187716225,44.63684330944637,77.42077721514339,64.60827331383528,70.85213223721647,0.7688442211055276,-0.0011557788944723812,-0.0011557788944723812,0.6582914572864322,-0.0017085427135676845,-0.0017085427135676845,0.5628140703517588,-0.0021859296482411583,-0.0021859296482411583,0.4398976982097187,0.09890152962734322,0.16032780573660044,0.45128205128205123,0.44723618090452266,0.11139658190702895,0.18680212414325392,0.4797979797979798,0.43143812709030105,0.09253996348429105,0.17448595801354905,0.44630872483221473,22.0,2.0,2.0,32.0,-1.0,-1.0,43.0,0.0,0.0,-0.00044175892338237446,-6.387506245874978e-05,-0.00010231494778251519,0.00014373383023880137,-0.00025271847403463,4.190491550914999e-05,-1.169914722442627
306,1,2.8464306796559637,1.210439660044753,1.6912530108106059,5.572103694114402,2.3695273345118495,3.3107558938898527,17.226186201818354,12.091642291617656,14.051598809116097,33.72156450416563,23.670305819348506,27.507069183906058,3.082203925554477,1.271577286692651,1.7922044124776564,5.224074450092334,2.1552157401570358,3.037634597419757,21.806409177516823,15.692131501497567,18.173624390651565,36.96001555511326,26.5968330533857,30.802753204494174,2.9637283549260935,1.2691112612221118,1.7583903124356193,5.736248428889213,2.456344376558926,3.4033360885850694,19.370055737394445,13.925494927978791,16.032168502306405,37.49043045947312,26.952570828346047,31.030003552851106,0.6633165829145728,-0.0016834170854271857,-0.0016834170854271857,0.542713567839196,-0.0022864321608039306,-0.0022864321608039306,0.4371859296482412,-0.002814070351758735,-0.002814070351758735,0.38819875776397517,0.07967162598102939,0.13509958421025614,0.33644859813084116,0.42713567839195976,0.10633367337942845,0.15668492713987292,0.36363636363636365,0.39799331103678925,0.08914523090323334,0.13547940669863578,0.3489932885906041,18.0,1.0,1.0,30.0,3.0,3.0,39.0,5.0,5.0,0.0006318295080761333,0.0006371226211300894,9.603412710173691e-05,-0.007151322399863602,-0.008479187369282215,-0.006906463943002095,-1.4393529891967773
306,0,3.5471059927779636,1.651762136946853,2.2497462875097405,5.978769849462228,2.784102218250042,3.7920251890101286,34.712713140439256,28.057876824912498,31.05309171910931,58.5094787524385,47.292521943877674,52.34106025610878,3.4473652767775644,1.5420779067291945,2.135541387885838,5.386508244964944,2.4094967292643665,3.336783418571622,31.417506731841073,24.696167870235044,27.704567202392493,49.089854268501675,38.58776229724226,43.28838625373827,3.5471059927779636,1.651762136946853,2.2497462875097405,5.978769849462228,2.784102218250042,3.7920251890101286,34.712713140439256,28.057876824912498,31.05309171910931,58.5094787524385,47.292521943877674,52.34106025610878,0.7236180904522613,-0.0013819095477386467,-0.0013819095477386467,0.5778894472361809,-0.002110552763819218,-0.002110552763819218,0.49246231155778897,-0.002537688442211028,-0.002537688442211028,0.4382022471910112,0.12605271448073085,0.18913624470035117,0.40601503759398494,0.44221105527638194,0.12892784725633177,0.1851158966787192,0.38888888888888884,0.4382022471910112,0.12605271448073085,0.18913624470035117,0.40601503759398494,22.0,7.0,7.0,34.0,6.0,6.0,42.0,6.0,6.0,-0.0005393282640157109,3.816061839917089e-05,0.00017249898047379575,-0.00016252502302549487,0.00022759863213561715,7.184004964067014e-05,-0.7153012752532959
471,1,2.7254391026993594,1.2276621454221572,1.6907018240716158,5.321972301892669,2.3972591893716455,3.301438021329034,15.263114530415878,10.791377380480892,12.44874778622073,29.80432499520398,21.072351776749848,24.30870344741751,3.56314453886981,1.5896205055934505,2.2023275319578333,5.12682667463282,2.2872237490553244,3.1688165927450838,35.27394321672373,28.077952447832438,31.37456539736126,50.75387513197659,40.39993157961502,45.14325956454857,2.7254391026993594,1.2276621454221572,1.6907018240716158,5.321972301892669,2.3972591893716455,3.301438021329034,15.263114530415878,10.791377380480892,12.44874778622073,29.80432499520398,21.072351776749848,24.30870344741751,0.7487437185929648,-0.0012562814070351536,-0.0012562814070351536,0.592964824120603,-0.0020351758793969443,-0.0020351758793969443,0.4723618090452262,-0.0026381909547738003,-0.0026381909547738003,0.39236111111111116,0.12026405738494128,0.18335418270464465,0.3310104529616724,0.4321608040201005,0.11637133033588998,0.18675178899505873,0.4292929292929293,0.39236111111111116,0.12026405738494128,0.18335418270464465,0.3310104529616724,22.0,11.0,11.0,37.0,18.0,18.0,44.0,15.0,15.0,0.002756044557421546,0.00029204506564775,0.0003336032478011695,-0.04793474966503197,-0.03683222886790016,-0.04289504603603955,-1.4732460975646973
471,0,3.9310779135618636,1.802883748820447,2.4743251981375316,6.650691564453719,3.0501618140421396,4.186122505025132,50.9618805758024,42.562195915189214,46.66988104510733,86.21852751503675,72.00774025903081,78.95722013291744,4.061642709089883,1.7814624588957444,2.4756820940305126,6.498628334543812,2.8503399342331908,3.96109135044882,58.06962427123856,48.291181454335444,53.18564351996814,92.91139883398169,77.26589032693671,85.09702963194901,3.9310779135618636,1.802883748820447,2.4743251981375316,6.650691564453719,3.0501618140421396,4.186122505025132,50.9618805758024,42.562195915189214,46.66988104510733,86.21852751503675,72.00774025903081,78.95722013291744,0.7839195979899498,-0.0010804020100502187,-0.0010804020100502187,0.6633165829145728,-0.0016834170854271857,-0.0016834170854271857,0.5226130653266332,-0.002386934673366814,-0.002386934673366814,0.42164179104477617,0.08644626031851921,0.15861449575941633,0.36704119850187267,0.42211055276381915,0.08877721943048578,0.1516598015117323,0.36868686868686873,0.42164179104477617,0.08644626031851921,0.15861449575941633,0.36704119850187267,18.0,0.0,0.0,32.0,0.0,0.0,36.0,0.0,0.0,0.00019182603430529637,0.0005907580921469365,0.000307453271387693,-0.00016945494488584956,0.00022372510708557058,6.833549267337702e-05,-0.8142318725585938
74,1,2.9114498933381467,1.2867904326310178,1.7478749495439634,5.571098714820021,2.4622908818993525,3.3445823358841245,18.383433271043973,13.306743340660603,15.182075754416644,35.176947988916574,25.462633203210018,29.051107119262117,3.153620491674797,1.4331975885756414,1.9691381267734789,5.484557376825734,2.4925175453489414,3.424588046562572,23.420705737325502,17.83381505919601,20.15171150004685,40.73166215187044,31.01533053773219,35.046454782690176,2.9311220897081305,1.2941520373711208,1.7991538679535324,5.495853918202744,2.4265350700708512,3.373413502412873,18.74865637236415,13.609083114096862,15.646900933708269,35.15373069818278,25.517030838931618,29.337939250703002,0.6482412060301508,-0.0017587939698492372,-0.0017587939698492372,0.49246231155778897,-0.002537688442211028,-0.002537688442211028,0.4170854271356784,-0.0029145728643216184,-0.0029145728643216184,0.3937677053824362,0.1221976912381646,0.16014111691713806,0.3295454545454546,0.4120603015075377,0.13887734411405395,0.18501522638232903,0.31313131313131315,0.38795986622073575,0.10916186955963392,0.15881637345099164,0.3120805369127517,23.0,-1.0,-1.0,33.0,1.0,1.0,43.0,2.0,2.0,0.0020277543356406165,-0.00010941028487123359,0.0007014781302026574,-0.038455113789704676,-0.03347378518262545,-0.0383620856747946,-1.5653185844421387
74,0,3.9582288926647555,1.8773533321914346,2.5476365721417187,6.248777591973294,2.9637405396524676,4.021903420995302,52.364500620398275,44.35302024047748,48.266118379218064,82.66680047179626,70.01923499892638,76.19676556313105,4.180623385175388,1.9367269593593375,2.6569992482060654,5.806421368299151,2.6898985546657466,3.6902767336195352,65.40661402140167,55.9766109173216,60.81778839294536,90.84251947416898,77.74529294072444,84.46915054575744,3.9433558792573553,1.8582381168620983,2.530238394126103,6.129568724234232,2.888453031391863,3.9330130478644096,51.59144577845926,43.54590689061651,47.48270136990969,80.19395716858952,67.68793817194276,73.80730782887517,0.8090452261306533,-0.0009547738693467256,-0.0009547738693467256,0.6934673366834171,-0.0015326633165829717,-0.0015326633165829717,0.5879396984924623,-0.002060301507537776,-0.002060301507537776,0.4516129032258065,0.10861773414368092,0.1898103281185104,0.4368932038834952,0.4773869346733668,0.13152227301923147,0.21695287791209805,0.4696969696969697,0.4548494983277592,0.11094298747634024,0.19456028809416637,0.43624161073825507,22.0,0.0,0.0,36.0,3.0,3.0,44.0,2.0,2.0,0.000727821886636317,5.467214208527821e-05,0.00015037785489140472,0.0004635968812909397,6.103705499693746e-05,-7.885590001688314e-05,-1.0040943622589111
385,1,3.3138539639603732,1.5341906857755048,2.104384492547655,5.713541317173058,2.645156354785353,3.6282491250821645,27.490870396199764,21.563010353494835,24.139164391272505,47.398052407240975,37.17760405774972,41.61924895046984,3.262663589650063,1.4586091262324552,2.027939545646314,5.0979118588282235,2.2790767597382118,3.1686555400723653,26.119014909093014,20.044789578986464,22.681585098650896,40.81096079545783,31.319983717166345,35.43997671664202,3.3138539639603732,1.5341906857755048,2.104384492547655,5.713541317173058,2.645156354785353,3.6282491250821645,27.490870396199764,21.563010353494835,24.139164391272505,47.398052407240975,37.17760405774972,41.61924895046984,0.6683417085427136,-0.0016582914572863539,-0.0016582914572863539,0.5376884422110553,-0.0023115577889447625,-0.0023115577889447625,0.457286432160804,-0.0027135678391959628,-0.0027135678391959628,0.42140468227424754,0.12591219479511562,0.19448588360906405,0.44630872483221473,0.42211055276381915,0.11634614173625024,0.18504878314779238,0.4545454545454546,0.42140468227424754,0.12591219479511562,0.19448588360906405,0.44630872483221473,28.0,7.0,7.0,39.0,6.0,6.0,44.0,1.0,1.0,-0.0007876782915341915,-0.0003556401872143372,7.979295937059607e-05,-0.0041605961150406046,-0.0051342255030784045,-0.004849508012949144,-1.0691940784454346
385,0,4.094255287106297,1.9247478385779995,2.631365630931515,6.523513424122701,3.0667648894676125,4.192642571950881,59.99464373214607,51.2406725348632,55.67622346630861,95.59146567988608,81.64347157221538,88.71078272298507,4.230340181283616,1.951120218683137,2.6923400553667634,6.409606335278205,2.95624275558051,4.079303114192066,68.74061246663742,58.97155525989294,64.08534146705003,104.15244313126881,89.35084130286809,97.09900222280308,4.094255287106297,1.9247478385779995,2.631365630931515,6.523513424122701,3.0667648894676125,4.192642571950881,59.99464373214607,51.2406725348632,55.67622346630861,95.59146567988608,81.64347157221538,88.71078272298507,0.8241206030150754,-0.0008793969849245631,-0.0008793969849245631,0.6834170854271358,-0.0015829145728643024,-0.0015829145728643024,0.5778894472361809,-0.002110552763819218,-0.002110552763819218,0.4411764705882353,0.11413244543100254,0.18139993427538614,0.4683544303797469,0.4371859296482412,0.11387765897154944,0.17174352564156337,0.48484848484848486,0.4411764705882353,0.11413244543100254,0.18139993427538614,0.4683544303797469,26.0,9.0,9.0,39.0,11.0,11.0,46.0,10.0,10.0,0.0001360042720657338,0.00018048381044118392,0.0001234888406595559,3.8442710928343615e-05,-4.636562540305533e-05,-7.072031659394185e-05,-0.5824766159057617
448,1,3.206330312525525,1.4217166723702577,1.9588110129554273,5.914379562969381,2.6224908888991916,3.6132122063299437,24.6883213634353,18.731043513488252,21.206626170557108,45.53994413660701,34.551181616096585,39.11762800379792,3.0268680330496935,1.2936543579976914,1.7690685957210428,5.453816275765213,2.3309087531489934,3.187510983281158,20.632510946885088,14.973700650975683,17.114838840818784,37.17569539979295,26.9796408125688,30.83754746093475,3.206330312525525,1.4217166723702577,1.9588110129554273,5.914379562969381,2.6224908888991916,3.6132122063299437,24.6883213634353,18.731043513488252,21.206626170557108,45.53994413660701,34.551181616096585,39.11762800379792,0.6130653266331658,-0.001934673366834172,-0.001934673366834172,0.507537688442211,-0.0024623115577889765,-0.0024623115577889765,0.39698492462311563,-0.0030150753768843908,-0.0030150753768843908,0.38235294117647056,0.07960064759848895,0.14152164533294975,0.35424354243542433,0.3919597989949749,0.0912079192957268,0.15322858029714514,0.31818181818181823,0.38235294117647056,0.07960064759848895,0.14152164533294975,0.35424354243542433,19.0,4.0,4.0,28.0,4.0,4.0,35.0,3.0,3.0,-0.00026485997133999194,0.0003629194898985951,0.00021463612399295656,-0.00019717463232815646,0.00020823100688893703,5.431726479621091e-05,-1.2076005935668945
448,0,3.845617297646049,1.7520470427859252,2.3858791868431544,6.235548951550372,2.8408898377376293,3.8686289639773177,46.78755728737536,38.67372532595972,42.48272529566252,75.86457029082896,62.70824389011548,68.88441898223245,3.9713006714480605,1.7932445915070736,2.4710751421992545,6.017122229466758,2.7170372598592025,3.744053245756446,53.05349114375555,44.22436469372185,48.570791207462435,80.38407749053871,67.00661317230583,73.5921078900946,3.845617297646049,1.7520470427859252,2.3858791868431544,6.235548951550372,2.8408898377376293,3.8686289639773177,46.78755728737536,38.67372532595972,42.48272529566252,75.86457029082896,62.70824389011548,68.88441898223245,0.7889447236180904,-0.001055276381909609,-0.001055276381909609,0.6834170854271358,-0.0015829145728643024,-0.0015829145728643024,0.5477386934673367,-0.002261306532663321,-0.002261306532663321,0.4300699300699301,0.08975579394427569,0.174255976581558,0.39649122807017545,0.42713567839195976,0.08127101673782444,0.16503217254888802,0.38888888888888884,0.4300699300699301,0.08975579394427569,0.174255976581558,0.39649122807017545,25.0,1.0,1.0,35.0,3.0,3.0,44.0,0.0,0.0,0.000541374650008056,0.0005061136175764243,0.00014740753859043802,-0.003991564786343993,-0.0026123587895474643,-0.0033095949143149284,-1.1919536590576172
116,1,2.8890698055677775,1.2042237633374102,1.5497265554786337,5.807470269060101,2.4206731486376367,3.115186375479893,17.976580107189232,12.584959320652784,14.160043934869101,36.135663565720485,25.2976847257792,28.463844660955147,3.3616627059390196,1.4697657410268918,2.052496385163712,5.378660329502432,2.351625185643027,3.2839942162619398,28.837098655131793,22.20516134660667,25.134013415372028,46.13935784821087,35.52825815457067,40.21442146459525,3.052590140929589,1.369422568916065,1.8929517136736422,5.355421299876472,2.402495734940465,3.3209679187256884,21.170107031192757,15.787528329009556,17.98132693951197,37.140538651215365,27.697418121069397,31.5461876131789,0.728643216080402,-0.001356783919598037,-0.001356783919598037,0.5829145728643217,-0.002085427135678275,-0.002085427135678275,0.44723618090452266,-0.0027638190954772934,-0.0027638190954772934,0.39746835443037976,0.07382739362127733,0.11398839353106405,0.3451776649746193,0.39698492462311563,0.06866412261810306,0.1415592151072559,0.38888888888888884,0.40802675585284276,0.09583977755568085,0.16108571024661367,0.35906040268456374,16.0,0.0,0.0,28.0,0.0,0.0,36.0,0.0,0.0,0.000329867067994517,0.0010760421499304076,0.0001333901073817398,0.0001279381240131272,-0.0002682125742330399,3.202612425834417e-05,-1.4031059741973877
116,0,3.6448897802377047,1.6957118352010676,2.3206925340553552,5.49040359301629,2.5543001061889505,3.4957267285137634,38.27855356596287,31.25564157863233,34.51938710774182,57.660099675311166,47.08128288426895,51.997557795206035,3.6066437690102275,1.6527758429743202,2.2690038698041457,5.26517338541639,2.4128114495975477,3.312414408473205,36.84219416817486,29.786267498463335,33.03215336259928,53.78422506302899,43.48360218753771,48.22212169722522,3.6448897802377047,1.6957118352010676,2.3206925340553552,5.49040359301629,2.5543001061889505,3.4957267285137634,38.27855356596287,31.25564157863233,34.51938710774182,57.660099675311166,47.08128288426895,51.997557795206035,0.7688442211055276,-0.0011557788944723812,-0.0011557788944723812,0.6231155778894473,-0.0018844221105527303,-0.0018844221105527303,0.507537688442211,-0.0024623115577889765,-0.0024623115577889765,0.44303797468354433,0.11461692205196539,0.18637598309869163,0.44491525423728817,0.42713567839195976,0.09881487638694719,0.16837107071249402,0.4242424242424242,0.44303797468354433,0.11461692205196539,0.18637598309869163,0.44491525423728817,25.0,7.0,7.0,37.0,11.0,11.0,49.0,12.0,12.0,-4.490957994224683e-05,6.13151322945225e-05,-9.688572716908294e-05,4.537263278781012e-05,-4.0869005880850295e-05,-6.618974063954397e-05,-0.848045825958252
311,1,3.30841833121741,1.481587296179012,2.0453422943152635,6.074473001579507,2.7202914290499893,3.755382573169009,27.341845510141916,21.1276825516495,23.805563000296726,50.201421264522864,38.79181058663515,43.708574689069394,3.605369503174595,1.5718232636634828,2.2037499627435295,6.325209654692272,2.7575846730938296,3.8662280048132094,36.79527731745506,29.154141651474838,32.73350446922112,64.55311810079836,51.14761693241201,57.42720082319495,3.3029760281776506,1.4660125374065178,2.0364453705409424,5.863271055936657,2.60238911965654,3.614991782025341,27.193447082097524,20.915999318705783,23.644926931337274,48.2723912699956,37.128992873442215,41.97324307337977,0.6884422110552764,-0.0015577889447235815,-0.0015577889447235815,0.5628140703517588,-0.0021859296482411583,-0.0021859296482411583,0.4623115577889447,-0.002688442211055242,-0.002688442211055242,0.4029850746268657,0.10939342037947375,0.16266729905586275,0.35928143712574845,0.4120603015075377,0.10629589047996879,0.17666798097331404,0.3535353535353535,0.39799331103678925,0.10417027263946033,0.15661400069196163,0.3489932885906041,24.0,0.0,0.0,32.0,0.0,0.0,44.0,0.0,0.0,0.0021642546346464894,-0.00013940016972336514,0.0005085438120981085,-0.013382405837801592,-0.010324580442353515,-0.012150757346562457,-1.5770058631896973
311,0,3.5730116807497465,1.6459392433590327,2.2680888510937063,6.30105438294381,2.902636098085862,3.9998053387530907,35.623719025013884,28.754348761105,31.93631450056435,62.82290990222043,50.70868261248923,56.32012219356281,3.6672648760541597,1.6503484101156203,2.27527008350281,6.011909632875672,2.705489196910853,3.729950956561984,39.1446937187509,31.6295776657118,35.121826879521834,64.17162904713263,51.85176666510131,57.5767653762653,3.5730116807497465,1.6459392433590327,2.2680888510937063,6.30105438294381,2.902636098085862,3.9998053387530907,35.623719025013884,28.754348761105,31.93631450056435,62.82290990222043,50.70868261248923,56.32012219356281,0.7236180904522613,-0.0013819095477386467,-0.0013819095477386467,0.6130653266331658,-0.001934673366834172,-0.001934673366834172,0.507537688442211,-0.0024623115577889765,-0.0024623115577889765,0.4653846153846154,0.1429278015650377,0.21730277395239028,0.41698841698841704,0.4723618090452262,0.15657233536101567,0.22361389585657843,0.4242424242424242,0.4653846153846154,0.1429278015650377,0.21730277395239028,0.41698841698841704,29.0,14.0,14.0,41.0,15.0,15.0,50.0,12.0,12.0,0.00022280140212960526,0.0004065948030696096,0.00034036215183218363,-0.00011401557000390028,-0.0001672912548489336,9.637194842149199e-05,-0.9647252559661865
65,1,3.24352536998918,1.4075180326383185,1.954908907580428,6.073862794756808,2.6357344050679337,3.660784833303476,25.6238964198612,19.35244799101981,21.99613248557527,47.98360221298849,36.23961598318359,41.190209877446684,3.0487416581292845,1.2219019245872271,1.7648992459496655,5.6458178854246,2.262781341828198,3.2683319369438246,21.088790810803687,14.874573798156941,17.47830472827765,39.05331631630312,27.54550703362396,32.36723097829194,3.24352536998918,1.4075180326383185,1.954908907580428,6.073862794756808,2.6357344050679337,3.660784833303476,25.6238964198612,19.35244799101981,21.99613248557527,47.98360221298849,36.23961598318359,41.190209877446684,0.6130653266331658,-0.001934673366834172,-0.001934673366834172,0.48743718592964824,-0.002562814070351749,-0.002562814070351749,0.42713567839195976,-0.002864321608040288,-0.002864321608040288,0.4368600682593856,0.1319196934723328,0.1837386153649475,0.4143835616438356,0.42713567839195976,0.1238775330285512,0.16837107071249402,0.35858585858585856,0.4368600682593856,0.1319196934723328,0.1837386153649475,0.4143835616438356,23.0,0.0,0.0,30.0,-1.0,-1.0,40.0,0.0,0.0,-0.0005553474898710504,0.0001252786848282028,-4.4406630793311304e-05,-0.04501594137135356,-0.0474779386529427,-0.045647960930017994,-0.45850563049316406
65,0,3.5285467731996656,1.6578269116105815,2.2637336374616437,6.619067050415924,3.109854620400539,4.246452064755635,34.07441376569455,27.581445009528046,30.531983045139373,63.918900305302884,51.738986500631924,57.27378888467524,3.819527381628602,1.7717089554270853,2.4346264325914673,6.365878969381003,2.952848259045142,4.057710720985779,45.5826600266442,37.831686698547806,41.58822979358376,75.971100044407,63.052811164246336,69.31371632263959,3.5285467731996656,1.6578269116105815,2.2637336374616437,6.619067050415924,3.109854620400539,4.246452064755635,34.07441376569455,27.581445009528046,30.531983045139373,63.918900305302884,51.738986500631924,57.27378888467524,0.7638190954773869,-0.001180904522613102,-0.001180904522613102,0.6582914572864322,-0.0017085427135676845,-0.0017085427135676845,0.5477386934673367,-0.002261306532663321,-0.002261306532663321,0.43173431734317347,0.0984009840098401,0.1814275688769158,0.40740740740740744,0.42211055276381915,0.08125842243800463,0.1650153941661564,0.4494949494949495,0.43173431734317347,0.0984009840098401,0.1814275688769158,0.40740740740740744,29.0,4.0,4.0,41.0,8.0,8.0,51.0,7.0,7.0,0.000763320131299681,0.00034361446886641597,3.992375965795153e-05,-0.00019024471046957814,0.00021210453193631906,5.782182176528039e-05,-0.7166204452514648
8,1,3.038679198627054,1.3978017973631924,1.6983998667392486,5.419635626988512,2.4930490931326204,3.029180714703768,20.877649787869,15.717955138498642,17.057539352863902,37.23632776018194,28.033755485114465,30.42297062069233,2.7182724200301434,1.1684435623238392,1.6356258628240388,4.686676586258868,2.014557866075585,2.8200445910759293,15.15411966435112,10.443455744579303,12.201636528638328,26.127792524743313,18.00595818030915,21.037304359721258,2.8725344062250193,1.3278277165305303,1.8133765297552193,5.160241448308418,2.3853192512524495,3.2575626283027894,17.68177425961554,12.9951774613481,14.797832928094964,31.763666334638696,23.344630170086404,26.58293340376341,0.6030150753768844,-0.0019849246231156137,-0.0019849246231156137,0.48743718592964824,-0.002562814070351749,-0.002562814070351749,0.3869346733668342,-0.0030653266331658324,-0.0030653266331658324,0.4233576642335767,0.1402470931521672,0.17311328495693934,0.4317073170731708,0.40703517587939697,0.13134595282175288,0.1833289989177943,0.36868686868686873,0.42140468227424754,0.1476150328585547,0.20115996592274588,0.3993288590604027,23.0,7.0,7.0,34.0,9.0,9.0,42.0,9.0,9.0,0.00031791417624798163,-6.974443240998381e-05,0.0001265670740014993,-0.01906820172530832,-0.014786576893134118,-0.01754843302353226,-1.1689038276672363
8,0,3.9405241696643425,1.803457595065729,2.4894456898760957,6.12970426392231,2.805378481213356,3.872471073140593,51.445560436474935,42.971018740793035,47.177845758321006,80.02642734562767,66.8438069301225,73.38776006849933,3.8828608450578086,1.7732188335778836,2.4549939815698516,5.883122492511831,2.6866952023907325,3.7196878508634112,48.56294759922307,40.31765856182028,44.393152642767674,73.58022363518647,61.08736145730345,67.26235248904193,3.9405241696643425,1.803457595065729,2.4894456898760957,6.12970426392231,2.805378481213356,3.872471073140593,51.445560436474935,42.971018740793035,47.177845758321006,80.02642734562767,66.8438069301225,73.38776006849933,0.7638190954773869,-0.001180904522613102,-0.001180904522613102,0.6080402010050252,-0.001959798994974782,-0.001959798994974782,0.5326633165829145,-0.0023366834170853723,-0.0023366834170853723,0.43881856540084385,0.11250277592715963,0.18496162290435014,0.4491525423728814,0.44221105527638194,0.12391531592801097,0.19513259116953718,0.4494949494949495,0.43881856540084385,0.11250277592715963,0.18496162290435014,0.4491525423728814,26.0,4.0,4.0,41.0,9.0,9.0,50.0,6.0,6.0,-1.4777251495444163e-05,4.120656753810907e-05,-0.0001136104167415202,4.537263278781012e-05,-4.0869005880850295e-05,-6.618974063954397e-05,-0.7157697677612305
390,1,2.4181005127692337,1.0583586896913197,1.2884078605274252,4.779170353067495,2.091756089531429,2.546428743212222,11.224518223695979,7.329330699255436,8.12981302045974,22.184307244002902,14.485799825415226,16.06788516779543,2.858152635732488,1.2058436156709473,1.6962975279776709,4.363591810278607,1.8409826193449574,2.58976721828652,17.429298913276014,12.210282173827189,14.233442474848465,26.609616661490097,18.641652173781967,21.730446526486205,2.39756692053881,1.0479876370283057,1.4580718341340924,4.332952266033994,1.893953560894528,2.6350695797604073,10.99638871806357,7.140585728555513,8.43769954289306,19.87299165915103,12.904673003413578,15.248854595589867,0.5879396984924623,-0.002060301507537776,-0.002060301507537776,0.457286432160804,-0.0027135678391959628,-0.0027135678391959628,0.371859296482412,-0.003140703517587995,-0.003140703517587995,0.3588516746411483,0.08883972720984601,0.11251736379070842,0.3309352517985612,0.3869346733668342,0.12127051296583169,0.16489794548703451,0.3484848484848485,0.35451505016722407,0.09408099340595533,0.14539380433852556,0.31543624161073824,25.0,11.0,11.0,35.0,10.0,10.0,43.0,11.0,11.0,-4.593452916435372e-05,0.0006660002248705952,-4.6182263002026074e-05,-0.03825451976665928,-0.04271562466536327,-0.03748098786451326,-1.7093260288238525
390,0,3.101656905897371,1.4557637241976498,1.9843468448085024,5.861062015281929,2.7508914512424556,3.749731279155377,22.234761685095446,17.04912212766022,19.17814067402431,42.01603242562864,32.216961813647586,36.24007272194938,3.0771737278406346,1.392976853826815,1.9375619399331663,5.751726594094643,2.603695053881897,3.621611102678815,21.696994048500695,16.30887219499361,18.57143929701945,40.55512906261812,30.4838732616703,34.71297064863449,3.101656905897371,1.4557637241976498,1.9843468448085024,5.861062015281929,2.7508914512424556,3.749731279155377,22.234761685095446,17.04912212766022,19.17814067402431,42.01603242562864,32.216961813647586,36.24007272194938,0.6683417085427136,-0.0016582914572863539,-0.0016582914572863539,0.5276381909547738,-0.002361809045226204,-0.002361809045226204,0.4321608040201005,-0.002839195979899567,-0.002839195979899567,0.42490842490842495,0.13240385452451275,0.19835544074277334,0.4117647058823529,0.4321608040201005,0.13892772131333353,0.20177683073128583,0.41414141414141414,0.42490842490842495,0.13240385452451275,0.19835544074277334,0.4117647058823529,24.0,6.0,6.0,40.0,10.0,10.0,45.0,5.0,5.0,0.0001712683033223479,6.461673778658427e-05,3.3838939191531584e-05,-0.00020410455418851114,0.00020435748183800229,5.0812707827141423e-05,-1.1282196044921875
134,1,3.566356786822907,1.6480702396726508,2.264903585036939,5.913832140174694,2.7328759670521174,3.7557261979726455,35.38743405138172,28.57815296563811,31.712801279012428,58.68042861684816,47.38908909491889,52.587050222159846,3.558746479264456,1.6347459862960998,2.2591846290478244,5.560541373850712,2.554290603587656,3.5299759828872252,35.119146963033565,28.270846643373673,31.451457644798747,54.87366712973994,44.17319788027136,49.142902569998036,3.566356786822907,1.6480702396726508,2.264903585036939,5.913832140174694,2.7328759670521174,3.7557261979726455,35.38743405138172,28.57815296563811,31.712801279012428,58.68042861684816,47.38908909491889,52.587050222159846,0.7587939698492463,-0.001206030150753712,-0.001206030150753712,0.5879396984924623,-0.002060301507537776,-0.002060301507537776,0.4824120603015075,-0.0025879396984924696,-0.0025879396984924696,0.4291187739463601,0.1136312022446393,0.17943724528393978,0.43846153846153846,0.4321608040201005,0.12138386166421078,0.18675178899505873,0.4444444444444444,0.4291187739463601,0.1136312022446393,0.17943724528393978,0.43846153846153846,24.0,3.0,3.0,35.0,2.0,2.0,46.0,8.0,8.0,0.0003463890833199803,-0.00011490386879509557,-0.00011458238516649156,-0.00012094549186336678,-0.00017278787436758591,9.286739145242251e-05,-1.0244672298431396
134,0,3.2451121857825744,1.5115570809023682,2.0677167233550753,5.634151831757476,2.624359839848897,3.5899621638618795,25.66458910074426,20.00384638833414,22.4186800091055,44.55876512583206,34.730604465635345,38.92322970906047,3.364930646503391,1.4867267997464153,2.0806367391897975,5.903387099128756,2.608292631134062,3.6502398933154336,28.93149072942546,22.38974640122329,25.31937416195157,50.75700127969379,39.28025684425139,44.41995467009047,3.2451121857825744,1.5115570809023682,2.0677167233550753,5.634151831757476,2.624359839848897,3.5899621638618795,25.66458910074426,20.00384638833414,22.4186800091055,44.55876512583206,34.730604465635345,38.92322970906047,0.7587939698492463,-0.001206030150753712,-0.001206030150753712,0.6080402010050252,-0.001959798994974782,-0.001959798994974782,0.4773869346733668,-0.0026130653266331905,-0.0026130653266331905,0.43971631205673756,0.11405259524257827,0.19325404790579415,0.4092526690391459,0.44723618090452266,0.11139658190702895,0.18847157322505692,0.4292929292929293,0.43971631205673756,0.11405259524257827,0.19325404790579415,0.4092526690391459,23.0,7.0,7.0,34.0,6.0,6.0,44.0,6.0,6.0,0.0006126288356990125,0.000319829726898336,6.013897363499116e-05,-0.0049420028924966886,-0.004073957376339088,-0.0041689287906567785,-1.4146578311920166
36,1,2.474323991416157,1.0289490467430722,1.24275597014061,5.212408408313225,2.1675830172506347,2.6179884650170213,11.873677691385017,7.6302347904951215,8.447079386322093,25.01307737017656,16.073844863225766,17.79460885951101,2.722668453676617,1.095023497714094,1.5629564266459013,4.427103176709946,1.780526012543242,2.541392563651872,15.220884326609621,10.129015315263379,12.031869532795394,24.749405409121334,16.469943602054272,19.564015500480313,2.645189047657128,1.1110876806603627,1.562351792621583,4.928923691286574,2.070349715516204,2.911214520412888,14.086107777101764,9.448951221978039,11.133061555575619,26.2474057958418,17.606741407412496,20.744835196724758,0.6130653266331658,-0.001934673366834172,-0.001934673366834172,0.5025125628140703,-0.0024874371859296973,-0.0024874371859296973,0.4120603015075377,-0.0029396984924623393,-0.0029396984924623393,0.3913043478260869,0.0764671946294645,0.1107569382464193,0.38498789346246975,0.42713567839195976,0.11635873603607005,0.176718316121509,0.4292929292929293,0.41137123745819393,0.10252315732463801,0.1677672330088057,0.4093959731543624,19.0,7.0,7.0,30.0,8.0,8.0,40.0,10.0,10.0,6.094725463874727e-05,0.0004166068011878329,9.549170709162921e-05,5.290851944561581e-05,0.00034801661665628814,-1.4898134185870049e-05,-1.2628567218780518
36,0,4.400669660724577,2.0626653132315087,2.822887662068151,6.9113081210097524,3.239442318857177,4.433381264145494,81.5054313799103,71.14489149938812,76.66123193395917,128.0053249235771,111.73396421378264,120.39744758858973,4.394566674927371,2.0152722215191847,2.7850885443638993,6.4154258028136795,2.9420032430936995,4.065822692502042,81.00951970001735,70.21223750979031,76.0093186053267,118.26207255476984,102.49961680261357,110.96250891288568,4.400669660724577,2.0626653132315087,2.822887662068151,6.9113081210097524,3.239442318857177,4.433381264145494,81.5054313799103,71.14489149938812,76.66123193395917,128.0053249235771,111.73396421378264,120.39744758858973,0.8592964824120604,-0.0007035175879396283,-0.0007035175879396283,0.7437185929648241,-0.0012814070351758744,-0.0012814070351758744,0.5829145728643217,-0.002085427135678275,-0.002085427135678275,0.41393442622950816,0.03970129739515238,0.1319180774556662,0.4156378600823045,0.4170854271356784,0.05367690583242024,0.1366179813927736,0.4191919191919192,0.41393442622950816,0.03970129739515238,0.1319180774556662,0.4156378600823045,26.0,4.0,4.0,39.0,10.0,10.0,46.0,7.0,7.0,-0.00022808977797155123,8.021323351513075e-05,1.8360939015235774e-05,-3.136820234672655e-06,-7.934534252473924e-05,-9.790377231322367e-05,-0.6240167617797852
384,1,3.179475088980684,1.4393284593813056,1.9732178489854852,6.358950177961368,2.878656918762611,3.9464356979709705,24.034134458386657,18.33595557528096,20.693177635118307,48.06826891677331,36.67191115056192,41.38635527023661,3.2732400750395043,1.4657274442446255,2.041002090816863,5.279419475870168,2.364076522975202,3.2919388561562304,26.39672831576544,20.30146093528406,22.967833547616856,42.57536825123458,32.74429183110332,37.04489281873686,3.179475088980684,1.4393284593813056,1.9732178489854852,6.358950177961368,2.878656918762611,3.9464356979709705,24.034134458386657,18.33595557528096,20.693177635118307,48.06826891677331,36.67191115056192,41.38635527023661,0.7336683417085428,-0.001331658291457205,-0.001331658291457205,0.5778894472361809,-0.002110552763819218,-0.002110552763819218,0.46733668341708545,-0.002663316582914521,-0.002663316582914521,0.4280936454849499,0.11924556535139397,0.17781555872187982,0.3993288590604027,0.4321608040201005,0.12138386166421078,0.17506564542243774,0.3939393939393939,0.4280936454849499,0.11924556535139397,0.17781555872187982,0.3993288590604027,24.0,8.0,8.0,35.0,8.0,8.0,42.0,7.0,7.0,0.0004594879444123126,0.00016451826137289463,8.144214137103541e-05,0.0005070350734097673,0.00010364583054389698,-4.030577335889518e-05,-0.7545022964477539
384,0,3.7947519045609694,1.7701566076836488,2.418934245847659,6.18544560443438,2.885355270524348,3.9428628207316843,44.46720292667489,36.89415743745357,40.508890978335124,72.48154077048007,60.137476623049324,66.02949229468625,4.145111692610698,1.8991664310761047,2.6269032103810477,6.28047226153136,2.8775248955698554,3.9801563793652237,63.124672067434645,53.6753286303519,58.56063076199883,95.64344252641612,81.32625550053318,88.72822842727095,3.8709555748713056,1.8282481708397271,2.4820952436425423,6.277225256548062,2.964726763523881,4.0250193140149335,47.98822051585799,40.27676151895085,43.977943455746825,77.8187359716616,65.31366732802839,71.31558398229214,0.8090452261306533,-0.0009547738693467256,-0.0009547738693467256,0.6482412060301508,-0.0017587939698492372,-0.0017587939698492372,0.5577889447236181,-0.00221105527638199,-0.00221105527638199,0.43999999999999995,0.12356374807987702,0.19230296827021487,0.43518518518518523,0.4723618090452262,0.14153474137605326,0.21025830320215444,0.4747474747474747,0.4481605351170569,0.13096520957448599,0.19565775424942622,0.4429530201342282,32.0,22.0,22.0,39.0,18.0,18.0,49.0,17.0,17.0,0.0006844359598374923,0.00016456868883636225,0.0001814832063001963,0.00040436298294821427,2.9341792515680254e-06,-0.0001314242545484845,-1.450317144393921
5,1,3.0058096441006033,1.4034962632867254,1.9107550257927979,4.871975821243632,2.274861241914977,3.0970531697684214,20.20256636481922,15.23806242636877,17.213220412867283,32.74539192781125,24.69866042567829,27.900101332704317,2.9613481115813207,1.3152664781095988,1.8111625427606106,4.333149075034433,1.9245443319397806,2.6501569559511875,19.324005118718816,14.137388226232664,16.16522609251443,28.275566313419446,20.686325419266915,23.653529355958614,2.852787725901524,1.3088128502937708,1.7950834620489027,4.480818417646373,2.055726989990216,2.8195028199720986,17.336042675519717,12.652874340156364,14.45629043211255,27.22938640133987,19.873624618046644,22.706215338396674,0.6111111111111112,0.0011111111111111738,0.0011111111111111738,0.4797979797979798,-0.00020202020202020332,-0.00020202020202020332,0.4242424242424242,-0.0007575757575758457,-0.0007575757575758457,0.42228739002932547,0.13092575020502095,0.1945259042033235,0.4088235294117647,0.4242424242424242,0.142126555224792,0.19437665243034363,0.37055837563451777,0.42140468227424754,0.12257329663150962,0.19226118950450344,0.38926174496644295,24.0,-1.0,-1.0,37.0,2.0,2.0,45.0,2.0,2.0,0.0008667431310045594,-0.00039110330236187036,0.00013231847245547728,-0.0043264510304013015,-0.003550956443628017,-0.004018588703321058,-1.7949621677398682
5,0,3.9019574855025665,1.87017470109824,2.5398660945613987,6.286487059976357,3.0130592406582757,4.092006485682253,49.49924839413836,41.87157565374863,45.59489810221227,79.74878907944513,67.45976077548389,73.4584469424531,3.8916522030854344,1.810690876775523,2.4919661149373713,5.808436124008111,2.702523696679885,3.719352410354286,48.991764035997264,40.979596515293174,44.93783684470404,73.12203587462278,61.163576888497275,67.07139827567767,3.9019574855025665,1.87017470109824,2.5398660945613987,6.286487059976357,3.0130592406582757,4.092006485682253,49.49924839413836,41.87157565374863,45.59489810221227,79.74878907944513,67.45976077548389,73.4584469424531,0.7939698492462312,-0.001030150753768888,-0.001030150753768888,0.6432160804020101,-0.001783919597989958,-0.001783919597989958,0.5376884422110553,-0.0023115577889447625,-0.0023115577889447625,0.44982698961937717,0.12685635058656197,0.19551168467116087,0.40625,0.4371859296482412,0.10385259631490784,0.18342966921418447,0.38383838383838387,0.44982698961937717,0.12685635058656197,0.19551168467116087,0.40625,22.0,5.0,5.0,35.0,6.0,6.0,43.0,7.0,7.0,0.0005028611353983291,0.0003935609761120291,9.091109863967536e-05,-0.0003149833039568506,0.00014238108104080993,-5.260203672641239e-06,-1.3286986351013184
373,1,3.380108095968471,1.5237053968508523,2.0829441613448125,5.734412242414171,2.584992737940998,3.533751039893437,29.373946146838733,22.973275975740204,25.71504110182829,49.83341112473636,38.97456272501199,43.62601500359924,2.8412030192475823,1.2087290031201514,1.7016783446727828,5.073576820084968,2.1584446484288415,3.038711329772826,17.136368522933587,12.019851103356253,14.011086037084027,30.600658076667116,21.46401982742188,25.019796494792903,3.324703009630924,1.5027970318930006,2.049829991233551,5.765380941556516,2.6060064136872843,3.5546184819078928,27.790743833662894,21.607110741433686,24.21249682395084,48.19204133005126,37.468978164335866,41.986988712053474,0.6432160804020101,-0.001783919597989958,-0.001783919597989958,0.4974874371859297,-0.002512562814070307,-0.002512562814070307,0.39698492462311563,-0.0030150753768843908,-0.0030150753768843908,0.4294117647058824,0.12544700699663125,0.18381489582134225,0.4513274336283186,0.4170854271356784,0.12886487575723227,0.17668475935604566,0.36868686868686873,0.41137123745819393,0.114209300897259,0.1699919271133663,0.43624161073825507,24.0,9.0,9.0,34.0,5.0,5.0,42.0,7.0,7.0,-0.00049912696185391,-0.0003558859480908533,-0.00030571627404308107,0.00034512908460637703,-5.516869649557776e-05,0.0001678595039624753,-1.1877024173736572
373,0,2.6073595112926324,1.1176980245659298,1.5588379817481488,5.533987534172118,2.3722570317317695,3.308554083710357,13.563190077446297,9.127596319973257,10.70976079043809,28.78717893988602,19.372857495453445,22.730920861337985,2.9278695271841846,1.1676995143970135,1.6576287337411002,5.323399140334881,2.123090026176388,3.0138704249838186,18.68777426038443,12.874348593293044,15.126064164840063,33.97777138251714,23.407906533260075,27.501934845163746,2.6486576799564934,1.1594914747206602,1.597016034853828,5.518036833242695,2.4156072390013756,3.3271167392788086,14.135052141438802,9.701654707510757,11.272705921621585,29.448025294664173,20.21178064064741,23.4848040033783,0.6582914572864322,-0.0017085427135676845,-0.0017085427135676845,0.5025125628140703,-0.0024874371859296973,-0.0024874371859296973,0.4170854271356784,-0.0029145728643216184,-0.0029145728643216184,0.41800643086816724,0.13068700871728445,0.1816427945045309,0.3838709677419355,0.4170854271356784,0.11382728177226986,0.17000696302883367,0.4040404040404041,0.4247491638795987,0.1376039218094819,0.19004393584845303,0.38926174496644295,19.0,4.0,4.0,27.0,2.0,2.0,38.0,3.0,3.0,0.0009817189497899465,0.0001312884930489032,0.0001718499355771237,-0.004215881086828688,-0.0034391652486727153,-0.0042705609427518,-1.40462064743042
449,1,2.82579685582055,1.219353159029424,1.5707406006794717,6.685421829624228,2.8848111323379055,3.7161423967294818,16.874386082838022,11.88933477008797,13.366350369002182,39.92232804964117,28.128426163378855,31.62282892178565,3.0481752414799215,1.282771628367895,1.8091614388528292,6.417211034694572,2.700571849195568,3.808760923900693,21.076849150870284,15.232918581715275,17.624641923141265,44.37231400183218,32.069302277295314,37.10450931187635,2.72706162211887,1.1977303133464217,1.6653520263845316,6.105361840564635,2.6814857761487056,3.7284000590698474,15.287899331617014,10.672809611371523,12.396589594389743,34.22664029466496,23.894349876204906,27.753558793409876,0.6080402010050252,-0.001959798994974782,-0.001959798994974782,0.4723618090452262,-0.0026381909547738003,-0.0026381909547738003,0.3668341708542714,-0.0031658291457286047,-0.0031658291457286047,0.3798449612403101,0.12049012253063263,0.1520834754143081,0.3652849740932642,0.36180904522613067,0.08862608783264692,0.133094521019119,0.3484848484848485,0.3745819397993311,0.11748678120166833,0.16546069397063257,0.34563758389261745,21.0,7.0,7.0,32.0,10.0,10.0,39.0,9.0,9.0,0.0005093768606625692,0.00013737569333814828,3.8285324430057794e-05,-0.02253728369430963,-0.03119996920986967,-0.02601444413482934,-1.0091946125030518
449,0,3.4369690866398632,1.5684101747920633,2.1535227912294683,6.698326614108346,3.056682603426868,4.197011571228234,31.092576304014564,24.613623377795665,27.4835201123503,60.596480826072174,47.96961636402513,53.56277277370459,3.463876537342167,1.5493287500678328,2.1500280595710004,6.076976381302048,2.7181206141540923,3.771979051878948,31.940555586928387,25.15668523617388,28.220091266664866,56.036062433207704,44.13453550205945,49.50893204678048,3.4369690866398632,1.5684101747920633,2.1535227912294683,6.698326614108346,3.056682603426868,4.197011571228234,31.092576304014564,24.613623377795665,27.4835201123503,60.596480826072174,47.96961636402513,53.56277277370459,0.6783919597989949,-0.0016080402010050232,-0.0016080402010050232,0.5577889447236181,-0.00221105527638199,-0.00221105527638199,0.4371859296482412,-0.002814070351758735,-0.002814070351758735,0.39473684210526316,0.0907968796287153,0.15598684210526315,0.4,0.38190954773869346,0.0836639337036057,0.1531950235316818,0.3939393939393939,0.39473684210526316,0.0907968796287153,0.15598684210526315,0.4,22.0,0.0,0.0,35.0,0.0,0.0,41.0,0.0,0.0,0.00021162896518986448,4.07472223327449e-05,2.6507302542611405e-05,-0.00015559510116602837,0.0002314721571865519,7.534460660885145e-05,-0.613116979598999
46,1,3.205563747882843,1.426858902450175,1.975089129216517,5.814347010787498,2.588079179444201,3.582475495015066,24.669403421030182,18.747222111763882,21.24654971994182,44.74609875835794,34.00426989421002,38.537624757979586,3.3344500651910676,1.4300277915791049,2.0071454704872407,5.604117756623643,2.403408053074126,3.3733537319113287,28.062946188558303,21.347419418876854,24.292080522657052,47.16461544295513,35.87801583004513,40.827026088499245,3.214967904680947,1.4290023706761243,1.9825168076253572,5.810182960266772,2.582534404836369,3.582861700527754,24.902492644892405,18.93715574139486,21.472867057395174,45.00450477992603,34.22377543625577,38.80638624830453,0.7336683417085428,-0.001331658291457205,-0.001331658291457205,0.5728643216080402,-0.0021356783919597166,-0.0021356783919597166,0.4773869346733668,-0.0026130653266331905,-0.0026130653266331905,0.43823529411764706,0.11371253347153842,0.17404742719005406,0.41002949852507375,0.44221105527638194,0.12391531592801097,0.1734297531060981,0.41414141414141414,0.44147157190635455,0.11759845003657154,0.1811823616727617,0.4093959731543624,21.0,7.0,7.0,33.0,6.0,6.0,39.0,5.0,5.0,0.0006701291461622438,0.00020719504675791167,0.00021014375323123564,0.00034512908460637703,-5.516869649557776e-05,0.0001678595039624753,-0.7260308265686035
46,0,3.4620225671538734,1.595131278083429,2.1890184185513877,6.121589572384663,2.820530140717057,3.8706484619418577,31.881393608291006,25.41323612767798,28.309827631399273,56.37306022128277,44.93598706019881,50.05777468598414,3.404764914632443,1.5257541189818171,2.1319136916898547,5.491556313923295,2.460893740293253,3.4385704704675075,30.107217125708818,23.560191813703014,26.53619729114032,48.560027622110994,38.00030937694034,42.80031821151664,3.4620225671538734,1.595131278083429,2.1890184185513877,6.121589572384663,2.820530140717057,3.8706484619418577,31.881393608291006,25.41323612767798,28.309827631399273,56.37306022128277,44.93598706019881,50.05777468598414,0.7437185929648241,-0.0012814070351758744,-0.0012814070351758744,0.6180904522613065,-0.0019095477386934512,-0.0019095477386934512,0.49246231155778897,-0.002537688442211028,-0.002537688442211028,0.4398496240601504,0.09463386421024422,0.17984962406015037,0.4339622641509434,0.44221105527638194,0.10386519061472776,0.1817769985151132,0.4242424242424242,0.4398496240601504,0.09463386421024422,0.17984962406015037,0.4339622641509434,21.0,6.0,6.0,33.0,7.0,7.0,42.0,6.0,6.0,-0.0001396125673503011,-2.796133034054934e-06,3.8294869614678576e-05,-0.00015559510116602837,0.0002314721571865519,7.534460660885145e-05,-1.206972360610962
25,1,3.4935586730160386,1.6182471617030072,2.2245961445937428,5.941426314653127,2.752121023304434,3.783326776519971,32.90283002326186,26.379979277584827,29.34566982853776,55.957193917112015,44.86391033602862,49.907601749213875,3.6013053194362317,1.6165253609980754,2.261362940963825,5.7163576498987805,2.565913271425517,3.589464985656866,36.64603802311222,29.36859215440765,32.82721457052666,58.16831432240035,46.61681294350421,52.10668979448676,3.4935586730160386,1.6182471617030072,2.2245961445937428,5.941426314653127,2.752121023304434,3.783326776519971,32.90283002326186,26.379979277584827,29.34566982853776,55.957193917112015,44.86391033602862,49.907601749213875,0.7236180904522613,-0.0013819095477386467,-0.0013819095477386467,0.5979899497487438,-0.0020100502512562235,-0.0020100502512562235,0.4824120603015075,-0.0025879396984924696,-0.0025879396984924696,0.4257028112449799,0.12309760082413823,0.1987335188551268,0.41129032258064513,0.4371859296482412,0.12390272162819105,0.20012416003221445,0.4292929292929293,0.4257028112449799,0.12309760082413823,0.1987335188551268,0.41129032258064513,29.0,18.0,18.0,42.0,19.0,19.0,50.0,19.0,19.0,-6.97873782247169e-05,0.0002868795271739171,0.0002444525246038918,-3.7786429536446065e-05,-0.00010682844012599446,0.00013492207507859177,-0.648139238357544
25,0,3.402316993695718,1.5799935189174528,2.165527749546599,5.588047910857816,2.595019658343211,3.556715273497748,30.033607170992774,23.847391891258688,26.589071044549748,49.3279245050851,39.167534560794564,43.67053486710898,3.4083311473903946,1.5180415885877636,2.1096215375196747,5.325517417797491,2.3719399821683806,3.296283652374492,30.21477814949967,23.593492494462183,26.55021325251009,47.21059085859323,36.864832022597156,41.484708207047014,3.402316993695718,1.5799935189174528,2.165527749546599,5.588047910857816,2.595019658343211,3.556715273497748,30.033607170992774,23.847391891258688,26.589071044549748,49.3279245050851,39.167534560794564,43.67053486710898,0.7386934673366834,-0.0013065326633165952,-0.0013065326633165952,0.6180904522613065,-0.0019095477386934512,-0.0019095477386934512,0.4773869346733668,-0.0026130653266331905,-0.0026130653266331905,0.45185185185185184,0.13392209214760042,0.20800948731983215,0.42750929368029744,0.4522613065326633,0.12143423886349036,0.19683559701680353,0.4191919191919192,0.45185185185185184,0.13392209214760042,0.20800948731983215,0.42750929368029744,21.0,4.0,4.0,29.0,2.0,2.0,39.0,3.0,3.0,-2.5078739880097486e-05,0.00013517731390371858,9.837731120928609e-06,-0.0001833147886074471,0.00021597805698636563,6.13263787334617e-05,-0.9555397033691406
415,1,3.5089311673400108,1.5474038838105981,2.0970184537577956,5.908907673303697,2.605769747737658,3.531299943356288,33.412536281817246,26.30235824721988,29.30873899096165,56.265450248154515,44.292178746497626,49.35481047062882,3.4641808696727656,1.4844186764184046,2.0920176143267253,5.370823053756226,2.3014243045246583,3.243438161746861,31.95027760993869,24.70925679313674,28.006404531315738,49.535314123935954,38.308925260677114,43.420782219094164,3.541604045242769,1.5811729950631714,2.1872619727367972,5.681717719640806,2.536641168550543,3.508976426850477,34.52225005335809,27.41986216235763,30.648038885466022,55.3832888556547,43.98908368292668,49.16797682160325,0.7386934673366834,-0.0013065326633165952,-0.0013065326633165952,0.5829145728643217,-0.002085427135678275,-0.002085427135678275,0.48743718592964824,-0.002562814070351749,-0.002562814070351749,0.4269662921348315,0.11560584332697732,0.16596922468615116,0.4,0.4321608040201005,0.11386506467172952,0.17005729817702875,0.38383838383838387,0.4280936454849499,0.11757611626959097,0.17670321166959946,0.3959731543624161,24.0,0.0,0.0,34.0,0.0,0.0,44.0,0.0,0.0,0.00037173714609185787,-9.018202924201114e-05,0.0001966022631696842,0.00028194625970456855,-0.00011714509729277012,0.00012834433895747566,-1.5731887817382812
415,0,3.286539892932686,1.4977983383999536,2.06381169560471,6.797800462305213,3.0980102383999037,4.268738720823418,26.750144974443284,20.76822516665376,23.353703707304575,55.32935969072884,42.956499917352225,48.30424185613425,3.3409805297851562,1.511457479986033,2.0901835326957383,6.615803029277537,2.992985108883234,4.138977292466809,28.246809969568915,22.01589585560401,24.753684110093815,55.9342771674632,43.59583337743369,49.017196257611516,3.286539892932686,1.4977983383999536,2.06381169560471,6.797800462305213,3.0980102383999037,4.268738720823418,26.750144974443284,20.76822516665376,23.353703707304575,55.32935969072884,42.956499917352225,48.30424185613425,0.7738693467336684,-0.0011306532663316604,-0.0011306532663316604,0.5728643216080402,-0.0021356783919597166,-0.0021356783919597166,0.44723618090452266,-0.0027638190954772934,-0.0027638190954772934,0.4066390041493776,0.08365763768975021,0.14594934897696377,0.38749999999999996,0.40703517587939697,0.09625823352350726,0.14493167003632523,0.398989898989899,0.4066390041493776,0.08365763768975021,0.14594934897696377,0.38749999999999996,26.0,9.0,9.0,39.0,9.0,9.0,46.0,9.0,9.0,0.00014696607956648892,0.00010798466564734103,-7.776449426839942e-07,1.765294534639139e-05,-6.285548396256502e-05,-8.431204445269458e-05,-0.7111878395080566
77,1,3.5860763188255462,1.641096090937035,2.2555647445446843,5.880393963665546,2.691044665246213,3.6986411133662833,36.09218351721686,29.098689939685617,32.30920535024668,59.18341920833948,47.71559371830169,52.980148558200206,3.2662255230860495,1.4016607075265668,1.9645505684057993,5.184484957279444,2.224858265915185,3.118334235564761,26.2122149893151,19.759088014928793,22.536767266137606,41.606690459230315,31.36363176972824,35.77264645418667,3.5803744047381807,1.6315241708529777,2.2491711564733885,5.901716051766232,2.6893255563510623,3.707424983197893,35.88697458540194,28.866363707574966,32.10137892573044,59.154353712200994,47.581918199299395,52.91436086658864,0.6934673366834171,-0.0015326633165829717,-0.0015326633165829717,0.5477386934673367,-0.002261306532663321,-0.002261306532663321,0.40703517587939697,-0.00296482412060306,-0.00296482412060306,0.42105263157894735,0.10578169561835626,0.1748819532419671,0.40594059405940597,0.3869346733668342,0.07615773101094447,0.12983951476917144,0.33333333333333337,0.42140468227424754,0.10420935673167664,0.1733512896157381,0.40604026845637586,25.0,2.0,2.0,32.0,3.0,3.0,41.0,2.0,2.0,-0.00011301153033621676,0.0007650469727072223,-0.000359141710904721,-0.00859155017379365,-0.008933456566137643,-0.008210088375824931,-1.6535735130310059
77,0,3.168172515268567,1.4386003411601433,1.9683187610995045,5.09802379360475,2.3149051175013478,3.167294656185497,23.764016273000387,18.125775066214594,20.444384868018673,38.23955918041179,29.16685632482247,32.8978172749336,3.563097430833021,1.6290176609742808,2.2165332107643714,5.054038908983009,2.310663348899689,3.1440187386728673,35.27228156964777,28.354606297486082,31.428086562576993,50.03160506333017,40.21929971274622,44.57884618805248,3.2019201604817624,1.4482911284008844,1.9904188409858283,5.109447064598557,2.3111028644694964,3.176200278168875,24.579681846991452,18.804157593685392,21.221158761351695,39.22289656434806,30.006634458008605,33.86355121492292,0.7386934673366834,-0.0063065326633166,-0.0063065326633166,0.6482412060301508,-0.006758793969849242,-0.006758793969849242,0.4723618090452262,-0.007638190954773805,-0.007638190954773805,0.41455696202531644,0.1080798688183654,0.18192538307794803,0.36190476190476195,0.4120603015075377,0.06619563985340238,0.15663459199167795,0.38383838383838387,0.4147157190635451,0.10419818984818618,0.18223518513696002,0.36241610738255037,25.0,0.0,0.0,38.0,0.0,0.0,45.0,0.0,0.0,0.0018166073142510811,0.00011366170132178013,0.00028166199066853863,0.00043990332195509296,3.7795904697546234e-05,-9.98832418286355e-05,-1.6100537776947021
355,1,3.126793749114483,1.4195232825091555,1.8900110512429662,5.575858803839621,2.5313666417158345,3.370364534728837,22.80075727248884,17.28686670222644,19.356243694861703,40.65947848591607,30.826826335990013,34.51704540660067,3.0007646383352613,1.3242754154191148,1.8418528951075144,5.086041759890274,2.2445346024052797,3.1217845679788385,20.10090096792366,14.754149239680354,16.91443727005981,34.069323674446885,25.00703260962772,28.668537745864086,3.1037882115928626,1.4144814728142372,1.9472888725676643,5.172980352654771,2.357469121357062,3.2454814542794406,22.282201295510994,16.866476404162196,19.103415371392792,37.137002159184995,28.110794006936995,31.83902561898799,0.6180904522613065,-0.0019095477386934512,-0.0019095477386934512,0.5175879396984925,-0.002412060301507535,-0.002412060301507535,0.42211055276381915,-0.0028894472361808976,-0.0028894472361808976,0.4349030470914127,0.1375309862338746,0.18661370202787408,0.42500000000000004,0.42211055276381915,0.12637120439289184,0.1883876813113985,0.3787878787878788,0.43143812709030105,0.13093729236576013,0.20118228726827658,0.4161073825503355,26.0,9.0,9.0,38.0,7.0,7.0,45.0,7.0,7.0,0.0012595305314951118,-0.0005483669848732046,0.0001421704167456503,-0.004413327414638957,-0.0036328415011634974,-0.004072204635873433,-1.4045124053955078
355,0,3.7713435140399425,1.7227596405046994,2.369050751103952,6.550228208595689,2.992161480876583,4.1146670940226535,43.43838573071015,35.68147716948158,39.3738774849226,75.44561732175973,61.97309192594169,68.38620826328662,3.925240991103589,1.7621128379790405,2.4488321264040485,6.331033856618692,2.8421174806113556,3.9497292361355627,50.665286471020494,41.966981696901755,46.288088160017985,81.71820398551692,67.68868015629315,74.65820670970643,3.7713435140399425,1.7227596405046994,2.369050751103952,6.550228208595689,2.992161480876583,4.1146670940226535,43.43838573071015,35.68147716948158,39.3738774849226,75.44561732175973,61.97309192594169,68.38620826328662,0.8040201005025126,-0.0009798994974873354,-0.0009798994974873354,0.6381909547738693,-0.0018090452261306789,-0.0018090452261306789,0.5025125628140703,-0.0024874371859296973,-0.0024874371859296973,0.3916349809885932,0.07284940224096514,0.1312051453375186,0.3854961832061069,0.3919597989949749,0.0711577939824436,0.13653408947911516,0.3939393939393939,0.3916349809885932,0.07284940224096514,0.1312051453375186,0.3854961832061069,27.0,5.0,5.0,37.0,8.0,8.0,48.0,10.0,10.0,0.00024310878636582366,0.0003838025043176036,9.35787641491377e-05,-0.00013480533558407615,-0.00018378111340844328,8.585827751517172e-05,-0.8159759044647217
172,1,3.3363513498163937,1.5776985863502053,2.1453764674499896,6.333412731854849,2.9949532486647965,4.0725790568542175,28.11635259098572,22.31174065203799,24.826065303575064,53.37341508797289,42.35449072929245,47.1274460000069,3.447528609079332,1.5684855465513576,2.164094476775594,5.794165729545096,2.6361101622711893,3.637133574412763,31.422638644623536,24.87540207714673,27.813626350027697,52.81115738592191,41.807398448986106,46.74559050424823,3.4090043836612764,1.5912040162454295,2.1770994497339546,6.312971080854215,2.9466741041582023,4.031665647655471,30.23512668298339,24.076829134083408,26.807373719100276,55.99097533885812,44.58672061867297,49.64328466500051,0.7035175879396984,-0.001482412060301641,-0.001482412060301641,0.5628140703517588,-0.0021859296482411583,-0.0021859296482411583,0.457286432160804,-0.0027135678391959628,-0.0027135678391959628,0.4029850746268657,0.12131592410525616,0.179549126265396,0.37125748502994016,0.42713567839195976,0.1238775330285512,0.186735010612327,0.3787878787878788,0.4147157190635451,0.13090937515703427,0.19113396155520246,0.3791946308724832,21.0,0.0,0.0,35.0,0.0,0.0,43.0,0.0,0.0,0.0002608331854765106,0.0003263757457543521,0.0004904515322849331,-0.019983658223281076,-0.02409364606161457,-0.028650692906872166,-0.7742996215820312
172,0,3.718909198213894,1.7323806456466255,2.3616669584368295,6.102825350915109,2.842881059522668,3.8755560343578743,41.219407374080355,33.92922507407556,37.333944037058345,67.64210440874724,55.678728326688095,61.265959445429075,4.436963996695514,2.1147158859004334,2.868470127745102,6.24924506576833,2.9784730787330043,4.040098771471974,84.51795497439694,74.31937889184891,79.7185407736726,119.03937320337599,104.67518153781538,112.27963489249663,3.8128228877300403,1.7887897367227845,2.4345661167251373,6.182956034156822,2.9007401136045154,3.947945054148872,45.27807355063572,37.70928402131277,41.310095050859,73.42390305508495,61.15019030483151,66.9893433257173,0.8341708542713568,-0.0008291457286431214,-0.0008291457286431214,0.6934673366834171,-0.0015326633165829717,-0.0015326633165829717,0.5879396984924623,-0.002060301507537776,-0.002060301507537776,0.42006269592476486,0.10550870531443624,0.17605852491329455,0.37106918238993714,0.4522613065326633,0.11642170753516956,0.19182724977139454,0.4444444444444444,0.4280936454849499,0.10922887086057598,0.18226494693100104,0.38590604026845643,12.0,0.0,0.0,27.0,0.0,0.0,34.0,0.0,0.0,0.002453810848175589,2.6752296960825532e-05,0.0005392348087577141,0.0004280565422867255,2.617532955007107e-05,-0.00011039691273584396,-1.42486572265625
174,1,2.8607806485449045,1.2498786050879407,1.7436810918012962,5.174915313291419,2.2609269034711788,3.1541747138316434,17.47516357419297,12.46783755726304,14.419185927408611,31.611123917648424,22.553285772373904,26.083113397350605,3.135372375723106,1.3439681281404001,1.8876385214308746,4.823649808804778,2.067643274062154,2.9040592637398075,22.997197845971968,16.99932879734163,19.51475555880568,35.38030437841841,26.152813534371735,30.02270085970104,2.8607806485449045,1.2498786050879407,1.7436810918012962,5.174915313291419,2.2609269034711788,3.1541747138316434,17.47516357419297,12.46783755726304,14.419185927408611,31.611123917648424,22.553285772373904,26.083113397350605,0.7236180904522613,-0.0013819095477386467,-0.0013819095477386467,0.5376884422110553,-0.0023115577889447625,-0.0023115577889447625,0.4321608040201005,-0.002839195979899567,-0.002839195979899567,0.4028268551236749,0.10123955353637326,0.15370817122238234,0.3794326241134752,0.4170854271356784,0.12134607876475112,0.17167641211063667,0.40909090909090906,0.4028268551236749,0.10123955353637326,0.15370817122238234,0.3794326241134752,20.0,0.0,0.0,31.0,0.0,0.0,41.0,0.0,0.0,0.0006755922937786978,0.0004900005500144388,1.018551112058881e-05,-0.0002734037727947225,0.00016562223134020115,1.5767138139999304e-05,-1.4666986465454102
174,0,3.531816244736696,1.5958036149212291,2.029421969504901,7.268106061537096,3.2839958601800037,4.176336789875876,34.186001408552784,27.254942308498173,29.69356908505672,70.35119237233758,56.087802329593615,61.10623953819568,3.743206593259495,1.6997264022438356,2.3480203122940884,6.238677655432492,2.8328773370730596,3.913367187156814,42.23319795884523,34.51577734356315,38.197471677241886,70.38866326474205,57.52629557260525,63.662452795403134,3.7700948133117778,1.7448679601831123,2.384662593567784,6.732312166628174,3.1158356431841288,4.258326059942471,43.38417803845394,35.80634823438924,39.387625117809144,77.47174649723917,63.93990756140934,70.3350448532306,0.7537688442211055,-0.0012311557788945438,-0.0012311557788945438,0.6030150753768844,-0.0019849246231156137,-0.0019849246231156137,0.5175879396984925,-0.002412060301507535,-0.002412060301507535,0.44358974358974357,0.13757181785350803,0.17379502218211895,0.40616966580976865,0.4371859296482412,0.11889019029987025,0.18676856737779046,0.398989898989899,0.4481605351170569,0.13764300590169798,0.20233183656310805,0.4261744966442953,22.0,0.0,0.0,36.0,0.0,0.0,43.0,0.0,0.0,0.00013036392177867784,0.00035594235940853574,3.92178982462377e-05,-0.0016884850658369643,-0.003001211581577401,-0.0021566020753418513,-0.643505334854126
55,1,3.0829599253910103,1.3853780356910719,1.7688902971416116,5.738140722378484,2.578526583176206,3.292336486067402,21.8229010524323,16.36217427837712,18.101613858719034,40.617744064096485,30.453999015735405,33.69152053130003,2.910697539248059,1.2897091179752458,1.7941204457383786,5.244500070717223,2.32380021256801,3.232649451780862,18.369607621376836,13.311520253661635,15.315226193537463,33.09839211058889,23.98472117776871,27.59500215051795,2.836440724273988,1.2889213286081362,1.7695540108461059,5.489885272788364,2.4946864424673607,3.4249432467989145,17.054954094881406,12.355156721849198,14.14863689266961,33.0095885707382,23.913206558417805,27.38445850194118,0.6381909547738693,-0.0018090452261306789,-0.0018090452261306789,0.5376884422110553,-0.0023115577889447625,-0.0023115577889447625,0.42713567839195976,-0.002864321608040288,-0.002864321608040288,0.4329896907216495,0.1331183908503496,0.17297014037951852,0.4082687338501292,0.44723618090452266,0.1439780355411141,0.216852207615708,0.3535353535353535,0.44147157190635455,0.15098743167263173,0.2156651202934513,0.3691275167785235,22.0,9.0,9.0,36.0,12.0,12.0,41.0,8.0,8.0,0.0008352183569336569,-0.00040774309995528875,0.00023371180514773345,-0.017091145645122374,-0.01422641301337002,-0.016703487934119465,-1.375312089920044
55,0,3.830795644211168,1.7936528923594963,2.459335603023839,6.58676373357172,3.0840506566469035,4.228641792249622,46.099202209918076,38.430535627254265,42.158101543770066,79.26409588611813,66.07840298499114,72.48767099971975,3.9026952928035104,1.795276628088764,2.4738499274256927,6.194754433021445,2.8496454414107366,3.9267459165487186,49.535782777004684,41.3088055120578,45.361905671434464,78.62822663016617,65.5695325588219,72.00302487529281,3.830795644211168,1.7936528923594963,2.459335603023839,6.58676373357172,3.0840506566469035,4.228641792249622,46.099202209918076,38.430535627254265,42.158101543770066,79.26409588611813,66.07840298499114,72.48767099971975,0.8090452261306533,-0.0009547738693467256,-0.0009547738693467256,0.6331658291457287,-0.0018341708542712887,-0.0018341708542712887,0.5175879396984925,-0.002412060301507535,-0.002412060301507535,0.4285714285714286,0.1036238394728961,0.16739824421388672,0.3966244725738397,0.42713567839195976,0.10132114205110765,0.16670162163069102,0.4040404040404041,0.4285714285714286,0.1036238394728961,0.16739824421388672,0.3966244725738397,24.0,2.0,2.0,34.0,3.0,3.0,43.0,2.0,2.0,0.00023936045306954478,-1.3880631721425592e-06,1.2275260475677008e-05,3.8442710928343615e-05,-4.636562540305533e-05,-7.072031659394185e-05,-0.8728477954864502
38,1,3.5140581818066687,1.634461319631187,2.206845034208857,6.084041031187666,2.829813628018175,3.8208063278839917,33.58428273576444,27.033419306799807,29.888423203942384,58.14592234848769,46.804128949086234,51.747120771004724,3.736908610741697,1.6949015994619718,2.3405263087456283,6.126079689740487,2.7785272122327407,3.836928374992833,41.96804984194737,34.261990004041245,37.92749385920089,68.80008170811044,56.16719672793647,62.17621944131293,3.596760788091449,1.6656672700460589,2.2879710594780507,5.73951189589061,2.657979686243711,3.6510176481032723,36.47987680306444,29.582828637033018,32.77818585362497,58.21256936659219,47.20664144207396,52.30561572386963,0.7688442211055276,-0.0011557788944723812,-0.0011557788944723812,0.6180904522613065,-0.0019095477386934512,-0.0019095477386934512,0.4773869346733668,-0.0026130653266331905,-0.0026130653266331905,0.41210374639769454,0.10706777517467292,0.17065702108000147,0.3930635838150289,0.42713567839195976,0.103827407715268,0.176718316121509,0.4040404040404041,0.4180602006688964,0.10754267145353746,0.17668089032406875,0.3993288590604027,24.0,9.0,9.0,34.0,6.0,6.0,43.0,9.0,9.0,0.0005805698304483372,0.0002623698664378302,0.00027983145793013654,0.00031748659871144724,-8.228337184501555e-05,0.00015057161927245488,-0.9825739860534668
38,0,3.4303764867060114,1.5794390354573806,2.1629749569295385,6.170949005976574,2.841273482263005,3.8910038627373753,30.88826958373545,24.522485244955732,27.336657779616516,55.56531104465453,44.11381856565406,49.176270244853626,3.7357715314357125,1.7036220668714965,2.336508804432249,5.837143017868301,2.6619094794867135,3.6507950069253887,41.92035596196036,34.289885792461064,37.8681446826721,65.50055619056306,53.577946550720405,59.16897606667515,3.4529336595216322,1.5713225308403411,2.1597350848847507,6.093412340332292,2.7729221132476605,3.811297208620148,31.59293941906087,25.028867507070533,27.948514521239286,55.75224603363683,44.16858971835977,49.320907978657566,0.7135678391959799,-0.0014321608040201994,-0.0014321608040201994,0.6281407035175879,-0.0018592964824121205,-0.0018592964824121205,0.5577889447236181,-0.00221105527638199,-0.00221105527638199,0.4484848484848485,0.13986155045156556,0.214613880742913,0.41337386018237077,0.4522613065326633,0.12143423886349036,0.20852174058942452,0.43434343434343436,0.44147157190635455,0.14097073718181363,0.2034293027183679,0.40604026845637586,25.0,13.0,13.0,40.0,16.0,16.0,48.0,16.0,16.0,0.0012815888277710455,0.00010119785450662152,0.0004839323791190416,-0.007511049821735227,-0.007009091003243206,-0.00852534801092375,-1.5637459754943848
66,1,3.644195715855744,1.702535432675081,2.3326602181924887,6.060010853333147,2.8311825172574383,3.8790304751964984,38.251995003082186,31.281680938901257,34.540126098438925,63.61005910624903,52.018975044465016,57.43751306257259,3.413728710395008,1.5558264817121483,2.1433242820021103,5.642526794041336,2.571614019358923,3.5426847636398526,30.378305245120735,23.968029880026943,26.81601228163615,50.21207478532353,39.61657831409413,44.3239872423738,3.644195715855744,1.702535432675081,2.3326602181924887,6.060010853333147,2.8311825172574383,3.8790304751964984,38.251995003082186,31.281680938901257,34.540126098438925,63.61005910624903,52.018975044465016,57.43751306257259,0.6683417085427136,-0.0016582914572863539,-0.0016582914572863539,0.5678391959798995,-0.0021608040201005485,-0.0021608040201005485,0.4824120603015075,-0.0025879396984924696,-0.0025879396984924696,0.4610169491525423,0.13783590008316837,0.2174994745189459,0.41836734693877553,0.42713567839195976,0.12137126736439086,0.1934128069395391,0.33838383838383834,0.4610169491525423,0.13783590008316837,0.2174994745189459,0.41836734693877553,23.0,2.0,2.0,36.0,7.0,7.0,43.0,2.0,2.0,0.00046376782233399297,0.0006919175290204432,-8.678651142764372e-05,-0.00035656283511986686,0.00011913993074319507,-2.6287545484393604e-05,-1.3342654705047607
66,0,3.509891208984869,1.6194412538082468,2.212996858294164,5.863830223393883,2.705533591691622,3.6971624159525263,33.444629110869386,26.82228134044422,29.786710314926857,55.87456001157221,44.81087720948465,49.76342621475804,3.5887532114383562,1.6115577585116059,2.233562382075344,5.8353710755095225,2.6204191195310664,3.6318087513420223,36.18892784597327,28.96646901722245,32.31142701892393,58.84378511540369,47.099949621499924,52.538905721827525,3.509891208984869,1.6194412538082468,2.212996858294164,5.863830223393883,2.705533591691622,3.6971624159525263,33.444629110869386,26.82228134044422,29.786710314926857,55.87456001157221,44.81087720948465,49.76342621475804,0.7738693467336684,-0.0011306532663316604,-0.0011306532663316604,0.6331658291457287,-0.0018341708542712887,-0.0018341708542712887,0.5276381909547738,-0.002361809045226204,-0.002361809045226204,0.4316546762589928,0.10669955956240396,0.1816546762589928,0.44043321299638993,0.44221105527638194,0.10637145627888822,0.1867853457605222,0.4545454545454546,0.4316546762589928,0.10669955956240396,0.1816546762589928,0.44043321299638993,25.0,8.0,8.0,38.0,11.0,11.0,45.0,8.0,8.0,0.0005423186154823424,-0.00014706055805522466,-9.089751709409226e-05,-0.00023875416349117273,0.00018498985658865763,3.328992298534672e-05,-1.0178720951080322
404,1,2.8447095414866572,1.2473134745400805,1.7289055099953776,4.736294752062836,2.076712640600237,2.8785385553015823,17.196563055311657,12.256411218389335,14.144541941291823,28.63139106631786,20.4062929048441,23.54993323215082,2.848991954745959,1.1785063231808555,1.660310571780196,4.15911234269483,1.7204471871253362,2.4238110536937167,17.270363754714705,11.955615574665128,13.987614092152546,25.212209860897378,17.45345339367172,20.41987458708401,2.864054539530572,1.2583260006464267,1.7455677989652987,4.669654140538976,2.051618479314826,2.846034454834726,17.53246910954428,12.550981621156765,14.472249318372157,28.5855474612135,20.463556991016468,23.59605867125895,0.6482412060301508,-0.0017587939698492372,-0.0017587939698492372,0.5326633165829145,-0.0023366834170853723,-0.0023366834170853723,0.371859296482412,-0.003140703517587995,-0.003140703517587995,0.406832298136646,0.09830516635370024,0.15993147169036503,0.39252336448598135,0.3919597989949749,0.07867659097492474,0.14154243672452416,0.36868686868686873,0.4046822742474916,0.08915639778672368,0.1477301051707396,0.38926174496644295,23.0,9.0,9.0,33.0,9.0,9.0,45.0,16.0,16.0,0.0005517797950189653,6.280079741799688e-05,9.506056122515011e-05,0.0004162097626174699,1.455475439904319e-05,-0.00012091058364038787,-1.6102101802825928
404,0,3.4124693208713595,1.5472994327236327,2.1294974079240325,5.986788282230456,2.714560408287075,3.7359603647790047,30.340071206576088,23.883038440424517,26.732726681852885,53.2281950992563,41.900067439341264,46.89952049447874,3.775717936568524,1.6693260522380036,2.3240582724797476,6.399521926387329,2.8293661902339045,3.939081817762284,43.62881979972465,35.410285498378414,39.35862407189691,73.94715220292315,60.01743304809902,66.70953232524901,3.4124693208713595,1.5472994327236327,2.1294974079240325,5.986788282230456,2.714560408287075,3.7359603647790047,30.340071206576088,23.883038440424517,26.732726681852885,53.2281950992563,41.900067439341264,46.89952049447874,0.8140703517587939,-0.0009296482412060048,-0.0009296482412060048,0.6532663316582914,-0.0017336683417086274,-0.0017336683417086274,0.5175879396984925,-0.002412060301507535,-0.002412060301507535,0.4180602006688964,0.08917873155370437,0.14887221401706097,0.3825503355704698,0.4321608040201005,0.08128361103764437,0.15503225644080165,0.41414141414141414,0.4180602006688964,0.08917873155370437,0.14887221401706097,0.3825503355704698,23.0,0.0,0.0,35.0,0.0,0.0,45.0,0.0,0.0,0.0013314534349974448,0.00016277753877583213,0.0001857143849812955,-0.004152698261928656,-0.003383853834998618,-0.004220062306531602,-1.4766201972961426
168,1,3.6663173777716502,1.6403138126187362,2.161344034614185,6.008238169740325,2.688091358124096,3.541938241746594,39.10762175426782,31.523903872302153,34.60358818889313,64.08826120082655,51.66031824007224,56.70720178972794,3.927522836618088,1.6912946493367014,2.3814076716543386,5.65111199513394,2.433517481060002,3.4264858584954516,50.781028830566385,41.423060696024095,46.0878264257869,73.06622853318905,59.60152618132964,66.313419317679,3.9176455181976624,1.7601971691031122,2.4376307256588063,5.847232116712928,2.6271599538852417,3.638254814416128,50.28191743799397,41.63287729123054,45.8889067737749,75.04763796715517,62.13862282273215,68.49090563249985,0.7185929648241206,-0.0014070351758793676,-0.0014070351758793676,0.5979899497487438,-0.0020100502512562235,-0.0020100502512562235,0.5226130653266332,-0.002386934673366814,-0.002386934673366814,0.42048517520215634,0.11092932055881854,0.16242065907312409,0.4,0.4371859296482412,0.1314215186206723,0.18509911829598746,0.4494949494949495,0.4180602006688964,0.10587322237173447,0.17000680801038692,0.4261744966442953,23.0,8.0,8.0,34.0,7.0,7.0,44.0,10.0,10.0,5.861164227462213e-05,0.0006104327408393797,7.074580186972623e-05,-0.018037006853236726,-0.021301283604794996,-0.019379167349908855,-1.3218355178833008
168,0,3.1832422469552273,1.4672570117280188,1.92021680571091,5.8571657343976185,2.6997529015795547,3.5331989225080744,24.124845593984656,18.562692751376,20.588742000153093,44.38971589293177,34.15535466253184,37.8832852802817,3.4780755737918105,1.5385761743747843,2.1427086279598875,5.655407437059854,2.5017498770321693,3.484079069853476,32.397315803383314,25.44204751574941,28.595925208425598,52.67856228192409,41.36918295243807,46.49743936329365,3.0991610332476256,1.4108407670621261,1.934695716439097,5.9599250639377415,2.7131553212733195,3.720568685459802,22.179335748344254,16.768950686941704,18.975126560037488,42.652568746815874,32.24798209027251,36.49062800007209,0.7638190954773869,-0.001180904522613102,-0.001180904522613102,0.6180904522613065,-0.0019095477386934512,-0.0019095477386934512,0.44723618090452266,-0.0027638190954772934,-0.0027638190954772934,0.38692098092643057,0.06583254555228091,0.12201384505155277,0.3497267759562842,0.40703517587939697,0.0787143738743844,0.15327891544534022,0.3535353535353535,0.3712374581939799,0.050703234487802895,0.11650998322178863,0.31879194630872487,27.0,9.0,9.0,40.0,11.0,11.0,48.0,11.0,11.0,0.0008927050474593051,0.00016261400009041698,0.000423246620537041,-0.006766887641145303,-0.007147996873541729,-0.006874934503298569,-0.9854326248168945
455,1,3.318276442769097,1.485041823436866,2.0482617935384804,6.0989550260951555,2.7294902788308875,3.764682290917095,27.612717422312254,21.35863386645927,24.051812695824275,50.75186610022755,39.25693040259833,44.20696299958763,3.244102526549718,1.3836683466341966,1.9419884442515027,5.898368230090395,2.515760630243993,3.530888080457277,25.638689688391807,19.212163253909914,21.961627620184874,46.61579943343965,34.93120591619984,39.93023203669977,3.2964057535630804,1.484774138707666,2.0371077555770962,6.030010524810513,2.7160502537335356,3.7264166260556637,27.015364333961138,20.894938866985612,23.492416831107487,49.418349391392326,38.2224491469249,42.97393322763565,0.6733668341708543,-0.001633165829145744,-0.001633165829145744,0.5628140703517588,-0.0021859296482411583,-0.0021859296482411583,0.457286432160804,-0.0027135678391959628,-0.0027135678391959628,0.44512195121951215,0.13766380814493073,0.20475683965764602,0.3914373088685015,0.42713567839195976,0.1088399390435888,0.175048867039706,0.33838383838383834,0.43143812709030105,0.12926784328395713,0.195620552006875,0.37248322147651003,20.0,0.0,0.0,32.0,0.0,0.0,41.0,0.0,0.0,0.0009498184947818596,0.00019297794226534864,7.582738069393292e-05,0.00039251620327895864,-8.686395899459853e-06,-0.0001419379254530284,-0.9865336418151855
455,0,3.513287367115558,1.5988634607942922,2.2053786502269963,5.5627049979329675,2.5315338129242964,3.491849529526078,33.55840545181787,26.775375441335758,29.859974299336056,53.1341419653783,42.394344448781624,47.278292640615426,3.8042504619713404,1.740235508193138,2.408765648704656,5.677985764136329,2.597366430139012,3.5951726100069497,44.89158954612005,37.01405520700722,40.854658290009574,67.0023724568956,55.24485851792123,60.97710192538742,3.513287367115558,1.5988634607942922,2.2053786502269963,5.5627049979329675,2.5315338129242964,3.491849529526078,33.55840545181787,26.775375441335758,29.859974299336056,53.1341419653783,42.394344448781624,47.278292640615426,0.7537688442211055,-0.0012311557788945438,-0.0012311557788945438,0.6381909547738693,-0.0018090452261306789,-0.0018090452261306789,0.5226130653266332,-0.002386934673366814,-0.002386934673366814,0.43309859154929575,0.11323918908883879,0.1836840716429725,0.3745583038869258,0.44221105527638194,0.10637145627888822,0.1901242439241282,0.398989898989899,0.43309859154929575,0.11323918908883879,0.1836840716429725,0.3745583038869258,15.0,0.0,0.0,33.0,0.0,0.0,36.0,0.0,0.0,0.0008035269599996292,0.0008015267071897812,4.442910981874295e-05,-0.0002803336946550772,0.00016174870629104277,1.2262581172706177e-05,-1.6986620426177979
131,1,3.3223823467118843,1.5060280322898931,2.075412605276582,6.318641272887633,2.8642250920850727,3.947103727826628,27.726325660298908,21.57692690039567,24.246543335672545,52.731048801795474,41.035873246151276,46.11305787765944,3.6727169865938887,1.661325663580774,2.2880488003615653,5.694134862936261,2.575698703226006,3.547362481180721,39.35869777271374,31.884989313194517,35.3651971862402,61.021236856920524,49.43409195844111,54.829763079442166,3.27402844317382,1.4834430699735799,2.0427696657633314,6.138803330950912,2.7814557562004625,3.830193123306247,26.41754686048013,20.424587302760592,22.992008046092128,49.532900363400245,38.29610119267611,43.11001508642274,0.7839195979899498,-0.0010804020100502187,-0.0010804020100502187,0.6281407035175879,-0.0018592964824121205,-0.0018592964824121205,0.5175879396984925,-0.002412060301507535,-0.002412060301507535,0.4271844660194175,0.11700676004203459,0.18068285138002027,0.3928571428571429,0.42211055276381915,0.08877721943048578,0.1650153941661564,0.4242424242424242,0.4347826086956522,0.1259345285620963,0.18895391014170337,0.38590604026845643,24.0,1.0,1.0,38.0,2.0,2.0,44.0,0.0,0.0,0.0018059598707654142,2.7854331575161454e-06,8.877886761178005e-05,0.0004675458078473582,6.49105800478722e-05,-7.53513430460373e-05,-1.6725249290466309
131,0,3.7127288161343293,1.7423681794232087,2.3855279879669418,6.340569341839796,2.975602799924051,4.073986109320167,40.96544129950063,33.792178335607765,37.194966902968225,69.96046144005628,57.71001884587561,63.52127464597821,3.9427459683250543,1.8355615719732663,2.5235346887552916,6.258326933849292,2.9135897967829623,4.005610617071891,51.55998918550086,43.33493901531245,47.42613049019152,81.8412526753982,68.78561748462295,75.27957220665321,3.7127288161343293,1.7423681794232087,2.3855279879669418,6.340569341839796,2.975602799924051,4.073986109320167,40.96544129950063,33.792178335607765,37.194966902968225,69.96046144005628,57.71001884587561,63.52127464597821,0.7839195979899498,-0.0010804020100502187,-0.0010804020100502187,0.6532663316582914,-0.0017336683417086274,-0.0017336683417086274,0.5376884422110553,-0.0023115577889447625,-0.0023115577889447625,0.45038167938931295,0.11895310796074154,0.20038167938931295,0.4482758620689655,0.457286432160804,0.11894056749914983,0.19685237539953526,0.4797979797979798,0.45038167938931295,0.11895310796074154,0.20038167938931295,0.4482758620689655,23.0,0.0,0.0,35.0,2.0,2.0,46.0,3.0,3.0,0.0003863102245744865,0.0003285204671294277,3.305493504391817e-05,-0.00012787541372372146,-0.00017828449388890277,8.936283448512938e-05,-0.6515309810638428
382,1,3.8804197770213755,1.6954553569743158,2.325909291099788,6.8671671205469185,3.0004422074939403,4.116154624249322,48.444546711189325,39.55421448104768,43.71177751031876,85.73216751313504,69.99897350585407,77.35660020007926,3.8956361272227227,1.536942751599407,2.2011006373522912,6.039745933678639,2.3828569792238863,3.4125591276779708,49.18733281419002,38.61021072024028,43.74321628368074,76.25943071967446,59.86079181432602,67.81893997469882,3.8804197770213755,1.6954553569743158,2.325909291099788,6.8671671205469185,3.0004422074939403,4.116154624249322,48.444546711189325,39.55421448104768,43.71177751031876,85.73216751313504,69.99897350585407,77.35660020007926,0.778894472361809,-0.0011055276381910506,-0.0011055276381910506,0.6532663316582914,-0.0017336683417086274,-0.0017336683417086274,0.542713567839196,-0.0022864321608039306,-0.0022864321608039306,0.45704467353951894,0.11913729789629424,0.18161610211094747,0.4413793103448276,0.457286432160804,0.10891550484250823,0.17514953733609617,0.43939393939393945,0.45704467353951894,0.11913729789629424,0.18161610211094747,0.4413793103448276,23.0,3.0,3.0,36.0,1.0,1.0,45.0,3.0,3.0,-2.1640763420489544e-05,7.814457234445682e-05,-9.465045822925441e-05,-0.00032884314767755995,0.00013463403094249315,-1.2269317609892028e-05,-0.995903491973877
382,0,3.752869184627089,1.7483114394229995,2.367509932323862,5.754399416428203,2.6807442071152656,3.630181896229922,42.64325802383418,35.220447626591856,38.646996710788834,65.38632896987907,54.00468636077417,59.25872828987621,3.6474099314991553,1.6612470359523352,2.289343424404863,5.210585616427365,2.3732100513604792,3.270490606292661,38.37514296985142,31.08762588887725,34.48647565210152,54.82163281407345,44.4108941269675,49.26639378871646,3.6811547933214883,1.6944834416912662,2.327593002501928,5.440130236435698,2.504162721711231,3.439792614534869,39.69220390902449,32.40098050348582,35.8210145380763,58.65842942220369,47.88322241894457,52.93745990848714,0.7135678391959799,-0.0014321608040201994,-0.0014321608040201994,0.6030150753768844,-0.0019849246231156137,-0.0019849246231156137,0.4824120603015075,-0.0025879396984924696,-0.0025879396984924696,0.44476744186046513,0.1269154824990718,0.19745561390347588,0.4402332361516035,0.42713567839195976,0.103827407715268,0.17337941795790301,0.38888888888888884,0.44147157190635455,0.12594569544558665,0.1911934851432845,0.4295302013422819,28.0,0.0,0.0,39.0,0.0,0.0,45.0,-1.0,-1.0,0.0010399427404377169,-0.0005444294202262517,0.00010164757272835275,-0.004346195663182506,-0.003566991575318035,-0.004030219773056842,-1.7361640930175781
185,1,2.866990223356461,1.2708653233560248,1.479501811688002,5.631128779507309,2.496139065605107,2.9059273251988564,17.58401451903031,12.650138450212445,13.57923546418732,34.53721237370078,24.846460274408294,26.67132346777599,3.1603536318294965,1.3318083124228868,1.8983061304708528,5.643488628266957,2.378229129326583,3.389832375840808,23.578932716018574,17.354107778884327,20.046285528576995,42.105236992890305,30.989478176579148,35.796938443887484,2.9643427336893753,1.347436867924598,1.8553778784878578,5.593099497527123,2.5423337130652794,3.500712978278977,19.381959944754733,14.344480404559857,16.350740925493522,36.56973574482025,27.065057367094067,30.850454576402868,0.6331658291457287,-0.0018341708542712887,-0.0018341708542712887,0.5376884422110553,-0.0023115577889447625,-0.0023115577889447625,0.4371859296482412,-0.002814070351758735,-0.002814070351758735,0.3958810068649885,0.12159529257927426,0.13781649073595625,0.3646788990825688,0.4371859296482412,0.1414465812773139,0.20847140544122955,0.398989898989899,0.40802675585284276,0.13089820827354393,0.1877820395013411,0.37583892617449666,25.0,16.0,16.0,33.0,22.0,22.0,44.0,26.0,26.0,0.00025202639612907906,0.0003768192248845035,0.00019556225442398682,-0.007929636035694188,-0.006263870997919696,-0.009041933639305277,-1.6229712963104248
185,0,3.992158052790517,1.8593651319752,2.550658824393292,6.885026206986543,3.2067311696383882,4.39896232033046,54.17166863074823,45.733266912365046,49.94464028095642,93.42650097187013,78.87331539958609,86.13640860049004,3.8955581607531062,1.784290041944962,2.4586466056682665,6.659073779065139,3.0500684477691657,4.202814710544045,49.18349800099601,40.92479033155509,44.97581746170427,84.07435555725814,69.95690654966683,76.88173925077653,3.992158052790517,1.8593651319752,2.550658824393292,6.885026206986543,3.2067311696383882,4.39896232033046,54.17166863074823,45.733266912365046,49.94464028095642,93.42650097187013,78.87331539958609,86.13640860049004,0.7688442211055276,-0.0011557788944723812,-0.0011557788944723812,0.6180904522613065,-0.0019095477386934512,-0.0019095477386934512,0.5326633165829145,-0.0023366834170853723,-0.0023366834170853723,0.4683544303797469,0.13993337774816794,0.22571768423668936,0.461864406779661,0.4522613065326633,0.13145930152013197,0.20852174058942452,0.4444444444444444,0.4683544303797469,0.13993337774816794,0.22571768423668936,0.461864406779661,28.0,0.0,0.0,37.0,0.0,0.0,49.0,0.0,0.0,-0.000204670066706657,1.8436930995469347e-05,-7.340464606699959e-05,4.537263278781012e-05,-4.0869005880850295e-05,-6.618974063954397e-05,-0.7123265266418457
217,1,3.7511000260710716,1.7089698815874423,2.3380172333740568,6.788962723241306,3.0929947856899487,4.23148189420516,42.56788203474294,34.86087326657828,38.459280166066016,77.04187100654178,63.09327063035646,69.6058803005561,3.9200654580964516,1.7720291299217363,2.449840136267829,6.533442430160753,2.953381883202894,4.083066893779716,50.4037440032203,41.835726909792484,46.05352877412899,84.00624000536716,69.7262115163208,76.75588129021499,3.7511000260710716,1.7089698815874423,2.3380172333740568,6.788962723241306,3.0929947856899487,4.23148189420516,42.56788203474294,34.86087326657828,38.459280166066016,77.04187100654178,63.09327063035646,69.6058803005561,0.7688442211055276,-0.0011557788944723812,-0.0011557788944723812,0.6331658291457287,-0.0018341708542712887,-0.0018341708542712887,0.5376884422110553,-0.0023115577889447625,-0.0023115577889447625,0.42578125,0.10804245857699801,0.18422280844155847,0.3686274509803922,0.44221105527638194,0.11890278459969017,0.19346314208773419,0.38383838383838387,0.42578125,0.10804245857699801,0.18422280844155847,0.3686274509803922,21.0,-1.0,-1.0,34.0,0.0,0.0,44.0,0.0,0.0,0.00015578883837709677,0.0003416959410595344,0.0004851578118637445,-8.629588256159337e-05,-0.00014530477676810705,0.00011039017629776993,-0.5525102615356445
217,0,4.46764207922894,2.111795647684738,2.8753577022917174,7.3227032896237665,3.4613455290453996,4.712864399614236,87.15098543353392,76.60393299108568,82.23602168969347,142.84510630230116,125.55792567177951,134.78921898251534,4.590966727865402,2.1126756095112733,2.915164097211638,6.90370936521113,3.176955803776351,4.383705409340809,98.58969351161895,86.66881787539292,93.24661156177625,148.25517821296083,130.3290494366811,140.22046851394924,4.46764207922894,2.111795647684738,2.8753577022917174,7.3227032896237665,3.4613455290453996,4.712864399614236,87.15098543353392,76.60393299108568,82.23602168969347,142.84510630230116,125.55792567177951,134.78921898251534,0.8291457286432161,-0.0008542713567838423,-0.0008542713567838423,0.728643216080402,-0.001356783919598037,-0.001356783919598037,0.6482412060301508,-0.0017587939698492372,-0.0017587939698492372,0.4528985507246377,0.10027648924181676,0.19024794831499914,0.43999999999999995,0.44723618090452266,0.08382765960126448,0.17845487873423882,0.4494949494949495,0.4528985507246377,0.10027648924181676,0.19024794831499914,0.43999999999999995,29.0,4.0,4.0,39.0,7.0,7.0,52.0,8.0,8.0,0.00029438729616656167,4.2827263932887095e-06,8.157843677252857e-05,-0.00022489431977135155,0.00019273690668875076,4.029903692170933e-05,-0.8667998313903809
453,1,2.618418964577645,1.1247003708776004,1.3839950767664297,5.675525923220655,2.437832217504328,2.9998636742476545,13.714024077903124,9.260398087451028,10.277625878475048,29.725685697653894,20.072276482747256,22.277157663291465,2.4869099525950062,1.068242424628973,1.4865362442091503,5.291297771478737,2.2728562226148363,3.162843072785426,12.024063729104345,7.8924522150805885,9.304765866092392,25.58311431724329,16.792451521448065,19.797374183175307,2.5548482144556717,1.131693265706862,1.560014610075863,5.4358472647993015,2.4078580121422593,3.319180021438006,12.869346128559894,8.719152673850289,10.165071804123201,27.381587507574242,18.551388667766574,21.6278123491983,0.5728643216080402,-0.0021356783919597166,-0.0021356783919597166,0.4321608040201005,-0.002839195979899567,-0.002839195979899567,0.3316582914572864,-0.0033417085427135396,-0.0033417085427135396,0.3922518159806295,0.1044646333929633,0.136142334064696,0.37378640776699024,0.38190954773869346,0.1037140590168889,0.1548644726134848,0.3434343434343434,0.3846153846153846,0.11082573519969174,0.1643706682638829,0.35906040268456374,16.0,5.0,5.0,28.0,10.0,10.0,37.0,9.0,9.0,0.00021508556631488998,-8.955572872011037e-05,1.8789726744133476e-05,-0.01744943306337099,-0.016401451665299938,-0.017280150972075248,-1.1618022918701172
453,0,3.5596271847622303,1.6050962294596467,2.20841511552688,6.268898986497928,2.8267528041039336,3.889264397900117,35.150090212786075,28.08948370592595,31.287986380635804,61.90321443029548,49.4687018598807,55.10162045923083,4.3481027804427415,1.9716857838358335,2.716314096390642,6.847405953453136,3.1050169824186353,4.277659994315972,77.33160862161067,66.56535048786009,72.21859651424631,121.78206082143413,104.82732360292928,113.7300732507816,3.618104933496303,1.666427177258439,2.2665240118819074,6.167224318459607,2.840500870326884,3.863393202071433,37.266877650388466,30.226387747425346,33.40334900929565,63.52308690407125,51.522251842202294,56.937526720390316,0.8090452261306533,-0.0009547738693467256,-0.0009547738693467256,0.6934673366834171,-0.0015326633165829717,-0.0015326633165829717,0.5527638190954773,-0.0022361809045226,-0.0022361809045226,0.4113924050632911,0.09385686003959448,0.16297135243171212,0.34285714285714286,0.42713567839195976,0.08878981373030559,0.16336272346708502,0.4040404040404041,0.41137123745819393,0.09584536099742602,0.16554253890424508,0.34563758389261745,28.0,4.0,4.0,38.0,2.0,2.0,46.0,1.0,1.0,0.002319159197465379,0.0002158492785803944,0.0006601723395000659,0.00043990332195509296,3.7795904697546234e-05,-9.98832418286355e-05,-1.7761061191558838
481,1,3.1823035029621867,1.4201732932165365,1.9820615274866284,6.101606716423366,2.722976892778814,3.800316317164445,24.1022091666677,18.277376864291817,20.781288759852064,46.21250022038765,35.044226715005806,39.845115638724614,3.2701900376746402,1.44336072792432,2.020720759222845,5.638258685645932,2.488552979179862,3.484001309004905,26.31633996414949,20.10218772686909,22.827848915438388,45.37299993818878,34.658944356670844,39.35836019903171,3.1823035029621867,1.4201732932165365,1.9820615274866284,6.101606716423366,2.722976892778814,3.800316317164445,24.1022091666677,18.277376864291817,20.781288759852064,46.21250022038765,35.044226715005806,39.845115638724614,0.7135678391959799,-0.0014321608040201994,-0.0014321608040201994,0.5728643216080402,-0.0021356783919597166,-0.0021356783919597166,0.457286432160804,-0.0027135678391959628,-0.0027135678391959628,0.4285714285714286,0.11323665535328609,0.1854059609455293,0.4043478260869565,0.42713567839195976,0.11635873603607005,0.176718316121509,0.4040404040404041,0.4285714285714286,0.11323665535328609,0.1854059609455293,0.4043478260869565,16.0,4.0,4.0,29.0,8.0,8.0,39.0,10.0,10.0,0.00017531232303591424,0.00013681671584803555,0.00014905368645870047,8.695216395082639e-05,-7.889288760054569e-06,-3.900628491937397e-05,-0.5437109470367432
481,0,3.4908867664095284,1.5517432581140589,2.140063329678213,6.15908047321936,2.737789060494232,3.7757805243367204,32.81503407786498,25.862240668043047,28.95443089317876,57.89658878706115,45.629558376101436,51.085206098156156,3.7476495863804264,1.6862770409516843,2.3461412140847475,6.093739164846222,2.7419138877263163,3.814863762739427,42.42125723051615,34.56451107638156,38.35993589689863,68.97765403335958,56.20245703476675,62.37387950715223,3.4908867664095284,1.5517432581140589,2.140063329678213,6.15908047321936,2.737789060494232,3.7757805243367204,32.81503407786498,25.862240668043047,28.95443089317876,57.89658878706115,45.629558376101436,51.085206098156156,0.7236180904522613,-0.0013819095477386467,-0.0013819095477386467,0.5829145728643217,-0.002085427135678275,-0.002085427135678275,0.49246231155778897,-0.002537688442211028,-0.002537688442211028,0.4130434782608695,0.10562937337841016,0.16123624934520686,0.38909090909090904,0.4120603015075377,0.10629589047996879,0.17499853189151093,0.4040404040404041,0.4130434782608695,0.10562937337841016,0.16123624934520686,0.38909090909090904,24.0,7.0,7.0,34.0,5.0,5.0,38.0,3.0,3.0,0.0007083833856220163,0.0005921787188570272,3.877802085585783e-05,-0.00022489431977135155,0.00019273690668875076,4.029903692170933e-05,-1.1958718299865723
47,1,3.087095512093316,1.3974348113021422,1.9076997274794092,5.684175863536899,2.5730545731912455,3.5125899744065308,21.91333842873948,16.49569623720303,18.660929974887587,40.34836917037745,30.37302799231034,34.35980757280889,3.5156546879054313,1.5329865922426522,2.1666169891135327,5.326749527129441,2.3227069579434123,3.282753013808382,33.63794307110337,26.375849952272205,29.784227760193943,50.96658041076268,39.96340901859425,45.12761781847567,2.9910817816105975,1.3522566788904802,1.8682705605684777,5.471491063921825,2.4736402662630734,3.417568098600874,19.907206097019568,14.758089822759414,16.833723789026795,36.41562090918214,26.996505773340395,30.79339717504902,0.6733668341708543,-0.001633165829145744,-0.001633165829145744,0.5678391959798995,-0.0021608040201005485,-0.0021608040201005485,0.4723618090452262,-0.0026381909547738003,-0.0026381909547738003,0.40634005763688763,0.13008106483113224,0.19030877708947802,0.3988439306358381,0.4371859296482412,0.13392778428483265,0.20346305819582056,0.4494949494949495,0.4046822742474916,0.12922317574999576,0.19889806957563394,0.38926174496644295,24.0,0.0,0.0,37.0,0.0,0.0,40.0,0.0,0.0,0.0004769881767951236,2.4867735321760676e-05,0.0005283192960504859,-0.014476101472962632,-0.017402771781492632,-0.020606841091882266,-1.6811177730560303
47,0,3.4286213378042296,1.6170095102441364,2.1902437894903155,5.674959455675967,2.6764295341971915,3.6252310998460393,30.834103619868685,24.71379925836119,27.384092175265973,51.03575771564472,40.905598772459896,45.32539394526782,3.5827479434372793,1.6148809093163132,2.2500558518648157,5.4698441884538616,2.4654670371241423,3.435199773839413,35.97225487637254,28.816856896244282,32.181018860175946,54.91947309369853,43.99520136831188,49.131326504085415,3.4286213378042296,1.6170095102441364,2.1902437894903155,5.674959455675967,2.6764295341971915,3.6252310998460393,30.834103619868685,24.71379925836119,27.384092175265973,51.03575771564472,40.905598772459896,45.32539394526782,0.7839195979899498,-0.0010804020100502187,-0.0010804020100502187,0.6733668341708543,-0.001633165829145744,-0.001633165829145744,0.5025125628140703,-0.0024874371859296973,-0.0024874371859296973,0.4181184668989547,0.08942281472504165,0.1666700312094993,0.4055944055944056,0.42713567839195976,0.07876475107366399,0.16336272346708502,0.4191919191919192,0.4181184668989547,0.08942281472504165,0.1666700312094993,0.4055944055944056,27.0,11.0,11.0,39.0,11.0,11.0,49.0,15.0,15.0,0.0005627869851984602,3.800926901490574e-05,0.0001164121330704391,-0.00030112346023614123,0.00015012813114179124,1.7489102663859057e-06,-1.1323490142822266
374,1,3.3956817602171268,1.534508167136166,2.0924882943295504,5.433090816347403,2.4552130674178656,3.3479812709272805,29.834986850020236,23.403706800058288,26.153953678573536,47.73597896003238,37.44593088009326,41.846325885717654,3.911783975572442,1.7497795250636172,2.439041240725477,5.926945417534003,2.651181098581238,3.6955170314022374,49.9880499354828,41.299513979539896,45.626869621908796,75.73946959921636,62.57502118112106,69.13162063925574,3.3956817602171268,1.534508167136166,2.0924882943295504,5.433090816347403,2.4552130674178656,3.3479812709272805,29.834986850020236,23.403706800058288,26.153953678573536,47.73597896003238,37.44593088009326,41.846325885717654,0.8140703517587939,-0.0009296482412060048,-0.0009296482412060048,0.6683417085427136,-0.0016582914572863539,-0.0016582914572863539,0.5728643216080402,-0.0021356783919597166,-0.0021356783919597166,0.44802867383512546,0.13854745737716478,0.20249828050973806,0.3920863309352518,0.4522613065326633,0.1038903792143675,0.18014110619877344,0.4494949494949495,0.44802867383512546,0.13854745737716478,0.20249828050973806,0.3920863309352518,27.0,14.0,14.0,41.0,15.0,15.0,50.0,17.0,17.0,0.001621410708884015,0.0006236550458739898,1.0043911645464695e-05,-0.009588844315365108,-0.007554251023268677,-0.0083423936292224,-1.2678332328796387
374,0,3.4986763008853847,1.6117115546874152,2.203079515607109,5.851587263469123,2.6956111382491277,3.6846826986177383,33.07164606356312,26.472338385956306,29.418470578488105,55.312811544906744,44.275372973002945,49.20282213712046,3.8166008127394635,1.7433577722506874,2.37786663458644,5.871693558060713,2.6820888803856726,3.658256360902215,45.44945424494778,37.498888885857006,41.23409769693124,69.92223729991966,57.690598285933845,63.4370733798942,3.4986763008853847,1.6117115546874152,2.203079515607109,5.851587263469123,2.6956111382491277,3.6846826986177383,33.07164606356312,26.472338385956306,29.418470578488105,55.312811544906744,44.275372973002945,49.20282213712046,0.7638190954773869,-0.001180904522613102,-0.001180904522613102,0.6231155778894473,-0.0018844221105527303,-0.0018844221105527303,0.507537688442211,-0.0024623115577889765,-0.0024623115577889765,0.4280701754385965,0.10933112114787846,0.17952875186800143,0.4014084507042254,0.42211055276381915,0.08376468810216497,0.1566681487571413,0.4191919191919192,0.4280701754385965,0.10933112114787846,0.17952875186800143,0.4014084507042254,24.0,3.0,3.0,38.0,10.0,10.0,45.0,5.0,5.0,0.0009187051951149268,0.00034047993741794056,6.490265830599774e-05,-0.013111766185447848,-0.010498670448229497,-0.01148416506596206,-1.4099540710449219
101,1,2.9025756584486393,1.1844864669215558,1.6635921179646649,5.3586012155974885,2.186744246624411,3.071246987011689,18.221016096090445,12.647148407527183,14.768913337969877,33.63879894662851,23.3485816754348,27.265686162405924,2.758310677418158,1.0684741045344373,1.5366014485029131,5.2043597687135055,2.0159888764800704,2.8992480160432326,15.773174448969616,10.354579361572835,12.38019228553981,29.76070650748984,19.536942191646855,23.358853368943038,2.868074177898292,1.1827660729358334,1.6487952558279066,5.278664131101151,2.176870072888037,3.0345924953887855,17.60308512539977,12.20897249618281,14.218338937718373,32.39831618171737,22.47050152671683,26.168721971260815,0.6231155778894473,-0.0018844221105527303,-0.0018844221105527303,0.4974874371859297,-0.002512562814070307,-0.002512562814070307,0.40201005025125625,-0.002989949748743781,-0.002989949748743781,0.4565916398713826,0.14037976186175183,0.18279484842753235,0.42903225806451617,0.4321608040201005,0.12890265865669193,0.16337950184981664,0.36363636363636365,0.4581939799331104,0.1343208580633274,0.18678129917671438,0.4295302013422819,23.0,9.0,9.0,31.0,7.0,7.0,41.0,10.0,10.0,0.00023445714578664592,0.00040867196305075627,-0.00010159232909229101,0.00045964795473452114,5.716352994689089e-05,-8.236045698506445e-05,-1.578930139541626
101,0,4.248410161896424,1.9898460075020439,2.722197239594915,7.282988848965298,3.4111645842892178,4.666623839305569,69.99404464263951,60.42470543856943,65.39332413970911,119.98979081595344,103.58520932326188,112.10284138235848,4.305428931461507,1.9933595954857646,2.7412757728565076,7.236015010859676,3.350184194093722,4.60718617286808,74.10099288436831,64.00569927498918,69.322366401147,124.53948383927448,107.57260382351123,116.50817882545714,4.248410161896424,1.9898460075020439,2.722197239594915,7.282988848965298,3.4111645842892178,4.666623839305569,69.99404464263951,60.42470543856943,65.39332413970911,119.98979081595344,103.58520932326188,112.10284138235848,0.8090452261306533,-0.0009547738693467256,-0.0009547738693467256,0.6633165829145728,-0.0016834170854271857,-0.0016834170854271857,0.5778894472361809,-0.002110552763819218,-0.002110552763819218,0.4229074889867841,0.09323715931645438,0.16082842602924385,0.41150442477876104,0.42713567839195976,0.09129607939446605,0.16503217254888802,0.4191919191919192,0.4229074889867841,0.09323715931645438,0.16082842602924385,0.41150442477876104,25.0,0.0,0.0,34.0,0.0,0.0,43.0,0.0,0.0,0.00023435215901281987,5.919308919974082e-05,7.372642504478453e-05,0.0001146718513931333,1.4097189319883796e-05,-2.088398110533518e-05,-0.40353965759277344
33,1,3.033186263658784,1.3651909717527382,1.8418873629641093,5.353573755357753,2.4095620651435827,3.2509311956316527,20.763284603110414,15.461755484423314,17.471931029574566,36.64719732448988,27.289998430007152,30.83795826719911,3.2727592123213727,1.4549742154640521,2.0292662135788726,4.958726079274807,2.2045063870667456,3.0746457781498067,26.384038164592557,20.225835271438015,22.916333140736675,39.97581540089781,30.64520495672426,34.72171687990405,3.2197085156488576,1.4989614141628298,2.037561691274643,5.4264750263744785,2.5263394620721846,3.43409273810333,25.020825939096817,19.43212370638617,21.75945766150677,42.169931358028336,32.750770291662086,36.673243249730504,0.7035175879396984,-0.001482412060301641,-0.001482412060301641,0.5778894472361809,-0.002110552763819218,-0.002110552763819218,0.4824120603015075,-0.0025879396984924696,-0.0025879396984924696,0.4460227272727273,0.1481503868471954,0.20164345063538613,0.396011396011396,0.4371859296482412,0.12390272162819105,0.19511581278680545,0.4040404040404041,0.4481605351170569,0.13597355681989498,0.21011826592907024,0.41946308724832215,27.0,16.0,16.0,39.0,19.0,19.0,49.0,20.0,20.0,0.0005458075904667113,0.0002027203928328881,0.00019252873766876578,0.0002977419659311309,-0.00010165099709258385,0.00013822313020828148,-1.7321135997772217
33,0,3.758275950572405,1.7456134270259396,2.392006458258843,6.813565032692417,3.164709234608178,4.336587248066392,42.874444561672995,35.391229478841794,38.953747372717444,77.72920884562298,64.16251675300815,70.62118228722873,3.729832446754877,1.716517928639004,2.3571913102240343,6.2686259609325665,2.884904081746225,3.961666067603419,41.672125279221426,34.18402958990294,37.72636704745522,70.0371853432293,57.45215057126546,63.40565890328609,3.758275950572405,1.7456134270259396,2.392006458258843,6.813565032692417,3.164709234608178,4.336587248066392,42.874444561672995,35.391229478841794,38.953747372717444,77.72920884562298,64.16251675300815,70.62118228722873,0.7638190954773869,-0.001180904522613102,-0.001180904522613102,0.6231155778894473,-0.0018844221105527303,-0.0018844221105527303,0.5175879396984925,-0.002412060301507535,-0.002412060301507535,0.45019920318725104,0.12614353718327487,0.19192105749188682,0.44799999999999995,0.44723618090452266,0.1189153788995101,0.18346322597964793,0.4444444444444444,0.45019920318725104,0.12614353718327487,0.19192105749188682,0.44799999999999995,22.0,3.0,3.0,34.0,6.0,6.0,43.0,3.0,3.0,1.919863760797358e-05,-4.265631062110302e-05,3.4432082716613356e-05,-5.164627325804361e-05,-0.00011782167916685182,0.0001279129611404528,-1.079477310180664
234,1,3.66815102308054,1.6728736632839332,2.294071115601359,6.40259087664967,2.919924939550138,4.0041968563223715,39.17939704654278,31.825154530292593,35.22795768652242,68.3858566630565,55.54936063469253,61.48879887102096,3.618074213440095,1.5726841497814021,2.2071248682160043,5.788918741504152,2.5162946396502437,3.531399789145607,37.265732827396945,29.533558837558278,33.16588710128768,59.62517252383511,47.253694140093245,53.06541936206029,3.66815102308054,1.6728736632839332,2.294071115601359,6.40259087664967,2.919924939550138,4.0041968563223715,39.17939704654278,31.825154530292593,35.22795768652242,68.3858566630565,55.54936063469253,61.48879887102096,0.6834170854271358,-0.0015829145728643024,-0.0015829145728643024,0.5577889447236181,-0.00221105527638199,-0.00221105527638199,0.48743718592964824,-0.002562814070351749,-0.002562814070351749,0.4111498257839721,0.10680199969701554,0.17476512126485277,0.42307692307692313,0.42211055276381915,0.11885240740041059,0.1817098849841864,0.43434343434343436,0.4111498257839721,0.10680199969701554,0.17476512126485277,0.42307692307692313,24.0,14.0,14.0,33.0,9.0,9.0,43.0,15.0,15.0,-0.0006856898040715114,-0.00035165448689863867,0.00014985589084176126,-0.00030112346023614123,0.00015012813114179124,1.7489102663859057e-06,-1.1256096363067627
234,0,3.560291026384776,1.609600663363652,2.2280237652887127,6.284272080128833,2.8411072111720834,3.9326862434290697,35.173432052490725,28.139890450583135,31.383806326822576,62.08464852218162,49.66973952015681,55.3955776104318,3.5833576552232906,1.6026401590564399,2.2210784319420163,5.733372248357265,2.5642242544903033,3.5537254911072256,35.99419427181439,28.746252781593334,32.089110547757386,57.59071083490303,45.994004450549326,51.34257687641182,3.560291026384776,1.609600663363652,2.2280237652887127,6.284272080128833,2.8411072111720834,3.9326862434290697,35.173432052490725,28.139890450583135,31.383806326822576,62.08464852218162,49.66973952015681,55.3955776104318,0.7185929648241206,-0.0014070351758793676,-0.0014070351758793676,0.6130653266331658,-0.001934673366834172,-0.001934673366834172,0.4723618090452262,-0.0026381909547738003,-0.0026381909547738003,0.416030534351145,0.09603053435114506,0.166030534351145,0.3869731800766284,0.4170854271356784,0.09127089079482631,0.16833751394703067,0.38888888888888884,0.416030534351145,0.09603053435114506,0.166030534351145,0.3869731800766284,27.0,12.0,12.0,37.0,9.0,9.0,46.0,10.0,10.0,-0.00021171510169075457,0.00016912789751545216,0.00019870107433049938,-0.00012787541372372146,-0.00017828449388890277,8.936283448512938e-05,-0.8831017017364502
322,1,3.2688593168516418,1.4223204106963143,1.8963113310970041,6.77512182431262,2.9479378344599585,3.9303435968546845,26.28134355296499,19.943497913793983,22.335952854522517,54.4713880343576,41.335406290600936,46.294069882837164,3.608682488676292,1.5669820463430226,2.2068162019320323,5.682964549096522,2.4676882619575156,3.475301105404775,36.91738169106495,29.213683929716503,32.85460649169754,58.13760896230701,46.005801464120474,51.739537782200856,3.366246660417538,1.5483868415975717,2.113962899900133,6.3117124882828834,2.9032253279954467,3.9636804373127497,28.969590037893767,22.810926358674145,25.471266864010325,54.317981321050816,42.770486922514024,47.75862537001936,0.7135678391959799,-0.0014321608040201994,-0.0014321608040201994,0.5979899497487438,-0.0020100502512562235,-0.0020100502512562235,0.507537688442211,-0.0024623115577889765,-0.0024623115577889765,0.4378378378378378,0.12339789181894445,0.17488573617605874,0.3929539295392954,0.44221105527638194,0.12391531592801097,0.19513259116953718,0.4191919191919192,0.4381270903010034,0.13094845924925047,0.20453420932213795,0.3993288590604027,25.0,15.0,15.0,39.0,21.0,21.0,47.0,22.0,22.0,0.00039353126135782614,0.00021273203111544595,0.00021845637470637474,0.00022666128791914986,-0.00017137444798898116,9.376856957832302e-05,-1.3457393646240234
322,0,3.633336582849192,1.6718808880263352,2.278807612349883,6.174882369866854,2.8413739230004222,3.8728503756685204,37.83885871231453,30.729189667946848,33.96392339446044,64.30741997905672,52.22448490365351,57.721938773836705,3.595577374175565,1.5775532137258992,2.219522491570358,5.40688326943694,2.3722604717682696,3.3376278068727188,36.4367315435915,28.913286425571822,32.47748047769985,54.792077509160144,43.4786262038674,48.83831650781932,3.75558277755278,1.7278141079308078,2.379806823468564,6.024999108373444,2.771894290798087,3.8178719093078564,42.75913161290809,35.16201585577075,38.800984741057725,68.59753734691138,56.40965110551458,62.24756910330116,0.6783919597989949,-0.0016080402010050232,-0.0016080402010050232,0.5728643216080402,-0.0021356783919597166,-0.0021356783919597166,0.4824120603015075,-0.0025879396984924696,-0.0025879396984924696,0.4215116279069767,0.1167220778344078,0.17810986837618492,0.4577259475218659,0.4170854271356784,0.11132101610810952,0.18002365751965166,0.4747474747474747,0.42140468227424754,0.10921770397708563,0.1755759837202987,0.47651006711409394,22.0,1.0,1.0,33.0,6.0,6.0,37.0,4.0,4.0,-0.0013838399033051345,0.000262223453510508,-0.0003695472286323117,0.00032933337838070287,-7.066279669576403e-05,0.0001579807127098931,-1.3450546264648438
240,1,3.2121206521987915,1.446887127986562,1.8659238909696205,6.18089883074616,2.784161594762021,3.5904899114112396,24.831689805509768,18.98875313954741,20.988907122373675,47.78219098939001,36.53896437458365,40.387745523355406,3.1785453408207727,1.36395480635004,1.93155443603661,4.852740978352324,2.0823737501527324,2.9489380702849006,24.011799150813406,17.873237017633375,20.531943181560468,36.65923534475329,27.287384759745613,31.346478139786974,3.2844579865701222,1.5082416455896561,2.0717398486603633,5.695591884225646,2.6154479403288837,3.59261245432433,26.694511609244444,20.78704935272302,23.33189932346837,46.29106059406551,36.04690639200524,40.459941023355555,0.6633165829145728,-0.0016834170854271857,-0.0016834170854271857,0.5025125628140703,-0.0024874371859296973,-0.0024874371859296973,0.40703517587939697,-0.00296482412060306,-0.00296482412060306,0.4052631578947369,0.10302925513521,0.14035602201985908,0.3825857519788918,0.3919597989949749,0.10875177894484955,0.14655078396993315,0.35858585858585856,0.41137123745819393,0.112539851815456,0.1677672330088057,0.3926174496644296,23.0,3.0,3.0,33.0,5.0,5.0,41.0,8.0,8.0,0.0007406589508777198,-2.9635194465150724e-06,0.0002256335951089597,-0.004464663459868845,-0.003693194807487643,-0.004106462965426161,-0.8916201591491699
240,0,3.708664056260576,1.65548070680533,2.2903121950397454,6.387143652448769,2.85110566172029,3.944426558124005,40.79926458052681,33.00659612982415,36.66895707303555,70.26540011090728,56.844693334697155,63.15209273689455,3.734430111832355,1.6392358641013636,2.2771300970260437,6.32954256242772,2.7783658713582433,3.8595425373322776,41.86416087371624,33.73714140172661,37.569811691407786,70.95620487070549,57.1815955961468,63.67764693458947,3.708664056260576,1.65548070680533,2.2903121950397454,6.387143652448769,2.85110566172029,3.944426558124005,40.79926458052681,33.00659612982415,36.66895707303555,70.26540011090728,56.844693334697155,63.15209273689455,0.7487437185929648,-0.0012562814070351536,-0.0012562814070351536,0.6281407035175879,-0.0018592964824121205,-0.0018592964824121205,0.5276381909547738,-0.002361809045226204,-0.002361809045226204,0.42914979757085026,0.08773565615670886,0.1586248985129768,0.41056910569105687,0.4321608040201005,0.09632120502260677,0.16171005276801365,0.40909090909090906,0.42914979757085026,0.08773565615670886,0.1586248985129768,0.41056910569105687,30.0,14.0,14.0,44.0,16.0,16.0,52.0,17.0,17.0,0.0003426748113647647,0.00015647355301590604,0.0001309901407252481,-2.39265858157367e-05,-9.583520108336074e-05,-0.00011149550017286458,-0.8758106231689453
35,1,3.198133661984578,1.4239452033717666,1.9568192361074157,5.493264878232334,2.445835290497387,3.3611248055492076,24.486786902890294,18.591292146474064,21.026628303901433,42.05965750378804,31.93327827512016,36.11632626317188,2.954138698290341,1.251319422613585,1.743631057037769,5.093342583259209,2.15744728036825,3.0062604431685673,19.18519136349088,13.69578963023809,15.830003911623333,33.07791614394979,23.613430396962222,27.293110192454023,3.198133661984578,1.4239452033717666,1.9568192361074157,5.493264878232334,2.445835290497387,3.3611248055492076,24.486786902890294,18.591292146474064,21.026628303901433,42.05965750378804,31.93327827512016,36.11632626317188,0.6582914572864322,-0.0017085427135676845,-0.0017085427135676845,0.5276381909547738,-0.002361809045226204,-0.002361809045226204,0.4170854271356784,-0.0029145728643216184,-0.0029145728643216184,0.436426116838488,0.11738666572356515,0.18499754540991653,0.403448275862069,0.4170854271356784,0.10630848477978871,0.17501531027424266,0.3484848484848485,0.436426116838488,0.11738666572356515,0.18499754540991653,0.403448275862069,24.0,14.0,14.0,36.0,21.0,21.0,45.0,20.0,20.0,-0.00031448983664378874,0.000632056156783613,-2.1003954459898455e-05,-0.00032884314767755995,0.00013463403094249315,-1.2269317609892028e-05,-1.4022905826568604
35,0,3.6854249114163946,1.6884019415432927,2.314037400103505,6.403425783585986,2.933598373431471,4.020639982679839,39.8620566948002,32.49496532742937,35.92124186582267,69.26032350721536,56.460002256408536,62.4131577418669,3.7542201622047617,1.6409667372663015,2.293121085854099,6.205322582156631,2.712341714489755,3.790282786535701,42.70090704176045,34.425787022976714,38.390212333445234,70.58001163927348,56.90212731070531,63.45489641891775,3.6854249114163946,1.6884019415432927,2.314037400103505,6.403425783585986,2.933598373431471,4.020639982679839,39.8620566948002,32.49496532742937,35.92124186582267,69.26032350721536,56.460002256408536,62.4131577418669,0.7085427135678393,-0.0014572864321606982,-0.0014572864321606982,0.5829145728643217,-0.002085427135678275,-0.002085427135678275,0.4723618090452262,-0.0026381909547738003,-0.0026381909547738003,0.42599277978339345,0.11608286987348349,0.173891939447259,0.42028985507246375,0.42211055276381915,0.10632107907960864,0.1666848432479594,0.4292929292929293,0.42599277978339345,0.11608286987348349,0.173891939447259,0.42028985507246375,26.0,9.0,9.0,35.0,4.0,4.0,47.0,10.0,10.0,0.0002460267367302881,-1.4988459287641516e-05,2.9354362346916036e-05,-0.00023182424163081805,0.0001888633816387042,3.6794479953528025e-05,-0.9084353446960449
48,1,2.8082896722687614,1.2004335440238638,1.3643872290373857,5.629060631969828,2.406202348243389,2.7348384013149376,16.58153409503964,11.589436764179371,12.344335071751534,33.236763897168345,23.23038213619954,24.743533854933077,2.599792609262706,1.0486938616029606,1.518901030320915,4.521378450891663,1.8238154114834102,2.6415670092537655,13.460946069967727,8.744296325545267,10.513639933894202,23.410340991248223,15.20747187051351,18.284591189381224,2.784874670082909,1.2245136043536755,1.7053012298759167,4.914484711911016,2.1609063606241334,3.0093551115457355,16.19778768215599,11.437247879517532,13.254363945131313,28.58433120380469,20.183378610913294,23.390054020819967,0.5778894472361809,-0.002110552763819218,-0.002110552763819218,0.4522613065326633,-0.0027386934673366836,-0.0027386934673366836,0.3467336683417085,-0.003266331658291488,-0.003266331658291488,0.3977777777777778,0.09589098532494755,0.11429781687846208,0.41870824053452116,0.371859296482412,0.0761199481114847,0.14481422135720334,0.40909090909090906,0.40802675585284276,0.11253426837371083,0.18444499834450012,0.4395973154362416,18.0,5.0,5.0,24.0,3.0,3.0,33.0,7.0,7.0,0.00013098088522331625,-0.0006051006918088543,-6.059739550087406e-05,-0.0024230684303034877,-0.0032233596231439066,-0.0028931262614246833,-1.3680956363677979
48,0,3.639066764055672,1.669529679779573,2.282116412059965,5.495733480410607,2.521330536809967,3.446461520253825,38.05630463667143,30.888946799035214,34.17197525342073,57.47278659415685,46.648613533236855,51.60665650516601,3.9800354463970242,1.7810313006050693,2.481539828027401,5.768167313618876,2.5812047834856076,3.5964345333730448,53.518931247155,44.50290087170865,49.04397927867068,77.56366847413769,64.49695778508499,71.07823083865316,3.639066764055672,1.669529679779573,2.282116412059965,5.495733480410607,2.521330536809967,3.446461520253825,38.05630463667143,30.888946799035214,34.17197525342073,57.47278659415685,46.648613533236855,51.60665650516601,0.8040201005025126,-0.0009798994974873354,-0.0009798994974873354,0.6633165829145728,-0.0016834170854271857,-0.0016834170854271857,0.542713567839196,-0.0022864321608039306,-0.0022864321608039306,0.423728813559322,0.11070004875390749,0.17908394320982934,0.41496598639455784,0.457286432160804,0.1314718958199519,0.19852182448133826,0.4494949494949495,0.423728813559322,0.11070004875390749,0.17908394320982934,0.41496598639455784,26.0,9.0,9.0,39.0,12.0,12.0,46.0,8.0,8.0,0.0011186677804475003,0.00023345785475642017,0.00011691499662710147,-0.006788943243686063,-0.0046924417409339725,-0.0057910761569619496,-1.527975082397461
459,1,2.960098694138608,1.3366798758681133,1.8378260041805752,5.616597522211718,2.5362643798523177,3.4871570335733995,19.299876446191405,14.229480967384069,16.22804885835877,36.62027838508113,26.99952798939541,30.79168244919356,3.425903147788503,1.5558194646718102,2.1561143931852014,5.856244697074365,2.6595204524304448,3.6856656293764134,30.750404473891393,24.261565091020998,27.190304045802744,52.564793972463924,41.47276083935214,46.47915221504743,2.960098694138608,1.3366798758681133,1.8378260041805752,5.616597522211718,2.5362643798523177,3.4871570335733995,19.299876446191405,14.229480967384069,16.22804885835877,36.62027838508113,26.99952798939541,30.79168244919356,0.7487437185929648,-0.0012562814070351536,-0.0012562814070351536,0.5879396984924623,-0.002060301507537776,-0.002060301507537776,0.46733668341708545,-0.002663316582914521,-0.002663316582914521,0.3966101694915254,0.10388597321402959,0.1553474862897215,0.3197278911564626,0.4170854271356784,0.10630848477978871,0.16332916670162168,0.36868686868686873,0.3966101694915254,0.10388597321402959,0.1553474862897215,0.3197278911564626,21.0,5.0,5.0,29.0,3.0,3.0,39.0,6.0,6.0,0.002025152341991377,0.0004420335817088263,0.0002385959709887591,-0.005032091876683076,-0.003377188847876411,-0.004214488031251129,-1.4592080116271973
459,0,3.3829155831367936,1.5433394388642505,2.107965559661781,6.45259824190907,2.9437770778336634,4.020749123058582,29.456528994628684,23.16265899188889,25.878006431118447,56.18560160086582,44.18062733638066,49.35990115565185,3.768208633116142,1.5740403648263612,2.2231038365361795,6.978164135400263,2.9148895644932615,4.11685895654848,43.3024247859544,34.329889575550794,38.6139618497956,80.18967552954518,63.57386958435332,71.50733675888074,3.444448196369669,1.5665932242372107,2.1440843179827014,6.418226452862737,2.9191178091376595,3.995188170154102,31.325992880014468,24.786530402345473,27.655360791691873,58.37141530437479,46.186081495053685,51.53172818327679,0.8341708542713568,-0.0008291457286431214,-0.0008291457286431214,0.6231155778894473,-0.0018844221105527303,-0.0018844221105527303,0.5125628140703518,-0.0024371859296482556,-0.0024371859296482556,0.4188311688311688,0.12709697110021256,0.17801043448991605,0.38110749185667747,0.42211055276381915,0.10381481341544818,0.1583375978389444,0.43939393939393945,0.42140468227424754,0.12424274571331262,0.1778006778248593,0.38926174496644295,24.0,5.0,5.0,34.0,1.0,1.0,47.0,4.0,4.0,0.001026286728732143,0.00020446570663296842,0.0002515939357644202,0.00047149473440466494,6.878410509703059e-05,-7.1846786077856e-05,-1.4729723930358887
92,1,3.3017960533821324,1.472212768711301,2.0341604050516997,5.418829993491853,2.416160955708547,3.3384161941730834,27.161378423762546,20.93008898018151,23.608935024081628,44.57661517782206,34.34996956159201,38.74642865716926,3.8684671370670047,1.7613795279176578,2.4136062437950914,5.7881575960626614,2.6354475643279245,3.6113356580091973,47.868953269872165,39.64469914075575,43.58506576329457,71.62347143386887,59.31800848879995,65.21374501425278,3.3017960533821324,1.472212768711301,2.0341604050516997,5.418829993491853,2.416160955708547,3.3384161941730834,27.161378423762546,20.93008898018151,23.608935024081628,44.57661517782206,34.34996956159201,38.74642865716926,0.7929292929292929,0.0029292929292928926,0.0029292929292928926,0.6515151515151515,0.0015151515151514694,0.0015151515151514694,0.5454545454545454,0.00045454545454548523,0.00045454545454548523,0.4316546762589928,0.11567622024463009,0.18524319300540426,0.38267148014440433,0.46464646464646464,0.1271149785003689,0.19115653176055858,0.4467005076142132,0.4316546762589928,0.11567622024463009,0.18524319300540426,0.38267148014440433,23.0,0.0,0.0,35.0,-1.0,-1.0,44.0,-1.0,-1.0,0.0014098192824659457,0.0007344821687467391,5.6799318395521685e-06,-0.0049142832050534935,-0.004058463276138902,-0.004154910562782277,-1.6101751327514648
92,0,3.425597838976753,1.55850099173469,2.138738456017637,5.7716133287002265,2.6258380345590533,3.6034502471085035,30.74101753747076,24.271530337569626,27.11962227587143,51.79395682070832,40.89385111420822,45.6924545011652,3.7230330226409376,1.6940643039257575,2.347798796686382,5.817239097876465,2.646975474883996,3.6684356198224717,41.38973994249246,33.783501800919964,37.43373672945134,64.67146866014447,52.786721563937434,58.49021363976771,3.425597838976753,1.55850099173469,2.138738456017637,5.7716133287002265,2.6258380345590533,3.6034502471085035,30.74101753747076,24.271530337569626,27.11962227587143,51.79395682070832,40.89385111420822,45.6924545011652,0.8190954773869347,-0.0009045226130653949,-0.0009045226130653949,0.6633165829145728,-0.0016834170854271857,-0.0016834170854271857,0.4824120603015075,-0.0025879396984924696,-0.0025879396984924696,0.41877256317689526,0.08183562623995833,0.15586740111206931,0.3913043478260869,0.42713567839195976,0.08127101673782444,0.16336272346708502,0.41414141414141414,0.41877256317689526,0.08183562623995833,0.15586740111206931,0.3913043478260869,26.0,12.0,12.0,36.0,9.0,9.0,47.0,12.0,12.0,0.0008493540466819044,0.0004605261371472363,3.4918149933178964e-06,-0.00023182424163081805,0.0001888633816387042,3.6794479953528025e-05,-1.4252731800079346
244,1,2.4503470209525844,1.0500210690687146,1.3532209427897433,4.777561025776898,2.04727726029478,2.6384408331779916,11.592368816176368,7.535846833818013,8.596824136100452,22.602206536062468,14.693007897092409,16.761647059331537,3.104083273279008,1.3596001375823674,1.880601173760256,4.775512728121551,2.0916925193574882,2.8932325750157784,22.28877688945149,16.565834163405547,18.8897740723429,34.29042598377152,25.485898712931608,29.061190880527533,2.651906182933412,1.1726748579972186,1.62766022078092,4.763903322634872,2.1066015413123687,2.9239405163729106,14.181044563213069,9.791474332617444,11.396049885974497,25.474930353077372,17.589474849013374,20.4719459029482,0.6783919597989949,-0.0016080402010050232,-0.0016080402010050232,0.5376884422110553,-0.0023115577889447625,-0.0023115577889447625,0.3869346733668342,-0.0030653266331658324,-0.0030653266331658324,0.3927648578811369,0.09211969659081432,0.13763289307175275,0.3031088082901554,0.38190954773869346,0.0836639337036057,0.1281532873046367,0.3484848484848485,0.3846153846153846,0.08578399897264666,0.15658423889792072,0.31543624161073824,21.0,4.0,4.0,33.0,4.0,4.0,43.0,7.0,7.0,0.000875883980366046,0.0012788822568956634,0.0003005207673414842,-0.02091219157582902,-0.026098998632993364,-0.02297133710861754,-1.4486639499664307
244,0,3.406311559487149,1.5399809278025558,2.119463063201654,6.265624182414319,2.83266564822076,3.8985743936264003,30.153818326630038,23.68928624988167,26.53246248976437,55.46541765190343,43.57445353992833,48.80423757241329,3.6654129843016965,1.6152111562820357,2.2581380126804333,6.00887374475688,2.64788714144596,3.7018655945580874,39.072269065308014,31.302800020682415,34.98746006192432,64.05290010706231,51.31606560767609,57.356491904793955,3.406311559487149,1.5399809278025558,2.119463063201654,6.265624182414319,2.83266564822076,3.8985743936264003,30.153818326630038,23.68928624988167,26.53246248976437,55.46541765190343,43.57445353992833,48.80423757241329,0.7487437185929648,-0.0012562814070351536,-0.0012562814070351536,0.6180904522613065,-0.0019095477386934512,-0.0019095477386934512,0.5326633165829145,-0.0023366834170853723,-0.0023366834170853723,0.4462151394422311,0.14005211757344382,0.2091290467269994,0.43200000000000005,0.44221105527638194,0.11639651893552982,0.1884547948423252,0.46464646464646464,0.4462151394422311,0.14005211757344382,0.2091290467269994,0.43200000000000005,23.0,7.0,7.0,34.0,5.0,5.0,47.0,11.0,11.0,0.0002259264313407305,0.0003222120060883857,0.00010899850245019316,-0.008418287662779633,-0.009506607837110437,-0.008227361376331288,-0.6953940391540527
222,1,3.447520681183701,1.5962467886069565,2.1654734986375925,5.937396728705262,2.749091691489758,3.7294265809869644,31.422389530211387,25.054463118173466,27.818379284745564,54.11633752425294,43.149353147965414,47.90943099039514,3.967259242906043,1.7947980466113398,2.4890086004543446,6.103475758316989,2.7612277640174456,3.8292440006989916,52.83951193248546,44.05964548714307,48.454244366410734,81.2915568192084,67.78406998022011,74.54499133293959,3.488146790692639,1.629515573471651,2.214154009446042,5.912113204563795,2.761890802494324,3.752803405840749,32.725244747808915,26.310294661745743,29.150146058212016,55.46651652171003,44.593719765670755,49.4070272173085,0.7889447236180904,-0.001055276381909609,-0.001055276381909609,0.6532663316582914,-0.0017336683417086274,-0.0017336683417086274,0.5376884422110553,-0.0023115577889447625,-0.0023115577889447625,0.4142394822006472,0.09921524956736771,0.1666614412964491,0.39610389610389607,0.44723618090452266,0.1189153788995101,0.18179377689784482,0.45959595959595956,0.4147157190635451,0.10252874076638319,0.17222406166643722,0.3993288590604027,17.0,0.0,0.0,28.0,0.0,0.0,37.0,0.0,0.0,0.0011145559344069255,-0.00011422819720498638,0.000358153203309396,-0.005964834600719726,-0.004746671091629295,-0.005840139954524481,-1.5651683807373047
222,0,3.7192391366994335,1.750621256243632,2.385260662485039,5.568469768913118,2.621041880856388,3.571228254446874,41.233009486731014,34.07223688475003,37.4368933521549,61.734338225943645,51.01318148107827,56.05076770043304,3.994867391921767,1.8530233514526477,2.5464624628450774,5.789662886843141,2.6855410890618083,3.6905253084711265,54.31863705612557,45.803511660293964,50.062317090627744,78.72266240018199,66.38190095694777,72.55408274004022,3.7192391366994335,1.750621256243632,2.385260662485039,5.568469768913118,2.621041880856388,3.571228254446874,41.233009486731014,34.07223688475003,37.4368933521549,61.734338225943645,51.01318148107827,56.05076770043304,0.8040201005025126,-0.0009798994974873354,-0.0009798994974873354,0.6934673366834171,-0.0015326633165829717,-0.0015326633165829717,0.5477386934673367,-0.002261306532663321,-0.002261306532663321,0.43071161048689144,0.09426301235605028,0.1779096179588715,0.3872180451127819,0.40201005025125625,0.04361406027631887,0.1298898499173664,0.3939393939393939,0.43071161048689144,0.09426301235605028,0.1779096179588715,0.3872180451127819,28.0,7.0,7.0,36.0,4.0,4.0,47.0,7.0,7.0,0.0005255789458472695,0.0006970294328791419,0.00012029310123678098,-0.004838054064588704,-0.005016894536296945,-0.004116360436126065,-1.232184886932373
430,1,3.2513010909502533,1.4697465738131554,1.9907292507283225,5.4292061279504225,2.4542658098602446,3.3242320981061457,25.823917333963067,19.884835683415854,22.296479292273464,43.12223516532588,33.20482130867049,37.23191996652363,3.686678627627579,1.6755782218891118,2.3246916076094744,5.4617461150038205,2.4823381065023877,3.4439875668288504,39.912063742262546,32.44052919740988,36.00812092971551,59.128983321870436,48.060043255422045,53.34536434031927,3.285343503074901,1.5015527644405462,2.0590987736689876,5.385809021434264,2.4615619089189282,3.3755717601130946,26.718160509061654,20.76578289563526,23.3097545224259,43.80026312960927,34.04226704202502,38.21271233184574,0.7688442211055276,-0.0011557788944723812,-0.0011557788944723812,0.6381909547738693,-0.0018090452261306789,-0.0018090452261306789,0.5477386934673367,-0.002261306532663321,-0.002261306532663321,0.4367816091954023,0.12257787892280547,0.18164964438601816,0.4034582132564841,0.4623115577889447,0.1314844901197718,0.20354695010947899,0.4545454545454546,0.4481605351170569,0.13430410773809198,0.20233183656310805,0.412751677852349,24.0,9.0,9.0,38.0,11.0,11.0,47.0,12.0,12.0,0.000894920079351709,0.00027080284522546714,0.0005884447487800511,0.0003135376721550287,-8.615689689239758e-05,0.0001481019214590873,-1.116710901260376
430,0,2.9257973453981414,1.2796286759766013,1.7693573534539973,5.8726435925617375,2.5684633136508763,3.551443896501189,18.649089889307305,13.462021555048025,15.470492611257141,37.43234589292617,27.020892186031645,31.052283730508936,3.1557538880774723,1.277772275221843,1.8254056465691666,5.898605398275649,2.3883593929380242,3.4119731711573205,23.470724722884274,16.93043403051621,19.688364389768996,43.87051350071827,31.645671085077026,36.800681102371954,2.9257973453981414,1.2796286759766013,1.7693573534539973,5.8726435925617375,2.5684633136508763,3.551443896501189,18.649089889307305,13.462021555048025,15.470492611257141,37.43234589292617,27.020892186031645,31.052283730508936,0.6884422110552764,-0.0015577889447235815,-0.0015577889447235815,0.5477386934673367,-0.002261306532663321,-0.002261306532663321,0.44723618090452266,-0.0027638190954772934,-0.0027638190954772934,0.4316546762589928,0.13003887733619202,0.18883170975181574,0.38267148014440433,0.4170854271356784,0.10380221911562826,0.15832081945621268,0.38888888888888884,0.4316546762589928,0.13003887733619202,0.18883170975181574,0.38267148014440433,24.0,13.0,13.0,37.0,19.0,19.0,45.0,19.0,19.0,0.0006108620766210897,0.00029606034754388013,1.9199832513078264e-05,-0.00023875416349117273,0.00018498985658865763,3.328992298534672e-05,-1.1812925338745117
10,1,3.701064940156608,1.677615765032694,2.309915582511818,6.189712055089499,2.805667744968471,3.863134681097351,40.49040126244494,32.92603043334044,36.47093405797875,67.7167055596062,55.065947448862474,60.99449316592999,3.7131853439101024,1.5733884609675965,2.2189710396086064,5.626038399863791,2.3839219105569645,3.362077332740313,40.98414743091005,32.48643600746864,36.52831318355663,62.09719307713644,49.22187273858885,55.345929065994895,3.701064940156608,1.677615765032694,2.309915582511818,6.189712055089499,2.805667744968471,3.863134681097351,40.49040126244494,32.92603043334044,36.47093405797875,67.7167055596062,55.065947448862474,60.99449316592999,0.6984924623115578,-0.0015075376884421399,-0.0015075376884421399,0.5628140703517588,-0.0021859296482411583,-0.0021859296482411583,0.4773869346733668,-0.0026130653266331905,-0.0026130653266331905,0.42068965517241375,0.1108789839159594,0.17642360012654223,0.4256055363321799,0.42211055276381915,0.12135867306457104,0.1700237414115654,0.4242424242424242,0.42068965517241375,0.1108789839159594,0.17642360012654223,0.4256055363321799,18.0,3.0,3.0,29.0,1.0,1.0,37.0,3.0,3.0,1.0022499850995563e-06,-0.00010759747410063293,-5.03512839862308e-06,-0.00032191322581809345,0.00013850755599076336,-8.764760639934366e-06,-1.0949018001556396
10,0,3.8904935407141843,1.7781301402631589,2.432737369526226,6.352274764216945,2.903274635796909,3.9720966090004484,48.93503199549477,40.66727375959472,44.638723471552666,79.89957201524288,66.40023794645693,72.88469538575549,3.9024470313709583,1.7603389539775196,2.4375872255314706,6.097573486517122,2.7505296155898744,3.808730039892923,49.52348647902131,41.00611247882577,45.19654989248654,77.38044762347079,64.07205074816525,70.61960920701021,3.8904935407141843,1.7781301402631589,2.432737369526226,6.352274764216945,2.903274635796909,3.9720966090004484,48.93503199549477,40.66727375959472,44.638723471552666,79.89957201524288,66.40023794645693,72.88469538575549,0.778894472361809,-0.0011055276381910506,-0.0011055276381910506,0.6482412060301508,-0.0017587939698492372,-0.0017587939698492372,0.5276381909547738,-0.002361809045226204,-0.002361809045226204,0.4722222222222222,0.1308010783747352,0.20432383885039773,0.4564459930313589,0.457286432160804,0.11894056749914983,0.19518292631773226,0.43434343434343436,0.4722222222222222,0.1308010783747352,0.20432383885039773,0.4564459930313589,25.0,0.0,0.0,37.0,0.0,0.0,45.0,0.0,0.0,0.0003188595959902333,0.00022759429835003832,-4.350298183720849e-05,-0.0003080533820964959,0.0001462546060908565,-1.7556467044599344e-06,-1.205369234085083
258,1,3.8559173678986416,1.7917672024811875,2.45802865644312,6.197854910364688,2.880018448159946,3.9509417667981444,47.27196283738084,39.39336329192423,43.225315536022414,75.98315499014589,63.31939375757146,69.47872803949615,3.8239712403647266,1.7043229065857717,2.3639086547553414,5.665142578318113,2.5249228245715134,3.5020868959338385,45.78567367651951,37.45746545337723,41.47944464863993,67.83062766891778,55.492541412410716,61.45102910909618,3.8559173678986416,1.7917672024811875,2.45802865644312,6.197854910364688,2.880018448159946,3.9509417667981444,47.27196283738084,39.39336329192423,43.225315536022414,75.98315499014589,63.31939375757146,69.47872803949615,0.7939698492462312,-0.001030150753768888,-0.001030150753768888,0.6331658291457287,-0.0018341708542712887,-0.0018341708542712887,0.542713567839196,-0.0022864321608039306,-0.0022864321608039306,0.4367816091954023,0.10026153271356675,0.18327842448202647,0.4538461538461539,0.4371859296482412,0.10385259631490784,0.18009077105057847,0.4545454545454546,0.4367816091954023,0.10026153271356675,0.18327842448202647,0.4538461538461539,21.0,9.0,9.0,33.0,7.0,7.0,45.0,10.0,10.0,-0.00036998567517094967,-4.9025009831709874e-05,-9.365607357550827e-07,-0.00012094549186336678,-0.00017278787436758591,9.286739145242251e-05,-0.9239401817321777
258,0,3.6723364357437407,1.68851598290912,2.3284585243176315,5.732925213577728,2.6359610622081258,3.634982474073635,39.34372263639677,32.07325616885992,35.50984046566474,61.41992256015273,50.0699165747202,55.43480650473217,3.6650918835970625,1.6499464034124358,2.2638832500245525,5.595560127629103,2.5190021426144056,3.456310305380996,39.059724946250014,31.55790627846444,34.99962076548037,59.63316785687025,48.180009585441894,53.434535519817366,3.6723364357437407,1.68851598290912,2.3284585243176315,5.732925213577728,2.6359610622081258,3.634982474073635,39.34372263639677,32.07325616885992,35.50984046566474,61.41992256015273,50.0699165747202,55.43480650473217,0.7587939698492463,-0.001206030150753712,-0.001206030150753712,0.6532663316582914,-0.0017336683417086274,-0.0017336683417086274,0.542713567839196,-0.0022864321608039306,-0.0022864321608039306,0.46071428571428574,0.12203335879806476,0.20774516457414327,0.4444444444444444,0.4623115577889447,0.12396569312729055,0.200208051945873,0.4292929292929293,0.46071428571428574,0.12203335879806476,0.20774516457414327,0.4444444444444444,28.0,1.0,1.0,42.0,5.0,5.0,48.0,0.0,0.0,-0.00035740038176102835,0.00014727415033292317,-7.192853160837361e-05,-0.0002526140072118821,0.00017724280649034085,2.6280809047207754e-05,-1.1116654872894287
327,1,2.916337293041639,1.2977382148553624,1.7330314749602707,5.3613473468038215,2.385740960643192,3.1859770549774677,18.47350037504717,13.427484086697326,15.208350000856969,33.961384527864496,24.684869735140545,27.958784850060287,2.544582029083865,1.0142899779047967,1.4588152620612596,4.425360050580635,1.7639825702692113,2.5370700209761035,12.737902900311786,8.118377137055596,9.776193010517307,22.15287460923789,14.118916760096688,17.002074800899667,2.846497288515735,1.2607120285301696,1.756142813829591,5.113468182962398,2.2647521470601846,3.1547475697537557,17.227333656654373,12.344209261103693,14.252005092338655,30.9473059700378,22.175226217551547,25.602404357494592,0.5025125628140703,-0.0024874371859296973,-0.0024874371859296973,0.42211055276381915,-0.0028894472361808976,-0.0028894472361808976,0.33668341708542715,-0.0033165829145728187,-0.0033165829145728187,0.4104683195592287,0.11748345023323148,0.1719541455611837,0.4337016574585635,0.38190954773869346,0.10120779335272856,0.1565339216952878,0.3737373737373737,0.38795986622073575,0.10081462415061893,0.16660280281695372,0.412751677852349,20.0,7.0,7.0,28.0,5.0,5.0,36.0,7.0,7.0,-0.0007838497397794319,-0.00037586472437378665,-0.00024575479095418506,-0.04268115765704561,-0.038396318447015965,-0.039662588674932664,-1.308319330215454
327,0,3.1381561621314003,1.4348831931136345,1.9656347063241393,5.974907495131536,2.7319527462107054,3.7424796385945474,23.06130632351813,17.56941352020462,19.83117932203158,43.90768492104864,33.45136924468336,37.757669104658994,3.3266762489050477,1.4158541953040766,2.008079647020814,5.197931638914137,2.21227218016262,3.137624448470022,27.84563576049458,21.086993278598833,24.107464209081595,43.50880587577278,32.94842699781067,37.667912826689985,3.3079356062771086,1.5285454401568501,2.074869501866621,5.803395800486156,2.6816586669418423,3.6401219330993353,27.32865010453223,21.402408810862276,23.896914623340574,47.94500018338988,37.548085633091716,41.92441161989575,0.7537688442211055,-0.0012311557788945438,-0.0012311557788945438,0.5829145728643217,-0.002085427135678275,-0.002085427135678275,0.4824120603015075,-0.0025879396984924696,-0.0025879396984924696,0.42261904761904767,0.10463984999646225,0.17509429514380015,0.3880597014925373,0.4522613065326633,0.1289530358559715,0.18681890252598543,0.4292929292929293,0.4247491638795987,0.1008760420098157,0.1655723006982861,0.4093959731543624,18.0,7.0,7.0,30.0,10.0,10.0,38.0,11.0,11.0,0.00015063467403095027,0.0001962527869935517,0.0002766865861829888,-0.003771074332943769,-0.006226387593437188,-0.007238202931539206,-0.8048715591430664
434,1,3.1666631508618592,1.4063317332811966,1.9411220195736123,5.378300907019349,2.3885316739855247,3.296826287212326,23.728174768427586,17.9138107108386,20.322166086359882,40.3002333368532,30.425043588249686,34.515424940325516,3.590842778958268,1.5672520325782342,2.184422951891869,5.280651145526864,2.304782400850344,3.21238669395863,36.26462611495934,28.699184312567088,32.18330872062454,53.330332521999026,42.20468281259865,47.32839517738902,3.212154307094306,1.4334397947485191,1.9577367269469648,5.383498838705541,2.402413063824334,3.2811230060563656,24.83252552749861,18.910286968743407,21.326729593028663,41.618757867316106,31.693218383368837,35.74312222295307,0.7537688442211055,-0.0012311557788945438,-0.0012311557788945438,0.6432160804020101,-0.001783919597989958,-0.001783919597989958,0.5125628140703518,-0.0024371859296482556,-0.0024371859296482556,0.44375,0.12549726989079557,0.19842775467775464,0.3887147335423198,0.4371859296482412,0.09132126799410589,0.17174352564156337,0.4242424242424242,0.44147157190635455,0.12928459360919264,0.19453052630012546,0.3926174496644296,23.0,0.0,0.0,34.0,4.0,4.0,47.0,4.0,4.0,0.0010241762166396792,0.0003680559722263875,0.00044231959426160877,0.0004241076157285306,2.2301804499136324e-05,-0.00011390146970313708,-1.534226417541504
434,0,3.2936174511013174,1.5135932171544366,2.0665166263876102,5.982284758122801,2.749179516872344,3.753468974459129,26.94014224678408,21.010142122626206,23.528817090410644,48.9320951013017,38.16127854925985,42.73601471523566,3.5146132809432906,1.6091482693346602,2.210454434140667,6.112370923379636,2.79851872927767,3.844268581114203,33.60293051732001,26.88039756053424,29.918342030861428,58.43987916055654,46.74851749658129,52.031899184106834,3.2936174511013174,1.5135932171544366,2.0665166263876102,5.982284758122801,2.749179516872344,3.753468974459129,26.94014224678408,21.010142122626206,23.528817090410644,48.9320951013017,38.16127854925985,42.73601471523566,0.7336683417085428,-0.001331658291457205,-0.001331658291457205,0.6130653266331658,-0.001934673366834172,-0.001934673366834172,0.48743718592964824,-0.002562814070351749,-0.002562814070351749,0.4323308270676691,0.12839086459112126,0.19233082706766913,0.41132075471698115,0.4371859296482412,0.1163839246357099,0.18843801645959346,0.43939393939393945,0.4323308270676691,0.12839086459112126,0.19233082706766913,0.41132075471698115,22.0,0.0,0.0,34.0,0.0,0.0,44.0,0.0,0.0,0.0006697242834880888,0.0003301846143220173,-5.523963713308124e-05,-0.00015559510116602837,0.0002314721571865519,7.534460660885145e-05,-1.493628740310669
213,1,2.844367174541249,1.2346806584362582,1.7162781390974187,4.999635085147247,2.170237652199815,3.0167569352176278,17.19067652828053,12.18943335540381,14.100930069267571,30.216601526513713,21.4257565680036,24.785655431032172,3.3324435044772662,1.492870800848057,2.076784342573643,4.829628267358357,2.1635808707942856,3.009832380541512,28.006692640177324,21.712844292362142,24.496541270178746,40.5894096234454,31.467890278785717,35.50223372489673,3.033704618147783,1.3209262837212215,1.8421021536352453,4.91952100240181,2.1420426222506292,2.9871926815706678,20.774050134830595,15.229705993993868,17.481697273771935,33.68764886729286,24.696820530800867,28.348698281792327,0.7638190954773869,-0.001180904522613102,-0.001180904522613102,0.5628140703517588,-0.0021859296482411583,-0.0021859296482411583,0.4773869346733668,-0.0026130653266331905,-0.0026130653266331905,0.4117647058823529,0.12395266476634703,0.1651893634165995,0.3746312684365781,0.4522613065326633,0.15902822382589632,0.20852174058942452,0.43939393939393945,0.4280936454849499,0.13427060708762095,0.17781555872187982,0.3959731543624161,21.0,8.0,8.0,34.0,12.0,12.0,45.0,13.0,13.0,0.0005288118487481625,0.00036614665935296483,0.0004572963366455684,-0.0028750100457335392,-0.003551497475116072,-0.0032209202886397392,-1.368473768234253
213,0,3.2236506334993225,1.4114260595679042,1.9750903607185133,5.30851164103421,2.324250522005842,3.2524585831397252,25.119655654871195,18.995599949881097,21.634334223488242,41.36551990992376,31.280797743554203,35.62610472672249,3.585113233058297,1.5333290460258313,2.167440350763284,5.515558820089687,2.3589677631166635,3.334523616558898,36.05744038195747,28.275667516000365,31.92993631437493,55.47298520301149,43.501026947692864,49.1229789451922,3.1952684439942987,1.3992088257831479,1.9564082025636786,5.266926006584009,2.306388174367826,3.2248486855445253,24.416727336426447,18.390870889083224,20.96505019306855,40.24735275235128,30.31462234464267,34.557775043519584,0.778894472361809,-0.0011055276381910506,-0.0011055276381910506,0.6231155778894473,-0.0018844221105527303,-0.0018844221105527303,0.5175879396984925,-0.002412060301507535,-0.002412060301507535,0.4470198675496688,0.12470581796289193,0.1959185459637658,0.4219269102990033,0.4773869346733668,0.13653480434755227,0.20359728525767395,0.4797979797979798,0.45150501672240806,0.12930134393442805,0.1990022358547774,0.41946308724832215,28.0,9.0,9.0,41.0,11.0,11.0,51.0,12.0,12.0,0.0011628623191304182,-0.00012679469887838253,0.00023873904401376889,0.0004951882937413998,9.202525539642181e-05,-5.081944426521545e-05,-1.1688053607940674
241,1,3.4492248258826588,1.583838809938489,2.1772485898519367,5.728537137723246,2.6304691346346836,3.6160152018593568,31.475983481711836,25.01755502047814,27.908086876169072,52.275902390679306,41.549623542782406,46.350272940538105,3.4115807806427156,1.4965699838902258,2.089527715159635,5.054193749100319,2.2171407168744084,3.0955966150513117,30.31312480602244,23.526112731729196,26.562010044735054,44.90833304595917,34.85350034330251,39.351125992200075,3.4492248258826588,1.583838809938489,2.1772485898519367,5.728537137723246,2.6304691346346836,3.6160152018593568,31.475983481711836,25.01755502047814,27.908086876169072,52.275902390679306,41.549623542782406,46.350272940538105,0.7185929648241206,-0.0014070351758793676,-0.0014070351758793676,0.6030150753768844,-0.0019849246231156137,-0.0019849246231156137,0.5025125628140703,-0.0024874371859296973,-0.0024874371859296973,0.441696113074205,0.13129046933522792,0.19257742917291243,0.42553191489361697,0.4522613065326633,0.1389780985126131,0.21019118967122752,0.4191919191919192,0.441696113074205,0.13129046933522792,0.19257742917291243,0.42553191489361697,22.0,12.0,12.0,29.0,10.0,10.0,41.0,16.0,16.0,-5.27351641570925e-05,0.00010753694591397129,-1.943034299868719e-05,-0.004933137108131369,-0.0050656272674718394,-0.00478858222330647,-1.0192363262176514
241,0,3.1430748915887095,1.4359554924850844,1.9709763669062996,5.222820964132482,2.386115096965264,3.275154758938826,23.175018079677173,17.661960416173727,19.9462569105899,38.509731535383956,29.348730243791167,33.144526408641916,3.385679240202784,1.5188220512179202,2.1115140811269786,4.9425974309529686,2.21725846893127,3.0825023082145666,29.53804933436938,23.070112414719397,25.96233432390266,43.12123990418887,33.67899622586772,37.90121799109877,3.198031549469683,1.473802794407153,1.9995022081400935,5.214181874135353,2.4029393387073155,3.260057948054501,24.484286623155036,18.876092553105135,21.169048870481404,39.92003253775278,30.776237858323597,34.51475359317621,0.7236180904522613,-0.0013819095477386467,-0.0013819095477386467,0.5678391959798995,-0.0021608040201005485,-0.0021608040201005485,0.4824120603015075,-0.0025879396984924696,-0.0025879396984924696,0.41741741741741745,0.12356434395414906,0.1836511836511837,0.3975903614457831,0.4623115577889447,0.15404088109721537,0.21523309368209997,0.43939393939393945,0.42140468227424754,0.13258999112232772,0.1933735365567837,0.40268456375838924,22.0,12.0,12.0,34.0,15.0,15.0,44.0,18.0,18.0,0.0007007834856635843,0.0002361876969050623,0.000485098508685974,-0.002847367559841274,-0.0035243827997710753,-0.004003053097116016,-1.4156150817871094
338,1,3.4172467809231555,1.5671110167055837,2.141653881308307,5.200158144883063,2.3847341558563233,3.25903851503438,30.485366479562344,24.124683462424628,26.904542629638357,46.390775077594874,36.71147483412443,40.941695305971415,3.465105231682859,1.554794228007422,2.143610650775563,5.171798853257998,2.320588400011078,3.1994188817545712,31.97982488685952,25.224635526267008,28.230804480421433,47.73108192068585,37.64870974069703,42.13552907525587,3.4172467809231555,1.5671110167055837,2.141653881308307,5.200158144883063,2.3847341558563233,3.25903851503438,30.485366479562344,24.124683462424628,26.904542629638357,46.390775077594874,36.71147483412443,40.941695305971415,0.6532663316582914,-0.0017336683417086274,-0.0017336683417086274,0.5527638190954773,-0.0022361809045226,-0.0022361809045226,0.4623115577889447,-0.002688442211055242,-0.002688442211055242,0.4180327868852459,0.11332931040262828,0.17416357707598162,0.3662551440329218,0.4120603015075377,0.10629589047996879,0.16999018464610194,0.3535353535353535,0.4180327868852459,0.11332931040262828,0.17416357707598162,0.3662551440329218,25.0,0.0,0.0,36.0,0.0,0.0,45.0,0.0,0.0,0.0008628711225150694,-7.5103470135214e-05,0.00023733509627045236,-3.136820234672655e-06,-7.934534252473924e-05,-9.790377231322367e-05,-1.8428544998168945
338,0,3.224371139156191,1.4644649538760692,2.007839951534213,5.259001055842985,2.3885658338620375,3.2748191722884212,25.13776103059869,19.32586890280465,21.76230246081898,41.00009152049518,31.52080222115196,35.494664441442715,3.627597073214737,1.6069524159195865,2.2402722301503637,5.850963021314092,2.5918587353541716,3.613342306694135,37.62230427080732,30.079118134247093,33.618180218513615,60.68113592065697,48.51470666814048,54.22287132018326,3.2400158663657197,1.4686031727672861,2.0041690248049995,5.282634564726718,2.3944616947292716,3.2676668882690216,25.53412687793292,19.654973938589315,22.09283536214641,41.631728605325414,32.046153160743444,36.02092722089088,0.7587939698492463,-0.001206030150753712,-0.001206030150753712,0.6381909547738693,-0.0018090452261306789,-0.0018090452261306789,0.5376884422110553,-0.0023115577889447625,-0.0023115577889447625,0.4407894736842105,0.12880260997320891,0.20118334676954963,0.4092409240924092,0.4623115577889447,0.1314844901197718,0.201877501027676,0.4696969696969697,0.4381270903010034,0.13094845924925047,0.19897247406073637,0.4093959731543624,27.0,13.0,13.0,41.0,18.0,18.0,48.0,15.0,15.0,0.0011292857564739152,-7.764622098649117e-06,0.00026920313526768386,0.00048729044062767457,8.427820529455232e-05,-5.782855820246624e-05,-1.0590283870697021
328,1,3.2732692797472525,1.4176447266172043,1.9753103706711033,6.137379899526098,2.658083862407258,3.703706945008318,26.3974992357586,20.001807783135348,22.735684298221425,49.495311067047375,37.50338959337878,42.62940805916517,3.3791086823496985,1.4514321597075486,2.050354056495907,5.679174256049913,2.43938178102109,3.4459732041948015,29.344604089890463,22.471082887084247,25.56826658510166,49.318662335950364,37.7665258606458,42.97187661361624,3.3280864224386058,1.4910360563553555,2.0646120085435027,6.014614016455312,2.694643475341004,3.7312265214641616,27.884930638856083,21.606937496540958,24.347239074769615,50.394452961788105,39.04868222266438,44.00103447247521,0.6783919597989949,-0.0016080402010050232,-0.0016080402010050232,0.6030150753768844,-0.0019849246231156137,-0.0019849246231156137,0.48743718592964824,-0.002562814070351749,-0.002562814070351749,0.4299363057324841,0.09448320557350154,0.1619278311562129,0.4408945686900958,0.42211055276381915,0.08627095376632543,0.1650153941661564,0.48989898989898994,0.4247491638795987,0.09586769476440671,0.17224638301196804,0.459731543624161,15.0,0.0,0.0,29.0,0.0,0.0,35.0,-1.0,-1.0,-0.00026836239073902286,-6.332695124437474e-05,0.00010474856000168423,0.0004478011750661537,4.5542954798527546e-05,-9.287412789138472e-05,-1.1757102012634277
328,0,3.650032379934865,1.6281572316068473,2.267862731529171,6.491843304312724,2.8957939333578926,4.03355585821974,38.47591187638253,30.9234382039791,34.49237674746436,68.43215755156608,54.999543662791396,61.347155786561615,3.6992052931282386,1.6301653074786708,2.285577095058636,6.064270972341375,2.6724021434076572,3.7468476968174365,40.41517337839524,32.49795455376419,36.304330044987424,66.25438258753317,53.275335334039646,59.515295155717084,3.650032379934865,1.6281572316068473,2.267862731529171,6.491843304312724,2.8957939333578926,4.03355585821974,38.47591187638253,30.9234382039791,34.49237674746436,68.43215755156608,54.999543662791396,61.347155786561615,0.7638190954773869,-0.001180904522613102,-0.001180904522613102,0.592964824120603,-0.0020351758793969443,-0.0020351758793969443,0.5025125628140703,-0.0024874371859296973,-0.0024874371859296973,0.42741935483870963,0.11756019990913213,0.17674911355184642,0.40485829959514175,0.4371859296482412,0.1213964559640307,0.18009077105057847,0.41414141414141414,0.42741935483870963,0.11756019990913213,0.17674911355184642,0.40485829959514175,26.0,3.0,3.0,39.0,4.0,4.0,46.0,4.0,4.0,0.0003685588340016153,0.00010498623468696474,0.00027206116291885943,-3.085650767697956e-05,-0.00010133182060556578,-0.00011602607612637428,-0.9841859340667725
492,1,3.0845415161616767,1.4100243520521383,1.9293965308736798,5.990785834857361,2.7385444062977946,3.747267250714199,21.857443259943885,16.521225250562665,18.682959622355224,42.45145049330142,32.08746638259571,36.285979382146564,3.2919881236014055,1.4455877186689006,2.017475698710502,6.330746391541164,2.7799763820555783,3.879760959058658,26.89628367186361,20.559315771278353,23.319326722180186,51.72362244589156,39.537145713996836,44.84485908111574,3.0467236321107998,1.3827124428538355,1.902687340804842,6.17579114617054,2.8027954922712883,3.8567986637935983,21.04627599467987,15.76582669223939,17.90686157711869,42.661370259486226,31.957756808593363,36.2976923860514,0.7336683417085428,-0.001331658291457205,-0.001331658291457205,0.5728643216080402,-0.0021356783919597166,-0.0021356783919597166,0.42211055276381915,-0.0028894472361808976,-0.0028894472361808976,0.4029850746268657,0.09299997775652291,0.1646533963746314,0.37125748502994016,0.40201005025125625,0.09373937355952688,0.1465843407353965,0.36868686868686873,0.38795986622073575,0.07577288792357384,0.15102994408502946,0.3523489932885906,23.0,5.0,5.0,36.0,5.0,5.0,45.0,6.0,6.0,0.0010881965971273448,0.00022206355293916477,0.00040193460870574407,-0.0043106553241765155,-0.004279254203973792,-0.004007992492741863,-0.8933379650115967
492,0,3.390448466003665,1.5659545195525357,2.145006320718964,5.798835997026958,2.6783222127519233,3.6687004657814,29.679259425108686,23.479602558332623,26.20478874450995,50.76176784432382,40.158216789424074,44.819224887161845,3.55239240368407,1.6091118311035555,2.2232740215294684,5.2628035610134365,2.3838693794126744,3.2937392911547674,34.896704704783964,27.915087559953193,31.11899328356358,51.69882178486513,41.35568527400473,46.102212271946044,3.390448466003665,1.5659545195525357,2.145006320718964,5.798835997026958,2.6783222127519233,3.6687004657814,29.679259425108686,23.479602558332623,26.20478874450995,50.76176784432382,40.158216789424074,44.819224887161845,0.7487437185929648,-0.0012562814070351536,-0.0012562814070351536,0.6231155778894473,-0.0018844221105527303,-0.0018844221105527303,0.49246231155778897,-0.002537688442211028,-0.002537688442211028,0.42105263157894735,0.09580010632642211,0.1693702628037118,0.43089430894308944,0.4321608040201005,0.10634626767924837,0.17673509450424074,0.45959595959595956,0.42105263157894735,0.09580010632642211,0.1693702628037118,0.43089430894308944,21.0,4.0,4.0,31.0,4.0,4.0,41.0,4.0,4.0,9.535817657654914e-05,-1.619870505567402e-05,0.0001294577426169223,-2.39265858157367e-05,-9.583520108336074e-05,-0.00011149550017286458,-0.6737074851989746
0,1,3.1608338458386154,1.3755101940090844,1.8462715293244352,5.371933578373609,2.337721550381636,3.1377948057063167,23.59025836897984,17.628749280275795,19.867137289006326,40.09236398859485,29.960597368356048,33.764806096808876,3.2988310201683237,1.3589592500696304,1.9310658528476137,4.646240873476512,1.9140271127741268,2.7198110603487513,27.08096331025807,20.123104602362375,23.154397644933685,38.1422018454339,28.342400848397713,32.61182766892068,3.1597437212698436,1.4128092566114026,1.946748736559269,4.962948253303419,2.21907213080325,3.057720528627124,23.564556060652354,17.82756731067626,20.2010127175484,37.012391718302126,28.00141462409884,31.729339346934665,0.7336683417085428,-0.001331658291457205,-0.001331658291457205,0.5628140703517588,-0.0021859296482411583,-0.0021859296482411583,0.4723618090452262,-0.0026381909547738003,-0.0026381909547738003,0.4349030470914127,0.09742033616471835,0.1563106717248438,0.4027777777777778,0.42211055276381915,0.10632107907960864,0.1549986996753383,0.398989898989899,0.4381270903010034,0.11091507026761438,0.17895022711969077,0.3959731543624161,26.0,13.0,13.0,37.0,12.0,12.0,50.0,17.0,17.0,0.0004955357397447265,9.890990393541922e-06,0.00018864431273093118,0.0002622016269242522,-0.0001365127225412266,0.00011599584989241407,-1.2241220474243164
0,0,3.411769947399099,1.5710993865757625,2.1530038561509754,5.474252344979345,2.520860032697834,3.45453726071682,30.318859583915398,24.018097695066846,26.797785462299423,48.64720972786426,38.53751268586997,42.99757667397196,3.7608252284514845,1.710364997416209,2.3688829112721566,5.571592931039236,2.533874070246235,3.5094561648476392,42.98388286983265,35.212405911561895,38.96122712649884,63.67982647382614,52.16652727638799,57.720336483701985,3.411769947399099,1.5710993865757625,2.1530038561509754,5.474252344979345,2.520860032697834,3.45453726071682,30.318859583915398,24.018097695066846,26.797785462299423,48.64720972786426,38.53751268586997,42.99757667397196,0.7537688442211055,-0.0012311557788945438,-0.0012311557788945438,0.6281407035175879,-0.0018592964824121205,-0.0018592964824121205,0.5276381909547738,-0.002361809045226204,-0.002361809045226204,0.441696113074205,0.12599946404422258,0.1914023410413025,0.3865248226950354,0.457286432160804,0.1314718958199519,0.20519962080855025,0.4191919191919192,0.441696113074205,0.12599946404422258,0.1914023410413025,0.3865248226950354,24.0,12.0,12.0,31.0,3.0,3.0,43.0,7.0,7.0,0.0011177989263723347,0.00041257094675552935,0.00010309197334243674,-0.0002734037727947225,0.00016562223134020115,1.5767138139999304e-05,-1.279862880706787
416,1,3.941141588527828,1.8536919945885595,2.5188412258287878,6.742675970734356,3.1713766654406683,4.309342820092624,51.47733370362889,43.41301208384631,47.33068543130206,88.06965525199159,74.27286404706237,80.975389533071,4.027223474416301,1.8455589770838357,2.5447758080188243,6.602005695764428,3.025506519809567,4.1717636197029915,56.10491804745671,47.243874874190986,51.7012067310415,91.97527548763395,77.44897520359179,84.75607660826476,3.941141588527828,1.8536919945885595,2.5188412258287878,6.742675970734356,3.1713766654406683,4.309342820092624,51.47733370362889,43.41301208384631,47.33068543130206,88.06965525199159,74.27286404706237,80.975389533071,0.7537688442211055,-0.0012311557788945438,-0.0012311557788945438,0.6180904522613065,-0.0019095477386934512,-0.0019095477386934512,0.5125628140703518,-0.0024371859296482556,-0.0024371859296482556,0.431095406360424,0.12774443634278732,0.19137742751201037,0.4148936170212766,0.4371859296482412,0.1364340499489931,0.19010746554139646,0.4242424242424242,0.431095406360424,0.12774443634278732,0.19137742751201037,0.4148936170212766,23.0,1.0,1.0,35.0,4.0,4.0,42.0,0.0,0.0,0.0002537464280987171,0.0001823529908950921,0.00010037099311410373,-0.0002734037727947225,0.00016562223134020115,1.5767138139999304e-05,-0.5958685874938965
416,0,3.9128591559315455,1.847860177725456,2.524569512810901,6.236860351575736,2.9453771317684536,4.024010799207678,50.04182500873421,42.156535168224565,46.03383591313234,79.763636226043,67.19496211662461,73.37514451608368,4.039628306824957,1.8675064184108945,2.5719781014802487,6.029295980335756,2.7873230125535735,3.8387732857914156,56.80522476664416,48.028336893822505,52.466197437242954,84.78391756215545,71.68408491615298,78.30775736901933,3.9128591559315455,1.847860177725456,2.524569512810901,6.236860351575736,2.9453771317684536,4.024010799207678,50.04182500873421,42.156535168224565,46.03383591313234,79.763636226043,67.19496211662461,73.37514451608368,0.8040201005025126,-0.0009798994974873354,-0.0009798994974873354,0.6733668341708543,-0.001633165829145744,-0.001633165829145744,0.5728643216080402,-0.0021356783919597166,-0.0021356783919597166,0.4541984732824428,0.12276990185387138,0.19404618901848336,0.421455938697318,0.457286432160804,0.11142177050666868,0.17848843549970217,0.4292929292929293,0.4541984732824428,0.12276990185387138,0.19404618901848336,0.421455938697318,26.0,2.0,2.0,39.0,2.0,2.0,49.0,2.0,2.0,0.0003890512837564651,0.00048380925290773986,0.00019326969559666104,-0.00012787541372372146,-0.00017828449388890277,8.936283448512938e-05,-0.9222133159637451
337,1,3.07099095282406,1.3838196608900157,1.880621875149023,5.87638268810658,2.647957621378733,3.598595371906779,21.563260264728026,16.159088026581024,18.274965645147326,41.26158991196606,30.92063330491721,34.96939372098461,3.250306596708058,1.4555866401355662,2.009137402957826,5.603976890875963,2.5096321381647693,3.464030005099701,25.79824836280112,19.780459119312187,22.3385922535154,44.47973855655366,34.104239860883084,38.51481423019897,3.2546570452559354,1.465435687633327,2.0382359372965064,6.064578345197395,2.73062550490682,3.797955162664297,25.91072680336208,19.92593616330337,22.53563978247232,48.2808573975691,37.12907359621746,41.99187537106644,0.6733668341708543,-0.001633165829145744,-0.001633165829145744,0.5577889447236181,-0.00221105527638199,-0.00221105527638199,0.46733668341708545,-0.002663316582914521,-0.002663316582914521,0.42776203966005666,0.1307323366897596,0.18924786566201168,0.40056818181818177,0.44723618090452266,0.1439780355411141,0.2085049622066929,0.4242424242424242,0.4381270903010034,0.13762625557646246,0.2011971681652971,0.42281879194630867,15.0,0.0,0.0,30.0,0.0,0.0,38.0,0.0,0.0,1.0025513655644162e-05,0.00019657481845078895,9.407398024246018e-05,0.00029379303937471235,-0.00010552452214263042,0.0001357534323940257,-1.122941493988037
337,0,3.3864444377539042,1.5121987046792034,2.0924569917008204,5.310981167406396,2.3715903182673843,3.2816128776947298,29.560660427258078,23.04475789067494,25.913359412512047,46.36016143509874,36.14123232034814,40.640077330005234,3.428041152618638,1.4715220137757423,2.0585525974953454,5.004439638859325,2.1482073193806452,3.0051862737158324,30.81621931834252,23.741561065744772,26.882880823214652,44.987181486631414,34.6592132346639,39.24508149374402,3.3864444377539042,1.5121987046792034,2.0924569917008204,5.310981167406396,2.3715903182673843,3.2816128776947298,29.560660427258078,23.04475789067494,25.913359412512047,46.36016143509874,36.14123232034814,40.640077330005234,0.7035175879396984,-0.001482412060301641,-0.001482412060301641,0.5778894472361809,-0.002110552763819218,-0.002110552763819218,0.48743718592964824,-0.002562814070351749,-0.002562814070351749,0.4545454545454546,0.13517372679676354,0.19524312896405926,0.3894736842105263,0.4723618090452262,0.15657233536101567,0.22361389585657843,0.38888888888888884,0.4545454545454546,0.13517372679676354,0.19524312896405926,0.3894736842105263,23.0,4.0,4.0,34.0,5.0,5.0,47.0,9.0,9.0,0.0004096147877566964,0.00041361559505650585,0.00018940446174046786,-0.00029419353837489837,0.00015400165618917327,5.253467235455389e-06,-1.1188476085662842
422,1,3.455982044841466,1.5828529538862857,2.109766953931339,7.75965779879499,3.553952858725811,4.737023915430742,31.68939381218126,25.18076314602316,27.846540691419055,71.15165780470886,56.53793989390105,62.52336494865787,4.041655118740983,1.8696704378290319,2.575264188587491,6.792697678556274,3.1423032568555156,4.3281751068697325,56.92047502894251,48.14479132836958,52.58690829009652,95.6646639141891,80.91561567793208,88.38135847075046,3.677243851499015,1.707727348902117,2.3210721777571814,7.35448770299803,3.415454697804234,4.642144355514363,39.53727316876449,32.37006284586996,35.65596725102922,79.07454633752899,64.74012569173992,71.31193450205843,0.7537688442211055,-0.0012311557788945438,-0.0012311557788945438,0.6532663316582914,-0.0017336683417086274,-0.0017336683417086274,0.5628140703517588,-0.0021859296482411583,-0.0021859296482411583,0.4241573033707865,0.13663977181398423,0.19346326622513643,0.3830985915492958,0.4824120603015075,0.14907872696817415,0.22364745262204178,0.4747474747474747,0.4247491638795987,0.1192399819096488,0.19783036521441522,0.4093959731543624,23.0,0.0,0.0,38.0,-1.0,-1.0,45.0,-1.0,-1.0,0.0004929772390898109,0.0006425670435881322,0.00042130083746142074,-0.0020558182605761033,-0.0036134738759132645,-0.0032604354536438507,-0.9482524394989014
422,0,2.7050130816560296,1.216347603812404,1.5198092077895653,5.621355310316437,2.5277223641726523,3.1583535099376907,14.954512319032723,10.523334252944881,11.683158622021548,31.07734591298988,21.868803994401084,24.279064011388527,3.2093161003074453,1.4191125854554234,1.9731244134240506,5.094152540170548,2.252559659453053,3.1319435133715086,24.76214560863822,18.77147407567785,21.319667174928746,39.30499302958448,29.79599059631405,33.84074154750595,2.9777786229366443,1.349898815071164,1.8613430328121428,5.583334918006208,2.531060278258432,3.490018186522767,19.644131119416084,14.551066132509845,16.590181866310562,36.832745848905155,27.28324899845596,31.106590999332305,0.7236180904522613,-0.0013819095477386467,-0.0013819095477386467,0.5678391959798995,-0.0021608040201005485,-0.0021608040201005485,0.4623115577889447,-0.002688442211055242,-0.002688442211055242,0.37939698492462315,0.10210714803629195,0.14381536224622626,0.36272040302267006,0.44221105527638194,0.12391531592801097,0.1851158966787192,0.4545454545454546,0.4147157190635451,0.12256212974801917,0.18445987924152063,0.40604026845637586,25.0,7.0,7.0,37.0,9.0,9.0,47.0,9.0,9.0,0.00016790189120608826,0.0010441713946227943,6.290648049662179e-05,-0.03387952630446733,-0.047833383798233875,-0.039678443409065345,-1.5959813594818115
166,1,3.122037870248709,1.3865100398283283,1.9120963402679714,5.487218074982579,2.4368964336376675,3.360654173804313,22.692577082697134,17.020656256511725,19.339288502728103,39.88392335746769,29.915092814475145,33.990264641158475,3.4535074569472117,1.5258502106563212,2.1318906339784727,5.354275127049941,2.36565924132763,3.305256796865849,31.611072568245657,24.73768386057152,27.861593845812518,49.00941483448939,38.35299823344422,43.196269528391504,3.122037870248709,1.3865100398283283,1.9120963402679714,5.487218074982579,2.4368964336376675,3.360654173804313,22.692577082697134,17.020656256511725,19.339288502728103,39.88392335746769,29.915092814475145,33.990264641158475,0.7537688442211055,-0.0012311557788945438,-0.0012311557788945438,0.6180904522613065,-0.0019095477386934512,-0.0019095477386934512,0.4723618090452262,-0.0026381909547738003,-0.0026381909547738003,0.40830449826989623,0.10778636355487037,0.16664742116978115,0.36111111111111116,0.4321608040201005,0.09632120502260677,0.17506564542243774,0.38888888888888884,0.40830449826989623,0.10778636355487037,0.16664742116978115,0.36111111111111116,23.0,11.0,11.0,37.0,15.0,15.0,45.0,10.0,10.0,0.0013113871451989464,0.00042446296152908255,0.00024046978494867815,-0.009658143533969543,-0.0068458619196629655,-0.008377439198908654,-1.2440228462219238
166,0,2.8246554377491524,1.2581220102872797,1.7267276560223115,6.662290756622139,2.9674326035741356,4.072695574894004,16.855136341710466,12.065121894861637,13.857189159869979,39.7548733025171,28.45704612443227,32.68385305293471,3.059114897071417,1.337145680382883,1.86355934007677,5.414362649683924,2.366629522801563,3.2983351151801243,21.308688430339927,15.713151984421092,18.00329483530627,37.71449279706182,27.810888468001934,31.864238646559777,2.880792885719733,1.2960026095521453,1.7831989290047254,6.401761968266073,2.880005799004767,3.962664286677167,17.828403463533636,12.950135281410176,14.831456904420863,39.61867436340808,28.77807840313373,32.958793120935255,0.6532663316582914,-0.0017336683417086274,-0.0017336683417086274,0.5125628140703518,-0.0024371859296482556,-0.0024371859296482556,0.42713567839195976,-0.002864321608040288,-0.002864321608040288,0.39296187683284456,0.1001361081652018,0.1564027370478983,0.36764705882352944,0.42211055276381915,0.12637120439289184,0.1800404359023834,0.398989898989899,0.3946488294314381,0.10082579103410916,0.15883125434801204,0.37248322147651003,22.0,1.0,1.0,33.0,2.0,2.0,44.0,6.0,6.0,0.0004970553354165167,0.0001709673928541019,0.00030530390081247625,0.00034118015804818214,-5.904222154651251e-05,0.0001653898061491077,-0.9082930088043213
18,1,2.5392110304622997,1.0566681205017068,1.3698843811954629,4.8772964347493675,2.029639756211199,2.631263068830889,12.669671042028153,8.265540280481833,9.449847204341289,24.33580378369764,15.87638430112352,18.151191659823862,2.558200527076146,1.0442177760592186,1.496731962268872,3.707536995762531,1.5133590957379979,2.1691767569114084,12.912560593732072,8.36776500783899,10.021947667591311,18.713855932945034,12.127195663534769,14.524561837088857,2.383698975362108,1.0301310111155522,1.4347011945654247,4.469435578803952,1.9314956458416601,2.690064739810171,10.84494394324294,6.973730673716009,8.261824433636168,20.334269893580515,13.075745013217519,15.490920813067817,0.6180904522613065,-0.0019095477386934512,-0.0019095477386934512,0.44221105527638194,-0.0027889447236180143,-0.0027889447236180143,0.37688442211055273,-0.003115577889447274,-0.003115577889447274,0.3927648578811369,0.09470034175210462,0.12981275621935784,0.4015544041450777,0.4170854271356784,0.11382728177226986,0.16666806486522767,0.4242424242424242,0.3946488294314381,0.10750358736132126,0.16439298960941362,0.38926174496644295,21.0,8.0,8.0,32.0,11.0,11.0,41.0,12.0,12.0,-0.0005155619626201537,-0.0002759860719133114,-0.00010204944431552708,-0.005266146654601123,-0.008373066170586085,-0.006455558158786623,-1.6088135242462158
18,0,3.812755376213857,1.792369472516997,2.452567270296699,6.137606215368648,2.8852776874663855,3.948035118038589,45.27501686242245,37.73378229991834,41.37809059467732,72.88173446146052,60.742186141331956,66.60863364021228,3.900659244863232,1.7808236210408168,2.465924579371488,5.955204953989667,2.718814688611934,3.7647703501854775,49.435028153939314,41.10525999424125,45.23649730807517,75.47332542586155,62.75612212861259,69.06335466881706,3.812755376213857,1.792369472516997,2.452567270296699,6.137606215368648,2.8852776874663855,3.948035118038589,45.27501686242245,37.73378229991834,41.37809059467732,72.88173446146052,60.742186141331956,66.60863364021228,0.8341708542713568,-0.0008291457286431214,-0.0008291457286431214,0.6633165829145728,-0.0016834170854271857,-0.0016834170854271857,0.5226130653266332,-0.002386934673366814,-0.002386934673366814,0.44106463878326996,0.10899632758782407,0.18695591564799818,0.42366412213740456,0.4321608040201005,0.09632120502260677,0.16171005276801365,0.4242424242424242,0.44106463878326996,0.10899632758782407,0.18695591564799818,0.42366412213740456,29.0,13.0,13.0,39.0,9.0,9.0,50.0,13.0,13.0,0.00010768828990553818,0.0004797813266827679,0.00021287587160828588,-0.00013480533558407615,-0.00018378111340844328,8.585827751517172e-05,-0.8492414951324463
372,1,3.8004192579920892,1.7281624373447104,2.3906754595770057,6.719581876449781,3.05559155588485,4.2269913922955755,44.719929751430556,36.777201532440486,40.62502360320941,79.07002071992069,65.02635633272085,71.82975187813837,3.8075850357362375,1.7264827571391637,2.389449838123838,6.399302581069307,2.9016516926708635,4.0158820808804006,45.04153372390527,37.028236790269204,40.91212100680475,75.70005667883238,62.232330739948246,68.75986723832732,3.8004192579920892,1.7281624373447104,2.3906754595770057,6.719581876449781,3.05559155588485,4.2269913922955755,44.719929751430556,36.777201532440486,40.62502360320941,79.07002071992069,65.02635633272085,71.82975187813837,0.7487437185929648,-0.0012562814070351536,-0.0012562814070351536,0.6180904522613065,-0.0019095477386934512,-0.0019095477386934512,0.5226130653266332,-0.002386934673366814,-0.002386934673366814,0.44855967078189296,0.13028451677778619,0.19821767351787112,0.4256198347107438,0.44221105527638194,0.12391531592801097,0.20014093841494618,0.4191919191919192,0.44855967078189296,0.13028451677778619,0.19821767351787112,0.4256198347107438,25.0,3.0,3.0,34.0,2.0,2.0,47.0,7.0,7.0,-8.942861920649072e-06,-9.916591227873514e-05,0.00023939903158958327,3.793101625682027e-06,-7.384872300431056e-05,-9.33731963588258e-05,-0.7121882438659668
372,0,3.273350962719252,1.4699740558772154,1.9940173885043802,5.881802511136156,2.6413596316543715,3.5829999949688083,26.399655550015414,20.329544457251096,22.805411919400658,47.43688106643395,36.52965019662307,40.978474542673055,3.854742826528885,1.6274857910989708,2.2898063568171607,6.478559372317454,2.735270237141128,3.8484140450708586,47.21647255559381,37.94208072581855,42.43410145476448,79.35541605982154,63.768202900535385,71.31781757103275,3.4043411295549526,1.5490974628137455,2.0935072895507565,6.15242372811136,2.799573727976649,3.7834469088266682,30.094460839518963,23.701204954850454,26.385195482615643,54.387579830455955,42.83350293045263,47.684088221594536,0.8241206030150754,-0.0008793969849245631,-0.0008793969849245631,0.6633165829145728,-0.0016834170854271857,-0.0016834170854271857,0.5276381909547738,-0.002361809045226204,-0.002361809045226204,0.41279069767441856,0.0934873595031559,0.15374866443883695,0.35276967930029157,0.4371859296482412,0.09382753365826624,0.1483712384963214,0.398989898989899,0.4180602006688964,0.08750928247190137,0.1533216022261823,0.35906040268456374,25.0,16.0,16.0,34.0,18.0,18.0,46.0,21.0,21.0,0.0008222925812569344,0.0004485984424280901,0.0005738162654516357,0.00032933337838070287,-7.066279669576403e-05,0.0001579807127098931,-1.3077824115753174
280,1,3.1085396949335826,1.3835005571754955,1.9174855676430942,5.559503685169677,2.474337534948482,3.429349188284765,22.388326730717395,16.775586035235335,19.097778694409055,40.04066126839842,30.00249040917089,34.15564266500082,3.055424651907916,1.2378403503131126,1.766286214595403,5.360394126154239,2.171649737391426,3.0987477449042165,21.23019905750531,15.07323196248348,17.600541027196623,37.245963258781245,26.44426660084821,30.878142152976533,3.1085396949335826,1.3835005571754955,1.9174855676430942,5.559503685169677,2.474337534948482,3.429349188284765,22.388326730717395,16.775586035235335,19.097778694409055,40.04066126839842,30.00249040917089,34.15564266500082,0.6482412060301508,-0.0017587939698492372,-0.0017587939698492372,0.48743718592964824,-0.002562814070351749,-0.002562814070351749,0.3919597989949749,-0.0030402010050251116,-0.0030402010050251116,0.38848920863309355,0.09764540252896425,0.15523562011634717,0.3971119133574007,0.38190954773869346,0.09118273069608696,0.1314921854682427,0.38888888888888884,0.38848920863309355,0.09764540252896425,0.15523562011634717,0.3971119133574007,23.0,5.0,5.0,33.0,5.0,5.0,39.0,3.0,3.0,-0.00021669411859976458,-0.00019740695500924458,2.7934170959330867e-05,-0.00023875416349117273,0.00018498985658865763,3.328992298534672e-05,-1.1087260246276855
280,0,3.594462983670288,1.620635139243395,2.2402785655271935,5.99077163945048,2.701058565405658,3.733797609211989,36.39614941228668,29.197972089027687,32.52254898254391,60.660249020477806,48.66328681504614,54.20424830423985,3.810476673907371,1.7417533568303845,2.4005480845943925,6.404162477155246,2.927316566101487,4.034534595956963,45.17196603274431,37.25725394557383,41.07630311321916,75.91927064326775,62.617233521972835,69.03580355162885,3.594462983670288,1.620635139243395,2.2402785655271935,5.99077163945048,2.701058565405658,3.733797609211989,36.39614941228668,29.197972089027687,32.52254898254391,60.660249020477806,48.66328681504614,54.20424830423985,0.7638190954773869,-0.001180904522613102,-0.001180904522613102,0.6231155778894473,-0.0018844221105527303,-0.0018844221105527303,0.5326633165829145,-0.0023366834170853723,-0.0023366834170853723,0.4423791821561338,0.12141443261995566,0.18650773592622039,0.417910447761194,0.4371859296482412,0.1063588619790683,0.18342966921418447,0.43434343434343436,0.4423791821561338,0.12141443261995566,0.18650773592622039,0.417910447761194,23.0,0.0,0.0,34.0,0.0,0.0,43.0,-1.0,-1.0,0.0005526460084818228,0.0007264279188088236,0.00010164018703170848,-0.00017638486674709242,0.00021985158203818855,6.483093570341936e-05,-1.6495318412780762
264,1,3.189179775350719,1.3911687142517832,1.908317990598439,6.567068413148226,2.86465510390308,3.9295542054926433,24.26851364422425,18.23088660108665,20.668773053432755,49.97303401295881,37.54052388862813,42.56055042955384,3.3689874530437605,1.4218403895996277,2.0101121885352633,6.54172320979371,2.76085512543617,3.9031304631752683,29.049098585102296,22.04043482732183,25.157285006718478,56.40601667010154,42.79696082975112,48.849097100424224,3.099614044894343,1.3658984247101593,1.8852129375507392,6.325742948763965,2.7875478055309375,3.8473733419402842,22.189385521915074,16.527734100738854,18.821109297663373,45.284460248806276,33.7300695933446,38.41042713808852,0.6884422110552764,-0.0015577889447235815,-0.0015577889447235815,0.5979899497487438,-0.0020100502512562235,-0.0020100502512562235,0.48743718592964824,-0.002562814070351749,-0.002562814070351749,0.43515850144092216,0.10566209856322428,0.17025136556604437,0.4104046242774566,0.457286432160804,0.1264593644916311,0.20186072264494426,0.4242424242424242,0.44147157190635455,0.12761514452738965,0.1856317498818829,0.40268456375838924,25.0,15.0,15.0,40.0,18.0,18.0,45.0,15.0,15.0,0.0007820698548414445,-1.1386137417302217e-05,0.0003831513381410099,0.00031748659871144724,-8.228337184501555e-05,0.00015057161927245488,-1.0671155452728271
264,0,3.1863136401475574,1.4184149754184057,1.9584088919622766,6.103361338874194,2.7169638965761007,3.7513184409418256,24.19905638743225,18.34052670466292,20.784987684043276,46.35312209423642,35.13114974414305,39.81349753563219,3.434358131945433,1.4722422848669516,2.085572877033924,5.972796751209449,2.5604213649860035,3.627083264406825,31.01150088413389,23.897136826168424,27.158758297287182,53.933045015885035,41.560237958553785,47.23262312571685,3.1863136401475574,1.4184149754184057,1.9584088919622766,6.103361338874194,2.7169638965761007,3.7513184409418256,24.19905638743225,18.34052670466292,20.784987684043276,46.35312209423642,35.13114974414305,39.81349753563219,0.7035175879396984,-0.001482412060301641,-0.001482412060301641,0.5628140703517588,-0.0021859296482411583,-0.0021859296482411583,0.4723618090452262,-0.0026381909547738003,-0.0026381909547738003,0.4206642066420664,0.12048004457945127,0.1826273968261155,0.38148148148148153,0.4522613065326633,0.14399062984093391,0.20685229150762152,0.41414141414141414,0.4206642066420664,0.12048004457945127,0.1826273968261155,0.38148148148148153,25.0,11.0,11.0,37.0,12.0,12.0,46.0,12.0,12.0,0.0006870321668265697,0.0006075213407265729,0.00011550607303490263,-0.00019024471046957814,0.00021210453193631906,5.782182176528039e-05,-1.3411469459533691
93,1,3.0695660476549773,1.3801663700453368,1.8987596566763625,5.414638245552879,2.4345791869122713,3.3493648602241426,21.53255654385478,16.11632829797525,18.307964671670973,37.98289477301092,28.428802711956344,32.29479482456246,3.2617789992135973,1.3828230936147918,1.9476396109731589,4.979815265974957,2.1111802955951013,2.9734955892719976,26.095920494349688,19.549254539039886,22.374373694620182,39.84109999137357,29.846190135938755,34.15934915209188,3.0695660476549773,1.3801663700453368,1.8987596566763625,5.414638245552879,2.4345791869122713,3.3493648602241426,21.53255654385478,16.11632829797525,18.307964671670973,37.98289477301092,28.428802711956344,32.29479482456246,0.7185929648241206,-0.0014070351758793676,-0.0014070351758793676,0.6030150753768844,-0.0019849246231156137,-0.0019849246231156137,0.507537688442211,-0.0024623115577889765,-0.0024623115577889765,0.4558303886925795,0.13660640280192693,0.20201135226484745,0.4042553191489362,0.4773869346733668,0.14154733567587308,0.20860563250308295,0.4444444444444444,0.4558303886925795,0.13660640280192693,0.20201135226484745,0.4042553191489362,23.0,7.0,7.0,36.0,11.0,11.0,47.0,10.0,10.0,0.000292880363589711,0.00018747499614474414,0.00028078934238049064,-0.009737776852844604,-0.010457369769248714,-0.011299840358756086,-1.1683695316314697
93,0,4.190578414334191,1.9403020458806348,2.6656452728780016,6.654270119464733,3.081029072854415,4.232810350888695,66.06099053561066,56.57063222600354,61.466154180641546,104.8990454109422,89.82919073250012,97.60284922090882,4.051667342832939,1.7672199551878198,2.4950076817612126,5.8719816562796225,2.5611883408519134,3.6159531619727723,57.493238111827594,47.672980183403055,52.75028642294345,83.32353349540232,69.09127562812037,76.44969046803398,4.190578414334191,1.9403020458806348,2.6656452728780016,6.654270119464733,3.081029072854415,4.232810350888695,66.06099053561066,56.57063222600354,61.466154180641546,104.8990454109422,89.82919073250012,97.60284922090882,0.7889447236180904,-0.001055276381909609,-0.001055276381909609,0.6582914572864322,-0.0017085427135676845,-0.0017085427135676845,0.5376884422110553,-0.0023115577889447625,-0.0023115577889447625,0.45486111111111116,0.1065075582514925,0.1927363997947139,0.46341463414634143,0.42713567839195976,0.09129607939446605,0.15334602897626692,0.43434343434343436,0.45486111111111116,0.1065075582514925,0.1927363997947139,0.46341463414634143,27.0,0.0,0.0,36.0,0.0,0.0,45.0,0.0,0.0,-0.00032726449044993264,-0.0002596690699648183,-5.461984078507835e-05,-0.0003080533820964959,0.0001462546060908565,-1.7556467044599344e-06,-0.4806642532348633
94,1,3.5265822333921575,1.6386227525324715,2.240836300043038,5.821659559885466,2.7050280359266194,3.699158336578983,34.00753893407691,27.401663430299244,30.390173669603534,56.13942935149205,45.23449201192257,50.1679057402979,3.83198014455824,1.7364026440404356,2.398983164023271,5.677007621567763,2.5724483615413862,3.5540491318863277,46.15383908324503,38.023704311458744,41.96259762610752,68.37605790110375,56.3314137947537,62.16681129793706,3.5441605175617945,1.648264174125211,2.255645190057262,5.7785225829811875,2.68738724042154,3.6776823750933625,34.610618137162206,27.952104091197977,30.983221077882053,56.430355658416644,45.57408275738801,50.516121322633786,0.7638190954773869,-0.001180904522613102,-0.001180904522613102,0.6281407035175879,-0.0018592964824121205,-0.0018592964824121205,0.5025125628140703,-0.0024874371859296973,-0.0024874371859296973,0.43086816720257237,0.12107683493932997,0.18487886238973816,0.4096774193548387,0.44221105527638194,0.12892784725633177,0.1801075494333102,0.43434343434343436,0.4280936454849499,0.11423721810598497,0.1833772939832814,0.4093959731543624,27.0,5.0,5.0,34.0,1.0,1.0,46.0,-1.0,-1.0,0.0010596058558285763,0.00018745413628206906,0.0002764596358041183,-0.0069288356406920215,-0.005472058908244648,-0.006708711383029531,-1.2757954597473145
94,0,3.29786442867046,1.3922146705963565,1.9316655167740961,5.716298343028798,2.413172095700352,3.3482202290751006,27.05479972815348,20.331024692433605,23.134379253875796,46.89498619546604,35.240442800218254,40.099590706718054,3.327598740707091,1.4451092175126032,2.024719693989939,5.240312977491482,2.2757625472639424,3.1885349511652583,27.871334983044896,21.301494693218014,24.191459017060943,43.891866115031334,33.5456609342016,38.09678585363928,3.335916649139047,1.4294663679799375,1.993049967432261,5.718714255666938,2.450513773679893,3.416657087026733,28.104133049583787,21.37497332173181,24.274125854867524,48.17851379928649,36.64281140868311,41.612787179772894,0.6783919597989949,-0.0016080402010050232,-0.0016080402010050232,0.5477386934673367,-0.002261306532663321,-0.002261306532663321,0.457286432160804,-0.0027135678391959628,-0.0027135678391959628,0.41800643086816724,0.10982023504152194,0.15597434530666987,0.36451612903225805,0.4371859296482412,0.12891525295651185,0.17675187288697247,0.36363636363636365,0.42140468227424754,0.11422605122249463,0.15777843088381371,0.37248322147651003,24.0,0.0,0.0,34.0,-1.0,-1.0,42.0,0.0,0.0,0.000758818342523316,0.000549324357947652,-3.949811047579827e-05,-0.0042158810868278,-0.004186289602780668,-0.004270560942752688,-1.0837583541870117
15,1,3.016403524395656,1.324958099905697,1.8385232444222943,5.3005009908455465,2.328250071510589,3.2306998052276157,20.417727618526698,14.99040779920244,17.170244471674074,35.8785502660816,26.34152584368521,30.17199028548508,3.306289640503313,1.3733306408312815,1.9663885072510083,5.166077563286427,2.1458291262988776,3.0724820425797006,27.2837050809485,20.37377858988065,23.465039133328588,42.63078918898203,31.834029046688514,36.66412364582591,3.0209707547988383,1.3370730310611758,1.8449765269937908,5.299948692629541,2.3457421597564485,3.23680092455051,20.51119336219159,15.124683125755087,17.269829365637392,35.98454975823086,26.53453179957033,30.2979462555042,0.7889447236180904,-0.001055276381909609,-0.001055276381909609,0.592964824120603,-0.0020351758793969443,-0.0020351758793969443,0.457286432160804,-0.0027135678391959628,-0.0027135678391959628,0.4092409240924092,0.0797516324943861,0.14359877261052112,0.39403973509933776,0.42211055276381915,0.08877721943048578,0.1449820051845203,0.43434343434343436,0.40802675585284276,0.07914528673765076,0.1399511162532877,0.3926174496644296,24.0,14.0,14.0,36.0,15.0,15.0,47.0,17.0,17.0,0.0006671815177348643,-0.00018361934460433266,0.00017543735809150038,0.0004912393671849813,8.815173034548707e-05,-5.432400123339676e-05,-1.5677978992462158
15,0,3.1348358638146343,1.4062709516375917,1.9333341259792785,5.3717539173909055,2.409740675921702,3.3128991806981603,22.98486288468882,17.352298004376863,19.65975627108555,39.386121827532094,29.73433979644477,33.688326072563676,3.249801080430572,1.4029453940085923,1.9437531831235473,5.555215522103542,2.398197254715542,3.3226550138864055,25.78521022409642,19.445356562459683,22.09365478550857,44.07728243435286,33.23992574779433,37.76693125727961,3.2403444446448897,1.434707344539795,1.978059366714995,5.461254681985769,2.418046086303025,3.3338079214297665,25.54251821593278,19.458671982781834,22.00903165458113,43.04918800438109,32.79551457772219,37.093873575136726,0.7135678391959799,-0.0014321608040201994,-0.0014321608040201994,0.5477386934673367,-0.002261306532663321,-0.002261306532663321,0.42713567839195976,-0.002864321608040288,-0.002864321608040288,0.40588235294117647,0.09604388010710896,0.1514792218257166,0.3687315634218289,0.4120603015075377,0.10629589047996879,0.15997349015528395,0.3484848484848485,0.42140468227424754,0.10921770397708563,0.1655648602497759,0.3825503355704698,29.0,0.0,0.0,36.0,0.0,0.0,45.0,0.0,0.0,0.0010313129691945926,5.5022569647574434e-05,0.0003032170189684285,0.00034512908460637703,-5.516869649557776e-05,0.0001678595039624753,-1.4122278690338135
435,1,2.948627897719262,1.3104081235307228,1.7646557879218487,5.7049539760220505,2.5353548477007464,3.414225328805316,19.079756382374537,13.933756071921561,15.812429740604353,36.91518082676812,26.958788921761276,30.5936140633432,3.419622833405308,1.4937049632853094,2.0901671522476786,5.385232808512296,2.3522912807642666,3.291601814563273,30.557887432932223,23.69644374233889,26.77890157849529,48.12265737469641,37.317234239903755,42.17149854881147,3.141080341610223,1.4365329867178043,1.9666361704504596,5.676651219777511,2.5961439518996468,3.554161753826132,23.128840415003747,17.629944359601623,19.892496824290276,41.79910918374171,31.861345228195702,35.95029546558484,0.6984924623115578,-0.0015075376884421399,-0.0015075376884421399,0.5728643216080402,-0.0021356783919597166,-0.0021356783919597166,0.46733668341708545,-0.002663316582914521,-0.002663316582914521,0.3915492957746479,0.11306828311642003,0.1569451902028004,0.327683615819209,0.40703517587939697,0.09625823352350726,0.16329560993615821,0.3737373737373737,0.4046822742474916,0.10918978676835966,0.16330296390266397,0.34563758389261745,19.0,2.0,2.0,29.0,0.0,0.0,39.0,2.0,2.0,0.0003309042205895951,0.0005641811280128219,0.000432685284960418,-0.01093874523932925,-0.014089757574648587,-0.013665367467793565,-1.190286636352539
435,0,3.088618501027425,1.355292443401339,1.872319012779002,5.921491521078058,2.598363219514669,3.58960524106038,21.946737627525145,16.28729134421215,18.572061058783444,42.07622946423611,31.225953468839855,35.6063081445466,3.4262298117929966,1.466064570783387,2.067258985217324,5.571105385029263,2.3838448305420927,3.3613967239306084,30.760451165013468,23.65995090295759,26.86826565910824,50.01699376424954,38.47146488285787,43.68823684407844,3.078724666582701,1.3526414106142726,1.8710441669892397,5.882913375635734,2.584665115823451,3.5752436311896303,21.730670865746635,16.112066744972623,18.38495560817179,41.52357490270058,30.78738868466106,35.1304884232582,0.6884422110552764,-0.0015577889447235815,-0.0015577889447235815,0.5778894472361809,-0.002110552763819218,-0.002110552763819218,0.4623115577889447,-0.002688442211055242,-0.002688442211055242,0.41000000000000003,0.12547420965058242,0.17274944567627493,0.3745819397993311,0.42211055276381915,0.10632107907960864,0.1683542923297624,0.40909090909090906,0.40802675585284276,0.12255096286452893,0.1677597925602955,0.37248322147651003,26.0,15.0,15.0,32.0,11.0,11.0,42.0,12.0,12.0,0.0016131554490489116,0.0003268636833706515,0.00013900702586453547,-0.021896401267366805,-0.019774751943197444,-0.02011146065494529,-1.2074882984161377
398,1,3.7508922245607796,1.7354164714856446,2.389121838667074,5.897629283900597,2.728642250763592,3.7564808784073485,42.55903728357434,35.05474055925836,38.65594010666013,66.9167252886389,55.117516602607495,60.77978004191844,3.797490258911746,1.695447104666116,2.376315971513753,5.7537731195632515,2.568859249494115,3.6004787447178077,44.58913675810066,36.40626504443781,40.44715529589248,67.55929811833433,55.161007643087586,61.28356863014012,3.7508922245607796,1.7354164714856446,2.389121838667074,5.897629283900597,2.728642250763592,3.7564808784073485,42.55903728357434,35.05474055925836,38.65594010666013,66.9167252886389,55.117516602607495,60.77978004191844,0.7738693467336684,-0.0011306532663316604,-0.0011306532663316604,0.592964824120603,-0.0020351758793969443,-0.0020351758793969443,0.507537688442211,-0.0024623115577889765,-0.0024623115577889765,0.42971887550200805,0.11108160095290986,0.1787175403885234,0.42741935483870963,0.4321608040201005,0.12138386166421078,0.17840454358604374,0.43939393939393945,0.42971887550200805,0.11108160095290986,0.1787175403885234,0.42741935483870963,24.0,5.0,5.0,35.0,4.0,4.0,46.0,7.0,7.0,-3.723232703983692e-06,-7.303980828306032e-06,5.023036816631175e-05,-3.7786429536446065e-05,-0.00010682844012599446,0.00013492207507859177,-0.6219687461853027
398,0,3.621231337739385,1.639380619885348,2.2469822591871305,6.121605356654675,2.771333905044279,3.7984700095782444,37.38357129550379,30.12741162516806,33.43146340970069,63.196037190018316,50.9296720330222,56.51509290687498,4.014104501685905,1.795473164823623,2.4917467458959335,6.422567202697448,2.8727570637177973,3.9867947934334933,55.373686150715216,46.178948399354226,50.7906680466242,88.59789784114434,73.88631743896677,81.26506887459871,3.621231337739385,1.639380619885348,2.2469822591871305,6.121605356654675,2.771333905044279,3.7984700095782444,37.38357129550379,30.12741162516806,33.43146340970069,63.196037190018316,50.9296720330222,56.51509290687498,0.7989949748743719,-0.0010050251256281673,-0.0010050251256281673,0.6683417085427136,-0.0016582914572863539,-0.0016582914572863539,0.5226130653266332,-0.002386934673366814,-0.002386934673366814,0.41696113074204944,0.08891880269972141,0.15844174178787784,0.36170212765957444,0.4170854271356784,0.0662082341532223,0.15832081945621268,0.4040404040404041,0.41696113074204944,0.08891880269972141,0.15844174178787784,0.36170212765957444,27.0,0.0,0.0,36.0,0.0,0.0,47.0,-1.0,-1.0,0.0010973137048795895,0.0008636488546071001,5.840915059226413e-06,-0.0002734037727947225,0.00016562223134020115,1.5767138139999304e-05,-1.2259933948516846
252,1,3.8840256650726515,1.8050268120986392,2.4597636034540775,7.1015617189789895,3.3003152954939616,4.497437594481124,48.619547650603145,40.62308837647223,44.46475691892515,88.89609600021521,74.27535093686343,81.29946679259093,4.436957862508956,1.988564423517209,2.723761556431569,6.932746660170244,3.107131911745639,4.255877431924326,84.51743652708377,72.94769224687188,78.97077452320698,132.0584945735684,113.98076913573732,123.39183519251091,3.937824968510248,1.8278507848083363,2.493827448414601,7.116551147910086,3.303344791822294,4.506917075448074,51.30688575999018,43.0588574116706,47.06928385795373,92.72328751805455,77.81721218976615,85.06497082762722,0.8090452261306533,-0.0009547738693467256,-0.0009547738693467256,0.6582914572864322,-0.0017085427135676845,-0.0017085427135676845,0.5527638190954773,-0.0022361809045226,-0.0022361809045226,0.41233766233766234,0.11087899134900758,0.1715169279964096,0.3843648208469055,0.42211055276381915,0.09629601642296703,0.1650153941661564,0.4292929292929293,0.4180602006688964,0.11088156961714346,0.1777932373763491,0.38926174496644295,28.0,8.0,8.0,37.0,5.0,5.0,45.0,4.0,4.0,0.0014688467498552788,-7.535627881331067e-05,0.0005378307474760188,-0.004204034307158544,-0.00342754467352524,-0.004260047271844591,-0.617835521697998
252,0,3.1729347908418943,1.4626630373860525,2.0001008060107894,5.441849054684142,2.508589678645352,3.430340488521297,23.877456970757496,18.346992774569497,20.6463203030655,40.95183960906453,31.46663006588176,35.41016945833021,3.2562214579414483,1.4032307323572508,1.9802141224887653,5.087846028033513,2.1925480193082048,3.0940845663886956,25.951293596393384,19.572425127948094,22.368985417178635,40.54889624436466,30.5819142624189,34.951539714341614,3.165052385234514,1.4416173220395638,1.9840772279932442,5.425804088973452,2.471343980639252,3.4012752479884183,23.689985005746635,18.086240347757283,20.432435728440417,40.611402866994226,31.004983453298195,35.027032677326424,0.6683417085427136,-0.0016582914572863539,-0.0016582914572863539,0.5477386934673367,-0.002261306532663321,-0.002261306532663321,0.4321608040201005,-0.002839195979899567,-0.002839195979899567,0.4183006535947712,0.09856166501402075,0.17373543620346688,0.4131147540983606,0.4120603015075377,0.10629589047996879,0.16498183740069294,0.4242424242424242,0.42140468227424754,0.10921770397708563,0.17668833077257906,0.4161073825503355,22.0,4.0,4.0,33.0,6.0,6.0,42.0,9.0,9.0,-1.6159168863605552e-05,-0.0002044041557323813,7.00096641401802e-05,0.00047939258751661384,7.653115519623555e-05,-6.483767214060521e-05,-1.7755239009857178
250,1,2.658732622285043,1.1415376568656732,1.5905386511975506,5.300422086734926,2.2757577646488745,3.170881541810502,14.278181777298888,9.718763861111816,11.368062785245211,28.464836748333042,19.375227953883172,22.66325337314911,2.710849850621056,1.1013144791705025,1.571832850199796,5.213172789655877,2.117912459943274,3.022755481153454,15.042053582961213,10.041566264132527,11.918357319576087,28.927026121079255,19.310704354101013,22.919917922261703,2.652922173008871,1.126642533487764,1.580210214240368,5.2018081823703355,2.2091030068387534,3.09845140047131,14.195459685319452,9.59443222486939,11.272163065745373,27.834234677096966,18.81261220562626,22.102280521069357,0.6281407035175879,-0.0018592964824121205,-0.0018592964824121205,0.507537688442211,-0.0024623115577889765,-0.0024623115577889765,0.3869346733668342,-0.0030653266331658324,-0.0030653266331658324,0.41290322580645167,0.12143784738455154,0.17255987816696672,0.33009708737864074,0.4321608040201005,0.13391518998501273,0.18174344174964974,0.30808080808080807,0.4147157190635451,0.12256212974801917,0.17889814398011905,0.32885906040268453,22.0,13.0,13.0,34.0,22.0,22.0,41.0,22.0,22.0,0.0010343674069784434,0.0005130264202063032,-0.00012448784038611584,-0.014188206918515966,-0.0158148582031874,-0.013220624064123498,-1.4992663860321045
250,0,3.3747822077445733,1.5119320191189949,2.090055027999604,6.0235938242882785,2.6986228480786707,3.730505195324874,29.217919651611222,22.775847902041505,25.604237714518465,52.1505891456084,40.65224015073687,45.700587083471916,3.683597509585433,1.6444989916488604,2.287960206143919,5.846980173945132,2.610315859760096,3.63168286689511,39.78927921651152,32.10559983985761,35.75173232110974,63.15758605795479,50.96126958707558,56.74878146207895,3.3916993994377926,1.5122995990973918,2.093577996169027,6.056606070424629,2.7005349983881994,3.73853213601612,29.716409434273505,23.16683680328986,26.053999424727984,53.06501684691697,41.36935143444618,46.52499897272854,0.7487437185929648,-0.0012562814070351536,-0.0012562814070351536,0.6030150753768844,-0.0019849246231156137,-0.0019849246231156137,0.4773869346733668,-0.0026130653266331905,-0.0026130653266331905,0.4117647058823529,0.11975818059687171,0.17698209718670077,0.4,0.4321608040201005,0.12138386166421078,0.18508233991325573,0.43939393939393945,0.4147157190635451,0.12256212974801917,0.1800104910323994,0.40268456375838924,25.0,2.0,2.0,35.0,4.0,4.0,42.0,0.0,0.0,0.0012811996721962492,0.00019295962039802503,0.00031325908540387985,-0.004196136454046595,-0.003419797623424259,-0.004253038157908229,-1.5049879550933838
320,1,3.149685385766406,1.4231411145697683,1.8763390065273342,5.795421109810188,2.618579650808374,3.452463772010295,23.3287238776749,17.707528897673036,19.75593539230729,42.92485193492182,32.58185317171839,36.35092112184542,3.282248028558702,1.4582423118333026,2.0399407964597964,4.7916029613995645,2.1288208931873025,2.9780157612551768,26.63558299831408,20.438952249529216,23.171987426498234,38.884062771261426,29.83788649566308,33.82771887080033,3.1113838802611946,1.4124408418445693,1.9489144453373926,5.364454965967577,2.435242830766499,3.360197319547229,22.452093920981685,16.983929224775096,19.254273577937617,38.71050676031325,29.282636594439822,33.19702341023727,0.6783919597989949,-0.0016080402010050232,-0.0016080402010050232,0.5778894472361809,-0.002110552763819218,-0.002110552763819218,0.44723618090452266,-0.0027638190954772934,-0.0027638190954772934,0.4168937329700273,0.11485291664349673,0.16958190501303805,0.3989071038251366,0.42211055276381915,0.10882734474376898,0.1783709868205804,0.38888888888888884,0.42140468227424754,0.11756494938610063,0.18669945424310186,0.3959731543624161,23.0,12.0,12.0,32.0,12.0,12.0,41.0,13.0,13.0,0.000466962029937711,3.820977143697346e-05,0.00026638372833999083,-0.00765716010431472,-0.007152411430082495,-0.008275223308516821,-1.1151509284973145
320,0,3.3284779192765086,1.5092042109455694,2.059495611740813,5.928851293711281,2.6882700007467952,3.668476558413323,27.895849638263744,21.728472130322587,24.338619085368958,49.6894821681573,38.70384098213711,43.35316524581346,3.8386848679739027,1.6906493563380054,2.3607321677474484,6.506245538938819,2.865507383623738,4.001240962283812,46.4643275152766,37.89631741796448,42.08036631095898,78.75309748351967,64.23104647112623,71.32265476433726,3.271905648269781,1.4676135320488959,2.0186073473474,5.877674817251103,2.636431494698615,3.6262407437378434,26.361527306675708,20.285858248345484,22.859653141575244,47.356037077860556,36.44166152397393,41.06524516450643,0.7135678391959799,-0.0014321608040201994,-0.0014321608040201994,0.6130653266331658,-0.001934673366834172,-0.001934673366834172,0.5025125628140703,-0.0024874371859296973,-0.0024874371859296973,0.4134897360703812,0.11627158087272382,0.18475073313782986,0.388235294117647,0.42713567839195976,0.10132114205110765,0.180057214285115,0.4444444444444444,0.4147157190635451,0.11755378250261017,0.1800104910323994,0.3791946308724832,24.0,5.0,5.0,33.0,5.0,5.0,45.0,9.0,9.0,0.0007582110683306833,7.83442865087664e-05,0.0005346416023794203,-0.013103003313709394,-0.015355195672546174,-0.018159778286332084,-1.510962963104248
63,1,3.424350839142406,1.5575469653741163,2.1415537195176677,5.348509882089091,2.432740022108143,3.3449029523894995,30.70270738503512,24.23511529565036,27.095993344943256,47.954704868054854,37.852941985587236,42.321361034006614,3.7620811582210676,1.6833881232674268,2.346217134600093,5.336285330810025,2.3877845720105344,3.3279675668086424,43.03790152265767,35.043887335977,38.9178567781454,61.04666882646478,49.70764161131489,55.202633727865816,3.528124955186876,1.6286786319465352,2.200283400003075,5.345643871495266,2.4676948968886894,3.333762727277386,34.060043595204384,27.37784995267739,30.287152579747584,51.60612665940058,41.48159083738999,45.88962512082967,0.7135678391959799,-0.0014321608040201994,-0.0014321608040201994,0.6030150753768844,-0.0019849246231156137,-0.0019849246231156137,0.5125628140703518,-0.0024371859296482556,-0.0024371859296482556,0.44036697247706424,0.13807689614118634,0.20028558895722703,0.4049079754601227,0.42713567839195976,0.103827407715268,0.178387765203312,0.4242424242424242,0.4481605351170569,0.14932914947431897,0.2134553070859112,0.42281879194630867,19.0,0.0,0.0,30.0,0.0,0.0,39.0,0.0,0.0,0.0011358222578259573,7.808565364218117e-05,0.0005589704915094776,0.00039646512983626536,-4.812870849413287e-06,-0.00013843336848395893,-2.021519660949707
63,0,3.9264598281847105,1.8370691507541097,2.5197837663375173,6.410999380482381,2.999508387389479,4.11422321170363,50.727076849449794,42.64708650587144,46.64471354565363,82.82556615531634,69.63281356043417,76.16001251239493,3.912199603852315,1.7747329428364673,2.4559521686630665,5.97282382267529,2.7095159432617817,3.749545295668803,50.00883070092943,41.530897777876035,45.718999284967325,76.34935984874721,63.405950805917605,69.79999890834705,3.9264598281847105,1.8370691507541097,2.5197837663375173,6.410999380482381,2.999508387389479,4.11422321170363,50.727076849449794,42.64708650587144,46.64471354565363,82.82556615531634,69.63281356043417,76.16001251239493,0.7688442211055276,-0.0011557788944723812,-0.0011557788944723812,0.6331658291457287,-0.0018341708542712887,-0.0018341708542712887,0.5175879396984925,-0.002412060301507535,-0.002412060301507535,0.4409722222222222,0.11341589639899863,0.17884751090582496,0.4494773519163763,0.44221105527638194,0.11389025327136937,0.1734297531060981,0.4545454545454546,0.4409722222222222,0.11341589639899863,0.17884751090582496,0.4494773519163763,27.0,4.0,4.0,38.0,3.0,3.0,48.0,4.0,4.0,0.0002789034292073837,-0.00011379555510008771,1.9231854435025333e-05,-0.0003080533820964959,0.0001462546060908565,-1.7556467044599344e-06,-1.1001129150390625
201,1,3.903900950284633,1.835859855859805,2.492054954376518,6.619658133091334,3.1129797555883645,4.225658400899313,49.59554198142009,41.68622764867627,45.492018477241416,84.09678857719058,70.68534253471194,77.13864002662673,4.057209249716907,1.8668912807412759,2.5664806429531213,6.440014682090329,2.9633194932401206,4.073778798338289,57.81274480432726,48.87469011732541,53.37241520947519,91.76626159417025,77.57887320210381,84.71811938011935,3.915191465795638,1.8449782985780203,2.5033860499526037,6.598637301902761,3.10951398636745,4.219189971830231,50.15867426218405,42.232161651774604,46.055317275877556,84.53709145311917,71.17780053669875,77.62132125147902,0.8190954773869347,-0.0009045226130653949,-0.0009045226130653949,0.6532663316582914,-0.0017336683417086274,-0.0017336683417086274,0.5125628140703518,-0.0024371859296482556,-0.0024371859296482556,0.41800643086816724,0.09537400711214794,0.1698780886221779,0.4161290322580645,0.3919597989949749,0.06363899698996234,0.12818684407010017,0.398989898989899,0.4147157190635451,0.09585094443917119,0.16554997935275528,0.412751677852349,25.0,0.0,0.0,36.0,0.0,0.0,43.0,0.0,0.0,0.0009501473456136467,1.3894446508039831e-05,0.0001614399451091785,0.00045964795473452114,5.716352994689089e-05,-8.236045698506445e-05,-0.9175865650177002
201,0,3.6068096289185667,1.6284089131396953,2.244740146854284,6.311916850607492,2.849715597994467,3.928295256994997,36.84830531790597,29.617136279836433,32.9440405649727,64.48453430633545,51.82998848971376,57.65207098870223,3.585977046333965,1.59131712206584,2.218610721652891,6.236481819711243,2.767508038375374,3.85845342896155,36.08860073407134,28.738897586907672,32.163600838293036,62.76278388534147,49.98069145549161,55.93669711007485,3.6068096289185667,1.6284089131396953,2.244740146854284,6.311916850607492,2.849715597994467,3.928295256994997,36.84830531790597,29.617136279836433,32.9440405649727,64.48453430633545,51.82998848971376,57.65207098870223,0.778894472361809,-0.0011055276381910506,-0.0011055276381910506,0.6281407035175879,-0.0018592964824121205,-0.0018592964824121205,0.48743718592964824,-0.002562814070351749,-0.002562814070351749,0.41255605381165916,0.08145985694365021,0.15324159777589164,0.4144144144144144,0.42713567839195976,0.09380234505862639,0.16169327438528192,0.4242424242424242,0.41255605381165916,0.08145985694365021,0.15324159777589164,0.4144144144144144,24.0,4.0,4.0,38.0,6.0,6.0,44.0,2.0,2.0,0.00041575526637764555,0.0001931282140495034,6.824952980501078e-05,0.00014239153883455202,3.608366740071034e-05,-2.7616772921845723e-06,-0.43545103073120117
105,1,3.3579154088652348,1.4937097010376765,2.092364407679727,6.0873439764990085,2.7078480676565366,3.793109808574479,28.72923969572151,22.278429673084254,25.18419417337021,52.08134896711012,40.387099781687496,45.65476911643049,3.6059942023837985,1.5455535808045973,2.2017287001243897,5.769590723814078,2.472885729287356,3.522765920199024,36.81827047925494,28.9688428035792,32.745736104093,58.909232766807904,46.35014848572672,52.39317776654879,3.430751319314325,1.549840778652378,2.1599452275357898,6.054267034084103,2.735013138798314,3.8116680485925696,30.899849684553935,24.340374872178764,27.336125591019975,54.529146502154006,42.953602715609584,48.240221631211725,0.7185929648241206,-0.0014070351758793676,-0.0014070351758793676,0.5728643216080402,-0.0021356783919597166,-0.0021356783919597166,0.46733668341708545,-0.002663316582914521,-0.002663316582914521,0.4171597633136095,0.10549063480548537,0.16912826725061736,0.3620178041543026,0.40201005025125625,0.09624563922368734,0.1532621370626085,0.36363636363636365,0.4046822742474916,0.09416474503213268,0.16219061685038372,0.3657718120805369,20.0,0.0,0.0,30.0,-1.0,-1.0,40.0,0.0,0.0,0.0010350361107032162,3.168732529832991e-05,0.0003939530715288982,0.0003530269377165496,-4.742164639548463e-05,0.0001727988995874341,-0.5404047966003418
105,0,3.5928819704239894,1.662155355433314,2.2633369401851438,6.02676975684024,2.7881315639526556,3.796565189987983,36.33865208194875,29.444133999781826,32.559328563513034,60.95515833101081,49.39016025769854,54.61564791298961,3.864984100188442,1.7848229867003953,2.458356711439662,6.2338453228845845,2.878746752742573,3.965091470063971,47.70251396567609,39.69675531957919,43.620349358315146,76.93953865431628,64.0270247089987,70.35540219083089,3.5928819704239894,1.662155355433314,2.2633369401851438,6.02676975684024,2.7881315639526556,3.796565189987983,36.33865208194875,29.444133999781826,32.559328563513034,60.95515833101081,49.39016025769854,54.61564791298961,0.7638190954773869,-0.001180904522613102,-0.001180904522613102,0.6231155778894473,-0.0018844221105527303,-0.0018844221105527303,0.5326633165829145,-0.0023366834170853723,-0.0023366834170853723,0.4208494208494209,0.11834460389373691,0.18336546706251455,0.3798449612403101,0.4371859296482412,0.11889019029987025,0.19177691462319946,0.41414141414141414,0.4208494208494209,0.11834460389373691,0.18336546706251455,0.3798449612403101,27.0,12.0,12.0,38.0,10.0,10.0,49.0,13.0,13.0,0.0008341941665437019,0.00045237590259203977,0.0004177164869642095,-0.00010708564814265742,-0.00016179463533028127,9.987650539144965e-05,-1.297424554824829
119,1,3.087238002885208,1.3399610997231093,1.8768400948297628,5.50816564543548,2.3907219620959075,3.348606787897707,21.91646110015587,16.177507447926843,18.56164180353458,39.10275073984645,28.863466525797534,33.11717386529911,3.0391034073566074,1.2747379801792547,1.809376514079686,4.982136733371488,2.089734393736483,2.96619100668801,20.886508147925564,15.048641516998314,17.466212844844954,34.240177291681256,24.669904126226747,28.63313581122124,3.087238002885208,1.3399610997231093,1.8768400948297628,5.50816564543548,2.3907219620959075,3.348606787897707,21.91646110015587,16.177507447926843,18.56164180353458,39.10275073984645,28.863466525797534,33.11717386529911,0.7386934673366834,-0.0013065326633165952,-0.0013065326633165952,0.5778894472361809,-0.002110552763819218,-0.002110552763819218,0.4321608040201005,-0.002839195979899567,-0.002839195979899567,0.43724696356275305,0.10391363022941968,0.17075974956544482,0.4065040650406504,0.42713567839195976,0.103827407715268,0.15668492713987292,0.38383838383838387,0.43724696356275305,0.10391363022941968,0.17075974956544482,0.4065040650406504,24.0,13.0,13.0,34.0,14.0,14.0,41.0,11.0,11.0,-7.653642795949898e-05,6.407371149384402e-05,8.155787025415888e-06,-2.39265858157367e-05,-9.583520108336074e-05,-0.00011149550017286458,-1.0448029041290283
119,0,3.640532862328287,1.7022517373807509,2.3198154276952385,6.067554770547145,2.8370862289679177,3.866359046158731,38.112139839107044,31.165339817872663,34.36603183808081,63.52023306517841,51.94223302978778,57.27671973013469,3.9349097103329758,1.7889917629032137,2.4873338287284166,6.1006352098185666,2.773630640160021,3.8563315174083974,51.15753075170991,42.60764476963632,46.9047380151979,79.31400116544172,66.05836398393228,72.72052405457038,3.640532862328287,1.7022517373807509,2.3198154276952385,6.067554770547145,2.8370862289679177,3.866359046158731,38.112139839107044,31.165339817872663,34.36603183808081,63.52023306517841,51.94223302978778,57.27671973013469,0.7939698492462312,-0.001030150753768888,-0.001030150753768888,0.6432160804020101,-0.001783919597989958,-0.001783919597989958,0.5175879396984925,-0.002412060301507535,-0.002412060301507535,0.4193548387096774,0.09556235212649311,0.16190549425198963,0.38129496402877694,0.4321608040201005,0.11135879900756918,0.17840454358604374,0.40909090909090906,0.4193548387096774,0.09556235212649311,0.16190549425198963,0.38129496402877694,25.0,14.0,14.0,35.0,13.0,13.0,45.0,15.0,15.0,0.0006484130165453148,0.0004987049422986374,0.0001314325490305581,-0.0002456840853515274,0.00018111633153772289,2.978536601450088e-05,-1.0807852745056152
318,1,3.014931954796006,1.3442674299516937,1.8489951331406445,6.106677462580445,2.722783711621902,3.745098422539649,20.387703607898114,15.072004570069941,17.178775939458713,41.294839154850955,30.528009256574784,34.795227699031024,3.6929941608678156,1.6952231753027256,2.3069918435729644,6.4789371243295015,2.974075746145133,4.047354111531517,40.16492735130223,32.79232322242528,36.166095356039804,70.46478482684603,57.530391618289975,63.449290098315444,3.0504404557588507,1.3723516259668471,1.885118879707213,6.1418264209909745,2.7631240791278797,3.7955413685380126,21.124646846094258,15.769335572894608,17.91769284908694,42.5328459988475,31.750340079653572,36.075891642456924,0.7236180904522613,-0.0013819095477386467,-0.0013819095477386467,0.5979899497487438,-0.0020100502512562235,-0.0020100502512562235,0.4824120603015075,-0.0025879396984924696,-0.0025879396984924696,0.4006309148264984,0.11559154474775823,0.18132346466910065,0.33544303797468356,0.40703517587939697,0.09625823352350726,0.17164285534517332,0.3939393939393939,0.4013377926421404,0.12087034689923559,0.18331777039519936,0.3355704697986577,24.0,5.0,5.0,39.0,8.0,8.0,47.0,8.0,8.0,0.0017579084234518026,0.00027220419408274446,0.0005862334720629207,-0.03724117692781004,-0.031049215416735443,-0.03734896034914392,-1.4193427562713623
318,0,3.4750946360433885,1.6339980990478045,2.226069183027761,6.361512038658662,2.991198705907183,4.075044679313114,32.300885219947354,25.99743878493139,28.813942108765083,59.13003578514953,47.59093985219681,52.746833914952475,3.8615371911369976,1.7712929534953545,2.4327452938122303,6.081160930924406,2.7894377220399287,3.8310949508854018,47.53837079432056,39.45148074824247,43.36471685186674,74.86357605404812,62.128316138964514,68.2908926801051,3.496047251997983,1.636296687012023,2.2402348812606334,6.280324404786795,2.9394551263689035,4.024374038192755,32.98481328310253,26.562678616726316,29.47412408570745,59.25415559838778,47.7173867366341,52.94752829767806,0.7889447236180904,-0.001055276381909609,-0.001055276381909609,0.6532663316582914,-0.0017336683417086274,-0.0017336683417086274,0.5326633165829145,-0.0023366834170853723,-0.0023366834170853723,0.4281437125748503,0.12321097714884133,0.19308395161867498,0.3933933933933934,0.4371859296482412,0.09884006498658704,0.17007407655976037,0.43434343434343436,0.43143812709030105,0.12092059787494214,0.19450820495459475,0.3926174496644296,28.0,5.0,5.0,39.0,5.0,5.0,49.0,5.0,5.0,0.0005624766034304219,0.00037378407170959827,0.0006726374202842287,-0.0066405219903451496,-0.010516499325521345,-0.012377701790165396,-1.3110311031341553
287,1,3.499109562877175,1.6330531734596432,2.2250745124517564,6.1990397811466,2.8931250665612196,3.9419529942818152,33.08597785529452,26.62321838340568,29.510728046017977,58.61528175598474,47.16582516072487,52.281351538315796,3.7956186227463,1.7039782650619282,2.3763144564523992,6.0247914646766665,2.7047274048602032,3.771927708654602,44.505760166819144,36.40757196650975,40.37151747308364,70.64406375685579,57.78979677223769,64.08177376679944,3.499109562877175,1.6330531734596432,2.2250745124517564,6.1990397811466,2.8931250665612196,3.9419529942818152,33.08597785529452,26.62321838340568,29.510728046017977,58.61528175598474,47.16582516072487,52.281351538315796,0.7688442211055276,-0.0011557788944723812,-0.0011557788944723812,0.6633165829145728,-0.0016834170854271857,-0.0016834170854271857,0.5276381909547738,-0.002361809045226204,-0.002361809045226204,0.40909090909090906,0.08797398064413764,0.16839323467230438,0.38596491228070173,0.42211055276381915,0.08627095376632543,0.1666848432479594,0.4242424242424242,0.40909090909090906,0.08797398064413764,0.16839323467230438,0.38596491228070173,21.0,3.0,3.0,34.0,5.0,5.0,43.0,5.0,5.0,0.001068954671946404,8.583216866989018e-05,3.856724016516923e-05,-0.00029419353837489837,0.00015400165618917327,5.253467235455389e-06,-1.1659486293792725
287,0,3.3596619797971683,1.572613447545442,2.1407688792430943,6.316969231474915,2.9568899552650825,4.0251582519900095,28.779461195609773,22.807660343112627,25.39602066394355,54.11228033186509,42.883864357708774,47.750601727414825,3.5556486886949394,1.6091680090634075,2.238508343710595,5.734917239830548,2.5954322726829155,3.6104973285654762,35.01052353394444,28.006528680426236,31.27779175882895,56.468586345071685,45.17182045230038,50.448051223917666,3.3494283873899326,1.5861299405643035,2.152005073429052,6.241170908179999,2.9555216283806898,4.009947341793265,28.486445777413504,22.654804713607916,25.17487274141605,53.08033374673324,42.2139218265986,46.90970076040258,0.7537688442211055,-0.0012311557788945438,-0.0012311557788945438,0.6030150753768844,-0.0019849246231156137,-0.0019849246231156137,0.457286432160804,-0.0027135678391959628,-0.0027135678391959628,0.4057507987220448,0.09793580669652646,0.16026727056051449,0.3814102564102564,0.40201005025125625,0.08371431090288528,0.1482537898171995,0.38383838383838387,0.4046822742474916,0.09917309227754167,0.15885357569354275,0.37583892617449666,21.0,11.0,11.0,34.0,15.0,15.0,41.0,16.0,16.0,0.0006293079516019148,-3.73330174185427e-05,0.00011318010310167283,-0.002768389028717344,-0.0034469122987736966,-0.0042775700566881625,-0.9796886444091797
236,1,3.695384701093038,1.676186599950681,2.2996475893634933,6.427887473028031,2.9156203534353398,4.000091229385795,40.26105808218848,32.728775699598195,36.22310818603216,70.03155877676447,56.92963097042786,63.00780085880242,3.755696608193556,1.6596731654423715,2.326075699418163,6.057575174505735,2.6768922023264055,3.7517349990615525,42.76399918929303,34.63023803853127,38.5868838053409,68.97419224079522,55.85522264279237,62.236909363453066,3.695384701093038,1.676186599950681,2.2996475893634933,6.427887473028031,2.9156203534353398,4.000091229385795,40.26105808218848,32.728775699598195,36.22310818603216,70.03155877676447,56.92963097042786,63.00780085880242,0.7537688442211055,-0.0012311557788945438,-0.0012311557788945438,0.6432160804020101,-0.001783919597989958,-0.001783919597989958,0.49246231155778897,-0.002537688442211028,-0.002537688442211028,0.4227642276422764,0.0921354243968403,0.17141287629092505,0.4163265306122449,0.4170854271356784,0.08375209380234505,0.15331247221080369,0.4191919191919192,0.4227642276422764,0.0921354243968403,0.17141287629092505,0.4163265306122449,25.0,4.0,4.0,40.0,9.0,9.0,49.0,10.0,10.0,0.00035461895094956596,3.68905338989995e-05,0.00017299966885118566,-1.699666395538202e-05,-9.033858156382024e-05,-0.00010696492421935488,-0.6670711040496826
236,0,3.2856126718742904,1.447933475962964,2.0160852185979907,6.495982305461384,2.862708170033647,3.9860005466937376,26.725353172224597,20.44341099905706,23.1661828815737,52.838675355772295,40.41865228057846,45.801842491050294,3.3684110449786164,1.4545052448428055,2.0498836342357816,6.296095411174984,2.7187013922295433,3.8315581948332373,29.032359275192764,22.252842684274412,25.294446363188285,54.26609210316404,41.59409847527927,47.27933899661361,3.2856126718742904,1.447933475962964,2.0160852185979907,6.495982305461384,2.862708170033647,3.9860005466937376,26.725353172224597,20.44341099905706,23.1661828815737,52.838675355772295,40.41865228057846,45.801842491050294,0.7386934673366834,-0.0013065326633165952,-0.0013065326633165952,0.5829145728643217,-0.002085427135678275,-0.002085427135678275,0.5025125628140703,-0.0024874371859296973,-0.0024874371859296973,0.44573643410852715,0.1362586778222602,0.19960241348997043,0.4202334630350194,0.44723618090452266,0.12142164456367055,0.19514936955226891,0.4191919191919192,0.44573643410852715,0.1362586778222602,0.19960241348997043,0.4202334630350194,24.0,7.0,7.0,36.0,7.0,7.0,48.0,12.0,12.0,-3.92164093954976e-05,-2.464871474884557e-05,0.00012511719091308946,-0.00010015572628230274,-0.00015629801580718805,0.00010338106235963096,-0.6951525211334229
202,1,3.168078111491323,1.4527376667098368,2.0016223309834835,5.04012426828165,2.31117356067474,3.1843991629282695,23.761772965991714,18.203205390396448,20.551179563945603,37.80282062771409,28.95964493926708,32.69505839718619,3.1439978345554676,1.3507982825237808,1.9051639832267913,4.556518600805026,1.95767867032432,2.761107222067814,23.1964171731707,17.187770451845893,19.744831118722566,33.617995903145946,24.909812249052017,28.615697273510968,3.168078111491323,1.4527376667098368,2.0016223309834835,5.04012426828165,2.31117356067474,3.1843991629282695,23.761772965991714,18.203205390396448,20.551179563945603,37.80282062771409,28.95964493926708,32.69505839718619,0.6984924623115578,-0.0015075376884421399,-0.0015075376884421399,0.5527638190954773,-0.0022361809045226,-0.0022361809045226,0.4522613065326633,-0.0027386934673366836,-0.0027386934673366836,0.4301075268817204,0.11704849289245378,0.17980955310341284,0.42805755395683454,0.4321608040201005,0.11386506467172952,0.18174344174964974,0.4292929292929293,0.4301075268817204,0.11704849289245378,0.17980955310341284,0.42805755395683454,24.0,5.0,5.0,37.0,9.0,9.0,45.0,8.0,8.0,-8.418399671268075e-05,-1.5003984239425958e-05,2.304491358599027e-05,-0.0002456840853515274,0.00018111633153772289,2.978536601450088e-05,-1.2040417194366455
202,0,3.125928895876688,1.3895827131847465,1.930708949065553,5.88536957637473,2.616248832409902,3.6350589178958344,22.781046488433844,17.104482133194082,19.476762031021845,42.891211664430614,32.20361118870334,36.67004161702734,3.8413278080111173,1.6529247349010388,2.3220641826671446,6.29725870165757,2.7097126801656377,3.8066625945363035,46.58729236956012,37.66633674983294,42.01843280583839,76.37261044190183,61.748093032513,68.8826767308826,3.125928895876688,1.3895827131847465,1.930708949065553,5.88536957637473,2.616248832409902,3.6350589178958344,22.781046488433844,17.104482133194082,19.476762031021845,42.891211664430614,32.20361118870334,36.67004161702734,0.8040201005025126,-0.0009798994974873354,-0.0009798994974873354,0.6582914572864322,-0.0017085427135676845,-0.0017085427135676845,0.542713567839196,-0.0022864321608039306,-0.0022864321608039306,0.43014705882352944,0.12372504047490562,0.18809326909247814,0.3394833948339483,0.44723618090452266,0.10137151925038734,0.18346322597964793,0.4242424242424242,0.43014705882352944,0.12372504047490562,0.18809326909247814,0.3394833948339483,27.0,3.0,3.0,39.0,4.0,4.0,48.0,2.0,2.0,0.0016680091981541125,0.0014933374329125202,0.00021922453572043108,-0.013879725008858479,-0.015170012990323833,-0.012241211838153632,-1.4880657196044922
152,1,3.0290871120050817,1.2965090133076398,1.6490400018362668,5.706975718270444,2.442698141014394,3.1068869599813724,20.67834695577627,15.023132123169123,16.703258065583874,38.95920440943355,28.304451826260667,31.469906500375416,2.6420461742123167,1.009859001927318,1.4643916401812813,5.130186746043333,1.960891265878287,2.8434789129733615,14.04190641904939,8.926856430516718,10.7951562955983,27.265837706892018,17.33370180682858,20.96146853514233,3.0929871103835347,1.3534225598436487,1.885628714555644,5.763330019348202,2.5219053910130103,3.5135938780539955,22.042824080133336,16.34796102250283,18.698186316499736,41.073585242484484,30.46203917236553,34.841340962421874,0.507537688442211,-0.0024623115577889765,-0.0024623115577889765,0.457286432160804,-0.0027135678391959628,-0.0027135678391959628,0.3517587939698492,-0.0032412060301507672,-0.0032412060301507672,0.39588688946015427,0.0916506892034149,0.1300022364787271,0.4329896907216495,0.38190954773869346,0.09118273069608696,0.1448477781226667,0.4191919191919192,0.3913043478260869,0.09581186034695499,0.15659911979494123,0.46308724832214765,21.0,2.0,2.0,27.0,0.0,0.0,34.0,2.0,2.0,-0.0005788896598380247,-0.0005138784567694989,-0.00018621629465264067,-0.013874955441337988,-0.010733957759798685,-0.012517757146166097,-0.8357181549072266
152,0,3.177359602124396,1.4559678072478135,1.998312830574191,5.607105180219523,2.5693549539667297,3.526434406895631,23.983344304730622,18.391037910964197,20.73207078585253,42.32354877305404,32.45477278405447,36.58600726915153,3.138427638528335,1.3370671135429095,1.884237706639723,5.274668300047622,2.247171619399848,3.1667860615793666,23.067567773746973,17.009684011231467,19.56256983678215,38.76902146848231,28.587704220557086,32.87826863324731,3.177359602124396,1.4559678072478135,1.998312830574191,5.607105180219523,2.5693549539667297,3.526434406895631,23.983344304730622,18.391037910964197,20.73207078585253,42.32354877305404,32.45477278405447,36.58600726915153,0.7135678391959799,-0.0014321608040201994,-0.0014321608040201994,0.542713567839196,-0.0022864321608039306,-0.0022864321608039306,0.42211055276381915,-0.0028894472361808976,-0.0028894472361808976,0.4013377926421404,0.08748136526317551,0.1599584822973128,0.3791946308724832,0.40201005025125625,0.08371431090288528,0.1499232388990025,0.36363636363636365,0.4013377926421404,0.08748136526317551,0.1599584822973128,0.3791946308724832,21.0,2.0,2.0,31.0,1.0,1.0,40.0,1.0,1.0,8.981159962359504e-05,0.00015381695434826123,3.8430691391230234e-05,0.0005070350734097673,0.00010364583054389698,-4.030577335889518e-05,-1.4119386672973633
386,1,3.178825561004349,1.4159312198383633,1.958092392502746,5.892910542914495,2.6248549513962645,3.6299139673881315,24.01852868441098,18.18924374367089,20.628856660844054,44.52557656700749,33.71924132598638,38.24179860519044,3.3578659505700346,1.4931895521278307,2.086456334521607,5.372585520912056,2.3891032834045296,3.3383301352345716,28.727818831640807,22.273971758569537,25.161943294966427,45.96451013062529,35.63835481371126,40.259109271946286,3.082379792446277,1.3621340123930348,1.8930290089528616,5.67309164253916,2.5069951148338063,3.4841024704653893,21.810244540166963,16.22434334149917,18.525296667589146,40.14155436840545,29.86075461625614,34.09563803850763,0.7386934673366834,-0.0013065326633165952,-0.0013065326633165952,0.5527638190954773,-0.0022361809045226,-0.0022361809045226,0.457286432160804,-0.0027135678391959628,-0.0027135678391959628,0.3987341772151899,0.11595376647269384,0.16189207195203204,0.36190476190476195,0.4120603015075377,0.10629589047996879,0.16665128648249594,0.3787878787878788,0.40802675585284276,0.12255096286452893,0.1677597925602955,0.3557046979865772,26.0,9.0,9.0,34.0,7.0,7.0,43.0,8.0,8.0,0.0015891690499769998,-8.033132485542335e-05,0.00020982044832533486,-0.02280601958494355,-0.017357619444321237,-0.02094636697517771,-1.062622308731079
386,0,2.6476017898255653,1.1846589524649374,1.5672046752163382,5.113093403631383,2.2878334267180005,3.026612203460124,14.120134956222765,9.801485025567722,11.174285797669281,27.269043698525447,18.9287938324456,21.57996992671581,3.280752397661832,1.4438190626945846,2.0111146380423883,5.91126558137267,2.6014757886388913,3.623629978454754,26.595775773303913,20.318517308541587,23.03621286193975,47.9203167086557,36.609941096471324,41.506689841332886,2.849186959473983,1.304984434522997,1.7870080845034397,5.479205691296121,2.509585451005764,3.4365540086604613,17.273731885691625,12.589497308772486,14.381064998422975,33.21871516479158,24.210571747639396,27.65589422773649,0.6733668341708543,-0.001633165829145744,-0.001633165829145744,0.542713567839196,-0.0022864321608039306,-0.0022864321608039306,0.44221105527638194,-0.0027889447236180143,-0.0027889447236180143,0.39560439560439564,0.11165377832044499,0.17566304663078858,0.33884297520661155,0.4120603015075377,0.11130842180828959,0.17666798097331404,0.4040404040404041,0.41137123745819393,0.1242259953880771,0.20113764457721506,0.3657718120805369,22.0,10.0,10.0,34.0,12.0,12.0,42.0,12.0,12.0,0.0010259283229942246,0.0008174540341890326,0.0005015934982871094,-0.01180575993478783,-0.016870739169142723,-0.015727132811477418,-1.9388058185577393
391,1,2.4083986865149605,1.0404639112616858,1.3984578418048053,5.269284398981216,2.2764089210028393,3.0596562478274825,11.116146450204072,7.188914751714455,8.370707847207184,24.320781021355575,15.72847409314496,18.314094138435113,2.2457870999772345,0.9105818124143599,1.2906627022695325,5.046712584218504,2.046251263852494,2.900365623077601,9.447849032390526,5.647072913987419,6.848855160699642,21.231121421102305,12.69005149210656,15.390685754381218,2.136688024303985,0.9127387987063167,1.27164800884572,5.169406510412867,2.2082390291281855,3.0765677633364192,8.471334262551837,5.070743311684595,6.096233137716313,20.495163538431864,12.26792736697886,14.748951139636244,0.4773869346733668,-0.0026130653266331905,-0.0026130653266331905,0.35678391959798994,-0.0032160804020100464,-0.0032160804020100464,0.27135678391959794,-0.0036432160804020786,-0.0036432160804020786,0.3555555555555555,0.101741408537525,0.14050179211469527,0.34261838440111425,0.3316582914572864,0.08604425636956714,0.11129101265928976,0.2828282828282829,0.33444816053511706,0.0907085945918783,0.13422569112466098,0.2919463087248322,17.0,0.0,0.0,26.0,0.0,0.0,33.0,3.0,3.0,0.0010770636443676897,-0.0008190100006431046,0.0004025296045740914,-0.08577543603130877,-0.07810197573263888,-0.09152131987469136,-1.9617371559143066
391,0,3.3645410668175177,1.4917147222681986,2.050817289977461,6.884368644411229,3.052277816333391,4.1962876856461895,28.92022180357007,22.413561303707795,25.20022139974544,59.17522307499722,45.861594667586715,51.5635299410176,3.4477579126405957,1.4742213304204275,2.0744100759773865,6.50520360875584,2.781549680038542,3.91398127542903,31.429844793735302,24.2337637221936,27.481297108566967,59.301593950443966,45.72408249470491,51.85150397842824,3.3645410668175177,1.4917147222681986,2.050817289977461,6.884368644411229,3.052277816333391,4.1962876856461895,28.92022180357007,22.413561303707795,25.20022139974544,59.17522307499722,45.861594667586715,51.5635299410176,0.7085427135678393,-0.0014572864321606982,-0.0014572864321606982,0.5527638190954773,-0.0022361809045226,-0.0022361809045226,0.4623115577889447,-0.002688442211055242,-0.002688442211055242,0.4037735849056604,0.09680559997157379,0.14781373547027776,0.3787878787878788,0.4120603015075377,0.10880215614412914,0.16164293923708695,0.398989898989899,0.4037735849056604,0.09680559997157379,0.14781373547027776,0.3787878787878788,27.0,10.0,10.0,36.0,7.0,7.0,45.0,9.0,9.0,0.0007613779309395295,0.00026160136989296324,-4.15217205552385e-05,-0.0001486651793047855,0.00023534568223659846,7.884916357880911e-05,-1.3290300369262695
329,1,2.7187815702567666,1.226530846190895,1.334641055581876,6.009269545474068,2.710977057235016,2.949930931262745,15.161837352377079,10.71474390864191,11.170443466705684,33.51191153118859,23.682588171904783,24.689811961456954,3.434220318818212,1.5872218537271474,2.1828048352766123,5.324372587315057,2.460809075545965,3.384193543064515,31.007227386696027,24.66646846456688,27.51194040795847,48.07322075456748,38.24258676677035,42.654171175129406,3.0342661800193147,1.424334588264153,1.935493079932258,5.872773251650286,2.7567766224467474,3.7461156385785634,20.785719325483218,15.783250319479453,17.78523685243383,40.23042450093526,30.54822642479894,34.42303906922676,0.6884422110552764,-0.0015577889447235815,-0.0015577889447235815,0.5678391959798995,-0.0021608040201005485,-0.0021608040201005485,0.46733668341708545,-0.002663316582914521,-0.002663316582914521,0.40042372881355937,0.12317505156488207,0.13551659293868157,0.3418259023354565,0.42713567839195976,0.1238775330285512,0.186735010612327,0.3737373737373737,0.4013377926421404,0.1192008978174326,0.18109307629063875,0.3489932885906041,23.0,0.0,0.0,31.0,0.0,0.0,44.0,0.0,0.0,5.09445756786644e-05,0.0013770318936027139,0.00044115358390718504,-0.04448705134602271,-0.05939372286487021,-0.05316414003209413,-1.3387422561645508
329,0,3.6652940477643696,1.6894824889406226,2.287386415257145,6.775971233038078,3.12331960126523,4.228655149258275,39.06762222126513,31.85515159779333,35.101028853725076,72.22369634325987,58.89011578276266,64.89071781511016,3.835314975911049,1.7215920641575977,2.376130007897254,6.5560939759163235,2.9428924173634146,4.061760697260263,46.30801127912827,38.02900528846834,42.0055598157432,79.15899363953551,65.00684664695443,71.80437575340719,3.6652940477643696,1.6894824889406226,2.287386415257145,6.775971233038078,3.12331960126523,4.228655149258275,39.06762222126513,31.85515159779333,35.101028853725076,72.22369634325987,58.89011578276266,64.89071781511016,0.7688442211055276,-0.0011557788944723812,-0.0011557788944723812,0.6281407035175879,-0.0018592964824121205,-0.0018592964824121205,0.4974874371859297,-0.002512562814070307,-0.002512562814070307,0.4107142857142857,0.09698879551820727,0.1660587037665422,0.4014336917562724,0.4170854271356784,0.09377715645898665,0.15832081945621268,0.4242424242424242,0.4107142857142857,0.09698879551820727,0.1660587037665422,0.4014336917562724,22.0,3.0,3.0,34.0,5.0,5.0,43.0,6.0,6.0,0.0008190893165863866,0.00036426872064871773,-3.391403194088e-06,-0.0002526140072118821,0.00017724280649034085,2.6280809047207754e-05,-1.2228853702545166
326,1,3.4360524342543837,1.5049278216462036,2.0775746605305514,5.631872924783813,2.4666568437633045,3.405255508680254,31.064088278577778,24.166825648514774,27.173821352816553,50.91569498914819,39.61071422863073,44.539340323847256,3.813072381906174,1.67102753114803,2.3275234269329372,6.1009158110498785,2.6736440498368483,3.7240374830926997,45.289371575630256,36.7725360833101,40.87198188028156,72.46299452100841,58.83605773329616,65.39517100845049,3.4360524342543837,1.5049278216462036,2.0775746605305514,5.631872924783813,2.4666568437633045,3.405255508680254,31.064088278577778,24.166825648514774,27.173821352816553,50.91569498914819,39.61071422863073,44.539340323847256,0.7386934673366834,-0.0013065326633165952,-0.0013065326633165952,0.6482412060301508,-0.0017587939698492372,-0.0017587939698492372,0.5376884422110553,-0.0023115577889447625,-0.0023115577889447625,0.41666666666666663,0.08755274261603374,0.15763052208835338,0.38909090909090904,0.44723618090452266,0.09886525358622689,0.18680212414325392,0.4292929292929293,0.41666666666666663,0.08755274261603374,0.15763052208835338,0.38909090909090904,27.0,4.0,4.0,37.0,3.0,3.0,45.0,1.0,1.0,0.0008169415862900437,0.0005896319993695628,-5.8460004000670576e-05,-0.00022489431977135155,0.00019273690668875076,4.029903692170933e-05,-1.2322869300842285
326,0,3.232225411317565,1.4541863858684432,2.016917788695082,5.866710506843526,2.6394478921584756,3.6608439315355943,25.335977250340164,19.417737735327442,21.964646247835308,45.986534050274955,35.24452397165597,39.86733736764628,3.5145666784976597,1.5835680418312639,2.192025769595025,6.220471997340991,2.8027752952765734,3.8796916276018143,33.60136457506619,26.704970779431477,29.848419410687768,59.47144172578088,47.26543500784333,52.82906090387216,3.232225411317565,1.4541863858684432,2.016917788695082,5.866710506843526,2.6394478921584756,3.6608439315355943,25.335977250340164,19.417737735327442,21.964646247835308,45.986534050274955,35.24452397165597,39.86733736764628,0.7487437185929648,-0.0012562814070351536,-0.0012562814070351536,0.5979899497487438,-0.0020100502512562235,-0.0020100502512562235,0.48743718592964824,-0.002562814070351749,-0.002562814070351749,0.428030303030303,0.1293535544480724,0.19125448439050452,0.37262357414448666,0.4371859296482412,0.1213964559640307,0.18342966921418447,0.3939393939393939,0.428030303030303,0.1293535544480724,0.19125448439050452,0.37262357414448666,22.0,1.0,1.0,32.0,0.0,0.0,42.0,0.0,0.0,0.0005535557148926451,0.0008356931866603068,0.0004420900023548282,-0.0038391065054135254,-0.004338818401871336,-0.0032324946610033933,-1.3382854461669922
456,1,3.3267209126732564,1.5118299308709824,2.075251274316982,5.15828635897651,2.3441857355078155,3.2178053466937477,27.84687947929019,21.706472754410296,24.351403208808584,43.17830750721401,33.6572274169508,37.75835553725376,3.655616894439237,1.6473472271125802,2.288732348230975,5.37590719770476,2.422569451636147,3.365782865045551,38.69138225306134,31.24096776126418,34.768272882294916,56.899091548619616,45.942599648917906,51.1298130621984,3.3267209126732564,1.5118299308709824,2.075251274316982,5.15828635897651,2.3441857355078155,3.2178053466937477,27.84687947929019,21.706472754410296,24.351403208808584,43.17830750721401,33.6572274169508,37.75835553725376,0.7638190954773869,-0.001180904522613102,-0.001180904522613102,0.6231155778894473,-0.0018844221105527303,-0.0018844221105527303,0.5025125628140703,-0.0024874371859296973,-0.0024874371859296973,0.4436363636363636,0.1278468899521531,0.19575244586127294,0.4124087591240876,0.44221105527638194,0.11138398760720902,0.1801075494333102,0.4494949494949495,0.4436363636363636,0.1278468899521531,0.19575244586127294,0.4124087591240876,26.0,5.0,5.0,39.0,5.0,5.0,46.0,3.0,3.0,0.0007364393037758389,0.00040224003250085823,0.00014510549630297742,-0.008598762540553473,-0.0076306991612682395,-0.007463467249724687,-1.5385382175445557
456,0,3.6997224303911316,1.6820198091359142,2.316230306415174,6.740590181397541,3.0645018440421445,4.21998124319477,40.43607897560124,32.91505255119105,36.447272233770455,73.67121238020499,59.968520401485065,66.40393434371876,3.821462310139258,1.7037978229984403,2.373312328139025,6.213759853884973,2.7704029642251062,3.859044435998415,45.67094459974567,37.35924188687473,41.4157096322651,74.26169853617182,60.74673477540606,67.34261728823593,3.6997224303911316,1.6820198091359142,2.316230306415174,6.740590181397541,3.0645018440421445,4.21998124319477,40.43607897560124,32.91505255119105,36.447272233770455,73.67121238020499,59.968520401485065,66.40393434371876,0.8140703517587939,-0.0009296482412060048,-0.0009296482412060048,0.6381909547738693,-0.0018090452261306789,-0.0018090452261306789,0.5025125628140703,-0.0024874371859296973,-0.0024874371859296973,0.4,0.06666666666666665,0.12898368883312428,0.3939393939393939,0.42211055276381915,0.09378975075880658,0.1449820051845203,0.41414141414141414,0.4,0.06666666666666665,0.12898368883312428,0.3939393939393939,21.0,0.0,0.0,32.0,2.0,2.0,39.0,0.0,0.0,4.289233784112937e-05,0.00039393865030573936,0.0001971891612241954,-0.0001486651793047855,0.00023534568223659846,7.884916357880911e-05,-0.7227723598480225
204,1,3.611866073405489,1.6020684825848925,2.0928436993129464,5.9461725313269405,2.6374664538624653,3.4454239067291748,37.035098585087866,29.573291728834786,32.46734113150542,60.97044614226255,48.686161492448534,53.45060090208534,3.7469203028846625,1.718680083789963,2.3716635929436203,5.634466620879191,2.584481329007463,3.566411417960331,42.390331385973056,34.789632368130235,38.434239225209204,63.74485922702715,52.315236643804866,57.7958484589612,3.592766053700527,1.676876879108609,2.286405523324623,5.92214184675911,2.7640827677614435,3.7688003131724552,36.334440068590474,29.54146381427693,32.64173034727285,59.891934178995285,48.694720572983954,53.80505002297722,0.7185929648241206,-0.0014070351758793676,-0.0014070351758793676,0.5979899497487438,-0.0020100502512562235,-0.0020100502512562235,0.5175879396984925,-0.002412060301507535,-0.002412060301507535,0.44680851063829785,0.11347517730496448,0.16919365237827833,0.42933333333333334,0.4623115577889447,0.15153461543305502,0.22524978817291796,0.43939393939393945,0.45150501672240806,0.12930134393442805,0.20567631816845922,0.4261744966442953,23.0,0.0,0.0,35.0,0.0,0.0,46.0,0.0,0.0,0.0002245392057800883,0.00013520924917932408,0.00010890106078628431,0.00020296772858241496,-0.0001946155982874842,7.895038270167021e-05,-1.0883421897888184
204,0,3.805426537781431,1.7526187098168755,2.39337586633195,5.947278632816881,2.7390653060526033,3.740467200934086,44.94441651683397,37.15467383122616,40.84005303580214,70.24100067658205,58.066867299074765,63.826530973985854,3.823674897452695,1.7116323882279154,2.3618934989708578,5.66470355178177,2.5357516862635783,3.4991014799568263,45.77210742688312,37.50700181643681,41.458470432488376,67.81052952130831,55.565928616943424,61.41995619627907,3.805426537781431,1.7526187098168755,2.39337586633195,5.947278632816881,2.7390653060526033,3.740467200934086,44.94441651683397,37.15467383122616,40.84005303580214,70.24100067658205,58.066867299074765,63.826530973985854,0.7236180904522613,-0.0013819095477386467,-0.0013819095477386467,0.6130653266331658,-0.001934673366834172,-0.001934673366834172,0.5226130653266332,-0.002386934673366814,-0.002386934673366814,0.42105263157894735,0.09530832334777395,0.17134434686482836,0.4014084507042254,0.4170854271356784,0.10129595345146791,0.16666806486522767,0.38888888888888884,0.42105263157894735,0.09530832334777395,0.17134434686482836,0.4014084507042254,22.0,0.0,0.0,34.0,0.0,0.0,42.0,0.0,0.0,0.0007018093019469331,0.0007105940061541396,-0.0001470740324244983,-0.0002872636165145437,0.00015787518124010802,8.758024202748516e-06,-1.4734230041503906
446,1,3.2494076882538043,1.459305674006677,1.8841016181302046,5.2681886349987215,2.3659381353044426,3.054649857479183,25.775068519082446,19.785005012048373,21.85814679782215,41.78851534370388,32.07696557272523,35.43810182966059,3.218406571814762,1.416716814673209,1.967572177835847,4.768009736021869,2.098839725441791,2.9149217449419953,24.9882714257139,18.928392884711098,21.495014931754387,37.019661371428,28.04206353290533,31.84446656556205,3.276288483852527,1.4999707916913236,2.054631458582139,5.119200756019573,2.343704362017693,3.2103616540345925,26.477319109431537,20.56925809429332,23.084514067414364,41.37081110848678,32.13946577233332,36.06955323033495,0.6532663316582914,-0.0017336683417086274,-0.0017336683417086274,0.542713567839196,-0.0022864321608039306,-0.0022864321608039306,0.42713567839195976,-0.002864321608040288,-0.002864321608040288,0.42105263157894735,0.1122484265855177,0.1678757009826619,0.4142480211081794,0.42211055276381915,0.12637120439289184,0.1900571303932015,0.41414141414141414,0.4280936454849499,0.12258446351499996,0.19005137629696323,0.42281879194630867,22.0,7.0,7.0,34.0,12.0,12.0,42.0,8.0,8.0,-0.0003295735573216873,0.0001244925072610084,-0.00027546495592827,-0.002150592497924819,-0.0037064384771072767,-0.0027230620653933,-1.7789740562438965
446,0,3.2122420199866433,1.4345360391944533,1.7433345372903413,6.440077447837299,2.876035845569462,3.495131863596655,24.834703755664616,18.9184349505154,20.49021763458572,49.78996432567712,37.928706963897376,41.07990234506748,3.770564946696986,1.6667908640064337,2.322248742766047,6.3907880452491295,2.8250692610278545,3.9360148182475374,43.40457918419372,35.207531239639366,39.14863684455249,73.56708336304021,59.673781762100624,66.35362177042796,3.8772256597627366,1.7963996582690567,2.449077691646596,6.426340872534922,2.977457997131033,4.059244792784414,48.290056010506625,40.278972661540564,44.11908874062675,80.03876686824302,66.76072816829927,73.12556144855262,0.7135678391959799,-0.0014321608040201994,-0.0014321608040201994,0.5778894472361809,-0.002110552763819218,-0.002110552763819218,0.46733668341708545,-0.002663316582914521,-0.002663316582914521,0.37378640776699024,0.09984701382759631,0.1235420284903529,0.33819951338199516,0.3919597989949749,0.08368912230324554,0.14822023305173615,0.3939393939393939,0.4180602006688964,0.11755936594435545,0.18669201379459155,0.41946308724832215,26.0,0.0,0.0,36.0,0.0,0.0,46.0,0.0,0.0,0.0011883624110905423,0.001740548758822259,0.0005828894066265512,-0.029250196621116942,-0.03449043292562326,-0.0341148198407879,-1.5322527885437012
463,1,3.018788343045249,1.3389617444516062,1.8527831737056784,5.139582685311215,2.2796247421359626,3.154421985612832,20.46647830380015,15.101852646968224,17.25733130509055,34.8448269855838,25.711382038192735,29.38115266499593,3.272724775213692,1.4352240772268694,1.9751802753451495,5.073991899556112,2.2251536081036734,3.0622950005351157,26.38312959027366,20.10230863067576,22.722831828175707,40.90407688414521,31.166369970039945,35.22919663283055,3.018788343045249,1.3389617444516062,1.8527831737056784,5.139582685311215,2.2796247421359626,3.154421985612832,20.46647830380015,15.101852646968224,17.25733130509055,34.8448269855838,25.711382038192735,29.38115266499593,0.7688442211055276,-0.0011557788944723812,-0.0011557788944723812,0.5829145728643217,-0.002085427135678275,-0.002085427135678275,0.49246231155778897,-0.002537688442211028,-0.002537688442211028,0.4328358208955224,0.10881347452680734,0.16856783082108073,0.37453183520599254,0.457286432160804,0.1264593644916311,0.17348008825429317,0.4191919191919192,0.4328358208955224,0.10881347452680734,0.16856783082108073,0.37453183520599254,23.0,12.0,12.0,33.0,12.0,12.0,45.0,18.0,18.0,0.0006571746076809603,0.0008312102607995353,0.00019611769689661043,-0.0048449839864490585,-0.005020768061346104,-0.004119864993095135,-1.379922866821289
463,0,3.136764856368776,1.4427727175152345,1.9766736475613838,5.935435297081037,2.7300369984120603,3.7402926504754324,23.029243305039888,17.588084037294898,19.839019065644923,43.5762927209138,33.28044644182748,37.53970074696883,3.632455844974997,1.6735321236017662,2.3065755336076883,6.004059247892557,2.7661687993417625,3.8125215431532036,37.805547267809,30.71385694626789,34.0400485600981,62.48850788067603,50.76670569631056,56.264543074542324,3.210958067788727,1.4762749655089746,2.0145898798907336,5.909738775071276,2.7170704886668244,3.7078341347682215,24.80283764485213,19.13570602672582,21.49475689315003,45.64939443837815,35.21909084673464,39.56090225733134,0.8040201005025126,-0.0009798994974873354,-0.0009798994974873354,0.6432160804020101,-0.001783919597989958,-0.001783919597989958,0.48743718592964824,-0.002562814070351749,-0.002562814070351749,0.3904761904761904,0.08619726813070705,0.1518278272238145,0.3439490445859873,0.4371859296482412,0.1013463306507475,0.18009077105057847,0.4191919191919192,0.4013377926421404,0.09248971250858451,0.1621831764018734,0.3523489932885906,27.0,9.0,9.0,41.0,12.0,12.0,51.0,12.0,12.0,0.0012803130852396586,0.0004005409556517498,0.0005529204885398427,0.00044385224850973515,4.166942974936916e-05,-9.637868485956602e-05,-1.3129899501800537
28,1,2.959234423393188,1.2704101657414906,1.6919364735509606,5.824524896837386,2.5004898500308705,3.3301606781003033,19.28320333366829,13.87009079711158,15.73195938621488,37.95424148214076,27.299861251457713,30.9644914903277,3.406566026821807,1.4423085044873762,2.030665626718972,5.200864163086728,2.20199771677462,3.100252865219805,30.161492464776707,23.031875421706253,26.202852986656218,46.04808009889573,35.163168582757635,40.00435570481865,3.125376545864603,1.3547325585433065,1.8991773545399002,5.614448884786713,2.4336513027724074,3.4116958464788634,22.768466851631747,16.893831517478674,19.36021607373063,40.90143745802111,30.34820033080001,34.77883127017479,0.6582914572864322,-0.0017085427135676845,-0.0017085427135676845,0.5276381909547738,-0.002361809045226204,-0.002361809045226204,0.4371859296482412,-0.002814070351758735,-0.002814070351758735,0.3800539083557951,0.07184394873264577,0.11123670405471986,0.327027027027027,0.38190954773869346,0.07614513671112455,0.1298227363864397,0.3535353535353535,0.38795986622073575,0.08578958241439183,0.14435586177134752,0.3355704697986577,21.0,5.0,5.0,30.0,4.0,4.0,38.0,1.0,1.0,0.0015946366496820436,0.0006454855934503699,0.0006198896830834812,-0.02505267439284875,-0.02054521103781415,-0.02322382252703914,-0.9700498580932617
28,0,3.8953871618617666,1.7679216638425101,2.430763421764029,6.451734986833551,2.9281202557391572,4.025951917296673,49.17508839640266,40.781522077091736,44.84917313080851,81.4462401565419,67.5443959401832,74.28144299790159,3.9964815887374496,1.7642880431473813,2.45902958235762,6.1014986087594645,2.6935695315227193,3.7542436371872054,54.40638883235859,45.08610068246552,49.75366877858073,83.06318905703601,68.83374149994737,75.95979966195532,3.8953871618617666,1.7679216638425101,2.430763421764029,6.451734986833551,2.9281202557391572,4.025951917296673,49.17508839640266,40.781522077091736,44.84917313080851,81.4462401565419,67.5443959401832,74.28144299790159,0.7989949748743719,-0.0010050251256281673,-0.0010050251256281673,0.6834170854271358,-0.0015829145728643024,-0.0015829145728643024,0.542713567839196,-0.0022864321608039306,-0.0022864321608039306,0.4242424242424242,0.08775849229535426,0.1547210136630791,0.42585551330798477,0.42211055276381915,0.07875215677384417,0.1483209033481263,0.43434343434343436,0.4242424242424242,0.08775849229535426,0.1547210136630791,0.42585551330798477,27.0,5.0,5.0,36.0,4.0,4.0,47.0,7.0,7.0,0.00010425460910500687,3.537599259900573e-05,-0.00015702610179691478,-0.000141735257445319,-0.00018927773293242467,8.23537205478786e-05,-0.5328779220581055
117,1,3.3228724106034235,1.5178475477810174,2.0771284967777075,6.2026951664597245,2.8333154225245663,3.877306527318388,27.7399166613075,21.65979404565759,24.264397336544732,51.781177767774004,40.43161555189417,45.2935416948835,3.3314876047211075,1.472135334257752,2.032958452639024,5.694850606360868,2.516470656850858,3.475142654083802,27.979933840914168,21.56035656626763,24.3160301835375,47.82894673660542,36.855310369688254,41.56586356160256,3.273518219041984,1.485880297914053,2.044294921553679,5.9881430836133855,2.718073715696439,3.7395638808908767,26.404071428605604,20.428749825671435,22.985498138199894,48.300130662083426,37.36966431525263,42.04664293573151,0.6884422110552764,-0.0015577889447235815,-0.0015577889447235815,0.5678391959798995,-0.0021608040201005485,-0.0021608040201005485,0.46733668341708545,-0.002663316582914521,-0.002663316582914521,0.435820895522388,0.13030673754921362,0.19252397397323207,0.3802395209580839,0.4321608040201005,0.11887759600005032,0.19176013624046773,0.33838383838383834,0.42140468227424754,0.11923439846790362,0.1833624130862609,0.3557046979865772,22.0,0.0,0.0,34.0,0.0,0.0,44.0,-1.0,-1.0,0.0012655412371719366,9.498885040622857e-06,0.0003795049185886377,-0.0019728908028948666,-0.0035321298498676157,-0.004007992492741863,-1.4187943935394287
117,0,3.799091562092733,1.7600075551959522,2.4098334063954625,6.1624799175806535,2.8548959761608756,3.908973955722872,44.6605946822603,36.977026802974606,40.64872191842519,72.44363904855014,59.98017719784835,65.93600822814318,3.9306342997143617,1.7806360361067153,2.464698510230347,5.95550651471873,2.6979333880404774,3.7343916821671925,50.93927819361976,42.354434703111394,46.607683388452855,77.1807245357875,64.17338591380515,70.61770210371644,3.799091562092733,1.7600075551959522,2.4098334063954625,6.1624799175806535,2.8548959761608756,3.908973955722872,44.6605946822603,36.977026802974606,40.64872191842519,72.44363904855014,59.98017719784835,65.93600822814318,0.7738693467336684,-0.0011306532663316604,-0.0011306532663316604,0.6281407035175879,-0.0018592964824121205,-0.0018592964824121205,0.5226130653266332,-0.002386934673366814,-0.002386934673366814,0.42086330935251803,0.10668018547460056,0.17325565385012565,0.4151624548736462,0.4170854271356784,0.09878968778730746,0.16499861578342467,0.4191919191919192,0.42086330935251803,0.10668018547460056,0.17325565385012565,0.4151624548736462,28.0,7.0,7.0,37.0,5.0,5.0,49.0,10.0,10.0,0.00028109033988471603,0.0001591294379424259,0.00011868956463792694,-0.00023875416349117273,0.00018498985658865763,3.328992298534672e-05,-1.2114217281341553
206,1,2.9799934930661145,1.307093190771522,1.8077425274960641,4.9090714064519085,2.1532308118506718,2.9779719897398933,19.687688537857934,14.360091484287077,16.45843513603482,32.432375803910894,23.655996116627502,27.112687832791657,2.7669303387102455,1.1949434067124227,1.646509660960343,4.139993514310818,1.787922841622347,2.4635746054970546,15.90972151953357,11.093513348292491,12.843577729039243,23.804771296144214,16.59856508503914,19.217082466757965,2.905336907476087,1.2764472990133027,1.7597717506667394,4.842228179126812,2.127412165022171,2.9329529177778992,18.27139838607787,13.173187821539308,15.127180555161985,30.452330643463117,21.955313035898847,25.21196759193664,0.6212121212121212,-0.0037878787878787845,-0.0037878787878787845,0.4949494949494949,-5.0505050505078586e-05,-5.0505050505078586e-05,0.3737373737373737,-0.0012626262626262985,-0.0012626262626262985,0.3941176470588236,0.09602660447438893,0.14362841026821693,0.39233038348082594,0.38888888888888884,0.10173523649594174,0.1489560029828486,0.36040609137055835,0.3946488294314381,0.09080909654329117,0.14659543677292863,0.3825503355704698,21.0,0.0,0.0,30.0,0.0,0.0,37.0,0.0,0.0,0.000168221487470506,-0.00011600916783612848,-0.0001869002948245178,-0.021577126211985487,-0.022527390077438092,-0.020773142924873866,-1.6744496822357178
206,0,3.7916912490308885,1.7532188290437496,2.4041035147596785,6.148688511941981,2.8430575606114856,3.8985462401508304,44.33131219956379,36.652442053130024,40.326135359887445,71.888614377671,59.43639251858922,65.39373301603369,4.128163022611608,1.9208265726299762,2.6297451621330974,5.98284496030668,2.783806626999966,3.8112248726566635,62.063808341326244,52.97233980782317,57.58920432214175,89.94754832076268,76.77150696785966,83.46261495962572,3.7916912490308885,1.7532188290437496,2.4041035147596785,6.148688511941981,2.8430575606114856,3.8985462401508304,44.33131219956379,36.652442053130024,40.326135359887445,71.888614377671,59.43639251858922,65.39373301603369,0.8241206030150754,-0.0008793969849245631,-0.0008793969849245631,0.6633165829145728,-0.0016834170854271857,-0.0016834170854271857,0.6130653266331658,-0.001934673366834172,-0.001934673366834172,0.4581939799331104,0.14767645071775148,0.2112529343268813,0.4429530201342282,0.457286432160804,0.12144683316331029,0.19852182448133826,0.4747474747474747,0.4581939799331104,0.14767645071775148,0.2112529343268813,0.4429530201342282,22.0,2.0,2.0,37.0,2.0,2.0,41.0,1.0,1.0,0.0007583090898850552,-0.00018087950838399885,0.00015418270508125707,0.0005070350734097673,0.00010364583054389698,-4.030577335889518e-05,-1.4505491256713867
24,1,3.1189068776458058,1.443398676079374,1.9622242947167117,5.574216547281866,2.5796912508652645,3.5069540586426338,22.62163790468328,17.28012888201349,19.44226943405027,40.4301613615616,30.883634597641127,34.747885797026015,3.700599663820698,1.6563828436487968,2.3057826190021573,6.380344247966721,2.85583248904965,3.975487274141651,40.4715664189493,32.74845883229372,36.437329998295795,69.7785627912919,56.46286005567883,62.82298275568241,3.364859094986549,1.5630780155796196,2.1456919326196333,5.735555275545254,2.66433752655617,3.6574294306016473,28.929420711436613,22.86898874332782,25.545052780848128,49.31151257631241,38.9812308124906,43.5427036037184,0.7336683417085428,-0.001331658291457205,-0.001331658291457205,0.5979899497487438,-0.0020100502512562235,-0.0020100502512562235,0.4522613065326633,-0.0027386934673366836,-0.0027386934673366836,0.3791044776119403,0.08998376226171678,0.15964072388800787,0.3293413173652695,0.3869346733668342,0.07365146534678402,0.13317841293277743,0.3737373737373737,0.38795986622073575,0.08245068425078583,0.15659167934643092,0.3557046979865772,23.0,9.0,9.0,38.0,14.0,14.0,44.0,12.0,12.0,0.0015180719441011392,0.0004797716217089562,0.0010341077114284303,-0.02763670310017119,-0.030110475393226643,-0.03386017943363129,-1.713289737701416
24,0,3.4131116333292493,1.5229437083843345,2.1075528137004227,5.84794286220107,2.6093748888878086,3.61102998016187,30.359565272255743,23.739084940757223,26.669814849598257,52.017344319979586,40.67397356091524,45.69541525185943,3.484352702471479,1.4987903761549324,2.111760805347636,5.807254504119132,2.4979839602582206,3.5196013422460597,32.60131752624458,25.318175789814173,28.65575357649066,54.335529210407636,42.19695964969029,47.759589294151105,3.4131116333292493,1.5229437083843345,2.1075528137004227,5.84794286220107,2.6093748888878086,3.61102998016187,30.359565272255743,23.739084940757223,26.669814849598257,52.017344319979586,40.67397356091524,45.69541525185943,0.7386934673366834,-0.0013065326633165952,-0.0013065326633165952,0.592964824120603,-0.0020351758793969443,-0.0020351758793969443,0.457286432160804,-0.0027135678391959628,-0.0027135678391959628,0.42164179104477617,0.10134383946190839,0.16481796970482576,0.41947565543071164,0.40703517587939697,0.0837269052027052,0.14660111911812823,0.4292929292929293,0.42164179104477617,0.10134383946190839,0.16481796970482576,0.41947565543071164,20.0,2.0,2.0,30.0,1.0,1.0,41.0,3.0,3.0,9.587226501930073e-05,2.2797219277720166e-05,-0.0001237552121431784,-0.00016945494488584956,0.00022372510708557058,6.833549267337702e-05,-1.1666431427001953
403,1,3.5059423729626817,1.5386395218750226,1.9480868116307621,6.473763358447371,2.8411157682994608,3.5971649498484313,33.3128221679652,26.16146000339751,28.564194988938574,61.51251349154505,48.3074400992968,52.74411818887728,3.643757925560726,1.6009058706994712,2.2416191687705016,6.8107624776836,2.9923474218681703,4.189942371533647,38.23525231606512,30.522677769535413,34.17136998132863,71.46776133843947,57.05173414866432,63.87171959126846,3.6107831240497705,1.6462230026026738,2.2767906900244292,6.686635414906982,3.0485611159308776,4.216279055600795,36.995013158097464,29.86323837278715,33.19884403008789,68.50928362610641,55.30229328293916,61.479340796459056,0.6934673366834171,-0.0015326633165829717,-0.0015326633165829717,0.592964824120603,-0.0020351758793969443,-0.0020351758793969443,0.5175879396984925,-0.002412060301507535,-0.002412060301507535,0.4545454545454546,0.1279376361343575,0.18084066471163251,0.3949367088607595,0.44723618090452266,0.1289404415561517,0.2068355131248899,0.36363636363636365,0.4548494983277592,0.13431527462158221,0.20790845272153013,0.3993288590604027,25.0,0.0,0.0,31.0,-1.0,-1.0,46.0,0.0,0.0,0.0008104493898690527,0.0004565222249545135,0.00026994322388361556,0.00012398919745848502,-0.0002720860992821983,2.955642644586476e-05,-0.8465700149536133
403,0,3.9246705821004966,1.8251317729512362,2.50934947478683,7.266772874670451,3.3793455483550234,4.64621738690999,50.63639477629792,42.4739901582531,46.51858626416584,93.75644970298913,78.64324740239051,86.13206987974458,3.867472575537523,1.7609324782076738,2.446782832506676,7.161986250995413,3.260986070754951,4.531079319456806,47.8213683174973,39.60161583225906,43.68139334292006,88.55808947684685,73.33632561529454,80.89146915355566,3.9246705821004966,1.8251317729512362,2.50934947478683,7.266772874670451,3.3793455483550234,4.64621738690999,50.63639477629792,42.4739901582531,46.51858626416584,93.75644970298913,78.64324740239051,86.13206987974458,0.7587939698492463,-0.001206030150753712,-0.001206030150753712,0.6331658291457287,-0.0018341708542712887,-0.0018341708542712887,0.5276381909547738,-0.002361809045226204,-0.002361809045226204,0.43644067796610164,0.11297344752212701,0.18573645261398897,0.4340425531914893,0.44723618090452266,0.12142164456367055,0.1984882677158749,0.43434343434343436,0.43644067796610164,0.11297344752212701,0.18573645261398897,0.4340425531914893,26.0,6.0,6.0,37.0,4.0,4.0,47.0,6.0,6.0,0.00023150723691895935,-0.00014606485717107154,2.958253555253781e-06,5.230255464905298e-05,-3.5372386360421615e-05,-6.165916468603427e-05,-0.6514692306518555
97,1,3.1328214443584352,1.4238515542009857,1.9721883313557664,5.650610457922577,2.5681739689269314,3.5571985853901555,22.938608333371196,17.415339360928193,19.74665482957153,41.37393159516032,31.411716393330614,35.61666576622105,3.56480976085567,1.604857319183634,2.233615587143107,5.892247538604413,2.6526567259233618,3.6919265903191842,35.33273109634629,28.233741655286067,31.547169789104462,58.40120842371288,46.66734157898523,52.14408229604043,3.1328214443584352,1.4238515542009857,1.9721883313557664,5.650610457922577,2.5681739689269314,3.5571985853901555,22.938608333371196,17.415339360928193,19.74665482957153,41.37393159516032,31.411716393330614,35.61666576622105,0.7738693467336684,-0.0011306532663316604,-0.0011306532663316604,0.5728643216080402,-0.0021356783919597166,-0.0021356783919597166,0.4824120603015075,-0.0025879396984924696,-0.0025879396984924696,0.42320819112627983,0.1233785488775575,0.18370762358938997,0.40068493150684936,0.4723618090452262,0.16659739801765727,0.22027499769297243,0.45959595959595956,0.42320819112627983,0.1233785488775575,0.18370762358938997,0.40068493150684936,26.0,12.0,12.0,40.0,14.0,14.0,49.0,15.0,15.0,0.001214411918171754,9.155042707373295e-05,0.0002195160878918661,-0.0003427029913991575,0.00012688698084151184,-1.9278431547142816e-05,-1.2407965660095215
97,0,4.006238964887766,1.8820493739792958,2.5278801301830782,6.083548057792533,2.8579268271537455,3.8386327902780075,54.93985079528446,46.57373603064241,50.55410875156486,83.4271808372838,70.72308063912365,76.76735032645034,4.5076455351096305,2.059227083678528,2.829449529797878,6.580504430816978,3.0061709250781425,4.130583255179383,90.70799809618337,79.13796442482514,85.35211283395637,132.42043517691002,115.52987507273743,124.60162457511876,4.006238964887766,1.8820493739792958,2.5278801301830782,6.083548057792533,2.8579268271537455,3.8386327902780075,54.93985079528446,46.57373603064241,50.55410875156486,83.4271808372838,70.72308063912365,76.76735032645034,0.7989949748743719,-0.0010050251256281673,-0.0010050251256281673,0.6984924623115578,-0.0015075376884421399,-0.0015075376884421399,0.6180904522613065,-0.0019095477386934512,-0.0019095477386934512,0.465034965034965,0.14566323728627395,0.21852333712798822,0.4245614035087719,0.4623115577889447,0.11895316179896975,0.19853860286407,0.4747474747474747,0.465034965034965,0.14566323728627395,0.21852333712798822,0.4245614035087719,29.0,5.0,5.0,41.0,5.0,5.0,50.0,7.0,7.0,0.0018711262449902255,0.0005559840522501188,0.00016112009223047432,-0.00029419353837489837,0.00015400165618917327,5.253467235455389e-06,-1.352708339691162
141,1,3.66691238301933,1.6874697009824193,2.305395512699816,6.118273699844408,2.8155571806447,3.846571518427318,39.130897918469095,31.892190319474704,35.228790112061105,65.29022746617495,53.212383847963316,58.77952825327322,3.771928405042869,1.7493315071073603,2.3840116972095267,5.802966776989029,2.6912792417036315,3.6677103033992715,43.463799883235765,35.90587324832362,39.4573052295164,66.86738443574733,55.23980499742096,60.7035465069483,3.672335710812572,1.690263723037957,2.3133795006050835,6.154752587954031,2.832844228555235,3.877172347382821,39.34369411491627,32.08592869706132,35.45156549821168,65.93915214790435,53.77529949228154,59.416031561248616,0.7487437185929648,-0.0012562814070351536,-0.0012562814070351536,0.6633165829145728,-0.0016834170854271857,-0.0016834170854271857,0.5628140703517588,-0.0021859296482411583,-0.0021859296482411583,0.4584717607973422,0.14172217539104037,0.21427286576971794,0.42333333333333334,0.4623115577889447,0.12396569312729055,0.20521639919128198,0.4242424242424242,0.4581939799331104,0.13765975622693338,0.2112529343268813,0.42281879194630867,26.0,0.0,0.0,41.0,4.0,4.0,50.0,2.0,2.0,0.0009340775326921749,0.0003116301245424815,0.00017639661555028674,0.0004991372202978184,9.589878044646838e-05,-4.7314887297922326e-05,-1.6211583614349365
141,0,3.4635519944131374,1.5545602832316308,2.158922751992941,5.633752294709977,2.5286202075349946,3.511665489001176,31.93019118740063,25.18390802119713,28.24386907895333,51.93708313393647,40.96369849017508,45.94097691956333,3.596758808921929,1.5729588125936944,2.1999507335345188,6.044972788104082,2.6436282564599902,3.697396190814317,36.47980460327562,28.912779566938063,32.437527893011456,61.3105959718918,48.59290683519003,54.516853601699935,3.4635519944131374,1.5545602832316308,2.158922751992941,5.633752294709977,2.5286202075349946,3.511665489001176,31.93019118740063,25.18390802119713,28.24386907895333,51.93708313393647,40.96369849017508,45.94097691956333,0.7537688442211055,-0.0012311557788945438,-0.0012311557788945438,0.6030150753768844,-0.0019849246231156137,-0.0019849246231156137,0.4824120603015075,-0.0025879396984924696,-0.0025879396984924696,0.41015625,0.1002147295321637,0.16340300324675328,0.403921568627451,0.40703517587939697,0.08623317086686566,0.15995671177255222,0.41414141414141414,0.41015625,0.1002147295321637,0.16340300324675328,0.403921568627451,26.0,11.0,11.0,41.0,15.0,15.0,49.0,17.0,17.0,0.00047438644666206224,0.00030697098953263817,0.00015476592904647708,-8.629588256159337e-05,-0.00014530477676810705,0.00011039017629776993,-1.1969599723815918
298,1,2.8059634196005785,1.2209567514006312,1.6905412501891985,5.925880788247376,2.5785240484125223,3.570233968931035,16.54300608742312,11.663682172711397,13.492150202041309,34.936977890921554,24.6323917213905,28.49391161549983,2.860357936902262,1.2131119286722296,1.6883248016998893,5.664075122578737,2.4022018389549102,3.343217429108692,17.46777818014907,12.275118604581163,14.239228131173215,34.58965976267143,24.307165553626064,28.196491348857855,2.8075935705050976,1.2212846637142893,1.692377429487519,5.973603341500208,2.598478007902744,3.6008030414628065,16.569995676334557,11.684313578686723,13.519768289144071,35.255309949647994,24.86024165678026,28.765464444987387,0.5728643216080402,-0.0021356783919597166,-0.0021356783919597166,0.4371859296482412,-0.002814070351758735,-0.002814070351758735,0.35678391959798994,-0.0032160804020100464,-0.0032160804020100464,0.38870431893687707,0.11341410334815405,0.1621849819203025,0.3666666666666667,0.371859296482412,0.09366380776060745,0.14147532319359735,0.3434343434343434,0.38795986622073575,0.10916186955963392,0.16660280281695372,0.3657718120805369,23.0,0.0,0.0,34.0,0.0,0.0,42.0,0.0,0.0,0.0010141767103443097,0.0005319395923400709,-8.314277297689091e-05,-0.032356758964398935,-0.032185471983007474,-0.029600323489188618,-1.2892699241638184
298,0,3.091578211800637,1.435586367538909,1.9563826075531532,6.885787835374146,3.1974423640639333,4.3573976259138405,22.01178984370321,16.773516946347566,18.90000768251621,49.026259197338966,37.35919683504685,42.095471656513375,3.3411140609626195,1.5297112017169943,2.107810131950531,6.130484515527741,2.8068095444348513,3.8675415265147355,28.250582051203377,22.13155650576166,24.81803032183001,51.8359303691805,40.608360561030565,45.53767031528441,3.091578211800637,1.435586367538909,1.9563826075531532,6.885787835374146,3.1974423640639333,4.3573976259138405,22.01178984370321,16.773516946347566,18.90000768251621,49.026259197338966,37.35919683504685,42.095471656513375,0.6783919597989949,-0.0016080402010050232,-0.0016080402010050232,0.5527638190954773,-0.0022361809045226,-0.0022361809045226,0.4623115577889447,-0.002688442211055242,-0.002688442211055242,0.41638225255972694,0.13529196295154977,0.19504286549956806,0.3561643835616438,0.4522613065326633,0.15652195816173597,0.21186063875303052,0.3737373737373737,0.41638225255972694,0.13529196295154977,0.19504286549956806,0.3561643835616438,21.0,0.0,0.0,30.0,0.0,0.0,40.0,0.0,0.0,0.001656961722295271,0.0008030138668675996,7.221526407641677e-05,-0.0003427029913991575,0.00012688698084151184,-1.9278431547142816e-05,-0.46552085876464844
37,1,3.3422788642741765,1.5295325709438579,2.099814461406356,5.186924576250634,2.373700820481178,3.2587284537672407,28.28350759489851,22.156256017645383,24.81936760432119,43.89353091230151,34.384572180389554,38.5174885225531,3.3533488176575856,1.48782112625864,2.0444427936497407,5.080831541905432,2.254274433725212,3.0976405964390006,28.598344103127687,22.13900057628497,24.89622263904618,43.33082439867831,33.543940267098435,37.721549453100266,3.3422788642741765,1.5295325709438579,2.099814461406356,5.186924576250634,2.373700820481178,3.2587284537672407,28.28350759489851,22.156256017645383,24.81936760432119,43.89353091230151,34.384572180389554,38.5174885225531,0.6884422110552764,-0.0015577889447235815,-0.0015577889447235815,0.5376884422110553,-0.0023115577889447625,-0.0023115577889447625,0.46733668341708545,-0.002663316582914521,-0.002663316582914521,0.41696113074204944,0.10831915543340742,0.1678424468407569,0.3794326241134752,0.40703517587939697,0.11380209317263001,0.17331230442697632,0.35858585858585856,0.41696113074204944,0.10831915543340742,0.1678424468407569,0.3794326241134752,26.0,16.0,16.0,34.0,12.0,12.0,45.0,16.0,16.0,0.0006507835770475602,0.0006836833701793642,-1.1771950074705431e-05,-0.0002734037727947225,0.00016562223134020115,1.5767138139999304e-05,-1.385148048400879
37,0,3.8732586787552785,1.8231153794451749,2.4658338069746355,6.062491845008262,2.853571898262013,3.8595659587429076,48.09886974233503,40.32985542139924,44.013448379535454,75.28518742278527,63.12499109436402,68.89061485492506,4.1645452191482235,1.935170789512389,2.657031486086817,6.21573913305705,2.8883146112125213,3.9657186359504726,64.36340454251157,55.06935436432061,59.847914429853176,96.064782899271,82.19306621540389,89.32524541769129,3.8732586787552785,1.8231153794451749,2.4658338069746355,6.062491845008262,2.853571898262013,3.8595659587429076,48.09886974233503,40.32985542139924,44.013448379535454,75.28518742278527,63.12499109436402,68.89061485492506,0.8341708542713568,-0.0008291457286431214,-0.0008291457286431214,0.7236180904522613,-0.0013819095477386467,-0.0013819095477386467,0.5628140703517588,-0.0021859296482411583,-0.0021859296482411583,0.46341463414634143,0.11384941675503712,0.19690246728655003,0.43356643356643354,0.4773869346733668,0.12400347602675021,0.20860563250308295,0.4696969696969697,0.46341463414634143,0.11384941675503712,0.19690246728655003,0.43356643356643354,30.0,11.0,11.0,43.0,11.0,11.0,50.0,12.0,12.0,0.0011085564455871675,0.0002657948939579864,0.00015157181629211312,-0.00030112346023614123,0.00015012813114179124,1.7489102663859057e-06,-1.1668767929077148
205,1,2.9254125484268236,1.2777528511853682,1.782394480391663,5.360532490972056,2.3413571798257022,3.266063628874108,18.641915156496324,13.447106990328423,15.505695736865118,34.15948699067483,24.6405088984789,28.41267151783105,3.1584513450986775,1.3717708149114962,1.8840451098129647,5.220580735700294,2.267389776713217,3.1141241484511815,23.534121460627468,17.564517838855572,19.95754432642373,38.899374315086725,29.032260890670372,32.98767657260121,2.878918341569677,1.2615785719021806,1.7445717050001373,5.364444114726107,2.3507675252835663,3.2507547298139206,17.79501463830686,12.755348841801352,14.685873158510333,33.158412369515894,23.767730761120536,27.36498104070249,0.6130653266331658,-0.001934673366834172,-0.001934673366834172,0.4974874371859297,-0.002512562814070307,-0.002512562814070307,0.42211055276381915,-0.0028894472361808976,-0.0028894472361808976,0.4067278287461774,0.11817821042556675,0.18902691318157927,0.3742331288343558,0.40201005025125625,0.1238145615294517,0.1716260769624416,0.3737373737373737,0.3946488294314381,0.10917303644312426,0.17551646013221678,0.35906040268456374,23.0,11.0,11.0,34.0,6.0,6.0,45.0,12.0,12.0,0.0010093485684757352,2.4040856761731832e-05,0.0002970362106333177,-0.007491305188954911,-0.006993055871551412,-0.008510612363721748,-1.5144238471984863
205,0,3.590152562999014,1.6452126794934039,2.262999151247368,6.8492981521045015,3.1387390835725224,4.317352990677604,36.2396043274703,29.2463928924303,32.469308709080885,69.13796853964192,55.79630984442375,61.94499321094154,3.5288733237951844,1.5867841172024046,2.1992972424491914,6.191005831219623,2.783831784565623,3.8584162148231433,34.085542602766985,27.11223816641965,30.30610173032978,59.79919754871401,47.56533011652571,53.16859952689435,3.590152562999014,1.6452126794934039,2.262999151247368,6.8492981521045015,3.1387390835725224,4.317352990677604,36.2396043274703,29.2463928924303,32.469308709080885,69.13796853964192,55.79630984442375,61.94499321094154,0.7185929648241206,-0.0014070351758793676,-0.0014070351758793676,0.5979899497487438,-0.0020100502512562235,-0.0020100502512562235,0.4623115577889447,-0.002688442211055242,-0.002688442211055242,0.4029850746268657,0.08454932043692154,0.15732750638865234,0.40074906367041196,0.4120603015075377,0.09376456215916673,0.16331238831888995,0.38888888888888884,0.4029850746268657,0.08454932043692154,0.15732750638865234,0.40074906367041196,27.0,5.0,5.0,37.0,9.0,9.0,47.0,8.0,8.0,-1.266459806043197e-05,0.00012128213989563817,9.126133282727557e-05,-0.00016945494488584956,0.00022372510708557058,6.833549267337702e-05,-1.0735008716583252
317,1,3.6947863284024325,1.6742998699425193,2.3230092332765953,5.8272058665089785,2.6406100805950588,3.6637174193390867,40.23697417083323,32.69498126314759,36.29462376509,63.459456406571256,51.56465616359276,57.24180662379908,3.7275187813456934,1.6370504568302384,2.275773879231653,5.325026830493848,2.3386435097574836,3.2511055417595047,41.57582137490176,33.487118959857916,37.30526164850965,59.39403053557394,47.838741371225595,53.293230926442355,3.6947863284024325,1.6742998699425193,2.3230092332765953,5.8272058665089785,2.6406100805950588,3.6637174193390867,40.23697417083323,32.69498126314759,36.29462376509,63.459456406571256,51.56465616359276,57.24180662379908,0.7839195979899498,-0.0010804020100502187,-0.0010804020100502187,0.6281407035175879,-0.0018592964824121205,-0.0018592964824121205,0.4824120603015075,-0.0025879396984924696,-0.0025879396984924696,0.4,0.07876588021778586,0.14848851269649332,0.416058394160584,0.3869346733668342,0.05360134003350081,0.12316171844195944,0.41414141414141414,0.4,0.07876588021778586,0.14848851269649332,0.416058394160584,16.0,0.0,0.0,27.0,0.0,0.0,35.0,0.0,0.0,0.0007557090808508268,9.306737259509175e-05,2.283685487954893e-05,-0.0002179643979092205,0.00019661043173790915,4.380359388900246e-05,-1.02402663230896
317,0,3.4364130936399864,1.631535648511106,2.2207084796870253,5.431112647994231,2.5785764559801962,3.5097404132984598,31.075293854147176,24.996067490086325,27.702624196762542,49.11325178097974,39.50527907915943,43.78288306959598,3.85472072668411,1.7540786416087317,2.4357141069759423,5.75331451743897,2.6180278232966145,3.6353941895163318,47.21542909040978,39.04401411831124,43.08241634348008,70.47078968717877,58.274647937777964,64.30211394549265,3.4364130936399864,1.631535648511106,2.2207084796870253,5.431112647994231,2.5785764559801962,3.5097404132984598,31.075293854147176,24.996067490086325,27.702624196762542,49.11325178097974,39.50527907915943,43.78288306959598,0.7638190954773869,-0.001180904522613102,-0.001180904522613102,0.6331658291457287,-0.0018341708542712887,-0.0018341708542712887,0.5226130653266332,-0.002386934673366814,-0.002386934673366814,0.44160583941605835,0.13195192320476512,0.2049553539791652,0.40293040293040294,0.44723618090452266,0.11640911323534975,0.18847157322505692,0.4545454545454546,0.44160583941605835,0.13195192320476512,0.2049553539791652,0.40293040293040294,27.0,18.0,18.0,38.0,26.0,26.0,48.0,29.0,29.0,0.001381320792071901,0.00043121431252599344,-6.355314386468069e-05,-0.004886563517612963,-0.0050440092116437185,-0.0041408923349086635,-1.7350962162017822
103,1,3.500981928122164,1.6099036220763112,2.19236047738079,5.6700685575022005,2.6073439096670694,3.5506707731493234,33.147984922150606,26.521474686140067,29.44691683297873,53.68532340652653,42.95325791559642,47.691202262106856,3.781123890349613,1.6919260601996111,2.334850033103953,5.817113677460943,2.602963169537863,3.5920769740060816,43.86531384507659,35.786881555425204,39.618054745054366,67.48509822319475,55.05674085450031,60.95085345392979,3.500981928122164,1.6099036220763112,2.19236047738079,5.6700685575022005,2.6073439096670694,3.5506707731493234,33.147984922150606,26.521474686140067,29.44691683297873,53.68532340652653,42.95325791559642,47.691202262106856,0.7185929648241206,-0.0014070351758793676,-0.0014070351758793676,0.6231155778894473,-0.0018844221105527303,-0.0018844221105527303,0.5276381909547738,-0.002361809045226204,-0.002361809045226204,0.430976430976431,0.10492601080836383,0.18125638618359785,0.3885135135135135,0.42713567839195976,0.103827407715268,0.176718316121509,0.4040404040404041,0.430976430976431,0.10492601080836383,0.18125638618359785,0.3885135135135135,28.0,16.0,16.0,37.0,11.0,11.0,49.0,14.0,14.0,0.0017920713772456812,0.0006884645890373849,0.00021137514752331404,0.0005149329265217162,0.00011139288064487829,-3.329665942342075e-05,-1.2423689365386963
103,0,3.746921031705795,1.7427580365573223,2.3900115621767273,7.463866695157943,3.471574008822186,4.76090303185604,42.39036228095363,34.970481460265155,38.50619169542332,84.44160166365963,69.66119906884819,76.70433385728325,3.8428685940689777,1.7653421400278004,2.4410686008246216,7.1164233223499584,3.2691521111625934,4.520497408934485,46.65912874815014,38.674434788377205,42.59662287544261,86.40579397805581,71.61932368218001,78.88263495452335,3.746921031705795,1.7427580365573223,2.3900115621767273,7.463866695157943,3.471574008822186,4.76090303185604,42.39036228095363,34.970481460265155,38.50619169542332,84.44160166365963,69.66119906884819,76.70433385728325,0.7688442211055276,-0.0011557788944723812,-0.0011557788944723812,0.6532663316582914,-0.0017336683417086274,-0.0017336683417086274,0.5276381909547738,-0.002361809045226204,-0.002361809045226204,0.4233870967741935,0.09541928993314719,0.16869540776615066,0.4008097165991903,0.42713567839195976,0.08628354806614524,0.16837107071249402,0.40909090909090906,0.4233870967741935,0.09541928993314719,0.16869540776615066,0.4008097165991903,24.0,4.0,4.0,35.0,6.0,6.0,42.0,2.0,2.0,3.4106830182614766e-05,0.0002724223860585331,0.0002731991078853872,-3.085650767697956e-05,-0.00010133182060556578,-0.00011602607612637428,-0.6376113891601562
497,1,2.8459983897269834,1.266683672989195,1.603948589391147,5.840225862252247,2.599340453946577,3.2914361678130826,17.218741104344836,12.367111173348434,13.75603705728528,35.334291641207635,25.37834272030877,28.22853437797084,3.388660880189445,1.4845596933630307,2.103370040911404,5.555181770802369,2.43370441534923,3.4481476080514812,29.626252593229285,22.91288174431422,26.01053319570014,48.567627202015224,37.562101220187245,42.64021835360679,3.032603579620055,1.3808349869782277,1.8952996293612208,5.758108062569725,2.621838582870053,3.5986701823314324,20.75118969267843,15.53499269097912,17.63283989699353,39.400993087364114,29.496821565150235,33.480075753785194,0.7487437185929648,0.003743718592964851,0.008743718592964855,0.5477386934673367,-0.007261306532663214,-0.002261306532663321,0.4623115577889447,0.012311557788944771,0.007311557788944767,0.3944020356234097,0.12121270906686588,0.1510002760926179,0.3647959183673469,0.4371859296482412,0.14395284694147426,0.18509911829598746,0.4292929292929293,0.41137123745819393,0.1292343426334861,0.1800030505838891,0.38590604026845643,26.0,17.0,17.0,37.0,21.0,21.0,48.0,24.0,24.0,0.0006563754472852842,0.0009657391573651175,0.0003387058197348534,-0.03318534834135978,-0.03806591399396986,-0.03675928730010014,-1.6603913307189941
497,0,3.032158926129341,1.3581971666300987,1.871424458788173,6.010809165326988,2.692426147966725,3.709823780068319,20.741964654869744,15.408709582681826,17.54968761633863,41.117894639359434,30.545500760963385,34.78967486297717,3.513186948383274,1.522811814400398,2.1102630471708395,5.5764872196559905,2.4171616101593623,3.349623884398158,33.555035728479425,26.236757146047275,29.487961406273694,53.261961473776864,41.6456462635671,46.806287946466185,3.009471800813707,1.3582378799457742,1.8667283394244092,5.6782486807805785,2.562712981029762,3.522128942310206,20.276686966645492,15.063278172795624,17.141328655471337,38.257899937066966,28.421279571312496,32.342129538625166,0.7185929648241206,0.003592964824120526,0.003592964824120526,0.5678391959798995,0.00783919597989946,-0.01716080402010045,0.4623115577889447,-0.01268844221105525,-0.01268844221105525,0.4017857142857143,0.11501008278497138,0.1730728429985856,0.34328358208955223,0.4120603015075377,0.11381468747244994,0.16498183740069294,0.38888888888888884,0.41137123745819393,0.119217648142668,0.18556478584529068,0.34563758389261745,25.0,16.0,16.0,40.0,25.0,26.0,46.0,23.0,24.0,0.0018398221135823263,-0.00021499074162599735,0.0006026796439799408,-0.020027555884215786,-0.015300843514431506,-0.01811397142671911,-0.6231265068054199
150,1,3.405841434925375,1.5608551841016283,2.128802008932521,5.578533384791562,2.5565731463733568,3.486830876699819,30.139645607736075,23.81163282289524,26.553638253524188,49.36666090922288,39.00181238232841,43.49302817387582,3.3461335993292343,1.4765415451820636,2.0389670768764865,5.03177984861539,2.2203632258376897,3.066115905077423,28.3927434254361,21.90709335994026,24.697056209583693,42.69585477509188,32.94299753374475,37.13843039035142,3.405841434925375,1.5608551841016283,2.128802008932521,5.578533384791562,2.5565731463733568,3.486830876699819,30.139645607736075,23.81163282289524,26.553638253524188,49.36666090922288,39.00181238232841,43.49302817387582,0.6984924623115578,-0.0015075376884421399,-0.0015075376884421399,0.5527638190954773,-0.0022361809045226,-0.0022361809045226,0.42713567839195976,-0.002864321608040288,-0.002864321608040288,0.426056338028169,0.12552909725488248,0.1895223801827357,0.40636042402826855,0.39698492462311563,0.10124557625218833,0.14990646051627088,0.36363636363636365,0.426056338028169,0.12552909725488248,0.1895223801827357,0.40636042402826855,24.0,4.0,4.0,36.0,7.0,7.0,42.0,3.0,3.0,0.000278894715626519,0.000429839766356126,4.6154220611770685e-05,-0.0002803336946550772,0.00016174870629104277,1.2262581172706177e-05,-1.164421558380127
150,0,3.702779898898942,1.6489515999596263,2.281874233096949,6.462615848388836,2.8779838483767386,3.9826500590077183,40.559900206948306,32.76220425768181,36.419031220986845,70.79088172765512,57.18123848700987,63.56365076457953,3.922384049425173,1.7419011231998693,2.4025465831995727,6.377860242967761,2.8323595499184866,3.906579810080606,50.52074527365153,41.6701658699174,45.949263159138255,82.1475532904903,67.75636726815837,74.7142490392492,3.702779898898942,1.6489515999596263,2.281874233096949,6.462615848388836,2.8779838483767386,3.9826500590077183,40.559900206948306,32.76220425768181,36.419031220986845,70.79088172765512,57.18123848700987,63.56365076457953,0.7587939698492463,-0.001206030150753712,-0.001206030150753712,0.6432160804020101,-0.001783919597989958,-0.001783919597989958,0.5276381909547738,-0.002361809045226204,-0.002361809045226204,0.43214285714285716,0.10772217978100329,0.17204784526637262,0.4014336917562724,0.4371859296482412,0.1013463306507475,0.17174352564156337,0.4040404040404041,0.43214285714285716,0.10772217978100329,0.17204784526637262,0.4014336917562724,16.0,3.0,3.0,33.0,6.0,6.0,37.0,3.0,3.0,0.0005014833613658405,0.000937232923161629,0.00019229395165545706,-0.006684994415779855,-0.007040129701524123,-0.0057385078024321245,-0.9687459468841553
39,1,3.2925692837672544,1.513382555697092,2.088562742378879,5.225164298152382,2.4016723166497327,3.3144582650795256,26.91191926349451,20.986883470171264,23.578473471389376,42.708045787719556,33.30527159396745,37.41801224807445,3.52179865920963,1.5214673425341712,2.133388337152444,5.295937833397939,2.2879208158408586,3.208102762635254,33.84524981929639,26.453745197268397,29.836777014646643,50.89511251022014,39.78006796581714,44.867333856611495,3.2925692837672544,1.513382555697092,2.088562742378879,5.225164298152382,2.4016723166497327,3.3144582650795256,26.91191926349451,20.986883470171264,23.578473471389376,42.708045787719556,33.30527159396745,37.41801224807445,0.6180904522613065,-0.0019095477386934512,-0.0019095477386934512,0.542713567839196,-0.0022864321608039306,-0.0022864321608039306,0.46733668341708545,-0.002663316582914521,-0.002663316582914521,0.41237113402061853,0.11734540503262536,0.1849425625920471,0.38620689655172413,0.42713567839195976,0.1238775330285512,0.1950822560213421,0.41414141414141414,0.41237113402061853,0.11734540503262536,0.1849425625920471,0.38620689655172413,22.0,0.0,0.0,36.0,0.0,0.0,44.0,0.0,0.0,0.0008701928738577177,5.6627036684102084e-05,0.0002273131728671909,-0.01941404720037454,-0.021277054383152638,-0.020218564646492077,-1.8499624729156494
39,0,2.9997466441688188,1.3758068906800889,1.8876473431177925,5.753899995832588,2.6389746207197025,3.62075045931366,20.08044877986838,15.007411265380782,17.03971366267757,38.51688420933818,28.786145585057874,32.684363048878616,3.621762813635208,1.6506162016949149,2.2685601283443444,5.615136145170865,2.5590948863487055,3.5171474858051854,37.40344504328827,30.224541856145922,33.53364558826763,57.989837276415926,46.85975481573011,51.990148198864546,2.9344048906728175,1.34539016386526,1.83815829900829,5.607143103196467,2.570809230315784,3.512404393009472,18.81030561532203,13.911385839948817,15.817394318165231,35.943259137558016,26.582265936207932,30.22432035318197,0.7035175879396984,-0.001482412060301641,-0.001482412060301641,0.5778894472361809,-0.002110552763819218,-0.002110552763819218,0.46733668341708545,-0.002663316582914521,-0.002663316582914521,0.39449541284403666,0.1166328174241893,0.17374261528554225,0.35889570552147243,0.44221105527638194,0.13394037858465258,0.19847148933314318,0.4292929292929293,0.3913043478260869,0.11751469841039408,0.1699472844223049,0.3489932885906041,23.0,4.0,4.0,35.0,2.0,2.0,43.0,5.0,5.0,0.0020794070777134257,0.00014287960557937666,0.0005587138670343893,-0.0447841235363855,-0.03455674037728684,-0.04064633672237594,-1.484588861465454
332,1,3.550737693745603,1.568982965324274,2.1707878243862533,5.989196109932342,2.6464772909084138,3.6615698242659693,34.83900852907155,27.583545339958263,30.86430616094737,58.764592699638754,46.526462019206704,52.06027545220038,3.614481295772533,1.5640348649304516,2.1860203210473923,5.647627024644583,2.4438044764538307,3.415656751636551,37.132080362455305,29.36071065132796,32.95980734791134,58.01887556633641,45.876110392699935,51.499698981111464,3.550737693745603,1.568982965324274,2.1707878243862533,5.989196109932342,2.6464772909084138,3.6615698242659693,34.83900852907155,27.583545339958263,30.86430616094737,58.764592699638754,46.526462019206704,52.06027545220038,0.7035175879396984,-0.001482412060301641,-0.001482412060301641,0.6080402010050252,-0.001959798994974782,-0.001959798994974782,0.507537688442211,-0.0024623115577889765,-0.0024623115577889765,0.4623655913978495,0.12962856098640052,0.20730003716662182,0.42086330935251803,0.46733668341708545,0.14152214707623334,0.2085720757376197,0.43434343434343436,0.4623655913978495,0.12962856098640052,0.20730003716662182,0.42086330935251803,24.0,2.0,2.0,33.0,4.0,4.0,43.0,2.0,2.0,1.5001860832085242e-05,0.0001904808146299582,0.00019884586216926457,-0.0002456840853515274,0.00018111633153772289,2.978536601450088e-05,-1.0771901607513428
332,0,2.63581644247656,1.1563287272003038,1.533817053598147,5.389434737130843,2.3643369505883305,3.136184590038669,13.954701024141588,9.564005205853071,10.944522495393297,28.533075837071628,19.55545198515209,22.378185660971774,3.0916339722111,1.3587105613221986,1.8913925937787768,5.471918534886903,2.4047974536676087,3.34759751111288,22.013017264360332,16.355849279922005,18.69209884027717,38.961092503292626,28.94840580517169,33.08336077925163,2.798769082512744,1.286378892458285,1.7566228512836428,5.597538165025488,2.57275778491657,3.5132457025672856,16.424417220822598,11.886853738650442,13.589121531773554,32.848834441645195,23.773707477300885,27.178243063547107,0.6582914572864322,-0.0017085427135676845,-0.0017085427135676845,0.5226130653266332,-0.002386934673366814,-0.002386934673366814,0.40703517587939697,-0.00296482412060306,-0.00296482412060306,0.3726027397260274,0.0949009613402545,0.14679628811312417,0.33241758241758246,0.40201005025125625,0.10125817055200814,0.16327883155342648,0.36868686868686873,0.37792642140468224,0.10079787382538341,0.16658048147142301,0.3389261744966443,22.0,6.0,6.0,35.0,12.0,12.0,41.0,10.0,10.0,0.0003851093054847587,0.0004866026022347588,0.00041993147533446966,-0.021282679691440265,-0.026697012428395617,-0.025511931915509933,-2.0931203365325928
334,1,2.7790236721308497,1.2317559548012293,1.5631344721598623,5.922509465196892,2.625053674166554,3.331270186570198,16.10329117860819,11.40467649392469,12.72999891610105,34.318489397033844,24.305048265741142,27.129505886772726,2.465896782563559,1.0685943898334198,1.4902185488134818,5.137284963674082,2.2262383121529585,3.104621976694754,11.774036169283036,7.729760797591076,9.121070237313154,24.52924201933966,16.10366832831474,19.00222966106907,2.7392472112457886,1.2408903924909842,1.710318188266901,5.590300431113855,2.5324293724305806,3.4904452821773493,15.475331055188684,11.001000165210197,12.677263491806766,31.582308275895276,22.451020745326932,25.87196630980973,0.5025125628140703,-0.0024874371859296973,-0.0024874371859296973,0.3919597989949749,-0.0030402010050251116,-0.0030402010050251116,0.321608040201005,-0.0033919597989949812,-0.0033919597989949812,0.38046272493573263,0.10831895086641297,0.13217337987219402,0.4020618556701031,0.371859296482412,0.12875152705885307,0.16985595758424843,0.35858585858585856,0.3846153846153846,0.11917298060870674,0.16882005647300413,0.4093959731543624,23.0,11.0,11.0,30.0,9.0,9.0,35.0,6.0,6.0,-0.00045574927639034917,-0.0005674704631673669,-6.63408048542745e-05,-0.026446921433958437,-0.020250827151033768,-0.024000540486921018,-1.660627841949463
334,0,3.50095865843726,1.6398414378879966,2.2281166586282692,5.790774862063793,2.7123863783444704,3.685425392109462,33.14721358796066,26.716296075318507,29.576226689233284,54.82728301576196,44.190197832688995,48.92067765894803,3.6960347902834716,1.7140102425344756,2.3548924682176375,5.600052712550714,2.5969852159613267,3.5680188912388444,40.28723987016973,33.02981875272527,36.463831294453406,61.04127253056019,50.04517992837162,55.248229234020314,3.547798639954532,1.6573936497535275,2.2646763941479238,5.816063344187757,2.71703877008775,3.7125842527015145,34.73676513199742,28.114715128583693,31.128878264092425,56.94551660983184,46.08969693210442,51.03094797392201,0.7537688442211055,-0.0012311557788945438,-0.0012311557788945438,0.6331658291457287,-0.0018341708542712887,-0.0018341708542712887,0.5175879396984925,-0.002412060301507535,-0.002412060301507535,0.45245901639344266,0.14476670870113495,0.21145574485581997,0.41776315789473684,0.44221105527638194,0.11890278459969017,0.19513259116953718,0.43434343434343436,0.4548494983277592,0.13932362186699132,0.2156948820874922,0.42281879194630867,24.0,1.0,1.0,39.0,1.0,1.0,47.0,3.0,3.0,0.0003804247486704225,7.767814588528428e-05,4.01776237624113e-06,0.0004833415140721442,8.040468024717029e-05,-6.13331151724239e-05,-1.5314733982086182
279,1,3.516418650974192,1.5858405978856036,2.1889732029835574,5.598957852036578,2.5250277480896988,3.4853553911582855,33.66365103603631,26.770157140510207,29.89225419390383,53.60037640689277,42.62432787421042,47.59543386213814,3.475878109284981,1.5068101560007578,2.124099081631126,5.074274612094862,2.1997228554755583,3.1008745717242707,32.32620201541781,25.162205818886434,28.46190791014854,47.19153578893111,36.73314718085611,41.55023052576429,3.508035508286594,1.5782937965188275,2.1714791898146877,5.568310330613642,2.5052282484425836,3.4467923647852188,33.38262343905273,26.494892447103176,29.576708884323793,52.98829117309957,42.055384836671706,46.94715695924411,0.728643216080402,-0.001356783919598037,-0.001356783919598037,0.6130653266331658,-0.001934673366834172,-0.001934673366834172,0.5025125628140703,-0.0024874371859296973,-0.0024874371859296973,0.4311926605504587,0.09378808039778697,0.1758518670611403,0.3926380368098159,0.44723618090452266,0.1189153788995101,0.19181047138866292,0.3787878787878788,0.4347826086956522,0.09588444508964222,0.17671809256661997,0.3926174496644296,21.0,7.0,7.0,35.0,14.0,14.0,46.0,15.0,15.0,0.00035557508550087847,0.00012262154040001977,-1.8467156312195678e-05,-0.004271166058614995,-0.005242684204471715,-0.004322411877953236,-0.7523229122161865
279,0,3.6053779599843203,1.7017548766448702,2.3093939712155644,5.978305290790328,2.821787423008076,3.8293522481890743,36.79558848942989,30.0854265593682,33.14099820816638,61.01309315849344,49.88654914180952,54.95318580435752,3.525326982814463,1.6065433494819594,2.221312435573112,5.826986748453658,2.655443552862743,3.671590802600185,33.9648777320348,27.15221100534448,30.28082089171921,56.14029377195835,44.879687612139634,50.05094362267638,3.6849339562514953,1.7521048311528227,2.370791111418053,6.040875338117206,2.8723030018898736,3.8865428056033666,39.84249101551104,32.933461889924416,36.12093135188667,65.31555904182137,53.98928178676134,59.21464156046995,0.7638190954773869,-0.001180904522613102,-0.001180904522613102,0.6030150753768844,-0.0019849246231156137,-0.0019849246231156137,0.46733668341708545,-0.002663316582914521,-0.002663316582914521,0.4228395061728395,0.09772394376914151,0.17335285319542681,0.43343653250773995,0.42211055276381915,0.10130854775128784,0.1666848432479594,0.4292929292929293,0.4180602006688964,0.08917873155370437,0.1677821139058263,0.4429530201342282,24.0,4.0,4.0,36.0,4.0,4.0,45.0,6.0,6.0,-0.001259990991059445,0.00024053103271975103,-2.3278677730286408e-05,0.0004083119095046328,6.807704299838235e-06,-0.00012791969757852684,-1.134645700454712
438,1,3.3262231082412668,1.5494942305263963,2.110734164459796,5.948069558266735,2.770860271058967,3.7744893293869293,27.83302062905305,21.92252980505831,24.461078277479903,49.771989830777216,39.20264153375133,43.74216350796406,3.811983808201162,1.6987609683628806,2.359332777171918,6.003124107403405,2.675214123406111,3.7154846884597132,45.240097580669925,36.96523065339051,40.965666422882556,71.24424815853531,58.2129616588827,64.51286050847646,3.285195104254528,1.5223767924454277,2.084334480996686,5.866419829025943,2.7185299865096924,3.722025858922654,26.71419585974149,20.88535409893899,23.391220337250203,47.7039211781098,37.29527517667676,41.77003631651822,0.7688442211055276,-0.0011557788944723812,-0.0011557788944723812,0.6482412060301508,-0.0017587939698492372,-0.0017587939698492372,0.5276381909547738,-0.002361809045226204,-0.002361809045226204,0.4257425742574258,0.11437519369729399,0.19742204736390223,0.3841059602649006,0.44723618090452266,0.11390284757118929,0.19347992047046592,0.43434343434343436,0.4280936454849499,0.11757611626959097,0.203399540924327,0.3791946308724832,25.0,15.0,15.0,35.0,12.0,12.0,44.0,14.0,14.0,0.0021993866000016623,4.905842996238534e-05,0.0004210348114294992,-0.0027234603389461043,-0.0034037624917360176,-0.00423830251070445,-1.6730492115020752
438,0,3.8392685068414565,1.7855234031151115,2.440395160387889,6.4290709315747465,2.9899593081750093,4.086578878045991,46.49145381798155,38.694406572705326,42.44082008379689,77.85255284312886,64.79595893535861,71.06953895689065,3.8072684853520227,1.685495704300234,2.352315957786791,5.768588614169731,2.55378137015187,3.564115087555744,45.02727806553545,36.68135819607804,40.74299798996742,68.22314858414461,55.577815448603076,61.73181513631427,3.8392685068414565,1.7855234031151115,2.440395160387889,6.4290709315747465,2.9899593081750093,4.086578878045991,46.49145381798155,38.694406572705326,42.44082008379689,77.85255284312886,64.79595893535861,71.06953895689065,0.7738693467336684,-0.0011306532663316604,-0.0011306532663316604,0.6582914572864322,-0.0017085427135676845,-0.0017085427135676845,0.5125628140703518,-0.0024371859296482556,-0.0024371859296482556,0.4148936170212766,0.07330069666729433,0.15663890004014447,0.42348754448398573,0.4120603015075377,0.07120817118172318,0.14995679566446596,0.40909090909090906,0.4148936170212766,0.07330069666729433,0.15663890004014447,0.42348754448398573,18.0,1.0,1.0,33.0,2.0,2.0,42.0,3.0,3.0,-0.00022181686746237977,4.529183749211411e-05,3.980316007579648e-05,-0.00026647385093347964,0.00016949575638847136,1.9271695109068787e-05,-0.9213078022003174
378,1,2.3636044508294214,0.9757254357592742,1.2383342767833552,5.5383867605233785,2.286315222252501,2.9016590154213535,10.629194898085462,6.622851257374254,7.548145742089774,24.906279169478363,15.518633715504171,17.686779371997346,2.647241927870554,1.1305474018435342,1.5936380976285562,4.8131671415828245,2.055540730624607,2.8975238138701016,14.115054571025894,9.55791779633613,11.24708638412619,25.66373558368344,17.378032356974778,20.449247971138522,2.270843729876832,1.0199556939524412,1.3994541109351162,5.143805115402825,2.3103541855437877,3.1699755997696957,9.687571059985109,6.1941271759252725,7.29734100424758,21.94381626466324,14.03063655758831,16.52958303234869,0.592964824120603,-0.0020351758793969443,-0.0020351758793969443,0.44723618090452266,-0.0027638190954772934,-0.0027638190954772934,0.35678391959798994,-0.0032160804020100464,-0.0032160804020100464,0.379746835443038,0.0927683272255917,0.1177722508878083,0.36294416243654826,0.3919597989949749,0.1012329819523684,0.15823692754255425,0.3787878787878788,0.35906040268456374,0.08937866064101263,0.14477468839884944,0.33333333333333337,19.0,6.0,6.0,28.0,4.0,4.0,39.0,8.0,8.0,-0.00021940717907111413,0.00038925765176300923,-7.35172829880319e-05,-0.03489731772796567,-0.03911956985315346,-0.03681226932598758,-1.4049673080444336
378,0,3.127082805907,1.4206324986017442,1.9570329573902652,5.180965595585563,2.353710648570938,3.2424214678655288,22.80734893889006,17.29797878327499,19.585195684804408,37.78732368573501,28.659373132053236,32.44884492156943,3.401031060434466,1.5069208534623773,2.097709620879293,5.192413832724375,2.300642524370041,3.202610108212661,29.99501077808758,23.348379131907407,26.31350650118148,45.79390958486653,35.646380354057115,40.173292368216,3.127082805907,1.4206324986017442,1.9570329573902652,5.180965595585563,2.353710648570938,3.2424214678655288,22.80734893889006,17.29797878327499,19.585195684804408,37.78732368573501,28.659373132053236,32.44884492156943,0.7236180904522613,-0.0013819095477386467,-0.0013819095477386467,0.5477386934673367,-0.002261306532663321,-0.002261306532663321,0.44221105527638194,-0.0027889447236180143,-0.0027889447236180143,0.3799283154121864,0.07939164278249056,0.13439792208679902,0.3453237410071942,0.371859296482412,0.0660948854548431,0.11810303604835526,0.3737373737373737,0.3799283154121864,0.07939164278249056,0.13439792208679902,0.3453237410071942,23.0,4.0,4.0,36.0,6.0,6.0,43.0,6.0,6.0,0.0006448681618194518,0.0006285558596400009,-4.4991284244328226e-05,-0.0002456840853515274,0.00018111633153772289,2.978536601450088e-05,-1.8008289337158203
218,1,3.5211416049879425,1.6206628644142846,2.209025337103016,6.767194022086201,3.114711442546203,4.245470569744859,33.82301895925857,27.13392294173775,30.10899368557189,65.00361456232505,52.148008153652235,57.86572223945847,3.536362001045265,1.586203915604632,2.1895522657630293,6.371823425306784,2.8580250731614987,3.945139217591044,34.34175638399289,27.311957582398726,30.49661745269475,61.877038529716906,49.2107343827004,54.94886027512567,3.5211416049879425,1.6206628644142846,2.209025337103016,6.767194022086201,3.114711442546203,4.245470569744859,33.82301895925857,27.13392294173775,30.10899368557189,65.00361456232505,52.148008153652235,57.86572223945847,0.778894472361809,-0.0011055276381910506,-0.0011055276381910506,0.6331658291457287,-0.0018341708542712887,-0.0018341708542712887,0.4974874371859297,-0.002512562814070307,-0.002512562814070307,0.4122448979591836,0.07415935824431596,0.1517292941599977,0.39344262295081966,0.4120603015075377,0.07371443684588352,0.15162624474626896,0.38888888888888884,0.4122448979591836,0.07415935824431596,0.1517292941599977,0.39344262295081966,28.0,13.0,13.0,40.0,15.0,15.0,48.0,14.0,14.0,0.00043429590551658057,-5.169240420075421e-05,7.87318135035429e-06,-1.0066742095027337e-05,-8.484196204427974e-05,-0.00010243434826673337,-0.9405136108398438
218,0,3.146603287710038,1.4446959926905223,1.959022363670432,5.887193247973619,2.7029795992274286,3.6652676481575823,23.25693315301074,17.77253536586065,19.977794034624935,43.512971705633,33.251840361932835,37.3778081938144,3.458407313380409,1.4914364161217364,2.093246029994038,5.489535418064142,2.367359390669423,3.3226127460222834,31.766342374758928,24.61735373827157,27.84998773076101,50.42276567422052,39.07516466392313,44.20632973136669,3.146603287710038,1.4446959926905223,1.959022363670432,5.887193247973619,2.7029795992274286,3.6652676481575823,23.25693315301074,17.77253536586065,19.977794034624935,43.512971705633,33.251840361932835,37.3778081938144,0.7738693467336684,-0.0011306532663316604,-0.0011306532663316604,0.5829145728643217,-0.002085427135678275,-0.002085427135678275,0.4623115577889447,-0.002688442211055242,-0.002688442211055242,0.40830449826989623,0.11124059498837635,0.15859218526644403,0.36458333333333337,0.42713567839195976,0.10132114205110765,0.15167657989446393,0.38383838383838387,0.40830449826989623,0.11124059498837635,0.15859218526644403,0.36458333333333337,23.0,2.0,2.0,35.0,0.0,0.0,46.0,2.0,2.0,0.0010831117962202357,0.00041555895152709356,0.00021167488087315555,-0.0003149833039568506,0.00014238108104080993,-5.260203672641239e-06,-1.3470900058746338
381,1,2.9670210440699667,1.2903215342287535,1.789830481452834,4.955556424670051,2.1551114986586626,2.9893977190222865,19.433940428132253,14.086064229682371,16.188696354517475,32.45881539592302,23.526724298512047,27.03856731552387,2.9848431306867744,1.283132574302757,1.8051632704300253,5.059056153706398,2.174800973394504,3.0595987634407216,19.783398584793588,14.300079684447834,16.53006606967395,33.531184042023035,24.237423193979385,28.017061135040596,2.938476477179639,1.3008178906934849,1.803976140453044,4.87040300085023,2.1560517525306375,2.9900157024083596,18.887049530578967,13.743936282049095,15.777430138522034,31.304501984385023,22.780004887374186,26.150436693682927,0.6030150753768844,-0.0019849246231156137,-0.0019849246231156137,0.5125628140703518,-0.0024371859296482556,-0.0024371859296482556,0.4170854271356784,-0.0029145728643216184,-0.0029145728643216184,0.42172523961661346,0.11550514392283351,0.1783671099673042,0.3846153846153846,0.4170854271356784,0.11883981310059066,0.18002365751965166,0.35858585858585856,0.4247491638795987,0.1259177782368608,0.18781924174389242,0.3825503355704698,23.0,1.0,1.0,36.0,8.0,8.0,45.0,7.0,7.0,0.0010792543722794655,0.0001399762963738814,-7.87770336057728e-05,-0.026219578264120358,-0.019919394426915815,-0.0240269931511623,-1.6600208282470703
381,0,3.575083621114278,1.6676067439325726,2.2767130109581504,5.66732005847093,2.6435356906658396,3.609107557143886,35.69760576442284,28.961534360816437,32.03428294334386,56.58881822882939,45.910614128794236,50.78161898405078,3.746494474123471,1.7111615634256103,2.370716459173029,5.59178279719921,2.5539724827247916,3.538382774885118,42.37228420644922,34.71748414028046,38.414129177379245,63.2422152335063,51.817140507881284,57.33452116026753,3.575083621114278,1.6676067439325726,2.2767130109581504,5.66732005847093,2.6435356906658396,3.609107557143886,35.69760576442284,28.961534360816437,32.03428294334386,56.58881822882939,45.910614128794236,50.78161898405078,0.7688442211055276,-0.0011557788944723812,-0.0011557788944723812,0.6130653266331658,-0.001934673366834172,-0.001934673366834172,0.5175879396984925,-0.002412060301507535,-0.002412060301507535,0.44244604316546765,0.13723957996977643,0.20440776565350594,0.3898916967509025,0.4321608040201005,0.11386506467172952,0.19676848348587683,0.3939393939393939,0.44244604316546765,0.13723957996977643,0.20440776565350594,0.3898916967509025,30.0,15.0,15.0,40.0,8.0,8.0,50.0,13.0,13.0,0.00034432562984119963,0.00021622419506777318,0.00012608977660867084,-0.00023875416349117273,0.00018498985658865763,3.328992298534672e-05,-1.031174659729004
30,1,2.801577942618907,1.233392793865854,1.6467601053111438,5.327352875342688,2.345363499216417,3.131403930824818,16.47061596364949,11.672683210336267,13.297170682113846,31.319772324659912,22.196242166805234,25.285293473242394,3.0761595491188856,1.331540947152563,1.8770702074696566,4.732553152490593,2.0485245340808658,2.8878003191840866,21.675000573353177,15.951282529090985,18.357905766551447,33.34615472823565,24.540434660139972,28.242931948540683,2.9676368858503257,1.3413581612356393,1.8539017314300226,5.001635200871335,2.260716002082538,3.12455347993824,19.445912346630333,14.360995256298896,16.40019896190529,32.77400957297247,24.2039245892678,27.6407847672561,0.7336683417085428,-0.001331658291457205,-0.001331658291457205,0.5778894472361809,-0.002110552763819218,-0.002110552763819218,0.42211055276381915,-0.0028894472361808976,-0.0028894472361808976,0.3907103825136612,0.09466672630629425,0.13851096902392512,0.3561643835616438,0.42211055276381915,0.09378975075880658,0.1549986996753383,0.398989898989899,0.38795986622073575,0.07911178608717984,0.1399064735622263,0.3657718120805369,26.0,14.0,14.0,39.0,15.0,15.0,48.0,18.0,18.0,0.0003313585141157715,0.0006150518069786035,7.0228723892836e-05,-0.012455392492552342,-0.017461640482240526,-0.013718546702985002,-1.3573527336120605
30,0,3.28649184155388,1.513111293174052,2.071924922127778,5.639117148895729,2.5962674647904502,3.555106150536188,26.748859623975687,20.858125974569155,23.380024852523157,45.89695039305118,35.78935276510773,40.1165453753676,3.7039398565963286,1.6791955287930254,2.323279714947576,5.879269613644966,2.6653897282428973,3.687745579281866,40.6069752726627,33.03280108135595,36.62944878075811,64.45551630581382,52.4330175894539,58.141982191679546,3.2502402968231254,1.4978232021036957,2.0539562868610117,5.603862580729527,2.58245379673051,3.541303942863814,25.7965379986023,20.028009079111346,22.488735702589523,44.47678965276259,34.531050136398875,38.77368224584401,0.7587939698492463,-0.001206030150753712,-0.001206030150753712,0.6281407035175879,-0.0018592964824121205,-0.0018592964824121205,0.5376884422110553,-0.0023115577889447625,-0.0023115577889447625,0.45047923322683703,0.1426642412013187,0.21455999837030137,0.3685897435897436,0.44723618090452266,0.12142164456367055,0.18346322597964793,0.38383838383838387,0.4481605351170569,0.13430410773809198,0.21234296003363085,0.35906040268456374,27.0,15.0,15.0,39.0,15.0,15.0,49.0,17.0,17.0,0.0027346645493603132,0.0004081046308786184,0.000308579839980759,-0.0042237789399397485,-0.0034469122987736966,-0.0042775700566881625,-1.571671485900879
485,1,3.324039305892645,1.4223068632290379,1.9973013532251003,5.525675729276085,2.3643542661469725,3.320189262504063,27.77230513268518,21.074817722453147,24.003575592516928,46.16694879199614,35.0334632269351,39.90204773820996,3.4833265602888175,1.4691462881434387,2.086541142029934,5.400506295021422,2.277746183168122,3.2349475070231537,32.567881097319585,25.0732997518984,28.525695972400854,50.492838910573,38.87333294867969,44.225885228528455,3.324039305892645,1.4223068632290379,1.9973013532251003,5.525675729276085,2.3643542661469725,3.320189262504063,27.77230513268518,21.074817722453147,24.003575592516928,46.16694879199614,35.0334632269351,39.90204773820996,0.7135678391959799,-0.0014321608040201994,-0.0014321608040201994,0.5778894472361809,-0.002110552763819218,-0.002110552763819218,0.44723618090452266,-0.0027638190954772934,-0.0027638190954772934,0.39607843137254906,0.08688077970914398,0.14053736227215796,0.36220472440944884,0.3919597989949749,0.07867659097492474,0.13486464039731216,0.3737373737373737,0.39607843137254906,0.08688077970914398,0.14053736227215796,0.36220472440944884,22.0,9.0,9.0,34.0,8.0,8.0,41.0,7.0,7.0,0.0002338090466037189,0.0006163933627684217,0.0004202029364764348,-0.009430424043826768,-0.010628794494111915,-0.01105463989611355,-1.1193740367889404
485,0,3.1315408617014455,1.468209946029818,1.9112291414677036,5.513909268450392,2.585173493487909,3.3652264309096402,22.90925234975747,17.63239397595072,19.521008596601305,40.33782231919018,31.046511881099825,34.37191944281952,3.807717052536394,1.743583523757668,2.374720755215934,5.641062300053917,2.5830867018632113,3.5181048225421248,45.04748035558065,37.16901188244806,40.85624176195913,66.73700793419356,55.06520278881194,60.52776557327279,3.4002042952987264,1.5974430088513638,2.179252326144572,5.513844803187124,2.590448122461671,3.533922691045252,29.970222197509212,23.903846838916483,26.579808430347562,48.600360320285205,38.762994873918615,43.102392049212256,0.7839195979899498,-0.006080402010050223,-0.006080402010050223,0.6582914572864322,-0.0067085427135678,-0.0067085427135678,0.5527638190954773,-0.0072361809045227155,-0.0072361809045227155,0.43051771117166215,0.14072179280431518,0.1939585713867159,0.36338797814207646,0.4371859296482412,0.09884006498658704,0.17007407655976037,0.4292929292929293,0.4481605351170569,0.14098190406530398,0.21568000119047182,0.38590604026845643,28.0,0.0,0.0,41.0,0.0,0.0,49.0,0.0,0.0,0.0008217083279156194,0.0008566735265196112,0.00047480974067911974,-0.03236781453127424,-0.03947888890849871,-0.03825930249840237,-1.9049744606018066
442,1,2.706524263193578,1.1901455103522636,1.471642658555194,5.664169334312333,2.4907168927990666,3.0798294813062306,14.97712838613985,10.421430405868819,11.539156929405339,31.343887241096798,21.809797653519283,24.148957285250347,2.603800076336118,1.089790031769746,1.5373500128424245,5.156039755121026,2.1580000629103884,3.044257451173118,13.514998602653232,8.9700789714643,10.609950166633018,26.762373470600462,17.762532616760993,21.009802310164392,3.021383564607754,1.324693956904725,1.845379493483483,5.665094183639539,2.4838011691963593,3.460086550281531,20.519662331920692,15.063805892876783,17.27826642942893,38.4743668723513,28.24463604914397,32.39674955517924,0.542713567839196,-0.0022864321608039306,-0.0022864321608039306,0.44723618090452266,-0.0027638190954772934,-0.0027638190954772934,0.3517587939698492,-0.0032412060301507672,-0.0032412060301507672,0.3901234567901235,0.1028238267038103,0.13401397487418998,0.3465346534653465,0.40201005025125625,0.12130829586529135,0.17997332237145658,0.29292929292929293,0.4180602006688964,0.12089826410796145,0.1855796667423113,0.3791946308724832,21.0,10.0,10.0,32.0,11.0,11.0,38.0,11.0,11.0,0.00179572389131248,0.0006641981928810989,0.0006243039440733266,-0.02604708850611459,-0.02529909464437008,-0.026178991130080043,-1.253157377243042
442,0,3.4502962177018244,1.4994953504504984,2.0958901089403588,6.166486857169218,2.679949136975359,3.7458461521487267,31.509724664700475,24.47540578374705,27.635265398888674,56.315252592230635,43.743278422016004,49.39068709588614,3.3961840945871633,1.4760127886391305,2.0741010174191366,5.805442896730194,2.523098783998514,3.545471824648097,29.849977754252574,23.027850714116042,26.09875041400144,51.025602998722356,39.36384737455734,44.61324857094264,3.4502962177018244,1.4994953504504984,2.0958901089403588,6.166486857169218,2.679949136975359,3.7458461521487267,31.509724664700475,24.47540578374705,27.635265398888674,56.315252592230635,43.743278422016004,49.39068709588614,0.7386934673366834,-0.0013065326633165952,-0.0013065326633165952,0.592964824120603,-0.0020351758793969443,-0.0020351758793969443,0.4723618090452262,-0.0026381909547738003,-0.0026381909547738003,0.42629482071713143,0.0942868684308491,0.1507981319754096,0.43999999999999995,0.42713567839195976,0.09881487638694719,0.15000713081266093,0.43939393939393945,0.42629482071713143,0.0942868684308491,0.1507981319754096,0.43999999999999995,19.0,4.0,4.0,32.0,10.0,10.0,36.0,5.0,5.0,-0.00022471703785761915,-0.00013516856780017335,-0.0002528888646671239,-5.164627325804361e-05,-0.00011782167916685182,0.0001279129611404528,-1.044259786605835
118,1,3.2216480066821833,1.4919408112986172,2.0369650272600826,5.606735481242474,2.596471577674389,3.544994384458155,25.06940069657872,19.43039815587865,21.799750585801046,43.62906751062043,33.815333807192125,37.9387924559521,3.5240851502921715,1.5770887614146278,2.203586953464224,5.220866889321735,2.3364277946883374,3.264573264391443,33.92272522084827,26.91511741088764,30.177438418295687,50.25588921607151,39.874248016129826,44.70731617525287,3.210809513079283,1.4961355155154925,2.0431374915762373,5.411476707436993,2.5215767115429646,3.4434901543419727,24.799153340179593,19.24428902232948,21.58465270723342,41.79632585423526,32.43419498145417,36.378628158258564,0.7638190954773869,-0.001180904522613102,-0.001180904522613102,0.592964824120603,-0.0020351758793969443,-0.0020351758793969443,0.46733668341708545,-0.002663316582914521,-0.002663316582914521,0.39171974522292996,0.0817038469717376,0.13748245708733675,0.31948881789137384,0.4170854271356784,0.09127089079482631,0.15832081945621268,0.33838383838383834,0.3946488294314381,0.08246185113427618,0.13769666035468608,0.31543624161073824,20.0,0.0,0.0,29.0,0.0,0.0,40.0,0.0,0.0,0.0021224497599333643,0.0004198810612256879,0.00017304058065052038,0.0004478011750661537,4.5542954798527546e-05,-9.287412789138472e-05,-1.011077642440796
118,0,3.6316879550615946,1.6695178860273117,2.292349162733566,6.630581796741244,3.0481349282771366,4.185273850142343,37.7765279126524,30.661778089495044,33.96000875350089,68.97078202234263,55.98097363309323,62.00274325449784,3.923537465196159,1.7684664471612073,2.4505546933895532,6.432028631469113,2.899125323215094,4.0173027760484485,50.57905031652619,41.95054737999299,46.21682303283854,82.91647592873146,68.77138914752949,75.76528366039105,3.6316879550615946,1.6695178860273117,2.292349162733566,6.630581796741244,3.0481349282771366,4.185273850142343,37.7765279126524,30.661778089495044,33.96000875350089,68.97078202234263,55.98097363309323,62.00274325449784,0.7939698492462312,-0.001030150753768888,-0.001030150753768888,0.6381909547738693,-0.0018090452261306789,-0.0018090452261306789,0.5527638190954773,-0.0022361809045226,-0.0022361809045226,0.4458333333333333,0.12566701316701312,0.19375577100646346,0.39330543933054396,0.4371859296482412,0.10886512764322864,0.17174352564156337,0.41414141414141414,0.4458333333333333,0.12566701316701312,0.19375577100646346,0.39330543933054396,24.0,4.0,4.0,36.0,6.0,6.0,46.0,6.0,6.0,0.0004803535376050501,0.00017277268568842357,0.00040669207739978016,2.4582867206746073e-05,-5.7358864443912694e-05,-7.978146849918488e-05,-0.5974681377410889
6,1,3.440774545700419,1.584278625101623,2.1634484834589562,5.643598461201746,2.5985522422301757,3.5485133855676003,31.211123249939813,24.80985637107485,27.624087868704564,51.19284765863144,40.69341521181589,45.309350472478386,3.9765578316683747,1.827402087333267,2.5238109291054354,6.071080659035687,2.789926850890484,3.85314645664952,53.33313627250579,44.755522632018256,49.058295298803124,81.42463553054318,68.32904218628741,74.89816076153149,3.4525742339449983,1.5910657076762924,2.181922114688235,5.6910564295796675,2.6226357818839987,3.5965749143212666,31.58158614904265,25.148151689180736,28.018410728852878,52.05755958633404,41.45299728985835,46.18419350909815,0.7688442211055276,-0.0011557788944723812,-0.0011557788944723812,0.6532663316582914,-0.0017336683417086274,-0.0017336683417086274,0.5276381909547738,-0.002361809045226204,-0.002361809045226204,0.43042071197411,0.12993605930852037,0.18822480239391626,0.3571428571428571,0.4120603015075377,0.08624576516668558,0.16164293923708695,0.38888888888888884,0.4280936454849499,0.12759281076040896,0.19005137629696323,0.3557046979865772,23.0,3.0,3.0,36.0,5.0,5.0,44.0,6.0,6.0,0.0021529828636014697,0.0004563120073173298,0.00034747708565581556,0.0004675458078473582,6.49105800478722e-05,-7.53513430460373e-05,-1.4799795150756836
6,0,3.9667626515482413,1.859858834881611,2.5455493883200435,6.529143494784373,3.061258330705758,4.1898794279801965,52.81327880162145,44.59053608969211,48.671135899100975,86.92868871074339,73.39436064452428,80.1108758587687,3.9301464815235616,1.809614802128713,2.496845947767172,5.954767396247821,2.741840609285929,3.7830999208593514,50.91443514702836,42.57886698745871,46.72192123192519,77.14308355610356,64.51343482948289,70.79078974534119,3.9667626515482413,1.859858834881611,2.5455493883200435,6.529143494784373,3.061258330705758,4.1898794279801965,52.81327880162145,44.59053608969211,48.671135899100975,86.92868871074339,73.39436064452428,80.1108758587687,0.7738693467336684,-0.0011306532663316604,-0.0011306532663316604,0.6582914572864322,-0.0017085427135676845,-0.0017085427135676845,0.5477386934673367,-0.002261306532663321,-0.002261306532663321,0.4545454545454546,0.1331843959443204,0.20895351499885506,0.44106463878326996,0.457286432160804,0.1264593644916311,0.20353017172674726,0.43434343434343436,0.4545454545454546,0.1331843959443204,0.20895351499885506,0.44106463878326996,26.0,3.0,3.0,36.0,3.0,3.0,46.0,5.0,5.0,-0.00027537718172908793,0.00048334810649422813,0.00023510770142297095,-0.000141735257445319,-0.00018927773293242467,8.23537205478786e-05,-0.7500829696655273
496,1,3.1858436087319126,1.3704489887555873,1.7114632805730838,6.039513950202679,2.598007561621967,3.244480152745183,24.187684743425528,18.044184696422615,19.81935673923034,45.85343079322375,34.20698520648837,37.572240263943776,3.3407159055297697,1.397259211232744,1.9793763822111559,5.02363294064627,2.101141671026683,2.9765058379115126,28.239336167431947,21.256489299918346,24.33792032677977,42.4651671690706,31.964645563786988,36.59837643124777,3.210233528079795,1.4164858496558324,1.9688340787907512,5.698639398958216,2.514471922465974,3.494971737498375,24.784873512733643,18.772932390767526,21.324420706747983,43.99681688650942,33.3247320546169,37.854001254582215,0.6432160804020101,0.00821608040201005,-0.011783919597989967,0.5577889447236181,0.017788944723618028,0.012788944723618134,0.44221105527638194,-0.017788944723618028,-0.012788944723618023,0.4235588972431078,0.11942873453972858,0.15962927847477937,0.414572864321608,0.4120603015075377,0.10629589047996879,0.17499853189151093,0.4040404040404041,0.4247491638795987,0.13092612548226978,0.18448220058705145,0.4093959731543624,21.0,1.0,1.0,32.0,-1.0,-1.0,44.0,0.0,1.0,6.456542095012356e-06,0.0002111155676107368,-3.5309898038016966e-05,0.0001121424177892294,0.00038112579070403996,2.214733300753835e-05,-1.141446828842163
496,0,2.7500582468063435,1.2251500213750413,1.6053683632684543,4.887544277499425,2.177399327088343,2.853142825714077,15.643543044074052,11.048821172735671,12.502076058938698,27.802505410084215,19.636530520264817,22.219329488635125,3.2791804404714,1.4732525328575166,2.039157722062532,5.332000716213659,2.39553257375206,3.3157036131098088,26.55400119486868,20.468385476273458,23.09830922317465,43.17723771523362,33.28192760369668,37.558226379145765,2.8962072596502146,1.339554494408009,1.8412966060924743,5.022324727717136,2.3229268689156233,3.1929998949580485,18.105346106320553,13.362427123909907,15.233627541718626,31.396553941596334,23.17183894319637,26.416695159049638,0.7085427135678393,0.0035427135678391952,0.00854271356783931,0.5477386934673367,-0.007261306532663214,-0.02226130653266334,0.46733668341708545,-0.0076633165829145256,-0.02266331658291454,0.4144385026737968,0.12338376302092624,0.17787936288885053,0.36193029490616624,0.4522613065326633,0.15652195816173597,0.2151995369166365,0.398989898989899,0.4280936454849499,0.14094840341483306,0.2056242350288876,0.37583892617449666,22.0,11.0,11.0,35.0,13.0,12.0,44.0,16.0,16.0,0.0008394142541412272,0.0005903928569321041,0.00035039765981300026,0.00021086558169436387,-0.00018686854818827925,8.388977832662903e-05,-1.9819674491882324
143,1,3.0707814319224296,1.3888090099435502,1.7476973532296922,6.300670710058457,2.8495770359463517,3.5859489734661043,21.558742784265082,16.18259322854169,17.80375857972708,44.234518873414366,33.20366279016844,36.52999169726385,4.008740415525197,1.860845563979256,2.5593854317958042,6.02818107597774,2.7982640059838437,3.8486998974373,55.07745214982414,46.51064714482687,50.81708652624586,82.82323631552502,69.94082277417574,76.41667146803888,3.4913747031553135,1.6538404468634067,2.246374134960611,6.425843011942295,3.0438781230614844,4.134430923240389,32.831049645780055,26.550017908939573,29.358112873139515,60.42524474683446,48.8650636360851,54.0333365763304,0.7236180904522613,-0.0013819095477386467,-0.0013819095477386467,0.6080402010050252,-0.001959798994974782,-0.001959798994974782,0.542713567839196,-0.0022864321608039306,-0.0022864321608039306,0.3924050632911392,0.13323945014322514,0.16464357746513725,0.35532994923857864,0.457286432160804,0.1414969584765935,0.22022466254477724,0.4747474747474747,0.4247491638795987,0.14762061630029988,0.207841488684938,0.40268456375838924,23.0,0.0,0.0,33.0,0.0,0.0,44.0,0.0,0.0,0.0005072684496562263,0.002030092081093541,0.00025474978944255367,-0.034709430790631046,-0.05254375250402088,-0.04179726911113679,-1.8447883129119873
143,0,3.7683167715330383,1.7550297553817131,2.4055547757674383,6.08255478883322,2.8328469421107005,3.882879176102876,43.30710769481513,35.819217940007015,39.40013824863641,69.9033205726092,57.81688982707654,63.59696228176638,3.7346824976667086,1.6703537865322593,2.3302533079178334,5.6586098449495585,2.5308390705034234,3.5306868301785355,41.87472812834446,33.99472176709636,37.80152707569298,63.446557770218874,51.50715419257024,57.27504102377724,3.7683167715330383,1.7550297553817131,2.4055547757674383,6.08255478883322,2.8328469421107005,3.882879176102876,43.30710769481513,35.819217940007015,39.40013824863641,69.9033205726092,57.81688982707654,63.59696228176638,0.7336683417085428,-0.001331658291457205,-0.001331658291457205,0.6231155778894473,-0.0018844221105527303,-0.0018844221105527303,0.5376884422110553,-0.0023115577889447625,-0.0023115577889447625,0.43918918918918914,0.10866642359053824,0.18525660491952622,0.45084745762711864,0.4321608040201005,0.08880240803012551,0.16838784909522575,0.4444444444444444,0.43918918918918914,0.10866642359053824,0.18525660491952622,0.45084745762711864,22.0,0.0,0.0,34.0,0.0,0.0,44.0,0.0,0.0,-0.00046223471307284687,-0.00010633021714212563,-1.1241312318201421e-05,-0.00036349275698022154,0.0001152664056931485,-2.979210245257491e-05,-0.9387784004211426
312,1,2.8987886026652174,1.3058271436656477,1.7843624802646623,5.573154861898289,2.510557992337826,3.4305807685088348,18.152142587926736,13.23384988343565,15.104323985540583,34.89895800775592,25.443143646863383,29.039280952845772,2.5958264359277696,1.0303608084702058,1.494848817102115,4.437310146885077,1.7613005272994973,2.5552971232514787,13.407663358683454,8.622760959473634,10.400558969410014,22.919082664416162,14.739762323886557,17.77873328104276,2.8987886026652174,1.3058271436656477,1.7843624802646623,5.573154861898289,2.510557992337826,3.4305807685088348,18.152142587926736,13.23384988343565,15.104323985540583,34.89895800775592,25.443143646863383,29.039280952845772,0.6030150753768844,-0.0019849246231156137,-0.0019849246231156137,0.48743718592964824,-0.002562814070351749,-0.002562814070351749,0.371859296482412,-0.003140703517587995,-0.003140703517587995,0.41414141414141414,0.1183430948136831,0.1767393984639225,0.45608108108108103,0.42713567839195976,0.128890064356872,0.183396112448721,0.43434343434343436,0.41414141414141414,0.1183430948136831,0.1767393984639225,0.45608108108108103,23.0,10.0,10.0,33.0,14.0,14.0,43.0,13.0,13.0,-0.0010831428403657991,-9.258891499873486e-05,-0.00018721974308908405,-0.005917447482045368,-0.007105979627370473,-0.005798085270900977,-1.707134485244751
312,0,3.8640870121326523,1.8134767092171753,2.4741265137528257,6.563654650745875,3.080426190999037,4.202625858977402,47.659739799131884,39.887096473184755,43.64504833608723,80.95627034373086,67.75342414623164,74.13679443390158,3.990008589011341,1.8363903778746162,2.531285857306438,6.384013742418146,2.9382246045993865,4.0500573716903014,54.05535364337822,45.43937715397494,49.75489046971152,86.48856582940515,72.7030034463599,79.60782475153843,3.8640870121326523,1.8134767092171753,2.4741265137528257,6.563654650745875,3.080426190999037,4.202625858977402,47.659739799131884,39.887096473184755,43.64504833608723,80.95627034373086,67.75342414623164,74.13679443390158,0.7638190954773869,-0.001180904522613102,-0.001180904522613102,0.6582914572864322,-0.0017085427135676845,-0.0017085427135676845,0.5577889447236181,-0.00221105527638199,-0.00221105527638199,0.4331983805668016,0.10592565329407433,0.18151601179156607,0.4186991869918699,0.44221105527638194,0.10887772194304857,0.1851158966787192,0.43939393939393945,0.4331983805668016,0.10592565329407433,0.18151601179156607,0.4186991869918699,26.0,11.0,11.0,38.0,9.0,9.0,45.0,9.0,9.0,0.00033367213625535425,0.000236871107227889,0.00013261984305380298,-2.39265858157367e-05,-9.583520108336074e-05,-0.00011149550017286458,-0.7355408668518066
380,1,3.2676414862328533,1.503537805543719,2.065457773155349,6.05920275592847,2.7880171228625255,3.8299879237317733,26.24935680925456,20.413018019454395,22.921981781850203,48.67430401716078,37.85195394335915,42.50433707892753,3.544592615348011,1.6015801788182635,2.209791657908671,6.164508896257411,2.785356832727415,3.8431159267976893,34.62557654015253,27.64583116761491,30.82633687938792,60.21839398287397,48.07970637846072,53.611020659805085,3.2676414862328533,1.503537805543719,2.065457773155349,6.05920275592847,2.7880171228625255,3.8299879237317733,26.24935680925456,20.413018019454395,22.921981781850203,48.67430401716078,37.85195394335915,42.50433707892753,0.778894472361809,-0.0011055276381910506,-0.0011055276381910506,0.5879396984924623,-0.002060301507537776,-0.002060301507537776,0.4824120603015075,-0.0025879396984924696,-0.0025879396984924696,0.4229390681003584,0.1259802130019685,0.18932762590727137,0.41007194244604317,0.4321608040201005,0.12138386166421078,0.18007399266784674,0.43939393939393945,0.4229390681003584,0.1259802130019685,0.18932762590727137,0.41007194244604317,24.0,5.0,5.0,37.0,6.0,6.0,48.0,5.0,5.0,0.0007585835189619912,0.00027011213567011477,0.00012803744281290975,-0.0002456840853515274,0.00018111633153772289,2.978536601450088e-05,-1.068652629852295
380,0,3.20370515354218,1.4252136920156195,1.9435688655470176,5.86089589853893,2.6073026953932805,3.5555877481477793,24.623595589718786,18.702677843816094,21.097693596983973,45.046695461191426,34.21489887898121,38.59636887448245,3.778979382922302,1.613958606948057,2.268200605732936,6.144681923450897,2.6243229381269217,3.688131066232416,43.77134514803168,35.05656217495465,39.241087665958666,71.1729189398889,57.00254012187748,63.806646611314896,3.290576436846551,1.4180171555037375,1.9834604106365088,5.841259947064883,2.51719021687054,3.5209356401831515,26.858341332099627,20.353418289838263,23.16284072985415,47.67752899189283,36.13032832515668,41.117468751220386,0.8190954773869347,-0.0009045226130653949,-0.0009045226130653949,0.6582914572864322,-0.0017085427135676845,-0.0017085427135676845,0.5326633165829145,-0.0023366834170853723,-0.0023366834170853723,0.4096774193548387,0.100498675393486,0.15753149660805754,0.3268608414239482,0.42211055276381915,0.07875215677384417,0.13997365793911132,0.3737373737373737,0.4180602006688964,0.11088156961714346,0.16444507274898534,0.3355704697986577,25.0,10.0,10.0,36.0,9.0,9.0,47.0,11.0,11.0,0.0020584178122017537,0.00037011720924883743,0.000489545690295326,-0.010644312568838465,-0.008246873395301613,-0.010031844997261175,-0.461437463760376
490,1,3.052667462600852,1.35731119622304,1.6278886954886718,5.844070592816946,2.5984561188954594,3.1164535837057903,21.171744002535092,15.723157234792229,17.01480591293321,40.53149189674511,30.100638850390528,32.57338969818294,3.241361186732,1.4141866740672242,1.984170728367402,5.35762179625124,2.3374986348218583,3.279621038623805,25.568501576163268,19.352203825122192,22.05297100627057,42.261986076302925,31.98711376053255,36.451191745901774,3.2054022562543683,1.4601941506751257,2.0031385378020845,6.086206815672852,2.772520539256568,3.8034276034216794,24.665419840564326,18.938326649102713,21.337778594624552,46.83307564664113,35.95884806791655,40.51476948346434,0.6934673366834171,-0.0015326633165829717,-0.0015326633165829717,0.5477386934673367,-0.002261306532663321,-0.002261306532663321,0.44723618090452266,-0.0027638190954772934,-0.0027638190954772934,0.40801886792452835,0.11119907993866263,0.14115669783655183,0.38534278959810875,0.4170854271356784,0.11132101610810952,0.16499861578342467,0.4040404040404041,0.4013377926421404,0.1041758560812055,0.1699696057678356,0.38926174496644295,24.0,7.0,7.0,35.0,11.0,11.0,45.0,11.0,11.0,0.0007409680299925619,0.0002524511919439005,0.0001930481979596207,-0.02280976618686914,-0.02167644053767681,-0.024632988041793702,-1.2228014469146729
490,0,3.8307859388172116,1.7801336120117064,2.451280726483142,6.124045548449284,2.8457918287261976,3.918714086554683,46.09875480117069,38.32578483165184,42.12581941949731,73.6952882875858,61.26911180570191,67.34399703116917,3.7651513353664074,1.7252328714371523,2.3892168236945293,5.748322649414362,2.6339433151712246,3.647659272816075,43.17023854940284,35.480256387016155,39.21146403357531,65.90876114412647,54.16833036185673,59.864830585611166,3.8307859388172116,1.7801336120117064,2.451280726483142,6.124045548449284,2.8457918287261976,3.918714086554683,46.09875480117069,38.32578483165184,42.12581941949731,73.6952882875858,61.26911180570191,67.34399703116917,0.7889447236180904,-0.001055276381909609,-0.001055276381909609,0.6281407035175879,-0.0018592964824121205,-0.0018592964824121205,0.5025125628140703,-0.0024874371859296973,-0.0024874371859296973,0.43162393162393164,0.10113352650666085,0.16457847707847706,0.45922746781115875,0.4321608040201005,0.10133373635092757,0.16838784909522575,0.45959595959595956,0.43162393162393164,0.10113352650666085,0.16457847707847706,0.45922746781115875,24.0,4.0,4.0,33.0,0.0,0.0,47.0,6.0,6.0,-0.0005072111223258172,-0.00016666937595681477,-6.842804339599996e-05,6.616239837065052e-05,-2.437914732134061e-05,-5.259801277901488e-05,-0.5955445766448975
367,1,2.7660945924390266,1.172680088894666,1.5937806809646813,5.471060022614207,2.319444595714312,3.1523396894218556,15.896430583796091,10.975909168811107,12.666973907299816,31.441558834248617,21.709256809029696,25.054014689576427,2.6063879914020176,1.0880050100944931,1.5343295720486407,4.380484019163055,1.828579848898308,2.5787051631069593,13.550019567248098,8.985181771321699,10.628632813082877,22.773142129828738,15.101145834154115,17.863248425349372,2.8060502910295058,1.2342508328617179,1.709212017250202,5.196389427832417,2.285649690484662,3.165207439352226,16.54444326442459,11.72913792154463,13.549760591188058,30.637857897082572,21.7206257806382,25.09214924294085,0.5879396984924623,-0.002060301507537776,-0.002060301507537776,0.4623115577889447,-0.002688442211055242,-0.002688442211055242,0.36180904522613067,-0.0031909547738693256,-0.0031909547738693256,0.4117647058823529,0.11526120937885642,0.1585877752860675,0.4129213483146067,0.40201005025125625,0.1238145615294517,0.1716260769624416,0.38383838383838387,0.41137123745819393,0.110870402733653,0.1722166212179269,0.412751677852349,21.0,10.0,10.0,34.0,17.0,17.0,38.0,13.0,13.0,-0.00022027744917775926,-0.00024570624239246373,-0.0003062814001525168,0.00027799733314992636,-0.0001210186223419285,0.0001258746411432199,-1.550178050994873
367,0,3.892559605505731,1.8013793566764678,2.388282557049843,6.358434468722031,2.942524650498664,3.901221733461508,49.03623945675868,40.94177644748817,44.53534093450766,80.0999205605877,66.87774342779741,72.74777410568899,3.7877947199883772,1.6950050730127,2.3528456214634335,5.570286352924084,2.4926545191363236,3.460067090387402,44.1589100571938,36.051409345547086,39.959478811091074,64.9395736135203,53.01677844933394,58.763939428075105,3.9534644845337374,1.8456545219999874,2.5129876262228468,6.342456392300114,2.9609430834224395,4.031530951159647,52.115608151330235,43.885411058207794,47.892899180499185,83.60792751550305,70.40440276717828,76.83352809705752,0.7386934673366834,-0.0013065326633165952,-0.0013065326633165952,0.6030150753768844,-0.0019849246231156137,-0.0019849246231156137,0.5326633165829145,-0.0023366834170853723,-0.0023366834170853723,0.4444444444444444,0.12266913237787025,0.18344737699576408,0.4540389972144847,0.4623115577889447,0.15153461543305502,0.21690254276390297,0.4545454545454546,0.4381270903010034,0.11759286659482637,0.18784900353793332,0.46308724832214765,17.0,0.0,0.0,31.0,0.0,0.0,37.0,0.0,0.0,0.0006469820928107233,-0.0003824158884048426,4.898676539716387e-05,-0.0061662298550855255,-0.004944220869167459,-0.005646323063771774,-1.3159384727478027
212,1,3.353245169935899,1.465509128424224,1.893841410595745,5.550198901962868,2.425670281529751,3.134634058917096,28.595380103525944,21.99098044737653,24.291987198092684,47.33028430928432,36.39886418876115,40.207427086498235,3.330720171856521,1.4496141492511985,2.0370477925076895,4.758171674080744,2.07087735607314,2.9100682750109845,27.958469357464168,21.397712160867755,24.31231730481891,39.9406705106631,30.568160229811077,34.73188186402702,3.1628155405306098,1.3982567474212828,1.9462636603783499,5.1288900657253125,2.267443374196674,3.156103233045972,23.6370534102007,17.79805782560455,20.261524992919664,38.33035688140654,28.861715392872238,32.856527015545396,0.7185929648241206,-0.0014070351758793676,-0.0014070351758793676,0.5678391959798995,-0.0021608040201005485,-0.0021608040201005485,0.4522613065326633,-0.0027386934673366836,-0.0027386934673366836,0.433420365535248,0.12051293398374863,0.15971557570142592,0.40575916230366493,0.4371859296482412,0.12891525295651185,0.18176022013238147,0.3787878787878788,0.4180602006688964,0.11755936594435545,0.16889446095810656,0.37583892617449666,20.0,11.0,11.0,33.0,16.0,16.0,40.0,17.0,17.0,0.0007375352906632552,-0.00015122906363407762,0.0002457909080061409,-0.004500203798874836,-0.0037180590522565282,-0.0041265379877541974,-1.5918946266174316
212,0,3.14485412016234,1.4445615443827773,1.9892964524984735,5.737233867863728,2.635348763401012,3.629121906585053,23.21628843785189,17.740739267389866,20.040494476458335,42.35403971770277,32.36486217699502,36.5603615448902,3.1724973515649535,1.412451812994903,1.9684399263541632,5.075995762503926,2.259922900791845,3.149503882166661,23.867014317424903,18.05431222690797,20.53339890254056,38.18722290787984,28.88689956305275,32.8534382440649,3.14485412016234,1.4445615443827773,1.9892964524984735,5.737233867863728,2.635348763401012,3.629121906585053,23.21628843785189,17.740739267389866,20.040494476458335,42.35403971770277,32.36486217699502,36.5603615448902,0.6884422110552764,-0.0015577889447235815,-0.0015577889447235815,0.5477386934673367,-0.002261306532663321,-0.002261306532663321,0.46733668341708545,-0.002663316582914521,-0.002663316582914521,0.43494423791821557,0.12140063866033057,0.19637810689225754,0.41417910447761197,0.4371859296482412,0.12891525295651185,0.19678526186860845,0.40909090909090906,0.43494423791821557,0.12140063866033057,0.19637810689225754,0.41417910447761197,27.0,4.0,4.0,39.0,6.0,6.0,45.0,4.0,4.0,0.00026688142438850525,0.0006744042434641779,0.00031422937368715264,-0.009908891883714688,-0.010701476340313043,-0.009590395321252387,-0.967717170715332
419,1,3.2038920338791197,1.4467609106112813,1.9885685942035698,5.695808060229546,2.572019396642278,3.535233056361902,24.628197685566477,18.832411560921027,21.256813358118528,43.78346255211818,33.47984277497072,37.78989041443293,3.2030115984193044,1.3565581447554091,1.9078385687505632,5.124818557470887,2.1704930316086544,3.052541710000901,24.606523689690103,18.269219612080054,20.95489593026763,39.37043790350417,29.23075137932809,33.52783348842821,3.20043696806981,1.433451517427076,1.9787925659891086,5.715066014410374,2.55973485254835,3.5335581535519793,24.543252471952393,18.690070438868908,21.150490257686524,43.82723655705784,33.37512578369447,37.76873260301164,0.6432160804020101,-0.001783919597989958,-0.001783919597989958,0.5125628140703518,-0.0024371859296482556,-0.0024371859296482556,0.4120603015075377,-0.0029396984924623393,-0.0029396984924623393,0.4158415841584159,0.12424356109416546,0.18313027790155534,0.4139072847682119,0.40201005025125625,0.11128323320864975,0.1599399333898205,0.3939393939393939,0.4147157190635451,0.12423157882982228,0.1800104910323994,0.412751677852349,22.0,2.0,2.0,33.0,5.0,5.0,43.0,5.0,5.0,-0.0004820096503330629,-0.00030014267979129865,-0.00012875611818702248,0.0004912393671849813,8.815173034548707e-05,-5.432400123339676e-05,-1.3018028736114502
419,0,3.2638108316075387,1.4992702640440905,2.05550027051312,6.061362972985429,2.784359061796168,3.8173576452386513,26.14899693391465,20.310107767230644,22.801173005736512,48.562422877270066,37.71877156771406,42.3450355820821,3.333038871611782,1.4488100152693038,2.0292999862003462,6.005475444345553,2.6104684959807276,3.656396371532155,28.023371869161473,21.442094494774707,24.34033044273414,50.49256192641706,38.63440449508956,43.85645124816961,3.2638108316075387,1.4992702640440905,2.05550027051312,6.061362972985429,2.784359061796168,3.8173576452386513,26.14899693391465,20.310107767230644,22.801173005736512,48.562422877270066,37.71877156771406,42.3450355820821,0.728643216080402,-0.001356783919598037,-0.001356783919598037,0.5829145728643217,-0.002085427135678275,-0.002085427135678275,0.4723618090452262,-0.0026381909547738003,-0.0026381909547738003,0.44015444015444016,0.12416214728353459,0.18983351589256592,0.43410852713178294,0.4371859296482412,0.1213964559640307,0.18176022013238147,0.43434343434343436,0.44015444015444016,0.12416214728353459,0.18983351589256592,0.43410852713178294,26.0,14.0,14.0,37.0,13.0,13.0,46.0,14.0,14.0,-7.5415691479269945e-06,0.00015171803844406294,0.0001298687520630422,-0.00010708564814265742,-0.00016179463533028127,9.987650539144965e-05,-0.8471920490264893
50,1,4.179755151922053,1.9864547446300795,2.705425983762642,6.991590435942343,3.322797027381224,4.525439827384783,65.34985046968764,56.38509879464268,60.981745943433985,109.31247714929569,94.31689252922048,102.00582957810776,4.294067804537826,2.003281306962826,2.7451075180296063,6.555828709218054,3.058444743454696,4.19100384432001,73.26388634000995,63.38117898928463,68.5573121908571,111.85326158780144,96.76515876226661,104.66765219978183,4.179755151922053,1.9864547446300795,2.705425983762642,6.991590435942343,3.322797027381224,4.525439827384783,65.34985046968764,56.38509879464268,60.981745943433985,109.31247714929569,94.31689252922048,102.00582957810776,0.7839195979899498,-0.0010804020100502187,-0.0010804020100502187,0.6934673366834171,-0.0015326633165829717,-0.0015326633165829717,0.5678391959798995,-0.0021608040201005485,-0.0021608040201005485,0.4436363636363636,0.11151295165814223,0.18728811696163572,0.44525547445255476,0.4522613065326633,0.12143423886349036,0.19516614793500053,0.4747474747474747,0.4436363636363636,0.11151295165814223,0.18728811696163572,0.44525547445255476,26.0,2.0,2.0,41.0,7.0,7.0,52.0,6.0,6.0,0.00029470655542538184,5.153587421667691e-06,-7.428581487114169e-06,-0.0002179643979092205,0.00019661043173790915,4.380359388900246e-05,-0.532905101776123
50,0,3.555139644201412,1.6252317439796076,2.2310360810991616,6.018177567635069,2.751209292096198,3.7767212091809337,34.99270615502803,28.103830406593076,31.233891850603708,59.23601891602784,47.57445800854644,52.873058753636336,3.679798540757529,1.6257460692405061,2.2735310649543,5.749685219933639,2.540228233188291,3.552392288991094,39.63840774454283,31.83896356973042,35.557712096705316,61.935012100848176,49.748380577703784,55.558925151102066,3.555139644201412,1.6252317439796076,2.2310360810991616,6.018177567635069,2.751209292096198,3.7767212091809337,34.99270615502803,28.103830406593076,31.233891850603708,59.23601891602784,47.57445800854644,52.873058753636336,0.7537688442211055,-0.0012311557788945438,-0.0012311557788945438,0.6180904522613065,-0.0019095477386934512,-0.0019095477386934512,0.48743718592964824,-0.002562814070351749,-0.002562814070351749,0.4147286821705426,0.09751398197711902,0.15828538320147045,0.36964980544747084,0.4120603015075377,0.08373949950252513,0.15830404107348095,0.3787878787878788,0.4147286821705426,0.09751398197711902,0.15828538320147045,0.36964980544747084,25.0,6.0,6.0,38.0,10.0,10.0,47.0,8.0,8.0,9.683853891178707e-05,0.00048793350851217916,0.0002351781174265191,-0.00010015572628230274,-0.00015629801580718805,0.00010338106235963096,-0.8683085441589355
176,1,3.1261184569448233,1.36764121953799,1.9078457724272027,5.800485691787794,2.5376464246918777,3.539991288723307,22.785365297265507,16.98177212956444,19.404023255327864,42.278047748105365,31.50953094560801,36.00399690728465,3.35366578737096,1.4255448581739973,2.0099445010876487,5.5894429789516,2.375908096956662,3.3499075018127473,28.607410348847782,21.73083382931329,24.77412861343535,47.67901724807964,36.21805638218881,41.29021435572559,3.14906345442386,1.3958781658879282,1.9372106697419562,5.72556991713429,2.537960301614415,3.522201217712648,23.314219523937382,17.54125755369708,19.954515826896998,42.38949004352251,31.893195552176504,36.28093786708545,0.6683417085427136,-0.0016582914572863539,-0.0016582914572863539,0.5276381909547738,-0.002361809045226204,-0.002361809045226204,0.457286432160804,-0.0027135678391959628,-0.0027135678391959628,0.40625,0.11295826833073319,0.1630067567567568,0.3510971786833855,0.4120603015075377,0.1163209531366104,0.16331238831888995,0.36868686868686873,0.41137123745819393,0.114209300897259,0.1677672330088057,0.3557046979865772,22.0,2.0,2.0,36.0,6.0,6.0,44.0,4.0,4.0,0.001354943384643699,0.0003363427086550996,0.00022142877293505382,0.0004241076157285306,2.2301804499136324e-05,-0.00011390146970313708,-0.8317773342132568
176,0,3.3993790401675836,1.5406350516913585,2.1200903258489214,6.771343733237042,3.0688456271593996,4.223083149070029,29.94549932060286,23.529825771774064,26.351416923767832,59.649502678942795,46.869894884098336,52.49032242073109,3.3962443174429273,1.518857335462085,2.103087725245796,6.34812021951949,2.8389856737609067,3.9310050939173755,29.851775459288348,23.31537266964799,26.20750356010381,55.79771113885672,43.58013583111773,48.98598796281085,3.3993790401675836,1.5406350516913585,2.1200903258489214,6.771343733237042,3.0688456271593996,4.223083149070029,29.94549932060286,23.529825771774064,26.351416923767832,59.649502678942795,46.869894884098336,52.49032242073109,0.7185929648241206,-0.0014070351758793676,-0.0014070351758793676,0.5678391959798995,-0.0021608040201005485,-0.0021608040201005485,0.4522613065326633,-0.0027386934673366836,-0.0027386934673366836,0.41056910569105687,0.09819588053892703,0.16597451109646222,0.40816326530612246,0.4170854271356784,0.11382728177226986,0.17334586119243967,0.41414141414141414,0.41056910569105687,0.09819588053892703,0.16597451109646222,0.40816326530612246,19.0,5.0,5.0,32.0,6.0,6.0,41.0,9.0,9.0,0.00014523750827727193,-6.623432245361942e-05,-2.8927637829615414e-05,-1.699666395538202e-05,-9.033858156382024e-05,-0.00010696492421935488,-0.5647473335266113
330,1,3.478726873707279,1.599667215748036,2.188465910192466,5.3277798966688055,2.4499407808753704,3.3517045471416145,32.41842304525376,25.871077822660915,28.784688341042102,49.649837096334586,39.62237144011131,44.08465781961403,3.808410015537511,1.7435174886814688,2.39598238954704,5.479726641061167,2.5086582570956386,3.4474566756072518,45.07870741110808,37.19425692567144,40.97279647998335,64.86144951238573,53.51691643981503,58.95366399997606,3.4296512284805143,1.5722423843096494,2.147894648007859,5.276386505354637,2.41883443739946,3.304453304627475,30.86587573379201,24.458762319188136,27.262912669012454,47.48596266737232,37.628865106443286,41.94294256771147,0.7135678391959799,-0.0014321608040201994,-0.0014321608040201994,0.5979899497487438,-0.0020100502512562235,-0.0020100502512562235,0.5175879396984925,-0.002412060301507535,-0.002412060301507535,0.4336283185840708,0.13318649236904867,0.19614058551243196,0.41124260355029585,0.44723618090452266,0.1339529728844725,0.2085049622066929,0.4444444444444444,0.4247491638795987,0.12424832915505779,0.19004393584845303,0.3993288590604027,21.0,0.0,0.0,30.0,0.0,0.0,41.0,0.0,0.0,0.001095726127484427,-0.00022234979986125773,0.0003634183606422147,-0.0043264510304013015,-0.0035476239500669138,-0.004017871283992669,-1.737856388092041
330,0,3.3763636464816855,1.406351462854661,1.9978690310179914,6.100739830194494,2.5411316087442843,3.6099426629428537,29.26416255708954,22.09339870336287,25.2952401833709,52.877314413499725,39.92048593297291,45.705882262366735,3.4399627219492466,1.45906371006961,2.053355598015477,6.088429596370348,2.582413646140903,3.634257695602614,31.185795600969275,23.93653837607274,27.184544354052203,55.19609840879518,42.365554647916355,48.11423779478267,3.3763636464816855,1.406351462854661,1.9978690310179914,6.100739830194494,2.5411316087442843,3.6099426629428537,29.26416255708954,22.09339870336287,25.2952401833709,52.877314413499725,39.92048593297291,45.705882262366735,0.7035175879396984,-0.001482412060301641,-0.001482412060301641,0.5778894472361809,-0.002110552763819218,-0.002110552763819218,0.457286432160804,-0.0027135678391959628,-0.0027135678391959628,0.4137931034482759,0.0906573481901497,0.15264660663298923,0.3846153846153846,0.4170854271356784,0.08375209380234505,0.14997357404719758,0.3787878787878788,0.4137931034482759,0.0906573481901497,0.15264660663298923,0.3846153846153846,24.0,0.0,0.0,33.0,0.0,0.0,45.0,0.0,0.0,0.000198563488083172,0.0003522444323395311,0.00031177083654658006,-0.00012094549186336678,-0.00017278787436758591,9.286739145242251e-05,-0.5637044906616211
296,1,3.4463687359869897,1.5832735581651096,2.172293104917407,5.1249110219081135,2.3544016124009657,3.2303011456543818,31.38621349992543,24.94256331903385,27.810818601764694,46.672763080199985,37.09075478011769,41.355984138375476,3.50355862852317,1.5599844631813218,2.1699805438577027,4.799395381538589,2.136965018056605,2.972576087476305,33.23350748388351,26.24984028587095,29.438910970293712,45.52535271764864,35.958685323110885,40.327275301772204,3.4463687359869897,1.5832735581651096,2.172293104917407,5.1249110219081135,2.3544016124009657,3.2303011456543818,31.38621349992543,24.94256331903385,27.810818601764694,46.672763080199985,37.09075478011769,41.355984138375476,0.6783919597989949,-0.0016080402010050232,-0.0016080402010050232,0.542713567839196,-0.0022864321608039306,-0.0022864321608039306,0.4371859296482412,-0.002814070351758735,-0.002814070351758735,0.40909090909090906,0.10717118832302075,0.16955602536997882,0.41052631578947374,0.40703517587939697,0.11129582750846967,0.17164285534517332,0.40909090909090906,0.40909090909090906,0.10717118832302075,0.16955602536997882,0.41052631578947374,24.0,1.0,1.0,37.0,1.0,1.0,45.0,3.0,3.0,-0.00013890387421520235,-8.740601442470986e-05,-1.6985108538796715e-05,-0.00029419353837489837,0.00015400165618917327,5.253467235455389e-06,-1.4220046997070312
296,0,3.4297303511223323,1.581614951773408,2.1689146635575005,5.3413833337151075,2.4631708265323566,3.3778179186551234,30.868318020040885,24.520472930395847,27.34001971707562,48.07361003121122,38.187621776845994,42.578719231511215,3.3311023658244454,1.4250434388955355,2.0203921830533833,5.009176489961572,2.1429224645045646,3.0381837339148623,27.969156958043133,21.242630200070785,24.260350250272584,42.05888264367388,31.94380481213652,36.48172969965802,3.4297303511223323,1.581614951773408,2.1689146635575005,5.3413833337151075,2.4631708265323566,3.3778179186551234,30.868318020040885,24.520472930395847,27.34001971707562,48.07361003121122,38.187621776845994,42.578719231511215,0.6683417085427136,-0.0016582914572863539,-0.0016582914572863539,0.5879396984924623,-0.002060301507537776,-0.002060301507537776,0.48743718592964824,-0.002562814070351749,-0.002562814070351749,0.4401408450704225,0.10446421941137152,0.19423920572616016,0.43462897526501765,0.4321608040201005,0.10384000201508792,0.18007399266784674,0.41414141414141414,0.4401408450704225,0.10446421941137152,0.19423920572616016,0.43462897526501765,19.0,6.0,6.0,31.0,5.0,5.0,39.0,8.0,8.0,-0.00042145578064101716,0.00027843499810426545,4.775801321592961e-05,-0.004955862736218286,-0.00508274446214152,-0.0055720047335183764,-1.2921338081359863
315,1,3.0066670641066535,1.314549589570332,1.8359133367395706,5.000562064514224,2.1863035279169734,3.0534137600510753,20.219895877667803,14.788927401904807,16.995473819666145,33.62887945970014,24.596321363167995,28.266156457971064,3.172878384590149,1.2936417754730187,1.8613871829537596,4.7712456911130054,1.9453259781549153,2.799078470607157,23.876110170892886,17.327606285471475,20.1644056836528,35.903925069011855,26.05655080522026,30.322414561883907,3.06535302635818,1.3494565775318281,1.8798627727208683,5.025168895669148,2.2122238975931605,3.081742250362079,21.442030253056583,15.880371232057191,18.169739572363113,35.15086926730587,26.03339546238884,29.786458315349364,0.6482412060301508,-0.0017587939698492372,-0.0017587939698492372,0.542713567839196,-0.0022864321608039306,-0.0022864321608039306,0.4170854271356784,-0.0029145728643216184,-0.0029145728643216184,0.4126984126984127,0.1084194903529293,0.1761619818641994,0.39171974522292996,0.3919597989949749,0.086195387967406,0.14988968213353915,0.398989898989899,0.40802675585284276,0.10251757388289284,0.17443387487397732,0.40268456375838924,19.0,8.0,8.0,29.0,11.0,11.0,38.0,12.0,12.0,0.0003452667982670418,0.0001209634643900367,0.0002862086165368426,0.00044385224850973515,4.166942974936916e-05,-9.637868485956602e-05,-1.1160573959350586
315,0,3.7211165357444247,1.709584740882982,2.2942813347410898,6.2606463042145535,2.876315559305491,3.8600467954174738,41.31049301035176,33.83573463145103,37.144997656670725,69.50343610746387,56.9274208254271,62.495138237526575,3.5961992710679023,1.6339880257844552,2.2511778753368503,5.24992594316482,2.3853839792473797,3.286391058885912,36.459398481223865,29.3443556933235,32.62112981893845,53.22539924266257,42.83847546470584,47.62208732691743,3.7032553196750757,1.7098791508126676,2.338728380733833,5.941051314986753,2.743121632319788,3.751970664278877,40.57918781068508,33.23891383099967,36.66531669671072,65.1003013005643,53.32446069144333,58.82136368456265,0.7236180904522613,-0.0013819095477386467,-0.0013819095477386467,0.6281407035175879,-0.0018592964824121205,-0.0018592964824121205,0.5125628140703518,-0.0024371859296482556,-0.0024371859296482556,0.43220338983050843,0.10357151394898512,0.18489156187351918,0.43909348441926344,0.457286432160804,0.1264593644916311,0.20519962080855025,0.43939393939393945,0.4280936454849499,0.10255107453336387,0.18893902924468287,0.43288590604026844,16.0,0.0,0.0,29.0,0.0,0.0,39.0,0.0,0.0,0.0005617277031055768,-0.00021473252363353332,1.2809507676594032e-05,0.0002898441128182938,-0.0001093980471917888,0.00013328373458332265,-0.8579792976379395
357,1,3.2749751661425437,1.4554396237182217,2.0150377570973785,5.762524609278136,2.5609374799850673,3.5455855616686107,26.442568801424496,20.273576252357813,22.9173679666507,46.52736149758846,35.672631438574946,40.32454909978976,3.141247406676786,1.3002002027475827,1.8481438337564977,5.107719360450059,2.114146671134281,3.0051119248073137,23.132704759056665,16.829569284711724,19.488626071410827,37.614154079766934,27.365153308474348,31.68882288034281,3.24280688276259,1.4398920173356842,1.9998971310709945,5.623364536582526,2.4969225734144818,3.4680297070595287,25.605492589838164,19.538185491962384,22.13980950500855,44.40258830607774,33.88124651785384,38.392733245679565,0.6532663316582914,-0.0017336683417086274,-0.0017336683417086274,0.5527638190954773,-0.0022361809045226,-0.0022361809045226,0.44723618090452266,-0.0027638190954772934,-0.0027638190954772934,0.42367601246105924,0.11729965165235001,0.17911642696883123,0.41874999999999996,0.4321608040201005,0.11135879900756918,0.17172674725883175,0.40909090909090906,0.42140468227424754,0.11756494938610063,0.17891302487713967,0.412751677852349,18.0,0.0,0.0,26.0,0.0,0.0,38.0,0.0,0.0,-0.00011843834239006918,8.325378008435034e-05,-0.0001662517212072037,0.00042015868917300025,1.8428279449089757e-05,-0.00011740602667131839,-1.3333475589752197
357,0,2.9829879751936956,1.3255528317770406,1.7916237965175192,6.343341899056473,2.8187960820319,3.8098987962089415,19.74673132648625,14.500892575703023,16.455162893019978,41.99154312198582,30.836235417007032,34.99200301949429,3.2688052270879697,1.4743420694341611,2.039446824054046,6.1099163123139615,2.755779569035815,3.8120501384187775,26.279922039748232,20.26367795962326,22.860886849931,49.12134960700604,37.876033569389264,42.730629626039246,2.9711826218410478,1.3382423489860056,1.8363832400587792,6.1051697709062624,2.7498130458616554,3.7733902192988613,19.5149848018892,14.396081215403088,16.404435354470746,40.09928383949835,29.58098879877346,33.707743879049474,0.6733668341708543,-0.001633165829145744,-0.001633165829145744,0.5125628140703518,-0.0024371859296482556,-0.0024371859296482556,0.4723618090452262,-0.0026381909547738003,-0.0026381909547738003,0.4147727272727273,0.12115570599613157,0.1684384164222874,0.396011396011396,0.457286432160804,0.16405334945403705,0.21688576438117124,0.43939393939393945,0.4147157190635451,0.12923992607523127,0.18112283808467966,0.38926174496644295,23.0,4.0,4.0,35.0,4.0,4.0,43.0,2.0,2.0,0.0009600177672613734,1.3891057288578496e-05,0.0004915498897487327,-0.009873673452170273,-0.009651658098103866,-0.011306256038016826,-1.485145092010498
11,1,3.2322094263569,1.403120090199671,1.940181697221174,6.322120324509409,2.7444675978119353,3.794946590162171,25.335572258977304,19.107359991508904,21.695411922593163,49.55574196567259,37.373515455089745,42.43567992406587,3.522163715793859,1.5099982067228912,2.1276805145010598,5.418713408913629,2.3230741641890633,3.273354637693938,33.85760750607802,26.378110765354783,29.824717664349023,52.08862693242772,40.58170886977659,45.884181022075424,3.1792073768118154,1.3841691567294352,1.929107169801264,6.074918554417482,2.6449092166804498,3.6861920442062375,24.027701089307936,18.00799629828433,20.5370083574879,45.912804629250836,34.4101840094605,39.24269112895777,0.7587939698492463,-0.001206030150753712,-0.001206030150753712,0.6231155778894473,-0.0018844221105527303,-0.0018844221105527303,0.4974874371859297,-0.002512562814070307,-0.002512562814070307,0.4354838709677419,0.11664329125759698,0.1661705662467119,0.37216828478964403,0.457286432160804,0.1264593644916311,0.19852182448133826,0.38383838383838387,0.4280936454849499,0.11256776902418197,0.1655797411467964,0.35906040268456374,18.0,6.0,6.0,29.0,6.0,6.0,39.0,7.0,7.0,0.0020340510787225934,0.00030719642928436856,0.00015913034247089184,-0.008879563348721753,-0.007673386960980189,-0.008451034895253784,-1.2090880870819092
11,0,3.638246031801673,1.6537591250572912,2.2755115039138465,6.102864311409258,2.7740475646122302,3.816987038823226,38.02508341387292,30.74976990054609,34.11822128237955,63.784010887786835,51.580259188012796,57.230564731733445,3.5643488390361844,1.5799739373315635,2.210363513315233,5.4836135985172065,2.4307291343562514,3.400559251254205,35.316449222265746,28.04195053508508,31.443619920249553,54.33299880348576,43.14146236166935,48.374799877307,3.638246031801673,1.6537591250572912,2.2755115039138465,6.102864311409258,2.7740475646122302,3.816987038823226,38.02508341387292,30.74976990054609,34.11822128237955,63.784010887786835,51.580259188012796,57.230564731733445,0.778894472361809,-0.0011055276381910506,-0.0011055276381910506,0.6030150753768844,-0.0019849246231156137,-0.0019849246231156137,0.49246231155778897,-0.002537688442211028,-0.002537688442211028,0.4054054054054054,0.0855595479872936,0.15765187523852475,0.39534883720930236,0.4120603015075377,0.08875203083084593,0.16164293923708695,0.38888888888888884,0.4054054054054054,0.0855595479872936,0.15765187523852475,0.39534883720930236,22.0,2.0,2.0,33.0,1.0,1.0,41.0,2.0,2.0,-8.125104609568085e-05,-0.00010243163039512827,0.00017792861342971202,-0.00010708564814265742,-0.00016179463533028127,9.987650539144965e-05,-1.1076326370239258
498,1,3.4065326959073188,1.4812398869939896,2.053544025241889,5.852248477584368,2.544694164835828,3.5278833254155533,30.160487171404288,23.30333096297471,26.29151582144806,51.81417026882275,40.03392755177706,45.16747589838513,3.666434779838102,1.5896434443712915,2.218526473875487,5.43175522938978,2.3550273249945053,3.286705887222943,39.11221333940129,31.133386919535802,34.8580066359884,57.94401976207599,46.123536177090074,51.641491312575404,3.59219593587129,1.5947173172255822,2.195318204692319,5.73222755724142,2.5447616764238012,3.503167347913275,36.31373106034038,28.943282121951864,32.27117277228561,57.94744318139422,46.18608849247637,51.496552296200434,0.7587939698492463,0.013793969849246301,0.008793969849246297,0.5577889447236181,-0.017211055276381892,-0.017211055276381892,0.4623115577889447,-0.007688442211055246,-0.017688442211055255,0.4131736526946108,0.10375661233586642,0.15719755707708094,0.36036036036036034,0.42713567839195976,0.1188650017002304,0.16670162163069102,0.3737373737373737,0.40802675585284276,0.09250087939207485,0.1455128515146893,0.37248322147651003,17.0,-1.0,-1.0,27.0,-5.0,-5.0,38.0,-1.0,-1.0,0.0005255914089746933,0.00047282848703355125,0.0005995513386966176,-0.0065211447225470565,-0.009964067676618171,-0.011142694164787414,-1.135178565979004
498,0,3.7006168175074787,1.6707320204723803,2.294518512980293,5.941545890331452,2.6824530773139883,3.6839769458405813,40.47226066147757,32.859051417497064,36.39225529174068,64.98046295092787,52.75703255364806,58.429787662850316,3.824446493656791,1.7516609915671975,2.4108819778265107,5.883763836395063,2.6948630639495343,3.70904919665617,45.80743864018932,37.86051013798125,41.69685708615504,70.47298252336817,58.246938673817304,64.14901090177699,3.7247622054484157,1.6948774084133174,2.31866390092123,5.980312652081068,2.7212198390636044,3.7227437075901975,41.461372284064936,33.84816304008443,37.381366914328055,66.5685366116376,54.345106214357784,60.01786132356004,0.7688442211055276,-0.0011557788944723812,0.003844221105527623,0.6432160804020101,0.013216080402010055,0.00821608040201005,0.542713567839196,-0.01228643216080394,0.0027135678391959628,0.45486111111111116,0.13423719430001935,0.20312900949448298,0.45296167247386765,0.42713567839195976,0.103827407715268,0.175048867039706,0.4494949494949495,0.4409722222222222,0.1203483054111304,0.18924012060559403,0.45993031358885017,28.0,13.0,14.0,42.0,14.0,14.0,48.0,11.0,11.0,8.201687067329127e-05,-0.000259957507922618,0.00011285556843103468,-0.0003080533820964959,0.0001462546060908565,-1.7556467044599344e-06,-1.366006851196289
53,1,3.1941669193678948,1.4124164011897118,1.9431250848089752,5.154223892616376,2.2791264655561263,3.135497295941756,24.389846517629127,18.449600686808772,20.895865305351006,39.3563432443561,29.770946562805072,33.71832810636185,3.11803702912738,1.2938051460879292,1.8399589172654773,4.6193141172257475,1.9167483645747097,2.7258650626155214,22.60196906216446,16.403936685749102,19.012235037702634,33.484398610614015,24.302128423332004,28.166274129929825,3.1941669193678948,1.4124164011897118,1.9431250848089752,5.154223892616376,2.2791264655561263,3.135497295941756,24.389846517629127,18.449600686808772,20.895865305351006,39.3563432443561,29.770946562805072,33.71832810636185,0.6180904522613065,-0.0019095477386934512,-0.0019095477386934512,0.5226130653266332,-0.002386934673366814,-0.002386934673366814,0.40703517587939697,-0.00296482412060306,-0.00296482412060306,0.4134275618374559,0.10125824966814367,0.16665905419938298,0.4113475177304965,0.39698492462311563,0.09122051359554673,0.15992315500708887,0.3787878787878788,0.4134275618374559,0.10125824966814367,0.16665905419938298,0.4113475177304965,24.0,6.0,6.0,34.0,4.0,4.0,43.0,6.0,6.0,0.00017862175798015722,0.00039760060929379447,9.285827353354183e-05,-0.007840935935274906,-0.008328119892341057,-0.009031637341340826,-1.875732660293579
53,0,3.618820830722528,1.6566605831490844,2.275970314563821,6.068484162288547,2.7780923625115412,3.8166271428839456,37.293566456809835,30.178886510546103,33.46362117575858,62.538442212188805,50.60767122537732,56.11591858704132,3.717163981504776,1.6253615320513313,2.276979055154926,5.632066638643599,2.462668987956562,3.449968265386251,41.14753331174115,33.04803235538948,36.92605690469972,62.344747442032045,50.072776296044665,55.94857106772685,3.6015683013858606,1.6618445281125773,2.2727718921247533,5.904210330140756,2.724335291987832,3.7258555608602517,36.655676536959746,29.69884749386903,32.87918124062631,60.09127301140942,48.68663523585087,53.90029711578083,0.728643216080402,-0.001356783919598037,-0.001356783919598037,0.6130653266331658,-0.001934673366834172,-0.001934673366834172,0.5326633165829145,-0.0023366834170853723,-0.0023366834170853723,0.4263803680981595,0.10478771878728654,0.17229873544509822,0.39692307692307693,0.4522613065326633,0.12143423886349036,0.20017449518040953,0.40909090909090906,0.4280936454849499,0.10755942177877287,0.17781555872187982,0.3959731543624161,27.0,3.0,3.0,41.0,6.0,6.0,53.0,8.0,8.0,0.0010127814671883045,0.00038050256713421634,0.0001400965743428761,0.0004004140563926839,-9.393457993667198e-07,-0.00013492881151577762,-1.1935350894927979
136,1,3.489296317785636,1.6015398158585408,2.171645619405366,5.8266239947712295,2.674341606385793,3.6263364649400613,32.762884933333154,26.158350147040768,29.028247659682687,54.70931503221661,43.68068995845564,48.47300685755626,3.4946609370073483,1.5473783418628708,2.1491660853632175,5.1772754622331085,2.292412358315364,3.1839497560936554,32.939117623592196,25.929503905322065,29.099031280050617,48.79869277569214,38.41407985973639,43.10967597044536,3.600743117539779,1.6635589089182141,2.2798444901270485,5.56815946011306,2.5725137766776505,3.525532716691312,36.625441341327424,29.686257200694076,32.878654511081876,56.637280424733135,45.906583300042385,50.8432801717761,0.6683417085427136,-0.0016582914572863539,-0.0016582914572863539,0.5527638190954773,-0.0022361809045226,-0.0022361809045226,0.4723618090452262,-0.0026381909547738003,-0.0026381909547738003,0.46264367816091956,0.14270106697010176,0.21435433309738094,0.44092219020172907,0.4522613065326633,0.14649689550509437,0.20184394426221253,0.4191919191919192,0.4581939799331104,0.1426681034723425,0.21236528137916155,0.4530201342281879,25.0,6.0,6.0,40.0,8.0,8.0,46.0,7.0,7.0,0.00028539250657487713,0.00043993861505344244,-5.883468870939503e-05,0.0003135376721550287,-8.615689689239758e-05,0.0001481019214590873,-1.2343778610229492
136,0,3.602691076939402,1.6336064494627611,2.2471364826455176,6.78543656822329,3.0767925152458133,4.232336810872232,36.696855747653544,29.532740096275198,32.817944165207784,69.11616389281987,55.62301355556127,61.8104837958208,3.853432233609147,1.708623448847025,2.3676823474976025,6.943121141638102,3.0786008087333783,4.266094319815499,47.15463151403485,38.614223489035396,42.73635413836799,84.963300025288,69.57517745772142,77.00243988895133,3.6572001179723834,1.6739434635036623,2.28631326079958,6.857250221198219,3.1386439940693673,4.286837363999212,38.75268787742225,31.486319331689764,34.81384553989495,72.66128977016672,59.03684874691831,65.27596038730303,0.7587939698492463,-0.001206030150753712,-0.001206030150753712,0.6331658291457287,-0.0018341708542712887,-0.0018341708542712887,0.5527638190954773,-0.0022361809045226,-0.0022361809045226,0.4411764705882353,0.12633144611841474,0.18791560102301785,0.4098360655737705,0.4522613065326633,0.1189279731993299,0.19182724977139454,0.43939393939393945,0.44147157190635455,0.12427624636378365,0.18896879103872388,0.4161073825503355,25.0,3.0,3.0,33.0,-4.0,-4.0,45.0,2.0,2.0,0.0009875826349469,0.00020137948671981195,0.00016287243122017136,0.00047939258751661384,7.653115519623555e-05,-6.483767214060521e-05,-1.3061938285827637
207,1,3.1441693226736476,1.3880586679764884,1.9238082492611597,5.552469229402399,2.4512525413201818,3.3973635040143884,23.20039542420189,17.410520700426634,19.81198444631964,40.97091106827142,30.746238683732138,34.98712146903255,3.7698015986974514,1.689901480056064,2.3309861848864797,6.672215218933543,2.990976070895689,4.125639265285805,43.37145902821349,35.36778957122117,39.15576002902485,76.763644297723,62.597857648179065,69.30223013986699,3.1514364349403508,1.3967425401082683,1.9318552134935083,5.729884427164274,2.5395318911059426,3.5124640245336516,23.369609406188708,17.587931736546164,19.983839857172356,42.490198920343104,31.978057702811206,36.33425428576792,0.7386934673366834,-0.0013065326633165952,-0.0013065326633165952,0.6030150753768844,-0.0019849246231156137,-0.0019849246231156137,0.507537688442211,-0.0024623115577889765,-0.0024623115577889765,0.4169184290030211,0.12430907757014031,0.1706872732241267,0.3606060606060606,0.42713567839195976,0.11134620470774925,0.17170996887610002,0.40909090909090906,0.42140468227424754,0.12591219479511562,0.1778006778248593,0.35906040268456374,20.0,-1.0,-1.0,32.0,0.0,0.0,40.0,-1.0,-1.0,0.0022177234554332887,0.000273911831272576,0.0007454343012876681,-0.00897038865951405,-0.007012964528290588,-0.008186314187258681,-1.315892219543457
207,0,3.497241137549281,1.547939578223734,2.1624932454729624,6.6087571496335675,2.9251505264963202,4.086476206518759,33.02421689211286,26.000436718851937,29.225178834030945,62.406056921125035,49.133178211359905,55.226992355484946,3.4232042566615735,1.4582183288192587,2.0627722674948807,6.112864744038523,2.6039613014629617,3.683521906240858,30.667524372600603,23.532712185350757,26.769647593911962,54.76343637964393,42.02270033098349,47.80294213198564,3.497241137549281,1.547939578223734,2.1624932454729624,6.6087571496335675,2.9251505264963202,4.086476206518759,33.02421689211286,26.000436718851937,29.225178834030945,62.406056921125035,49.133178211359905,55.226992355484946,0.778894472361809,-0.0011055276381910506,-0.0011055276381910506,0.6432160804020101,-0.001783919597989958,-0.001783919597989958,0.5025125628140703,-0.0024874371859296973,-0.0024874371859296973,0.421875,0.08074439571150094,0.1517451298701299,0.42352941176470593,0.4120603015075377,0.06619563985340238,0.12825395760102687,0.4040404040404041,0.421875,0.08074439571150094,0.1517451298701299,0.42352941176470593,24.0,13.0,13.0,37.0,13.0,13.0,48.0,17.0,17.0,-4.743627770885488e-06,-0.00014777724584851158,-8.485410820387016e-05,-0.00576093051064408,-0.006173497377159443,-0.0054738771383924245,-0.9649319648742676
20,1,3.2309049763055233,1.4779905260407504,1.9696955770691444,5.512444509336437,2.521689997036351,3.360618046184322,25.302544816450236,19.531146173535426,21.772857107767717,43.170218644180494,33.32328257096091,37.148002648324066,3.4689585431736316,1.5356969132420215,2.1383418741874722,5.177550064438256,2.2920849451373453,3.191555036100704,32.10329083718291,25.191272876812413,28.319915078345094,47.91535945848195,37.59891474151106,42.268529967679235,3.360490779812918,1.5616068089425197,2.1330764510712354,5.600817966354864,2.6026780149041997,3.5551274184520594,28.80332350067544,22.760423852976214,25.39092871246656,48.0055391677924,37.93403975496035,42.3182145207776,0.7386934673366834,-0.0013065326633165952,-0.0013065326633165952,0.6281407035175879,-0.0018592964824121205,-0.0018592964824121205,0.4824120603015075,-0.0025879396984924696,-0.0025879396984924696,0.4317548746518106,0.10908449913025287,0.17857794405552518,0.3966480446927374,0.4371859296482412,0.0963337993224267,0.17675187288697247,0.43434343434343436,0.43143812709030105,0.09587886164789705,0.181160040327231,0.412751677852349,23.0,12.0,12.0,37.0,16.0,16.0,46.0,16.0,16.0,0.0005312501475576687,0.0005361056634821477,0.00022606571001346405,-0.012269506320977897,-0.01060009378214577,-0.011627357613429368,-0.8909173011779785
20,0,3.5855307497669,1.662487649416343,2.2662390745002057,5.760360876674691,2.670881797422977,3.6408431032954116,36.072498108993976,29.2307511639278,32.33172735082146,57.95253794559688,46.96087891909713,51.94277508820497,3.799678056084331,1.7427274397258157,2.3905305182749497,5.62915267568049,2.58181842922343,3.5415266937406655,44.686795535273035,36.86471465517783,40.594330290492515,66.20266005225635,54.614392081744924,60.13974857850743,3.5855307497669,1.662487649416343,2.2662390745002057,5.760360876674691,2.670881797422977,3.6408431032954116,36.072498108993976,29.2307511639278,32.33172735082146,57.95253794559688,46.96087891909713,51.94277508820497,0.7688442211055276,-0.0011557788944723812,-0.0011557788944723812,0.6582914572864322,-0.0017085427135676845,-0.0017085427135676845,0.5577889447236181,-0.00221105527638199,-0.00221105527638199,0.4436860068259386,0.12682058944944796,0.20191529172945732,0.43150684931506844,0.44221105527638194,0.09885265928640696,0.1851158966787192,0.4444444444444444,0.4436860068259386,0.12682058944944796,0.20191529172945732,0.43150684931506844,22.0,1.0,1.0,37.0,1.0,1.0,42.0,-1.0,-1.0,0.0008576446839852655,5.367757621875874e-05,2.5193018739504727e-05,-0.0003427029913991575,0.00012688698084151184,-1.9278431547142816e-05,-1.348611831665039
402,1,4.063466178811415,1.928676074237503,2.6176456425929295,7.016419861550145,3.3302605505467446,4.519909867334375,58.17560907350985,49.72033747574913,53.93027490900568,100.4522939281723,85.8525081879395,93.12184114722722,4.135155299201084,1.9310352434263853,2.6535488531562126,6.461180155001693,3.017242567853727,4.146170083056582,62.49929640763085,53.43702264473714,58.09928802509198,97.6551506369232,83.49534788240177,90.78013753920621,4.063466178811415,1.928676074237503,2.6176456425929295,7.016419861550145,3.3302605505467446,4.519909867334375,58.17560907350985,49.72033747574913,53.93027490900568,100.4522939281723,85.8525081879395,93.12184114722722,0.7839195979899498,-0.0010804020100502187,-0.0010804020100502187,0.6683417085427136,-0.0016582914572863539,-0.0016582914572863539,0.5728643216080402,-0.0021356783919597166,-0.0021356783919597166,0.45126353790613716,0.11252479916739844,0.18955885603338807,0.42391304347826086,0.44723618090452266,0.10889031624286849,0.19181047138866292,0.4191919191919192,0.45126353790613716,0.11252479916739844,0.18955885603338807,0.42391304347826086,25.0,1.0,1.0,39.0,1.0,1.0,47.0,-1.0,-1.0,-0.00012252056331666882,0.00044165387995192195,-4.805803755999101e-06,-0.00023182424163081805,0.0001888633816387042,3.6794479953528025e-05,-0.8259449005126953
402,0,3.5311926026226352,1.6578425058645547,2.261108901894583,6.512069474966418,3.0573199458800877,4.169837195701698,34.16468822495329,27.65461895468496,30.603537604172132,63.005009453809954,50.999427163185246,56.437692724577175,3.6433861579128246,1.637356117635549,2.2805193488591327,5.876429286956169,2.640896963928305,3.678257014288924,38.221040328187,30.78729331478014,34.313661358232764,61.64683923901129,49.65692470125829,55.344615093923814,3.5311926026226352,1.6578425058645547,2.261108901894583,6.512069474966418,3.0573199458800877,4.169837195701698,34.16468822495329,27.65461895468496,30.603537604172132,63.005009453809954,50.999427163185246,56.437692724577175,0.728643216080402,-0.001356783919598037,-0.001356783919598037,0.6030150753768844,-0.0019849246231156137,-0.0019849246231156137,0.48743718592964824,-0.002562814070351749,-0.002562814070351749,0.42756183745583043,0.13126554115953415,0.19606947552868592,0.4219858156028369,0.44723618090452266,0.1289404415561517,0.2034966149612839,0.4494949494949495,0.42756183745583043,0.13126554115953415,0.19606947552868592,0.4219858156028369,23.0,7.0,7.0,34.0,6.0,6.0,46.0,14.0,14.0,0.00039836021855397884,-4.386002991620409e-05,9.478299095837532e-06,-0.0002734037727947225,0.00016562223134020115,1.5767138139999304e-05,-1.2208025455474854
182,1,3.2775216432246363,1.505993497367182,2.0548366152096627,5.4683783566100885,2.5126736426661003,3.4283905023818972,26.50999000370923,20.63015826369387,23.113695355441934,44.2305715569908,34.42037100680474,38.56402647538975,3.8178224875100293,1.7400234992227177,2.404979342714298,5.656033314829672,2.577812591441063,3.562932359576737,45.50501262676147,37.51814226788142,41.39739525792821,67.4148335211281,55.582432989453956,61.32947445618994,3.2706038441546386,1.5054543763790995,2.056865884032983,5.451006406924398,2.5090906272984994,3.4281098067216385,26.327232089617116,20.484786539449694,22.961188787926254,43.87872014936186,34.141310899082825,38.268647979877095,0.7638190954773869,-0.001180904522613102,-0.001180904522613102,0.6030150753768844,-0.0019849246231156137,-0.0019849246231156137,0.4974874371859297,-0.002512562814070307,-0.002512562814070307,0.3890675241157556,0.09693269265508142,0.15805148133500702,0.3129032258064516,0.40703517587939697,0.10127076485182807,0.17498175350877931,0.3535353535353535,0.3913043478260869,0.09915075851056099,0.1599361609517821,0.3087248322147651,26.0,10.0,10.0,38.0,12.0,12.0,45.0,8.0,8.0,0.0028167697474748687,0.00029147708660122386,0.00046753908368040294,-0.010550386356356078,-0.008200994064520906,-0.009992506043810856,-1.7581877708435059
182,0,3.7293713678013196,1.7538761392675835,2.39379912347889,6.276259131177831,2.951645209986909,4.028588768781547,41.65291556824221,34.442726106875064,37.85074447341854,70.09880912704176,57.964587838399495,63.70003338209461,3.5579947305085073,1.604829075061678,2.2265101693350413,5.559366766419543,2.507545429783872,3.478922139586002,35.09275610888287,28.0417828694224,31.306095362480985,54.83243142012948,43.8152857334725,48.91577400387654,3.7293713678013196,1.7538761392675835,2.39379912347889,6.276259131177831,2.951645209986909,4.028588768781547,41.65291556824221,34.442726106875064,37.85074447341854,70.09880912704176,57.964587838399495,63.70003338209461,0.7085427135678393,-0.0014572864321606982,-0.0014572864321606982,0.592964824120603,-0.0020351758793969443,-0.0020351758793969443,0.49246231155778897,-0.002537688442211028,-0.002537688442211028,0.42181818181818187,0.10239894406863559,0.17635264372870185,0.43430656934306566,0.42211055276381915,0.09629601642296703,0.1767015377387774,0.4191919191919192,0.42181818181818187,0.10239894406863559,0.17635264372870185,0.43430656934306566,24.0,4.0,4.0,37.0,4.0,4.0,47.0,9.0,9.0,-0.0007727862587375746,-0.0001611183796685988,7.015344030305273e-05,-0.0002179643979092205,0.00019661043173790915,4.380359388900246e-05,-1.1794803142547607
291,1,3.3247030270405307,1.5474362446613803,2.1156573450413485,6.050186322463291,2.8159740963896045,3.8500043546391978,27.79074431748882,21.877073357683408,24.44045842914729,50.57269169403488,39.81118581950526,44.475950513506405,3.6692136759734035,1.6196564487335317,2.2655363213024793,5.9662010991437455,2.6335877215179377,3.6837988964267954,39.22105327529097,31.45659082267017,35.15091344715824,63.77407036632678,51.148928166943364,57.15595682464755,3.438883025510654,1.612294265873417,2.1999524875951857,6.033128114930973,2.828586431356872,3.8595657677108526,31.152142579317285,24.939484977285733,27.70022278666078,54.6528817181005,43.75348241629076,48.596882081861025,0.7487437185929648,-0.0012562814070351536,-0.0012562814070351536,0.6231155778894473,-0.0018844221105527303,-0.0018844221105527303,0.507537688442211,-0.0024623115577889765,-0.0024623115577889765,0.4198717948717948,0.11747179487179482,0.18746241320868184,0.3987138263665595,0.4120603015075377,0.08373949950252513,0.15329569382807195,0.4292929292929293,0.43143812709030105,0.12425949603854813,0.195620552006875,0.412751677852349,17.0,0.0,0.0,27.0,-1.0,-1.0,37.0,0.0,0.0,0.0007553370192534929,3.557455114013769e-05,0.00042406231016498675,-0.004219830013384218,-0.00344303877372365,-0.004274065499719981,-1.1175682544708252
291,0,3.518475880493989,1.5945245570153288,2.1973744980187684,5.773410698932126,2.6164297979754294,3.6056366072462662,33.732976177105336,26.885012576599223,29.985429589842195,55.351900135913176,44.11518638259652,49.20261098443719,3.432892794585108,1.4940182627770533,2.090381681604576,5.281373530130936,2.2984896350416206,3.215971817853194,30.966091851190104,24.015168327828246,27.137446245170082,47.64014130952324,36.946412812043455,41.74991730026167,3.518475880493989,1.5945245570153288,2.1973744980187684,5.773410698932126,2.6164297979754294,3.6056366072462662,33.732976177105336,26.885012576599223,29.985429589842195,55.351900135913176,44.11518638259652,49.20261098443719,0.6884422110552764,-0.0015577889447235815,-0.0015577889447235815,0.6130653266331658,-0.001934673366834172,-0.001934673366834172,0.4824120603015075,-0.0025879396984924696,-0.0025879396984924696,0.43243243243243246,0.10528234811540038,0.18411782569085944,0.4203389830508475,0.4371859296482412,0.1013463306507475,0.17508242380516947,0.41414141414141414,0.43243243243243246,0.10528234811540038,0.18411782569085944,0.4203389830508475,26.0,10.0,10.0,36.0,8.0,8.0,47.0,13.0,13.0,-0.0002943598558073049,0.0001539131375806365,5.590671909946817e-05,-0.00036349275698022154,0.0001152664056931485,-2.979210245257491e-05,-1.5266621112823486
443,1,3.1276779933696717,1.3677039335321282,1.783480771504619,5.711411987892443,2.497546313406495,3.2567909740519125,22.820927627567045,17.00864100677918,18.985821062765723,41.672998276426775,31.059257490640242,34.66976020157218,2.680791277382242,1.1845405517532053,1.6330257977212528,4.964428291448597,2.1935936143577877,3.0241218476319496,14.596638717536823,10.131721268816623,11.745365950087711,27.030812439883004,18.762446794104854,21.75067768534761,2.8859476500929,1.3028873946601345,1.7882271436337902,5.18433709597527,2.3405162778325765,3.2123840903601018,17.9205419546214,13.050705981551673,14.923216108689662,32.19259033764323,23.444382002787435,26.808172650340712,0.5728643216080402,-0.0021356783919597166,-0.0021356783919597166,0.4623115577889447,-0.002688442211055242,-0.002688442211055242,0.38190954773869346,-0.0030904522613065533,-0.0030904522613065533,0.41644562334217505,0.11578337168654596,0.16033614142624153,0.4228723404255319,0.39698492462311563,0.11878943590131108,0.17327874766151297,0.36363636363636365,0.4013377926421404,0.1175314487356296,0.17664368808151754,0.3926174496644296,25.0,7.0,7.0,36.0,8.0,8.0,42.0,6.0,6.0,0.001039164442811793,-0.0009007932753808193,0.0004192287504374563,-0.037731102946049866,-0.03317855540598913,-0.039437717995213006,-1.6146903038024902
443,0,3.0965820539565314,1.431882206874203,1.9520485922276851,5.722338766375812,2.64605132966227,3.6072944745260145,22.12220939626146,16.838122418674452,18.981233766644607,40.88080800712644,31.116062481293135,35.07643198982278,3.7482380124192742,1.6671349967562419,2.3222306472737264,5.856621894405116,2.6048984324316278,3.628485386365197,42.446226348390354,34.432923508423734,38.28417791418991,66.32222866935993,53.80144298191208,59.81902799092173,3.238842907557918,1.4846814012139555,2.0387799372596347,5.715605130984562,2.620026002142275,3.597846948105238,25.504193957385215,19.72559356714926,22.18386795931301,45.00740110126803,34.809871000851636,39.148002281140606,0.7688442211055276,-0.0011557788944723812,-0.0011557788944723812,0.6281407035175879,-0.0018592964824121205,-0.0018592964824121205,0.542713567839196,-0.0022864321608039306,-0.0022864321608039306,0.4222222222222223,0.12428244409226985,0.19307755485157818,0.35350318471337583,0.4623115577889447,0.12396569312729055,0.19853860286407,0.4292929292929293,0.43143812709030105,0.12092059787494214,0.1978452461114356,0.3691275167785235,25.0,4.0,4.0,36.0,3.0,3.0,47.0,7.0,7.0,0.001582415502959936,0.00029445540862362766,0.0006611521672623587,-0.018730903644352814,-0.021524050022069474,-0.025938878255641562,-1.6390719413757324
175,1,3.522670651065465,1.5903267059990274,2.182387620897015,5.895081497701391,2.6613630590187807,3.6521588757868417,33.8747754726913,26.969097657018473,30.054650909819593,56.688399770626255,45.13195934439827,50.29553825724912,3.7675905083891137,1.6380213146160112,2.2990012600264276,5.9332133990379745,2.5795611253795454,3.6204744252384686,43.27566675720549,34.86442434202395,38.932562980805805,68.15065631055982,54.904605263029836,61.31112280441858,3.6978140112548368,1.6854679009745883,2.317060280614574,5.869546049610852,2.6753458745628387,3.6778734612929744,40.358983577253106,32.878135908387726,36.38108481523552,64.06187869405255,52.18751731490116,57.74775367497701,0.778894472361809,-0.0011055276381910506,-0.0011055276381910506,0.6683417085427136,-0.0016582914572863539,-0.0016582914572863539,0.5527638190954773,-0.0022361809045226,-0.0022361809045226,0.41896024464831805,0.0983495576254173,0.16361945115899967,0.3926380368098159,0.44221105527638194,0.09885265928640696,0.1834464475969162,0.4292929292929293,0.4280936454849499,0.09754272728795488,0.1755908646173192,0.412751677852349,24.0,7.0,7.0,35.0,5.0,5.0,49.0,13.0,13.0,0.0005591100077843283,0.00026126397235338544,0.000518141493992553,0.00039646512983626536,-4.812870849413287e-06,-0.00013843336848395893,-1.5302634239196777
175,0,3.6516736727090753,1.7406197677759543,2.3571580458845247,6.163406886741773,2.937871459896981,3.978483685910917,38.53911396490396,31.77890430107567,34.889886007051835,65.04749923176912,53.63740990499016,58.8882202976166,3.775248420298399,1.7458786767528478,2.3856894964369797,6.188931836554753,2.8620961913981113,3.9109663876016065,43.60834016711892,35.99905112348308,39.59526057819964,71.48908224117855,59.0148379073493,64.91026324295022,3.7416792478051075,1.79169250897286,2.416007174658317,6.100563990986589,2.9212377863687937,3.939142132595083,42.16874251131599,35.140148138713755,38.40402784271907,68.75338452931956,57.293719791381136,62.61526278704197,0.7638190954773869,-0.001180904522613102,-0.001180904522613102,0.6180904522613065,-0.0019095477386934512,-0.0019095477386934512,0.5276381909547738,-0.002361809045226204,-0.002361809045226204,0.4339622641509434,0.1309795325967833,0.20069866582458362,0.4069400630914827,0.4522613065326633,0.14148436417677357,0.20017449518040953,0.4191919191919192,0.4381270903010034,0.13094845924925047,0.19786012700845612,0.4161073825503355,27.0,10.0,10.0,41.0,13.0,13.0,46.0,8.0,8.0,0.00046865839894996583,-3.95611626707177e-05,0.00020374579541893118,0.0004320054688413677,3.0048854599229458e-05,-0.0001068923557658863,-1.172161340713501
23,1,3.3305558778471864,1.4924360202414444,2.0687297283410637,5.476914110237596,2.45422812217482,3.4019111088275276,27.953876325752702,21.66916533129098,24.422011009772824,45.96859662457111,35.63373854478961,40.16064032718198,3.299907489038592,1.401033758627684,1.9770407178612142,5.409684408259987,2.2967766534880067,3.2410503571495317,27.110130820380203,20.43176225880633,23.35596251347635,44.44283741045935,33.494692227551354,38.288463136846474,3.3305558778471864,1.4924360202414444,2.0687297283410637,5.476914110237596,2.45422812217482,3.4019111088275276,27.953876325752702,21.66916533129098,24.422011009772824,45.96859662457111,35.63373854478961,40.16064032718198,0.6582914572864322,-0.0017085427135676845,-0.0017085427135676845,0.5577889447236181,-0.00221105527638199,-0.00221105527638199,0.457286432160804,-0.0027135678391959628,-0.0027135678391959628,0.42711864406779665,0.12085806877168837,0.1914929394454742,0.4013605442176871,0.4321608040201005,0.11386506467172952,0.19342958532227073,0.3939393939393939,0.42711864406779665,0.12085806877168837,0.1914929394454742,0.4013605442176871,25.0,4.0,4.0,33.0,1.0,1.0,43.0,0.0,0.0,0.00063639686563407,0.0003335402953948436,-9.521003355594264e-05,-0.006788943243685175,-0.007098232577272157,-0.0057910761569619496,-1.6715011596679688
23,0,3.3295452390398297,1.4887836158612962,2.0460185578729364,5.845201641869923,2.6136423478453863,3.591899246043599,27.925639324629834,21.624303647439284,24.316293004592417,49.02501125879459,37.9626664032823,42.688603274728905,3.8124786837017117,1.675006419251715,2.338246593565268,6.051553466193194,2.6587403480185956,3.71150252946868,45.262491337208786,36.78451090848344,40.894810837324506,71.84522434477584,58.38811255314831,64.91239815448333,3.4224152485263786,1.548193161382721,2.1185079381869314,5.934824130392564,2.6847280255191692,3.6737131876073956,30.643336989660078,24.127588525837403,26.959675195004365,53.13873466415043,41.83974888873538,46.750881841048034,0.7939698492462312,-0.001030150753768888,-0.001030150753768888,0.6733668341708543,-0.001633165829145744,-0.001633165829145744,0.5477386934673367,-0.002261306532663321,-0.002261306532663321,0.4380952380952381,0.11004452494151384,0.18677528033388646,0.4012738853503185,0.4522613065326633,0.1038903792143675,0.18514945344418243,0.4747474747474747,0.4381270903010034,0.10924562118581138,0.18896135059021357,0.412751677852349,23.0,5.0,5.0,36.0,6.0,6.0,45.0,7.0,7.0,0.0009733325826278953,-8.95773356462186e-05,0.00048671125041364297,0.00044385224850973515,4.166942974936916e-05,-9.637868485956602e-05,-1.2725212574005127
85,1,2.823701647533612,1.261530215052022,1.6956950600203473,5.33030311005008,2.38139126156879,3.2009644715892116,16.839067741840964,12.069901810348057,13.749576015528287,31.787117181122245,22.784360101886975,25.955081997227193,2.8027278676104905,1.1559144477832468,1.6601239032506785,4.484364588176785,1.8494631164531947,2.6561982452010855,16.48956683052231,11.2991530534782,13.354645862014227,26.383306928835697,18.078644885565122,21.36743337922276,2.834614865755955,1.2726184133575436,1.7444749073244439,5.031860708442523,2.259085940871379,3.0967010189191306,17.02384257293448,12.255511077485984,14.049152196505396,30.21983888686594,21.755345107963286,24.939323425749222,0.6532663316582914,-0.0017336683417086274,-0.0017336683417086274,0.5125628140703518,-0.0024371859296482556,-0.0024371859296482556,0.4170854271356784,-0.0029145728643216184,-0.0029145728643216184,0.43181818181818177,0.11692456479690516,0.18352883675464315,0.4301994301994302,0.4321608040201005,0.12138386166421078,0.17840454358604374,0.4292929292929293,0.4347826086956522,0.1242650794802933,0.19229095129854434,0.43288590604026844,21.0,6.0,6.0,34.0,8.0,8.0,42.0,8.0,8.0,-0.00021989294283115184,9.69268259226619e-05,5.7694559878951394e-06,-0.0020242268481265313,-0.0035803215495562313,-0.0032392980589337483,-1.6312730312347412
85,0,3.4390504891103735,1.5018316314531635,1.9969771335549555,6.15673916830979,2.688644920699078,3.57507613665692,31.157359866093206,24.21793528525573,26.92790396773323,55.77927351637174,43.35601097409197,48.20751588369802,3.6103545079878225,1.5245381108825793,2.1474832838519156,5.685597650374524,2.4008474187127233,3.3818634391368754,36.97915989896937,28.927998154466316,32.66081922968857,58.23489747869192,45.55590260545876,51.434360991635536,3.4715077322861023,1.5255745859367256,2.1098947213502606,5.785846220476837,2.5426243098945425,3.516491202250434,32.18523259480378,25.185071611894255,28.282749619312096,53.64205432467297,41.9751193531571,47.13791603218683,0.6934673366834171,-0.0015326633165829717,-0.0015326633165829717,0.5527638190954773,-0.0022361809045226,-0.0022361809045226,0.4824120603015075,-0.0025879396984924696,-0.0025879396984924696,0.4316939890710383,0.11927925510105197,0.1667868531961605,0.4273972602739726,0.42211055276381915,0.12135867306457104,0.1683542923297624,0.43434343434343436,0.43143812709030105,0.13093729236576013,0.18227238737951124,0.4261744966442953,27.0,9.0,9.0,34.0,3.0,3.0,44.0,7.0,7.0,-1.4845044053016537e-05,0.0003214855883012671,7.8056898383942e-05,0.00024245699414393584,-0.00015588034778968307,0.00010364736082912884,-0.8668854236602783
81,1,3.7908080670370983,1.7308912074472813,2.378524874712199,6.368557552622325,2.907897228511432,3.995921789516495,44.292176867222295,36.44685934693595,40.186858925039054,74.41085713693346,61.2307237028524,67.51392299406561,3.637884027394817,1.57810280975999,2.2260379395442245,5.774419091102884,2.504925094857127,3.533393554832102,38.0113206573456,30.16706721909651,33.907796775878786,60.33542961483428,47.88423368110557,53.82189964425204,3.7039566885268806,1.702535379054158,2.3399471716061395,6.207748639989186,2.853411249811438,3.9216991702896196,40.60765877220271,33.2080930709147,36.69581225749683,68.05752866849616,55.65602190656095,61.50136132541368,0.728643216080402,-0.001356783919598037,-0.001356783919598037,0.6180904522613065,-0.0019095477386934512,-0.0019095477386934512,0.5175879396984925,-0.002412060301507535,-0.002412060301507535,0.4208955223880597,0.0989879217919345,0.16667506558567635,0.3802395209580839,0.4120603015075377,0.09125829649500639,0.15162624474626896,0.3282828282828283,0.4147157190635451,0.09418149535736808,0.16443763230047503,0.36241610738255037,25.0,8.0,8.0,35.0,5.0,5.0,47.0,12.0,12.0,0.000692166722746461,5.224574853463158e-05,1.9384955785369286e-05,0.0003648737173866934,-3.5801071247121286e-05,0.00018020799302398416,-0.17499041557312012
81,0,3.7360746867978087,1.6887340420673467,2.3289796690762525,5.666084833058288,2.56111323915427,3.532101867793369,41.933066269152754,34.1857953279588,37.848992276942724,63.59517159302787,51.845755947615245,57.40131530152451,4.136715867411551,1.8877385017624162,2.6103437654638113,6.1284679517208165,2.7966496322406167,3.867175948835276,62.59690696693928,53.118868655802615,57.99545406465683,92.73615846953966,78.69462023081869,85.919191206899,3.7552294858721984,1.725840506073434,2.371605279078877,5.661149978701807,2.6017696071458807,3.575284340319915,42.74402783561689,35.13459241636238,38.754694206158085,64.43823291801542,52.96672223572219,58.42416211983631,0.7688442211055276,-0.0011557788944723812,-0.0011557788944723812,0.6582914572864322,-0.0017085427135676845,-0.0017085427135676845,0.5577889447236181,-0.00221105527638199,-0.00221105527638199,0.445141065830721,0.12589223953964124,0.18966661327597645,0.41509433962264153,0.4723618090452262,0.1440410070402136,0.21359720136576044,0.4444444444444444,0.4448160535117057,0.12762072796913482,0.20009970201003724,0.412751677852349,27.0,8.0,8.0,42.0,11.0,11.0,49.0,9.0,9.0,0.0019010444202278822,0.00022984357071809757,0.00045055901249539096,-0.004247472499277372,-0.0034701534490721997,-0.004298597398502579,-1.5203139781951904
41,1,3.117256282720455,1.3913638884151411,1.8995795702163412,5.170449122781523,2.3077910649193445,3.150744960214604,22.58432954292142,16.966797695943043,19.205002085831143,37.45958505917255,28.142044255290145,31.85445057505646,3.1892005402838164,1.382332230918637,1.9426937868144671,4.655767212093163,2.0180032568155286,2.8360493238167406,24.26901758351856,18.17767624947642,20.790845983330847,35.42922274966213,26.536753648870683,30.35159997566547,3.082612546790005,1.387162138558171,1.9075943630107393,4.97195572062904,2.23735828799705,3.0767651016302247,21.815321560147762,16.36622182819946,18.57711973409793,35.18600251636736,26.397131980966876,29.963096345319244,0.6683417085427136,-0.0016582914572863539,-0.0016582914572863539,0.5326633165829145,-0.0023366834170853723,-0.0023366834170853723,0.4773869346733668,-0.0026130653266331905,-0.0026130653266331905,0.4534883720930233,0.14724744321058492,0.2042215099229353,0.4548104956268222,0.4522613065326633,0.15401569249757552,0.20685229150762152,0.45959595959595956,0.4548494983277592,0.1576875617668243,0.211245493878371,0.44966442953020136,26.0,10.0,10.0,39.0,14.0,14.0,47.0,14.0,14.0,4.965043006936541e-05,-8.385785646656253e-05,2.7523990468259622e-05,-0.0028908057519592134,-0.0035669915753162584,-0.004030219773056842,-1.5480341911315918
41,0,3.7857239909120417,1.7468963173178849,2.3804398562029365,6.227403961381938,2.873592758664923,3.91575313623915,44.06756352775689,36.38596495039201,39.9908786233549,72.48983822909122,59.8538358355561,65.78381217332937,4.064110156878754,1.8242435078796806,2.5336876866713487,6.3501721201230525,2.850380481062001,3.9588870104239815,58.21308495533514,48.82100619450688,53.59295667872878,90.95794524271116,76.282822178917,83.73899481051373,3.7857239909120417,1.7468963173178849,2.3804398562029365,6.227403961381938,2.873592758664923,3.91575313623915,44.06756352775689,36.38596495039201,39.9908786233549,72.48983822909122,59.8538358355561,65.78381217332937,0.8090452261306533,-0.0009547738693467256,-0.0009547738693467256,0.6432160804020101,-0.001783919597989958,-0.001783919597989958,0.5477386934673367,-0.002261306532663321,-0.002261306532663321,0.4476534296028881,0.11972550167496021,0.1895501883063695,0.4094202898550725,0.44221105527638194,0.11639651893552982,0.1801075494333102,0.4242424242424242,0.4476534296028881,0.11972550167496021,0.1895501883063695,0.4094202898550725,23.0,6.0,6.0,32.0,3.0,3.0,42.0,2.0,2.0,0.0010271686297108678,0.000549052661297386,7.347202940178551e-05,-0.00023182424163081805,0.0001888633816387042,3.6794479953528025e-05,-1.1438891887664795
375,1,3.0030710402830145,1.3332257488940429,1.836710186893956,5.879506554770963,2.6102311348829157,3.5959687394008175,20.147315229464272,14.835969206815118,16.93702658533427,39.44504487696319,29.046325254306712,33.15984120622673,3.3961170714105196,1.5563873524158436,2.1526607345994093,5.660195119017533,2.5939789206930723,3.5877678909990154,29.847977180963873,23.553140524662393,26.38039928754122,49.74662863493979,39.255234207770656,43.967332145902034,3.0240216897084164,1.3753641600080369,1.872327553294647,5.815426326362339,2.6449310769385326,3.600629910182014,20.573867236397682,15.37387293500697,17.410319382375576,39.565129300764774,29.56514025962879,33.48138342764534,0.728643216080402,-0.001356783919598037,-0.001356783919598037,0.6130653266331658,-0.001934673366834172,-0.001934673366834172,0.5025125628140703,-0.0024874371859296973,-0.0024874371859296973,0.42592592592592593,0.1208411801632141,0.1867062134002586,0.368421052631579,0.457286432160804,0.12896563015579143,0.20686906989035325,0.4040404040404041,0.4381270903010034,0.13428735741285647,0.2011971681652971,0.37583892617449666,24.0,6.0,6.0,36.0,9.0,9.0,44.0,10.0,10.0,0.0017039718190635688,0.000467999054253215,0.0004120327820631852,-0.01069959754062566,-0.008301102745997824,-0.010080908794824595,-0.6059768199920654
375,0,3.1695395265856097,1.4061655784438452,1.9446951839363709,5.476259959822914,2.42954163831131,3.3600011233567293,23.796524166450734,17.964442789447695,20.392887925895923,41.115105643145434,31.03856504176796,35.23437858307573,3.610936816613279,1.59185207262593,2.223283450061108,5.642088775958248,2.4872688634780156,3.4738803907204803,37.00069945346622,29.46927086058505,32.995259736271706,57.813592896040966,46.04573571966414,51.55509333792453,3.178729827188728,1.4182580378016156,1.9587633259591308,5.418289478162604,2.4174852917072993,3.338801123793973,24.016229409075375,18.201049121413767,20.629155140177765,40.9367546745603,31.02451554786437,35.16333262530301,0.7487437185929648,-0.0012562814070351536,-0.0012562814070351536,0.6030150753768844,-0.0019849246231156137,-0.0019849246231156137,0.4824120603015075,-0.0025879396984924696,-0.0025879396984924696,0.41290322580645167,0.11177601163575923,0.17041395542018556,0.37540453074433655,0.4321608040201005,0.11135879900756918,0.18341289083145274,0.4040404040404041,0.41137123745819393,0.114209300897259,0.1677672330088057,0.37248322147651003,21.0,0.0,0.0,31.0,-1.0,-1.0,40.0,0.0,0.0,0.001605538140856588,5.768085461428005e-05,0.0001759654895829574,0.0004635968812909397,6.103705499693746e-05,-7.885590001688314e-05,-1.5027685165405273
321,1,2.709526583709215,1.1479527148837512,1.5022569599938247,5.060439354868681,2.1439705116211236,2.8056857929296433,15.02216209494526,10.255845192360205,11.677821228693189,28.056096853794823,19.15429910926097,21.81004847123581,3.032825824004322,1.290022893946825,1.829824917491509,4.560640336848604,1.9398840510478572,2.7516164172804647,20.755802040569712,15.042466961492988,17.425706792814424,31.21173239183415,22.62025106991426,26.204070365134466,2.5512239841314464,1.110500809928029,1.546183730106088,4.638589062057175,2.0190923816873254,2.8112431456474325,12.82278907177706,8.599039852507378,10.090771826473093,23.31416194868556,15.634617913649773,18.34685786631471,0.7035175879396984,-0.001482412060301641,-0.001482412060301641,0.5276381909547738,-0.002361809045226204,-0.002361809045226204,0.4120603015075377,-0.0029396984924623393,-0.0029396984924623393,0.40263157894736845,0.10828203886852483,0.13576940885939193,0.3825857519788918,0.4120603015075377,0.10378962481580833,0.15830404107348095,0.38383838383838387,0.3946488294314381,0.11752028185213925,0.16439298960941362,0.3389261744966443,25.0,9.0,9.0,37.0,9.0,9.0,45.0,9.0,9.0,0.000549504914688178,0.00030739899842156066,0.00038356436295164636,-0.01886402329734871,-0.0210330610796019,-0.020615124892298553,-1.1933188438415527
321,0,3.740055130739681,1.7421239765478946,2.371595273592523,5.960712864616367,2.776510087623207,3.779729967288083,42.10031112231125,34.7265260389824,38.171016764078416,67.09737085118356,55.3454008746282,60.83505796774998,3.8758300740515166,1.771564170282236,2.439854941370423,5.828315900829348,2.6640062711011065,3.668954799053268,48.2227101027682,40.02162968570516,44.01896788554696,72.51535353799729,60.18290178301527,66.19393666999542,3.7267007313444465,1.7144313130371884,2.3457135658424777,5.94686286916667,2.7357946484635987,3.743159945493315,41.54182418177205,34.0615502118747,37.56299673111713,66.29014497091285,54.35353757214048,59.94095223050606,0.7437185929648241,-0.0012814070351758744,-0.0012814070351758744,0.6231155778894473,-0.0018844221105527303,-0.0018844221105527303,0.5477386934673367,-0.002261306532663321,-0.002261306532663321,0.4459016393442623,0.1431193152853425,0.20489836780663961,0.4111842105263158,0.44221105527638194,0.11890278459969017,0.1917936930059312,0.40909090909090906,0.4448160535117057,0.1376374224599528,0.20788613137599943,0.4093959731543624,29.0,6.0,6.0,41.0,11.0,11.0,49.0,6.0,6.0,0.000978624458954389,0.0002614392918891713,0.0002303879451518249,0.0004833415140721442,8.040468024717029e-05,-6.13331151724239e-05,-1.4814047813415527
432,1,3.304432644245932,1.5143321070702145,2.0674164191914,6.023269630017901,2.760301562254568,3.7684552451083744,27.233086356662746,21.243031697373688,23.787768297552475,49.64005614379032,38.72147549901027,43.35998271958932,3.97346527252964,1.8115445197891962,2.4901407248877776,6.460919142324618,2.9456008451856848,4.049009308760614,53.16845516880475,44.48064639349973,48.76088062698308,86.45277263220284,72.32625429837354,79.28598475932208,3.304432644245932,1.5143321070702145,2.0674164191914,6.023269630017901,2.760301562254568,3.7684552451083744,27.233086356662746,21.243031697373688,23.787768297552475,49.64005614379032,38.72147549901027,43.35998271958932,0.7889447236180904,-0.001055276381909609,-0.001055276381909609,0.6432160804020101,-0.001783919597989958,-0.001783919597989958,0.5175879396984925,-0.002412060301507535,-0.002412060301507535,0.4006968641114983,0.1015664293288896,0.16778840524707184,0.35664335664335667,0.4321608040201005,0.10384000201508792,0.17005729817702875,0.4242424242424242,0.4006968641114983,0.1015664293288896,0.16778840524707184,0.35664335664335667,28.0,2.0,2.0,41.0,4.0,4.0,44.0,-3.0,-3.0,0.0011982993245599335,0.0002839342881293858,0.00018744982391084356,-0.025642407434336434,-0.019553564352346342,-0.022710710463080375,-1.2181346416473389
432,0,3.625968753843379,1.61406978086867,2.2310313367832424,6.20598498253963,2.7625425095636853,3.8184959418020883,37.561092993247286,30.083589542733602,33.52637093328454,64.28725531536554,51.48922056352482,57.38167332812161,3.7824258373011297,1.6246740927487662,2.277824370466286,5.819116672770969,2.4994986042288714,3.5043451853327476,43.92246135015212,35.27079672578656,39.42010241681938,67.5730174617725,54.26276419351779,60.64631141049136,3.625968753843379,1.61406978086867,2.2310313367832424,6.20598498253963,2.7625425095636853,3.8184959418020883,37.561092993247286,30.083589542733602,33.52637093328454,64.28725531536554,51.48922056352482,57.38167332812161,0.7185929648241206,-0.0014070351758793676,-0.0014070351758793676,0.5979899497487438,-0.0020100502512562235,-0.0020100502512562235,0.5125628140703518,-0.0024371859296482556,-0.0024371859296482556,0.4398496240601504,0.12465262593632298,0.19484962406015038,0.4377358490566038,0.4371859296482412,0.11889019029987025,0.18509911829598746,0.4494949494949495,0.4398496240601504,0.12465262593632298,0.19484962406015038,0.4377358490566038,27.0,9.0,9.0,38.0,9.0,9.0,47.0,9.0,9.0,0.00043109283360798906,0.00029325083109853195,3.7853477184597356e-08,-0.00015559510116602837,0.0002314721571865519,7.534460660885145e-05,-0.8339998722076416
344,1,3.842603535241402,1.7821159997290659,2.445426761215251,6.775116759504577,3.1421518942591424,4.311673500037417,46.64676297308976,38.79696704125079,42.602995606120444,82.24560839992142,68.4051787306264,75.11580804237026,3.8353920941376805,1.7398892837670275,2.4047535595408345,6.2364099091669605,2.82908826628785,3.9101683894972923,46.311582608542466,38.18205505504176,42.13021432055096,75.30338635535361,62.08464236592156,68.50441352935117,3.842603535241402,1.7821159997290659,2.445426761215251,6.775116759504577,3.1421518942591424,4.311673500037417,46.64676297308976,38.79696704125079,42.602995606120444,82.24560839992142,68.4051787306264,75.11580804237026,0.728643216080402,-0.001356783919598037,-0.001356783919598037,0.6180904522613065,-0.0019095477386934512,-0.0019095477386934512,0.5025125628140703,-0.0024874371859296973,-0.0024874371859296973,0.44569288389513106,0.13167419230634603,0.19662688140447104,0.4285714285714286,0.4371859296482412,0.12390272162819105,0.18509911829598746,0.41414141414141414,0.44569288389513106,0.13167419230634603,0.19662688140447104,0.4285714285714286,24.0,9.0,9.0,35.0,7.0,7.0,47.0,12.0,12.0,-0.0002804968922464296,0.00013834557435229273,8.85781951656052e-05,-0.00016252502302549487,0.00022759863213561715,7.184004964067014e-05,-0.5165431499481201
344,0,3.7522274208752484,1.7528865431119744,2.382474483540167,6.10827719677366,2.8535362329729814,3.878446833670039,42.61589990623716,35.23171249378371,38.681521368899965,69.37472077759537,57.353950571275796,62.969918507511565,3.8527066791476914,1.7253561832762454,2.400740660518697,5.750308476339837,2.5751584825018585,3.5831950156995473,47.12043066954956,38.727829572890755,42.84892654746696,70.3290009993277,57.80273070580709,63.95362171263725,3.7522274208752484,1.7528865431119744,2.382474483540167,6.10827719677366,2.8535362329729814,3.878446833670039,42.61589990623716,35.23171249378371,38.681521368899965,69.37472077759537,57.353950571275796,62.969918507511565,0.7688442211055276,-0.0011557788944723812,-0.0011557788944723812,0.6130653266331658,-0.001934673366834172,-0.001934673366834172,0.5477386934673367,-0.002261306532663321,-0.002261306532663321,0.4623655913978495,0.14393983111162412,0.20730003716662182,0.4388489208633094,0.44221105527638194,0.13143411292049223,0.1867853457605222,0.4292929292929293,0.4623655913978495,0.14393983111162412,0.20730003716662182,0.4388489208633094,24.0,7.0,7.0,37.0,9.0,9.0,45.0,8.0,8.0,0.0002086732966365037,0.00035113504842189624,0.00011220455451488777,-0.0002456840853515274,0.00018111633153772289,2.978536601450088e-05,-0.9586057662963867
462,1,3.287436703592539,1.3868792733668631,1.9389580399804824,5.613123307729814,2.3680225890998035,3.3106677172007175,26.774145549986393,20.08452314911745,22.922583999438864,45.71542936992358,34.29325495141863,39.13909289265891,3.6331121418344314,1.5110148545727364,2.115048440182503,5.190160202620617,2.158592649389624,3.021497771689291,37.83036707343943,29.481738461678923,33.26698650470849,54.043381533484904,42.11676923096989,47.52426643529785,3.3143794377113265,1.4145625670219344,1.9702100644695668,5.4334089142808635,2.318955027904811,3.2298525647042085,27.50531992307488,20.820649751932237,23.67032015922443,45.09068839848341,34.13221270808563,38.80380353971218,0.7236180904522613,-0.0013819095477386467,-0.0013819095477386467,0.592964824120603,-0.0020351758793969443,-0.0020351758793969443,0.5125628140703518,-0.0024371859296482556,-0.0024371859296482556,0.421875,0.11142258190327614,0.15992073804573803,0.3573667711598746,0.4623115577889447,0.14652208410473422,0.19853860286407,0.38888888888888884,0.4280936454849499,0.11757611626959097,0.16891678230363727,0.36241610738255037,26.0,8.0,8.0,37.0,7.0,7.0,48.0,10.0,10.0,0.0018060855909533095,8.066098782390501e-05,0.0003111290485295803,-0.00425142142583379,-0.005222191363933426,-0.0043021019554698725,-0.9355137348175049
462,0,3.9287427002383817,1.8567502257607336,2.520188633962036,5.846119520450415,2.762915407710948,3.750137153886092,50.84301255839887,42.90238369170061,46.75297535468317,75.6563488309189,63.84038912975546,69.57021691534196,4.294756587426267,2.0401614239542516,2.7778790958207664,6.135366553466096,2.9145163199346453,3.9683987083153807,73.31436663424735,63.78293277786094,68.75639598410847,104.73480947749621,91.1184753969442,98.22342283444065,3.9361970982822685,1.8587532044388868,2.5242137597236347,5.93396547479739,2.8021405092043516,3.8053473764677905,51.22343275193371,43.2393979828616,47.11934562025634,77.22125540492519,65.18502208471598,71.03418937727086,0.8341708542713568,-0.0008291457286431214,-0.0008291457286431214,0.6783919597989949,-0.0016080402010050232,-0.0016080402010050232,0.5829145728643217,-0.002085427135678275,-0.002085427135678275,0.4580645161290322,0.1392239364188873,0.20591859338225105,0.4271844660194175,0.4623115577889447,0.13399075578393216,0.201877501027676,0.4494949494949495,0.4581939799331104,0.1426681034723425,0.20457885201319936,0.4261744966442953,30.0,-1.0,-1.0,45.0,1.0,1.0,52.0,0.0,0.0,0.0009550640197984634,0.00020243081980995733,0.0002923592618135503,0.0004635968812909397,6.103705499693746e-05,-7.885590001688314e-05,-1.0313560962677002
300,1,3.224574801634674,1.3531167182018027,1.8376977998461812,6.559078289688712,2.7523624154332125,3.738044388323482,25.1428811706862,18.64511739347599,21.140549928939613,51.14290601764579,37.92586378900229,43.001800423638535,3.5204579350936354,1.4836657093873868,2.090602705434085,6.230899000165727,2.6259570077652867,3.7001817795293546,33.799903082176534,26.133924096586444,29.62180879817052,59.822837313586795,46.2547329143123,52.42798017375314,3.303830342149256,1.3962286095067526,1.9574095109251095,6.607660684298512,2.7924572190135053,3.914819021850219,27.216688750303227,20.479776258891647,23.373044918395436,54.433377500606454,40.959552517783294,46.74608983679087,0.728643216080402,-0.001356783919598037,-0.001356783919598037,0.6030150753768844,-0.0019849246231156137,-0.0019849246231156137,0.4773869346733668,-0.0026130653266331905,-0.0026130653266331905,0.40896358543417366,0.07329924976983804,0.12548362453485795,0.3735955056179775,0.42211055276381915,0.09629601642296703,0.1499903524299293,0.4040404040404041,0.41137123745819393,0.07915087017939593,0.14107090375407827,0.3791946308724832,25.0,5.0,5.0,36.0,4.0,4.0,44.0,6.0,6.0,0.000491558423893626,0.00030938575731512876,0.0004773363821973556,0.00027799733314992636,-0.0001210186223419285,0.0001258746411432199,-1.1531121730804443
300,0,3.5032126364693186,1.6572900924925804,2.2578929689831613,5.791024970490098,2.7396019896305925,3.7324353160742056,33.222010943343,26.888070508883843,29.747965782205455,54.91801809001598,44.447626759583486,49.1752087420131,3.5073831836182867,1.6218011121203624,2.2349196559531723,5.15791644649748,2.385001635471121,3.2866465528723117,33.36085423135816,26.770664944178407,29.791218595974204,49.06007975199729,39.36862491790942,43.810615582315,3.5663175295826584,1.6943338080039998,2.303627745396886,5.660821475528029,2.6894187428634915,3.6565519768204537,35.38604486564935,28.884864718126906,31.85112799077237,56.1683251835704,45.84899161607446,50.557346017099,0.7537688442211055,-0.0012311557788945438,-0.0012311557788945438,0.5879396984924623,-0.002060301507537776,-0.002060301507537776,0.4773869346733668,-0.0026130653266331905,-0.0026130653266331905,0.43034055727554177,0.1196759514022806,0.1811129568635953,0.40372670807453415,0.42713567839195976,0.1188650017002304,0.17170996887610002,0.38888888888888884,0.43143812709030105,0.11925114879313914,0.17893534622267038,0.412751677852349,21.0,0.0,0.0,32.0,0.0,0.0,44.0,0.0,0.0,-0.00011940583654534676,7.890901574805386e-05,-2.2115910925115097e-05,-0.004263268205502158,-0.0042327719033776745,-0.004312615626377081,-1.0943291187286377
196,1,3.8862800228503325,1.8218315396341,2.4743159595193083,6.063533288664073,2.8424961973809153,3.8605291175632583,48.729277144293775,40.84832692175634,44.6252691190676,76.02941433959089,63.73323296828247,69.62617290264161,3.8779677673799906,1.7587976382302117,2.436315765737964,5.788011593104463,2.625071101836137,3.636292187668603,48.32590572943912,40.001679141927724,44.09823155347922,72.12821750662555,59.7039987192951,65.81825604996898,3.8862800228503325,1.8218315396341,2.4743159595193083,6.063533288664073,2.8424961973809153,3.8605291175632583,48.729277144293775,40.84832692175634,44.6252691190676,76.02941433959089,63.73323296828247,69.62617290264161,0.7688442211055276,-0.0011557788944723812,-0.0011557788944723812,0.6482412060301508,-0.0017587939698492372,-0.0017587939698492372,0.542713567839196,-0.0022864321608039306,-0.0022864321608039306,0.4651162790697675,0.1420988709459764,0.21382761927595306,0.4708171206225681,0.46733668341708545,0.14152214707623334,0.2152498720648317,0.46464646464646464,0.4651162790697675,0.1420988709459764,0.21382761927595306,0.4708171206225681,22.0,9.0,9.0,35.0,7.0,7.0,44.0,9.0,9.0,0.0004405122972875771,-0.0001404686799303986,-9.073308945898052e-05,-0.00010015572628230274,-0.00015629801580718805,0.00010338106235963096,-1.1641016006469727
196,0,3.4850500115326475,1.6384758314787053,2.2283082337977325,5.501680074385809,2.5865826328399786,3.5177225488604655,32.6240586482354,26.285989444596908,29.11010507500209,51.50202516940532,41.496421538942315,45.954716438626896,3.611424641393537,1.6316383472475464,2.252980701369392,5.51362540670769,2.491050911828315,3.439665192930369,37.018753714846504,29.777558380883555,33.128618408981545,56.517181244040465,45.46192119218864,50.57804337249091,3.4850500115326475,1.6384758314787053,2.2283082337977325,5.501680074385809,2.5865826328399786,3.5177225488604655,32.6240586482354,26.285989444596908,29.11010507500209,51.50202516940532,41.496421538942315,45.954716438626896,0.7738693467336684,-0.0011306532663316604,-0.0011306532663316604,0.6331658291457287,-0.0018341708542712887,-0.0018341708542712887,0.5326633165829145,-0.0023366834170853723,-0.0023366834170853723,0.46071428571428574,0.13451107715813604,0.20299457074991523,0.42652329749103945,0.4623115577889447,0.12145942746313021,0.1918608065368579,0.43434343434343436,0.46071428571428574,0.13451107715813604,0.20299457074991523,0.42652329749103945,28.0,0.0,0.0,36.0,-1.0,-1.0,48.0,0.0,0.0,0.0008363653969438408,0.00015817786604112254,0.00010150688405149687,-0.008633412149855246,-0.0066629806085511945,-0.00748099003456737,-1.4915359020233154
407,1,2.370744900297103,0.9990711008706576,1.268542812510679,5.644630714993102,2.378740716358709,3.0203400297873313,10.705363743404313,6.763420544471776,7.694574992911776,25.48896129381979,16.10338224874232,18.32041664978994,2.64992187730032,1.1252325199180069,1.5826251559979116,4.953125004299663,2.1032383549869285,2.9581778616783394,14.152932936856478,9.55921659328676,11.245423877387172,26.4540802558065,17.86769456689114,21.019483882966675,2.4311192207113157,1.0785020874704487,1.4881532687217462,5.064831709815241,2.246879348896768,3.100319309836971,11.371602293117936,7.504068143809331,8.804016821753919,23.69083811066237,15.633475299602775,18.341701711987334,0.5879396984924623,-0.002060301507537776,-0.002060301507537776,0.4623115577889447,-0.002688442211055242,-0.002688442211055242,0.3467336683417085,-0.003266331658291488,-0.003266331658291488,0.37593984962406013,0.0980925404876396,0.13156057298671897,0.3417085427135679,0.371859296482412,0.10118260475308871,0.14815311952080934,0.3484848484848485,0.3946488294314381,0.12920642542476024,0.18775227770730019,0.3489932885906041,26.0,17.0,17.0,34.0,14.0,14.0,46.0,21.0,21.0,0.0003172705190870547,0.0004454649251160462,9.239441506058331e-05,-0.06967618818345844,-0.08021954759348482,-0.0754516469299551,-0.6998822689056396
407,0,3.6024209267871323,1.6518007113739461,2.2418950852000323,6.1832597997092575,2.8351803254925945,3.848028877582145,36.68694342545346,29.653895192360046,32.78870080442736,62.97012677503206,50.89847682270755,56.27911332103204,3.3068073622545406,1.4662368434095345,2.037199480980771,6.067536444503744,2.6903428319440996,3.7379806990472857,27.297834105659103,20.997702525965686,23.73837754655723,50.08776900120936,38.527894543056306,43.55665604872886,3.332179689088394,1.5099355940025365,2.0769857208501574,5.9151118741214095,2.6803590426080532,3.6869569009174397,27.999305018194455,21.813580778836865,24.490786168629228,49.70290831632152,38.7223327434974,43.4747683466791,0.6532663316582914,-0.0017336683417086274,-0.0017336683417086274,0.542713567839196,-0.0022864321608039306,-0.0022864321608039306,0.4371859296482412,-0.002814070351758735,-0.002814070351758735,0.4215116279069767,0.11962483545414648,0.18495248812203047,0.4431486880466472,0.4170854271356784,0.12385234442891147,0.19170980109227276,0.41414141414141414,0.4180602006688964,0.11755936594435545,0.1878043608468719,0.41946308724832215,25.0,5.0,5.0,35.0,4.0,4.0,45.0,6.0,6.0,0.0008710639161579258,-0.0006298235893106461,-0.00013470905357759532,-0.010375072531672025,-0.008825142311435386,-0.009435822560684315,-1.5692498683929443
420,1,2.98282662466113,1.3484498002060812,1.8688304750781553,5.162584542682726,2.3338554234336026,3.2345142837891157,19.743545437899616,14.61728299785516,16.697037032970574,34.171520950210876,25.299143650133928,28.89871794167984,2.875371475315573,1.2224428914127503,1.7294846240430537,4.915164915069356,2.089645968226924,2.9563839727231693,17.73200990213257,12.50975864673384,14.586780431038676,30.311128037833456,21.384202814929644,24.934667403484916,2.98282662466113,1.3484498002060812,1.8688304750781553,5.162584542682726,2.3338554234336026,3.2345142837891157,19.743545437899616,14.61728299785516,16.697037032970574,34.171520950210876,25.299143650133928,28.89871794167984,0.6281407035175879,-0.0018592964824121205,-0.0018592964824121205,0.4974874371859297,-0.002512562814070307,-0.002512562814070307,0.40201005025125625,-0.002989949748743781,-0.002989949748743781,0.4386617100371747,0.14738156161416915,0.20503995478377546,0.42910447761194026,0.4170854271356784,0.12385234442891147,0.17835420843784866,0.3939393939393939,0.4386617100371747,0.14738156161416915,0.20503995478377546,0.42910447761194026,24.0,10.0,10.0,40.0,16.0,16.0,46.0,12.0,12.0,-0.00021876861168415216,0.0002913854398630992,0.00030847277287401794,-0.00017638486674709242,0.00021985158203818855,6.483093570341936e-05,-1.2300009727478027
420,0,4.484409761428833,2.0782862712340644,2.844967394192133,7.946637886061389,3.6828455247603644,5.041449573531648,88.62462569988641,77.53374191552065,83.47233007771001,157.04804995347519,137.3943514826506,147.91787903476555,4.532226025758677,2.0816612107704424,2.8625482109820855,7.429878730751929,3.412559361918758,4.692701985216534,92.9652740172189,81.37038017729775,87.65481744632554,152.40208855281787,133.39406586442254,143.69642204315662,4.484409761428833,2.0782862712340644,2.844967394192133,7.946637886061389,3.6828455247603644,5.041449573531648,88.62462569988641,77.53374191552065,83.47233007771001,157.04804995347519,137.3943514826506,147.91787903476555,0.8793969849246231,-0.000603015075376856,-0.000603015075376856,0.7386934673366834,-0.0013065326633165952,-0.0013065326633165952,0.6130653266331658,-0.001934673366834172,-0.001934673366834172,0.43333333333333335,0.0799029799029799,0.16048014773776553,0.41422594142259417,0.4321608040201005,0.07376481404516311,0.15670170552260465,0.41414141414141414,0.43333333333333335,0.0799029799029799,0.16048014773776553,0.41422594142259417,27.0,6.0,6.0,37.0,2.0,2.0,49.0,5.0,5.0,0.00020353485801953024,0.0002675424063333068,0.00014106516593699215,2.4582867206746073e-05,-5.7358864443912694e-05,-7.978146849918488e-05,-0.38757801055908203
428,1,3.271737441907521,1.4317107597103487,1.987562102307207,5.549300523014414,2.428371288569486,3.371168869659185,26.357093502971292,20.060387234227854,22.745405190509793,44.70512544426622,34.025076690099176,38.579223168433735,3.423500703806853,1.4063500427040418,2.0106109808171766,5.0718528945286705,2.083481544746728,2.9786829345439654,30.676617020331797,23.159740757345848,26.56880832164422,45.44684003012118,34.31072704791978,39.36119751354699,3.280240930043734,1.4398889812897149,1.9963114229292684,5.497610497280001,2.4132217563514775,3.3457733345183267,26.582176373340495,20.283421663502917,22.971375822070218,44.55113358660418,33.994561447211595,38.49951255095567,0.7185929648241206,-0.0014070351758793676,-0.0014070351758793676,0.5728643216080402,-0.0021356783919597166,-0.0021356783919597166,0.4773869346733668,-0.0026130653266331905,-0.0026130653266331905,0.43790849673202614,0.12469479363251557,0.18247371412333047,0.39344262295081966,0.44221105527638194,0.11389025327136937,0.1734297531060981,0.4040404040404041,0.4381270903010034,0.12594011200384148,0.18006257417197113,0.3959731543624161,21.0,2.0,2.0,33.0,2.0,2.0,40.0,2.0,2.0,0.0008782526953940877,0.00024001000305774286,0.00016626650319558607,0.00047939258751661384,7.653115519623555e-05,-6.483767214060521e-05,-1.1895081996917725
428,0,3.290904608037737,1.4721879349879345,2.027774758759328,4.857248628209544,2.172892769429307,2.9929175525918925,26.86715691239848,20.703213894666423,23.330684101668076,39.65489025051122,30.557147431070156,34.43519240005817,3.447805581979416,1.532876699038746,2.1187407598222583,4.960871340977578,2.205577984228412,3.048547855859365,31.431343069366466,24.644886922333722,27.653833976941733,45.2249540566424,35.46026895299816,39.789689175455734,3.258657482954172,1.4593045114935081,2.0078604603850057,4.815749974809122,2.1566076524534608,2.9672814685492703,26.01458865958474,19.968854223677116,22.521462711105666,38.44520491564247,29.51062200543416,33.282949819367985,0.7185929648241206,-0.0014070351758793676,-0.0014070351758793676,0.5778894472361809,-0.002110552763819218,-0.002110552763819218,0.48743718592964824,-0.002562814070351749,-0.002562814070351749,0.43790849673202614,0.1279574363731354,0.19769110542767832,0.4327868852459016,0.4522613065326633,0.1389780985126131,0.20351339334401553,0.4494949494949495,0.4381270903010034,0.13094845924925047,0.19786012700845612,0.4261744966442953,26.0,10.0,10.0,38.0,10.0,10.0,49.0,12.0,12.0,0.0006351984033354149,9.678616741974244e-05,3.2348056584020383e-05,0.00047939258751661384,7.653115519623555e-05,-6.483767214060521e-05,-1.5304198265075684
379,1,3.1343847093093826,1.3503617913467705,1.8770881265694703,5.244975418090576,2.2596506357712296,3.141057015817255,22.974495499068013,17.020735706155257,19.458591825892363,38.444758799947984,28.481934623867843,32.56136220111637,3.3080356504449893,1.395306925523134,1.9719136578497816,4.692249149567361,1.9791587596072824,2.797040649432314,27.331384313359784,20.559843028694726,23.52712240688654,38.76792101185785,29.162897913042165,33.37180483246318,3.1632877747749406,1.3814874587221775,1.9139596184405336,5.214210617760891,2.277177129761831,3.1548784919349453,23.64821827226369,17.707676622460962,20.160219492060072,38.98057956966542,29.188477949111473,33.23113103086825,0.6934673366834171,-0.0015326633165829717,-0.0015326633165829717,0.5376884422110553,-0.0023115577889447625,-0.0023115577889447625,0.46733668341708545,-0.002663316582914521,-0.002663316582914521,0.42168674698795183,0.1194311078902075,0.17318975299997585,0.4169184290030211,0.44221105527638194,0.14145917557713383,0.1901242439241282,0.43939393939393945,0.42140468227424754,0.11756494938610063,0.17446363666801845,0.4161073825503355,24.0,7.0,7.0,37.0,12.0,12.0,46.0,11.0,11.0,0.0004261885893176032,7.129819210666884e-05,0.00023505337990625653,0.00037672049705506083,-2.4180496096981585e-05,0.00018761708646408692,-1.1519641876220703
379,0,3.9931376295794774,1.8729294263655913,2.5529058163917364,6.398941046158417,3.0013403229957927,4.090991929373093,54.22475993921948,45.891887701347514,50.003085595857826,86.89433580322128,73.54103743445751,80.12916822193367,4.1786707202393805,1.9340014620930228,2.6591681602734223,6.2837153687810225,2.9082728753278535,3.9987491131931154,65.27902143294735,55.84172770073986,60.70907008006493,98.16394200443209,83.97252285825542,91.29183470686455,3.9931376295794774,1.8729294263655913,2.5529058163917364,6.398941046158417,3.0013403229957927,4.090991929373093,54.22475993921948,45.891887701347514,50.003085595857826,86.89433580322128,73.54103743445751,80.12916822193367,0.8190954773869347,-0.0009045226130653949,-0.0009045226130653949,0.6783919597989949,-0.0016080402010050232,-0.0016080402010050232,0.5879396984924623,-0.002060301507537776,-0.002060301507537776,0.46303501945525294,0.12905443693098106,0.20559646835564105,0.4296875,0.4723618090452262,0.134015944383572,0.20691940503854833,0.4494949494949495,0.46303501945525294,0.12905443693098106,0.20559646835564105,0.4296875,23.0,0.0,0.0,34.0,0.0,0.0,44.0,0.0,0.0,0.0002701587119153908,0.000547095884646832,0.00017491637564622268,-0.004768754845984269,-0.005395294564718434,-0.005477381695361494,-0.7112805843353271
7,1,3.3952511676563106,1.5309056149238185,2.1076754415275163,6.156722117350109,2.776042181728524,3.8219181339698953,29.822142892085388,23.37043069345288,26.198152539348772,54.077485777648164,42.378380990794554,47.505983271352434,3.257020838895635,1.4052301496089035,1.9646790406004722,5.520374303212941,2.3817460162862774,3.329964475594021,25.972046860007552,19.600828674034744,22.330743081975868,44.020418406792466,33.22174351531313,37.848717088094695,3.3952511676563106,1.5309056149238185,2.1076754415275163,6.156722117350109,2.776042181728524,3.8219181339698953,29.822142892085388,23.37043069345288,26.198152539348772,54.077485777648164,42.378380990794554,47.505983271352434,0.7437185929648241,-0.0012814070351758744,-0.0012814070351758744,0.5778894472361809,-0.002110552763819218,-0.002110552763819218,0.4371859296482412,-0.002814070351758735,-0.002814070351758735,0.39852398523985244,0.07439875503727422,0.1396282797183801,0.37777777777777777,0.40703517587939697,0.08623317086686566,0.14827056819993123,0.3535353535353535,0.39852398523985244,0.07439875503727422,0.1396282797183801,0.37777777777777777,25.0,7.0,7.0,38.0,12.0,12.0,45.0,9.0,9.0,0.00022164340517244127,0.0003052249974120139,0.00018016585772475665,-0.00019024471046957814,0.00021210453193631906,5.782182176528039e-05,-0.8801617622375488
7,0,3.6854063478170658,1.7108066369345392,2.335472099060667,6.166431536216789,2.8625261376159608,3.907718021957717,39.86131671841963,32.65758121873409,36.00414480991032,66.69605934585245,54.64275027448318,60.2422292244251,3.967370823999146,1.803013270849323,2.503793749519965,6.347793318398634,2.8848212333589167,4.0060699992319435,52.8454081519331,44.13640310559546,48.52401830440335,84.55265304309296,70.61824496895275,77.63842928704537,3.6854063478170658,1.7108066369345392,2.335472099060667,6.166431536216789,2.8625261376159608,3.907718021957717,39.86131671841963,32.65758121873409,36.00414480991032,66.69605934585245,54.64275027448318,60.2422292244251,0.7989949748743719,-0.0010050251256281673,-0.0010050251256281673,0.6633165829145728,-0.0016834170854271857,-0.0016834170854271857,0.5678391959798995,-0.0021608040201005485,-0.0021608040201005485,0.4274509803921569,0.09476996277963246,0.1706061303269678,0.39370078740157477,0.4321608040201005,0.08378987670180471,0.16504895093161964,0.4191919191919192,0.4274509803921569,0.09476996277963246,0.1706061303269678,0.39370078740157477,21.0,1.0,1.0,37.0,3.0,3.0,45.0,3.0,3.0,0.0005753434375427042,0.00041149797413362146,0.0002678729188545835,-7.936596070123869e-05,-0.0001398081572467902,0.00011389473326595123,-1.187490701675415
323,1,3.751161549216002,1.7214597418454196,2.3423146497376703,6.362467379056976,2.919823982025104,3.972876229113065,42.57050102528219,34.958684792449915,38.4792659474958,72.20521444619686,59.29456481371339,65.26593727006193,4.059305449826034,1.851096951026622,2.5504748851790664,6.1974129004977625,2.82610221530782,3.8938547865329265,57.934058991279244,48.83465879549393,53.412618821864676,88.4489450248538,74.55673098548691,81.54598293414455,3.707191172650825,1.7007846411417695,2.310535736563587,6.2480750100856595,2.866490968216465,3.8941613537588537,40.739216245396236,33.30266996450279,36.69755649833262,68.66160041358916,56.12809544579122,61.8498143230325,0.8341708542713568,-0.0008291457286431214,-0.0008291457286431214,0.6934673366834171,-0.0015326633165829717,-0.0015326633165829717,0.6130653266331658,-0.001934673366834172,-0.001934673366834172,0.45424836601307195,0.1247214492104618,0.20424836601307195,0.4098360655737705,0.4321608040201005,0.07627107970932356,0.16504895093161964,0.4292929292929293,0.4581939799331104,0.1326514089815244,0.20791589317004033,0.40604026845637586,26.0,5.0,5.0,41.0,10.0,10.0,50.0,8.0,8.0,0.001239358862266165,0.0001526933079826281,0.00021461947700985215,0.00047939258751661384,7.653115519623555e-05,-6.483767214060521e-05,-1.4322600364685059
323,0,3.7306026298634327,1.5904542075405774,2.2471445825104848,6.180215200074964,2.6347885968292704,3.7226792782553213,41.70423280896049,33.20353358017605,37.29606981793288,69.08833748472371,55.005853822580804,61.78565783091291,3.584795319255273,1.3927519132300628,2.0433636836868168,5.557822200395772,2.1593052918295546,3.168005711142351,36.045979045913334,27.092488995658975,31.37470599907259,55.885238830873384,42.00385890799841,48.64295503732184,3.7306026298634327,1.5904542075405774,2.2471445825104848,6.180215200074964,2.6347885968292704,3.7226792782553213,41.70423280896049,33.20353358017605,37.29606981793288,69.08833748472371,55.005853822580804,61.78565783091291,0.7135678391959799,-0.0014321608040201994,-0.0014321608040201994,0.5979899497487438,-0.0020100502512562235,-0.0020100502512562235,0.49246231155778897,-0.002537688442211028,-0.002537688442211028,0.45985401459854014,0.11923470676611758,0.1843685777053362,0.4212454212454212,0.4522613065326633,0.0988778478860467,0.16845496262615245,0.38888888888888884,0.45985401459854014,0.11923470676611758,0.1843685777053362,0.4212454212454212,28.0,0.0,0.0,40.0,0.0,0.0,46.0,0.0,0.0,-0.00020484888948236367,0.000478156519935952,0.00022303936857006923,-0.000211034476049754,0.00020048395678795572,4.730815085896012e-05,-0.8857779502868652
276,1,3.0199722726580123,1.3470402453965438,1.8210583790329449,5.972834050368069,2.6641462631176087,3.60164879408738,20.49072352301748,15.162957448925496,17.174210642895122,40.526097634412345,29.988960287874868,33.96677216039257,2.629818694675388,1.1227709951677727,1.5781099645604688,5.0091784660483585,2.1386114193671864,3.0059237420199407,13.87125474178708,9.357868508755665,11.008716494997637,26.421437603403962,17.824511445248888,20.9689837999955,2.8884421519212498,1.2717340903893422,1.7681590974909427,5.7386267918965235,2.5266240206410777,3.5128988691873038,17.965300581320925,12.928817377359081,14.899578734678082,35.69265016156476,25.68639214044851,29.601812055651823,0.5527638190954773,-0.0022361809045226,-0.0022361809045226,0.457286432160804,-0.0027135678391959628,-0.0027135678391959628,0.36180904522613067,-0.0031909547738693256,-0.0031909547738693256,0.4056338028169014,0.10746221350607166,0.16418707749920836,0.42937853107344637,0.39698492462311563,0.13382702988627349,0.17661764582511896,0.38888888888888884,0.3946488294314381,0.11418138368853326,0.17329176602765606,0.412751677852349,17.0,5.0,5.0,29.0,11.0,11.0,38.0,10.0,10.0,-0.00020114598950242212,-0.00042433922316048334,-0.0002099978675653687,-0.026174551221889608,-0.025045419239717148,-0.027043591338991924,-1.3913073539733887
276,0,3.2899102165535123,1.500080562794573,1.693962561371665,6.094423843779458,2.778837763865357,3.137996220245871,26.840453719273768,20.852021446708758,21.90745207692859,49.72084049635961,38.627515138985075,40.58265712611362,3.522355276136542,1.5570202586789004,2.1599817115389808,5.970093688367021,2.6390173875913563,3.6609859517609844,33.86409390222262,26.7267905913435,29.958641750048155,57.39676932580105,45.29964507007373,50.7773588983867,3.551861596346699,1.6093113732063327,2.2155716452641023,6.267991052376527,2.839961246834705,3.9098323151719447,34.87818619319232,27.90166620695457,31.073285274981412,61.54974034092763,49.23823448286101,54.83520930879073,0.6984924623115578,-0.0015075376884421399,-0.0015075376884421399,0.542713567839196,-0.0022864321608039306,-0.0022864321608039306,0.457286432160804,-0.0027135678391959628,-0.0027135678391959628,0.4212860310421286,0.13446432561577204,0.1534463438476027,0.3911111111111111,0.4170854271356784,0.13137114142139272,0.17334586119243967,0.38383838383838387,0.4247491638795987,0.1342650236458759,0.18114515943021048,0.40604026845637586,26.0,8.0,8.0,40.0,14.0,14.0,46.0,11.0,11.0,0.000523226395494781,0.00029207747470279055,0.00028022784173363627,-9.32017631347648e-05,0.00026634732066899147,-0.00010627695325737818,-1.1418118476867676
138,1,3.5577736657763284,1.639820145766315,2.2510163941719665,6.383806648520646,2.942372318289913,4.039057785287287,35.08499919557381,28.277985407680482,31.39082413340366,62.95393472680974,50.73993126342668,56.32537947341224,3.6107423485223973,1.5749066814595758,2.2169274078389654,6.4477541937899945,2.812333359749242,3.958798942569581,36.9935046976801,29.334855164464624,32.96330897708648,66.05982981728589,52.38366993654397,58.863051744797275,3.5577736657763284,1.639820145766315,2.2510163941719665,6.383806648520646,2.942372318289913,4.039057785287287,35.08499919557381,28.277985407680482,31.39082413340366,62.95393472680974,50.73993126342668,56.32537947341224,0.7839195979899498,-0.0010804020100502187,-0.0010804020100502187,0.6231155778894473,-0.0018844221105527303,-0.0018844221105527303,0.46733668341708545,-0.002663316582914521,-0.002663316582914521,0.4365079365079365,0.10779506522080784,0.17265569376387324,0.398406374501992,0.44221105527638194,0.11138398760720902,0.1784381003515072,0.398989898989899,0.4365079365079365,0.10779506522080784,0.17265569376387324,0.398406374501992,25.0,16.0,16.0,39.0,24.0,24.0,44.0,18.0,18.0,0.0002835002424228196,-0.00018053139540685477,0.00022157579701525022,-5.857619511928647e-05,-0.00012331829868550415,0.00012440840417138332,-0.6418132781982422
138,0,3.0147798746824264,1.3504673645488932,1.8537095729251316,5.504257195442914,2.465626021638509,3.384424296022399,20.38460327937293,15.102562627578608,17.191253984306222,37.21734386612784,27.57361813065488,31.387062198619688,3.0496283104671305,1.309821296886158,1.8362108711576266,5.350225106082686,2.2979320998002777,3.221422580978293,21.10749752843036,15.411253509575067,17.74253294078791,37.030697418298885,27.03728685890363,31.127250773312127,3.0147798746824264,1.3504673645488932,1.8537095729251316,5.504257195442914,2.465626021638509,3.384424296022399,20.38460327937293,15.102562627578608,17.191253984306222,37.21734386612784,27.57361813065488,31.387062198619688,0.6683417085427136,-0.0016582914572863539,-0.0016582914572863539,0.5577889447236181,-0.00221105527638199,-0.00221105527638199,0.4321608040201005,-0.002839195979899567,-0.002839195979899567,0.4291666666666667,0.12563236313236315,0.17985918744229,0.40585774058577406,0.42211055276381915,0.11383987607208979,0.1767015377387774,0.40909090909090906,0.4291666666666667,0.12563236313236315,0.17985918744229,0.40585774058577406,22.0,10.0,10.0,34.0,10.0,10.0,45.0,16.0,16.0,0.0002487834720436149,-5.796003968530404e-06,0.00011897401883249351,2.4582867206746073e-05,-5.7358864443912694e-05,-7.978146849918488e-05,-0.9409236907958984
426,1,3.1805246686746953,1.4047494333594137,1.946048455915013,5.3856884389558175,2.3787090404886073,3.2953087186827554,24.059373440722013,18.154516424633407,20.622795427230898,40.74053902628928,30.741647812379234,34.92126692344432,3.282146608410169,1.4106698476271766,1.9733913556946268,5.209756521285982,2.239158488297105,3.132367231261312,26.632881750512915,20.134996611160275,22.931318417992642,42.274415477004624,31.960312081206784,36.39891812379784,3.1805246686746953,1.4047494333594137,1.946048455915013,5.3856884389558175,2.3787090404886073,3.2953087186827554,24.059373440722013,18.154516424633407,20.622795427230898,40.74053902628928,30.741647812379234,34.92126692344432,0.6984924623115578,-0.0015075376884421399,-0.0015075376884421399,0.5527638190954773,-0.0022361809045226,-0.0022361809045226,0.457286432160804,-0.0027135678391959628,-0.0027135678391959628,0.41501976284584985,0.10929984174131335,0.1719185801914478,0.39682539682539686,0.4371859296482412,0.13392778428483265,0.20012416003221445,0.41414141414141414,0.41501976284584985,0.10929984174131335,0.1719185801914478,0.39682539682539686,25.0,13.0,13.0,37.0,10.0,10.0,45.0,10.0,10.0,0.00013203784515252522,0.00015278770218717702,0.00015692681263703294,-6.550611697964115e-05,-0.000128814918206821,0.00012090384720320202,-1.3805320262908936
426,0,3.6957690915922177,1.668255178691234,2.2944680862252813,6.049622024927737,2.7307748460719603,3.755825736380668,40.276537025190905,32.6813564378436,36.21605778799048,65.92885524956844,53.496267978613034,59.28223745057965,3.9360289549707765,1.734391876922185,2.4246379630513495,6.055429161493502,2.6682951952649003,3.7302122508482305,51.21482059838311,42.1750203472299,46.6817887767895,78.79203168982018,64.88464668804602,71.81813657967616,3.6957690915922177,1.668255178691234,2.2944680862252813,6.049622024927737,2.7307748460719603,3.755825736380668,40.276537025190905,32.6813564378436,36.21605778799048,65.92885524956844,53.496267978613034,59.28223745057965,0.8542713567839196,-0.0007286432160803491,-0.0007286432160803491,0.7185929648241206,-0.0014070351758793676,-0.0014070351758793676,0.5879396984924623,-0.002060301507537776,-0.002060301507537776,0.43795620437956206,0.09187241567282256,0.16611154418538732,0.40293040293040294,0.4321608040201005,0.06624601705268196,0.15002390919539266,0.41414141414141414,0.43795620437956206,0.09187241567282256,0.16611154418538732,0.40293040293040294,23.0,11.0,11.0,34.0,7.0,7.0,46.0,13.0,13.0,0.00033875340181903596,0.00018770102688303876,7.690332268140572e-06,-0.000211034476049754,0.00020048395678795572,4.730815085896012e-05,-1.1872742176055908
194,1,3.716110210817103,1.7063666609840165,2.1891783557141986,6.231381314208592,2.861330994837827,3.6709366314159486,41.10419608502704,33.64279246128944,36.500166783957795,68.92581352249077,56.4141148695858,61.20551984733535,3.973575383574519,1.8295815640079214,2.5240589968355174,5.758804903731187,2.651567484069451,3.658056517152924,53.17430992528874,44.64085920022151,48.91325661038055,77.06421728302716,64.69689739162538,70.8887776962037,3.7321131891231474,1.7507673668254764,2.386718984189947,6.019537401811528,2.8238183335894775,3.8495467486934625,41.76727712810157,34.51478013582693,37.92757725717123,67.36657601306705,55.66900021907569,61.17351170511489,0.6984924623115578,-0.0015075376884421399,-0.0015075376884421399,0.6231155778894473,-0.0018844221105527303,-0.0018844221105527303,0.5125628140703518,-0.0024371859296482556,-0.0024371859296482556,0.41253263707571797,0.10353654841861237,0.15935570647943254,0.40575916230366493,0.4321608040201005,0.10384000201508792,0.20845462705849782,0.4444444444444444,0.42140468227424754,0.11422605122249463,0.19003649539994272,0.412751677852349,19.0,0.0,0.0,29.0,0.0,0.0,40.0,-1.0,-1.0,-0.00013395941235389916,9.619233629848848e-05,2.374795554402947e-05,0.00017532524268748517,-0.00022173027363425746,6.166249801253798e-05,-1.5787396430969238
194,0,3.2668847287142717,1.4830414504304392,2.048682639438754,5.319845077359853,2.415007389225524,3.3361061560259486,26.229499925501905,20.276809568026486,22.848396581798767,42.71251900436923,33.019066946840944,37.20667858675428,3.323067685467514,1.398778792363018,1.9849235735555937,4.959802515623155,2.087729540840325,2.962572497844169,27.745334098690872,20.895058443456634,23.933371737735747,41.41094641595652,31.186654393218852,35.72145035482947,3.2668847287142717,1.4830414504304392,2.048682639438754,5.319845077359853,2.415007389225524,3.3361061560259486,26.229499925501905,20.276809568026486,22.848396581798767,42.71251900436923,33.019066946840944,37.20667858675428,0.6884422110552764,-0.0015577889447235815,-0.0015577889447235815,0.5728643216080402,-0.0021356783919597166,-0.0021356783919597166,0.4974874371859297,-0.002512562814070307,-0.002512562814070307,0.4511784511784511,0.1352120646238293,0.20593768970028759,0.46621621621621623,0.4623115577889447,0.14401581844057376,0.20688584827308498,0.48484848484848486,0.4511784511784511,0.1352120646238293,0.20593768970028759,0.46621621621621623,23.0,7.0,7.0,35.0,6.0,6.0,42.0,5.0,5.0,-0.00010457910048732468,-0.00023561339412460166,7.058615978021918e-05,-0.010600874376720526,-0.012357094630612409,-0.013309578091478258,-1.135392189025879
158,1,3.2798127086345965,1.4435490820496044,1.998818617546974,6.480114806150779,2.852103034837401,3.949181026183719,26.570795753202464,20.297739813661316,22.97057886241716,52.497451003296995,40.10341320759751,45.384295206957546,3.311068784052403,1.39761712948196,1.9704841001564959,5.912622828665005,2.495744874074928,3.5187216074223135,27.414409903859944,20.63797150131099,23.59313281235096,48.9543033997499,36.853520538055335,42.13059430776956,3.3535387842950213,1.4709512988940396,2.051784225452794,6.287885220553165,2.7580336854263248,3.847095422723989,28.60377735044471,22.03329343304165,24.92803703468568,53.63208253208383,41.31242518695309,46.74006944003565,0.6884422110552764,-0.0015577889447235815,-0.0015577889447235815,0.5678391959798995,-0.0021608040201005485,-0.0021608040201005485,0.44723618090452266,-0.0027638190954772934,-0.0027638190954772934,0.42153846153846153,0.1158548977903816,0.16360601527438778,0.3950617283950617,0.42713567839195976,0.1138524703719096,0.16169327438528192,0.38383838383838387,0.42140468227424754,0.11255660214069163,0.1633401661452153,0.40268456375838924,25.0,6.0,6.0,38.0,3.0,3.0,48.0,8.0,8.0,0.00030103408141166104,8.012079574204009e-05,-5.543466174836653e-06,0.00040436298294821427,2.9341792515680254e-06,-0.0001314242545484845,-0.7882885932922363
158,0,3.6437625846555157,1.6973009279718683,2.3240063279843977,6.048645890528156,2.817519540433301,3.8578505044541,38.235430458144954,31.231568839988558,34.49292140368118,63.470814560520616,51.844404274381,57.258249530110746,3.6572221487610785,1.6558767025258234,2.2925452268481354,5.714409607439185,2.587307347696599,3.5821019169502115,38.753541639104725,31.354537271534102,34.83908346708658,60.55240881110113,48.99146448677203,54.43606791732278,3.6437625846555157,1.6973009279718683,2.3240063279843977,6.048645890528156,2.817519540433301,3.8578505044541,38.235430458144954,31.231568839988558,34.49292140368118,63.470814560520616,51.844404274381,57.258249530110746,0.6884422110552764,-0.0015577889447235815,-0.0015577889447235815,0.5728643216080402,-0.0021356783919597166,-0.0021356783919597166,0.49246231155778897,-0.002537688442211028,-0.002537688442211028,0.4233870967741935,0.11755208671383133,0.19014312894577523,0.42914979757085026,0.42211055276381915,0.11885240740041059,0.1883876813113985,0.4292929292929293,0.4233870967741935,0.11755208671383133,0.19014312894577523,0.42914979757085026,26.0,8.0,8.0,37.0,7.0,7.0,45.0,8.0,8.0,0.0003673470997846194,-1.717130675601982e-05,1.9774011679224076e-05,-3.085650767697956e-05,-0.00010133182060556578,-0.00011602607612637428,-0.7997355461120605
358,1,2.9835013614152914,1.3432551826936379,1.8542968024771864,5.123499720126784,2.3067418844163,3.184342152945116,19.7568716289939,14.600432867494117,16.663676562070606,33.92803086026178,25.072994662502992,28.616156609210257,3.2028846213566,1.432168832864316,1.9967952214647768,5.004507220869687,2.2377638013504937,3.1199925335387135,24.603399423947863,18.728342268955238,21.263003300162858,38.442811599918535,29.26303479524256,33.22344265650446,3.035403840916611,1.3754143380448383,1.8776077229515578,5.1447522727400194,2.331210742448879,3.1823859711043356,20.809379881874975,15.550124244798637,17.62646910118054,35.27013539300843,26.356142787794298,29.87537135793312,0.7035175879396984,-0.001482412060301641,-0.001482412060301641,0.5527638190954773,-0.0022361809045226,-0.0022361809045226,0.4723618090452262,-0.0026381909547738003,-0.0026381909547738003,0.42201834862385323,0.1365221654177463,0.19312719908163556,0.3742331288343558,0.4522613065326633,0.15652195816173597,0.22354678232565162,0.3939393939393939,0.4280936454849499,0.15430399606925704,0.20896127618572857,0.37583892617449666,26.0,4.0,4.0,38.0,6.0,6.0,47.0,3.0,3.0,0.0009083959901656939,0.00011475232216757681,0.0004563167271745381,0.00039646512983626536,-4.812870849413287e-06,-0.00013843336848395893,-2.0920286178588867
358,0,3.6651998467445375,1.686869237893118,2.3083498843350307,6.0128441930253524,2.7673475732756385,3.7869007906411296,39.06394218474379,31.833280083947283,35.180002728139925,64.08529077366464,52.22322419000501,57.713599246817786,3.5516084001291937,1.5491314611453433,2.1740767204057754,5.506369612603401,2.4017542033261137,3.3706615820244585,34.86935628627145,27.461975260741927,30.90425389026514,54.06101749809527,42.57670583060764,47.913571922891684,3.6651998467445375,1.686869237893118,2.3083498843350307,6.0128441930253524,2.7673475732756385,3.7869007906411296,39.06394218474379,31.833280083947283,35.180002728139925,64.08529077366464,52.22322419000501,57.713599246817786,0.7839195979899498,-0.0010804020100502187,-0.0010804020100502187,0.6331658291457287,-0.0018341708542712887,-0.0018341708542712887,0.4773869346733668,-0.0026130653266331905,-0.0026130653266331905,0.44799999999999995,0.11067465069860272,0.18603191489361692,0.4538152610441767,0.4371859296482412,0.0963337993224267,0.16840462747795737,0.4242424242424242,0.44799999999999995,0.11067465069860272,0.18603191489361692,0.4538152610441767,23.0,11.0,11.0,36.0,16.0,16.0,46.0,14.0,14.0,-9.366236184598274e-05,-0.00032547849003392563,-0.00012696212022822592,-4.4716351397688925e-05,-0.00011232505964553496,0.0001314175181095223,-0.9523935317993164
388,1,3.5321651683377393,1.6704889080033225,2.2535425545968164,5.520996907266646,2.611079509356544,3.5224291281310594,34.19793179254476,27.76341813605792,30.606242618918536,53.45352401807671,43.39597339284728,47.83948733677807,3.7256790812890133,1.7208733096596989,2.370034918899223,5.644968304983353,2.6073838025146947,3.5909619983321552,41.49940464744343,34.07475296873936,37.6201456227134,62.877885829459736,51.62841358899903,57.00022064047484,3.6155707708569276,1.7233967060423807,2.337741842628713,5.739001223582425,2.735550327051398,3.710701337505893,37.17255688391909,30.53878161157489,33.58371725098696,59.00405854590332,48.47425652630935,53.3074876999793,0.778894472361809,-0.0011055276381910506,-0.0011055276381910506,0.6381909547738693,-0.0018090452261306789,-0.0018090452261306789,0.507537688442211,-0.0024623115577889765,-0.0024623115577889765,0.43641618497109824,0.1146268631817765,0.19203690833375708,0.4057971014492754,0.4321608040201005,0.10634626767924837,0.18007399266784674,0.40909090909090906,0.4381270903010034,0.11425396843122038,0.19786012700845612,0.4093959731543624,25.0,3.0,3.0,37.0,3.0,3.0,44.0,2.0,2.0,0.0007711482624346956,9.555913142451907e-05,0.00025617891302352904,-0.0028987036050720505,-0.0035747386254163516,-0.004035159168681801,-1.5496296882629395
388,0,3.8475343919895564,1.7955124947509478,2.4459574003423894,6.173445013135786,2.8809353023122553,3.924587015238637,46.877339481768345,39.09371658910271,42.815739453352904,75.21561815153791,62.72664130680887,68.69870059182048,3.997003533732352,1.8418270325060462,2.5275089387778626,5.9656769160184355,2.7489955709045466,3.772401401160989,54.43479338686303,45.80538024029838,50.08775581580643,81.24596027890004,68.36623916462446,74.75784450120364,3.8475343919895564,1.7955124947509478,2.4459574003423894,6.173445013135786,2.8809353023122553,3.924587015238637,46.877339481768345,39.09371658910271,42.815739453352904,75.21561815153791,62.72664130680887,68.69870059182048,0.7688442211055276,-0.0011557788944723812,-0.0011557788944723812,0.6381909547738693,-0.0018090452261306789,-0.0018090452261306789,0.5376884422110553,-0.0023115577889447625,-0.0023115577889447625,0.42756183745583043,0.10128317784383745,0.17609297729131812,0.4113475177304965,0.4371859296482412,0.10886512764322864,0.18342966921418447,0.4191919191919192,0.42756183745583043,0.10128317784383745,0.17609297729131812,0.4113475177304965,24.0,0.0,0.0,31.0,0.0,0.0,42.0,-1.0,-1.0,0.0005075743354830911,0.00024553652888903215,9.149007184151995e-05,-0.0002734037727947225,0.00016562223134020115,1.5767138139999304e-05,-1.0916597843170166
316,1,3.3865426778793335,1.4961683652702664,1.715546152225804,7.140493287792745,3.154656883376458,3.617212877570445,29.563564612897668,22.941717754915707,24.246100465694724,62.334497084741784,48.372395454940204,51.12267409512048,3.3249610824201574,1.4007732880550752,1.9805808881828417,6.649922164840315,2.8015465761101503,3.9611617763656835,27.797916793972046,20.948333657964184,23.96210844642321,55.59583358794409,41.89666731592837,47.92421689284642,3.280551470243014,1.4493996769254898,2.009696579962788,7.131633630963074,3.1508688628814996,4.368905608614757,26.590432489550402,20.349361545418354,23.02653448737703,57.80528802076174,44.237742490039906,50.05768366821094,0.6733668341708543,-0.001633165829145744,-0.001633165829145744,0.5879396984924623,-0.002060301507537776,-0.002060301507537776,0.4623115577889447,-0.002688442211055242,-0.002688442211055242,0.42152466367713004,0.08781805673424092,0.11262925800753087,0.4202247191011236,0.38190954773869346,0.05358874573368089,0.12147549097742472,0.3737373737373737,0.38795986622073575,0.06909509159636185,0.14101882061450666,0.3825503355704698,21.0,7.0,7.0,35.0,12.0,12.0,43.0,11.0,11.0,-0.00016922408109058278,-0.00016067913868358512,8.294542770632247e-05,-7.34571303526721e-05,0.0002773837120182421,-9.392846419498113e-05,-0.6230883598327637
316,0,4.101805966695149,1.9291685667235323,2.632334690448511,6.180054323154025,2.906613973863455,3.9660509336090892,60.44935860679904,51.66794498040068,56.102422401859705,91.07703363424388,77.84637043713701,84.52764975213529,3.994574470136633,1.8432896682065185,2.544655300084969,5.789238362516859,2.6714343017485773,3.6879062320072014,54.30272827412118,45.70683294568778,50.03995833235226,78.69960619437853,66.2417868778084,72.52167874253952,4.101805966695149,1.9291685667235323,2.632334690448511,6.180054323154025,2.906613973863455,3.9660509336090892,60.44935860679904,51.66794498040068,56.102422401859705,91.07703363424388,77.84637043713701,84.52764975213529,0.8140703517587939,-0.0009296482412060048,-0.0009296482412060048,0.6934673366834171,-0.0015326633165829717,-0.0015326633165829717,0.5829145728643217,-0.002085427135678275,-0.002085427135678275,0.43999999999999995,0.0941019955654101,0.1800295420974889,0.4464285714285714,0.4321608040201005,0.08378987670180471,0.16838784909522575,0.4292929292929293,0.43999999999999995,0.0941019955654101,0.1800295420974889,0.4464285714285714,21.0,8.0,8.0,36.0,12.0,12.0,46.0,14.0,14.0,-0.000319529022112062,-0.0001971959085276677,-3.5078076269177306e-05,0.00012853169511384266,2.5090428362517514e-05,-1.1822829200092144e-05,-0.4117469787597656
